-39
-78
-83
-101
-85
-71
-79
-77
-33
-15
-7
0
11
44
33
61
32
-8
5
-3
2
-2
1
-1
1
-1
0
0
0
0
0
0
1
0
-1
0
0
0
0
0
0
0
0
0
0
0
0
0
0
0
0
0
0
0
-1
0
0
0
0
0
0
0
0
0
0
0
0
0
1
0
0
0
0
0
0
0
1
0
0
0
1
1
0
0
0
-1
1
1
0
0
0
0
0
0
0
1
0
0
0
1
0
0
0
0
0
-1
0
0
0
0
0
0
0
0
0
0
-1
-1
-1
0
0
0
0
-1
0
0
0
0
0
0
0
0
0
1
0
1
0
0
0
0
0
0
1
-1
0
1
-1
0
0
0
0
0
0
0
-1
0
0
0
-1
0
-1
1
0
1
-1
0
-1
0
0
0
1
-2
4
-6
8
-16
130
199
175
157
131
117
73
92
77
77
48
3
0
22
38
34
-2
-9
15
50
83
107
128
109
122
129
116
143
194
227
244
245
208
187
179
214
241
252
261
264
253
242
237
220
204
178
138
90
97
130
126
143
122
97
87
74
103
72
84
61
15
1
10
11
4
12
-21
17
-6
5
-31
-52
-37
-38
-17
-52
-84
-76
-119
33
95
-80
-67
-31
26
63
-16
-58
20
17
23
17
-53
-30
14
3
26
26
-56
-54
-5
16
0
-6
-17
-28
7
0
-5
3
9
15
-5
-26
-15
3
8
4
-3
-5
2
7
9
-5
-12
0
14
7
-1
-19
-15
19
7
-2
6
7
-1
8
4
-19
-10
4
20
-1
-20
-17
-13
2
1
0
5
2
0
-13
-17
4
9
1
1
-3
7
22
14
3
-12
0
5
3
10
-7
-2
-9
-8
-8
-13
-4
-3
1
1
-4
-3
6
10
11
0
0
-2
4
4
-6
3
1
13
15
-1
2
1
4
3
-17
-2
4
-2
2
2
6
-2
-19
-9
-1
2
4
-3
-3
-4
6
3
-4
2
-10
-10
1
1
5
-8
-5
7
5
14
1
-1
5
-14
-1
3
7
7
1
-5
-20
-3
7
-1
7
-11
-6
11
6
6
-10
-20
-10
1
4
12
8
3
6
12
5
0
-7
9
18
6
-12
-22
-11
12
11
-18
-15
0
10
2
3
-10
0
26
9
-6
9
-4
4
16
-2
-5
-14
-15
-10
5
15
10
5
-26
-41
-2
0
1
15
-5
6
13
-14
-10
0
18
17
3
-7
-9
5
-7
-3
22
2
6
-3
-10
7
4
7
-3
3
0
7
13
-4
-8
3
4
5
14
-3
-18
-10
6
12
5
-4
-14
-19
-2
1
7
0
-10
-6
-1
1
7
14
3
6
0
-10
-4
8
12
13
0
3
18
15
-1
-8
-6
2
13
15
4
-7
-1
3
10
10
2
3
-4
-9
-2
-3
-3
9
1
-3
-8
-7
4
10
5
-3
2
9
8
0
-1
-21
-6
5
12
10
-11
-6
-5
8
-14
-15
-14
-17
7
-2
7
1
-8
5
3
0
-6
5
6
5
7
3
0
19
4
10
12
0
5
-8
-8
-4
11
13
15
-1
-10
-5
-16
-1
-8
-6
0
-5
1
1
-10
-14
-11
-13
6
-7
-12
1
3
11
12
3
8
-4
2
-1
10
2
-9
-4
-3
3
-2
9
9
-9
-7
-4
-8
3
9
-16
-47
-44
-6
36
3
-10
-17
21
33
26
19
-10
-6
-30
-25
-4
-3
-1
-5
-7
9
1
-22
-35
-13
24
21
8
-5
-9
3
-9
4
3
-2
17
16
15
10
11
-3
8
11
11
-7
-51
-40
-26
-15
-22
-34
-6
28
27
15
-12
-22
1
23
26
-12
-19
-23
21
53
6
-13
-28
-7
15
0
-21
-54
-33
-10
-4
6
-4
-32
-45
-41
-34
-14
-20
-22
-28
-38
-47
-35
-21
-20
-14
-8
14
16
13
17
10
19
1
-10
-15
-13
-4
-14
-3
-13
35
17
-9
-14
-13
15
27
31
16
16
-12
-16
-16
6
-6
-19
-21
-21
9
1
-3
-13
-29
-8
22
18
16
20
18
41
42
21
5
17
19
4
-3
-13
-4
-2
-3
13
24
0
-10
-14
-28
-2
25
26
16
13
5
12
1
0
26
16
2
-23
-20
-5
9
9
-12
-7
7
-16
-29
-52
-52
-3
22
20
0
11
29
39
24
9
21
33
5
7
-12
-1
-12
-25
-10
-23
-8
-22
-22
7
2
9
21
13
23
30
43
16
-7
12
18
58
62
17
-4
-6
8
21
17
6
0
-18
-21
-10
-14
-17
-14
-19
-9
29
30
29
22
10
-2
1
16
26
27
11
-11
-14
-2
23
32
35
32
-1
-4
3
4
15
-3
-14
-26
-37
-9
3
-1
-28
-31
-13
3
8
5
-5
4
34
48
42
12
-23
-41
-40
0
15
8
-5
-27
-60
-64
-11
7
-16
-52
-36
-6
-27
-8
23
38
17
-7
1
-6
22
34
49
64
51
77
64
64
80
85
76
31
21
27
-15
-28
-38
-38
-1
2
-11
-36
-64
-41
1
39
28
3
6
13
29
44
41
57
58
20
3
-42
-39
-1
18
3
-51
-58
-45
-29
-9
-26
-75
-46
-14
-3
4
-34
-42
-14
20
16
-12
-18
4
27
42
6
17
1
2
22
-7
0
7
9
4
6
0
14
24
11
-16
-20
-25
-44
-25
-50
-64
-34
-19
-40
-26
-31
-25
0
2
-9
4
-15
-33
-23
-18
28
22
6
10
15
-9
-26
-20
-18
-27
-51
-86
-79
-38
-44
-51
-45
-35
-17
-18
3
3
-15
-12
17
25
58
96
64
-3
-34
-26
-23
-19
-15
-28
-49
-33
-57
-75
-74
-50
-23
-27
-18
-36
-38
-18
20
35
6
16
6
-22
-17
-15
-19
0
-10
-4
-32
-47
-39
-33
-27
-19
-21
-13
9
-23
-46
-33
-20
-12
-8
2
36
33
11
-9
0
11
-4
-7
-24
9
32
17
16
33
23
-1
-12
-7
28
73
80
32
19
32
84
89
35
47
40
1
-4
-7
-5
-30
-54
-34
-15
-12
14
13
9
51
78
39
13
32
9
25
31
18
11
13
57
34
23
17
0
13
14
29
26
22
22
31
13
20
22
30
25
13
26
30
24
-4
-24
-37
-59
-34
-16
-23
-33
-58
-62
-58
-32
-11
0
9
-1
9
9
-12
-9
-25
1
30
33
49
47
44
63
81
100
118
106
57
56
84
103
67
27
56
63
91
80
85
67
46
28
-12
-34
-15
-20
-40
-52
-36
-4
-13
7
-2
15
47
63
68
38
-23
-34
-54
-38
1
24
22
-2
10
24
56
82
79
48
0
2
45
55
31
-18
-22
40
38
24
-3
-22
-2
3
6
1
-19
-36
-41
-48
-32
-36
-67
-90
-77
-18
22
49
39
-13
-15
-34
-19
-7
-22
-22
-26
-55
-81
-43
-2
-1
8
28
7
51
62
41
0
-32
-6
21
40
28
-11
-20
9
47
62
31
-8
-33
-66
-72
-46
-19
34
38
23
-17
-54
-36
-44
-30
-50
-51
1
9
-23
-29
-33
-74
-53
-49
-66
-46
-67
-67
-31
-13
14
17
-6
-13
-34
-41
-16
-1
-17
-60
-47
-32
-29
-15
-6
8
-44
-64
-41
-36
0
20
26
47
65
59
47
47
51
54
62
61
37
36
13
22
42
27
51
28
11
8
-30
-28
-37
-49
-11
0
-23
-55
-53
-46
-32
-53
-93
-76
-57
-34
-13
-57
-77
-42
-23
-31
-47
-60
-46
-59
-81
-95
-59
32
50
45
25
23
45
45
73
113
80
59
50
47
62
14
-36
-42
-24
2
8
12
3
18
15
-14
-1
5
-4
-46
-69
-64
-69
-66
-68
-90
-57
-57
-33
-39
-56
-32
-19
17
46
46
16
17
44
38
27
29
23
26
-4
-16
-30
-40
-17
-16
-5
-6
-15
-17
-10
56
64
61
57
56
58
87
123
131
111
91
44
23
6
-32
-24
-46
-106
-103
-81
-60
-78
-101
-77
-81
-63
-71
-95
-115
-150
-164
-113
-112
-68
-30
-34
-8
3
-4
21
60
45
72
64
30
24
45
53
62
70
42
22
-1
-16
-13
-17
-30
-43
-74
-66
-51
-47
-17
-27
-26
-19
22
32
47
47
42
52
28
25
47
58
24
30
15
14
0
-68
-86
-64
-51
-67
-116
-108
-72
-47
-13
10
30
54
41
54
52
86
119
119
105
86
119
124
134
134
62
7
24
-7
-13
22
23
11
-12
-32
-45
-68
-90
-77
-55
-73
-60
-45
-74
-53
-42
-12
6
23
53
32
-1
-32
-28
4
24
15
9
-5
-7
-21
-14
5
16
28
12
-24
-40
-18
6
28
4
-17
-22
-5
-3
-12
-7
-17
-15
-30
-63
-71
-33
-24
-43
-23
2
27
56
51
36
19
43
80
85
79
81
72
87
107
108
76
54
54
59
55
43
71
106
123
73
57
57
57
78
42
44
78
28
-16
-50
-87
-27
29
51
85
102
105
122
145
139
128
133
109
91
84
19
-3
44
59
34
8
-33
-77
-59
-63
-94
-104
-124
-166
-173
-153
-147
-89
-45
-57
-52
-82
-124
-149
-163
-110
-25
-26
-28
-40
-46
-40
-4
40
56
77
93
110
143
149
158
145
111
83
50
59
66
107
108
63
84
94
64
65
86
79
89
105
84
66
96
109
80
72
70
54
59
31
-22
11
19
5
-28
-70
-73
-90
-74
-48
-59
-73
-80
-69
-26
-29
-64
-50
-29
-11
26
25
55
73
71
54
52
81
9
27
75
103
104
56
58
69
93
61
59
101
152
189
220
195
182
186
139
131
126
111
80
54
12
14
24
-5
-8
13
-24
-73
-93
-121
-105
-63
-20
-31
-74
-109
-112
-85
-97
-101
-86
-90
-129
-129
-153
-154
-174
-193
-148
-109
-63
-72
-81
-48
11
-8
-36
-37
-37
-49
-107
-137
-123
-128
-147
-193
-257
-249
-251
-212
-212
-217
-227
-263
-263
-255
-235
-225
-204
-169
-120
-85
-62
-84
-98
-121
-97
-75
-96
-113
-105
-100
-99
-90
-77
-87
-74
-66
-79
-62
-24
23
44
55
15
0
9
4
-20
-41
-8
11
21
35
36
23
-2
6
-5
-30
-41
-56
-19
-21
-62
-87
-69
-31
17
10
-27
-38
-40
-18
-13
24
52
29
12
2
-12
1
18
47
65
52
49
78
142
156
166
147
117
141
149
167
178
148
120
103
87
89
83
84
91
100
126
91
76
81
64
72
43
14
-8
-16
-39
-40
-36
-53
-76
-74
-86
-74
-63
-79
-83
-106
-86
-54
-6
25
47
74
79
84
92
106
120
90
65
53
32
26
26
10
17
26
17
29
-4
-38
-7
8
32
18
-7
0
-13
-10
-17
0
49
52
46
53
40
82
90
84
92
61
14
-1
8
19
49
76
87
101
96
65
87
80
73
81
94
128
141
130
131
127
145
179
220
253
262
263
215
220
270
264
250
259
274
309
300
274
265
220
209
233
264
258
251
219
184
184
167
138
122
101
107
98
75
86
96
105
100
106
125
123
100
74
100
105
78
72
71
55
5
-53
-49
-16
2
20
5
39
68
43
40
38
20
32
80
59
25
13
34
59
80
97
96
114
105
123
141
144
164
135
104
113
119
109
98
75
46
71
85
54
21
3
16
38
58
72
44
27
23
13
-12
-32
-7
21
6
-16
-42
-64
-44
-21
-12
-29
-39
-80
-104
-106
-102
-51
-35
-47
-70
-79
-93
-88
-60
-56
-51
-75
-92
-100
-105
-103
-86
-69
-64
-77
-93
-136
-166
-131
-111
-138
-150
-143
-141
-151
-155
-161
-163
-178
-208
-259
-268
-241
-259
-266
-292
-330
-416
-395
-321
-318
-317
-342
-375
-346
-374
-360
-338
-377
-348
-342
-363
-372
-395
-399
-386
-361
-391
-416
-393
-414
-384
-383
-368
-296
-324
-370
-380
-388
-348
-307
-258
-240
-249
-234
-242
-226
-228
-265
-270
-275
-304
-303
-308
-282
-267
-245
-228
-239
-244
-247
-199
-176
-178
-126
-127
-162
-182
-165
-121
-56
-58
-65
-46
-39
-25
-27
-9
-27
-9
10
9
10
15
12
9
-10
-23
-53
-97
-95
-141
-146
-139
-136
-125
-132
-140
-146
-169
-141
-120
-167
-149
-126
-110
-111
-111
-82
-58
-18
-10
-4
9
-21
-55
-49
-40
-41
-57
-62
-50
-5
-16
-34
-60
-108
-124
-141
-110
-87
-48
-35
-18
11
-32
-4
15
26
81
98
71
65
89
76
76
105
111
103
108
94
101
117
103
84
95
125
111
90
79
65
54
25
42
70
73
72
50
43
54
67
84
90
88
115
154
176
136
144
153
153
159
127
131
126
162
175
182
178
156
159
181
211
191
434
89
303
198
65
263
190
298
388
482
401
376
381
316
300
297
216
313
270
321
338
316
315
328
274
204
182
121
71
93
105
67
57
146
167
135
144
117
108
107
129
147
122
146
130
164
215
264
360
361
376
354
324
272
237
258
227
234
215
145
140
151
129
114
108
65
27
37
20
-54
-74
-96
-128
-132
-135
-103
-108
-131
-133
-142
-172
-174
-161
-130
-128
-151
-164
-165
-153
-150
-115
-91
-48
-26
-32
-5
7
-13
-30
-41
-51
-101
-146
-132
-77
-45
-42
-48
-76
-102
-116
-113
-115
-130
-163
-169
-178
-199
-173
-187
-225
-246
-288
-290
-283
-279
-237
-268
-275
-267
-280
-295
-297
-242
-240
-240
-229
-208
-184
-226
-222
-204
-192
-115
-121
-157
-199
-242
-213
-192
-177
-110
-117
-126
-107
-161
-166
-148
-143
-108
-128
-171
-230
-260
-239
-216
-171
-157
-180
-218
-229
-192
-144
-93
-82
-118
-107
-141
-162
-170
-165
-129
-112
-91
-105
-115
-68
-80
-80
-62
-121
-163
-179
-148
-122
-110
-102
-131
-141
-129
-151
-159
-153
-133
-99
-88
-50
-28
-22
-45
-67
-20
-2
15
51
58
58
30
12
44
35
15
6
-17
-20
-65
-42
-35
-25
15
5
32
65
81
84
58
74
141
188
199
187
204
208
231
257
244
244
242
242
246
250
273
276
245
245
219
194
198
178
140
109
103
117
110
114
133
152
193
193
166
171
151
145
162
174
171
181
176
148
149
117
129
152
146
130
133
139
133
104
80
91
66
82
89
49
15
37
55
53
19
22
27
48
88
98
101
69
68
103
85
87
107
98
75
67
63
18
-38
-83
-113
-86
-71
-67
-90
-126
-142
-112
-56
-29
-52
-102
-111
-74
-31
-14
13
-4
-24
-36
-63
-53
-75
-90
-55
-47
-43
-35
6
48
89
115
102
82
107
107
72
88
115
132
124
142
157
157
173
165
158
124
119
157
180
166
134
116
107
96
74
62
29
23
17
-1
-5
-40
-44
-40
-43
-30
-69
-112
-145
-144
-151
-128
-74
-62
-68
-73
-111
-108
-76
-67
-60
-86
-76
-74
-79
-92
-59
-27
-27
-16
-2
-9
-29
-4
-21
-54
-45
-43
-29
-46
-66
-86
-120
-101
-85
-43
-36
-56
-94
-124
-113
-141
-168
-194
-206
-154
-148
-131
-111
-83
-73
-62
-26
-18
-9
10
17
29
19
5
30
60
70
57
51
41
10
-20
-19
27
69
68
92
86
71
113
165
207
227
221
164
125
99
88
90
76
65
73
73
41
48
51
69
106
109
108
102
113
99
88
88
69
90
146
141
110
86
83
133
179
224
224
199
208
200
160
148
176
213
182
189
201
197
224
268
271
229
220
192
184
196
229
225
252
222
196
239
239
242
265
300
306
321
294
287
306
307
307
262
222
214
239
261
243
216
186
177
167
115
86
44
53
77
86
106
74
90
133
110
100
97
84
67
57
14
7
97
29
56
116
58
78
64
58
102
119
153
132
123
145
107
64
72
129
143
130
152
116
122
186
185
150
166
168
118
90
138
152
154
162
156
137
112
138
111
91
74
15
-61
-102
-72
-67
-62
-15
8
12
47
57
62
40
19
46
12
-46
-53
-40
-32
-31
-23
-16
-14
-25
-95
-143
-138
-124
-150
-181
-187
-216
-236
-213
-163
-159
-139
-152
-191
-171
-117
-86
-76
-77
-79
-65
-22
19
34
-2
-22
-43
-81
-72
-47
-90
-143
-153
-165
-160
-157
-152
-157
-137
-101
-106
-126
-128
-115
-98
-115
-120
-100
-84
-69
-65
-23
-14
-32
-16
-18
-34
-12
-30
-81
-120
-113
-86
-81
-71
-96
-136
-143
-126
-119
-159
-186
-178
-180
-194
-230
-237
-229
-251
-219
-188
-176
-142
-157
-141
-59
-25
-10
-24
-35
-31
-56
-8
2
22
36
9
39
64
73
77
47
38
52
75
72
45
33
-4
-29
-22
-25
-26
-46
-119
-115
-119
-139
-134
-123
-153
-198
-230
-245
-225
-201
-199
-158
-138
-109
-76
-77
-71
-44
-18
-12
1
-6
19
19
17
34
51
42
1
37
40
49
56
45
45
18
20
35
58
99
91
55
60
50
41
20
-9
40
79
68
31
43
63
52
62
76
68
70
60
63
66
49
57
90
77
126
188
189
224
245
228
215
237
252
255
253
208
189
241
255
252
225
257
319
305
286
253
247
232
225
223
223
208
220
213
206
212
240
271
284
277
255
201
150
150
148
167
164
149
102
120
108
79
86
46
30
11
-30
-11
-7
-30
-4
36
44
50
85
65
30
9
-20
-16
-13
3
43
78
112
175
203
208
175
186
212
228
257
234
243
213
159
112
73
67
78
86
76
69
80
88
84
109
102
59
26
-23
-58
-92
-78
-78
-64
-36
-35
-38
-39
-33
-30
-9
-5
-22
-41
-32
-14
12
45
103
102
84
83
89
83
79
85
80
73
39
17
10
8
-13
-54
-26
2
-9
-9
-4
-24
-81
-111
-99
-112
-143
-144
-164
-159
-162
-152
-122
-87
-100
-76
-48
-38
-52
-31
-41
-67
-57
-64
-47
-70
-63
-53
-21
-7
-2
-6
-31
-66
-48
-66
-76
-78
-117
-126
-117
-100
-66
-50
-70
-115
-135
-177
-199
-199
-177
-131
-120
-100
-131
-92
-296
-263
-326
-330
-231
-208
-253
-220
-235
-309
-294
-259
-262
-315
-276
-295
-259
-279
-278
-265
-245
-246
-274
-342
-352
-357
-369
-365
-341
-287
-316
-302
-318
-337
-346
-368
-373
-419
-407
-337
-318
-314
-297
-260
-241
-221
-202
-173
-152
-143
-130
-137
-105
-94
-93
-81
-93
-135
-159
-191
-223
-229
-215
-218
-247
-271
-290
-297
-292
-259
-259
-259
-247
-246
-248
-241
-225
-227
-222
-223
-196
-157
-102
-101
-92
-76
-106
-104
-118
-102
-121
-142
-144
-156
-148
-127
-95
-76
-65
-58
-53
-45
-16
29
19
3
-4
13
31
47
74
77
116
157
159
167
158
133
121
93
74
47
26
7
-6
12
-39
-28
5
29
23
-28
-24
-21
-15
-3
23
31
58
21
12
33
93
162
222
249
270
291
285
324
341
342
310
338
326
345
353
332
377
370
362
393
415
377
330
327
335
304
323
274
205
180
145
127
153
160
73
25
13
12
45
48
-9
50
63
43
66
71
121
137
162
171
242
245
198
276
256
260
252
275
298
323
345
322
357
292
288
217
141
228
216
222
231
175
172
141
156
162
173
117
73
78
58
122
48
-29
16
-2
-28
-16
-68
-107
-53
-25
-23
40
-11
-18
2
-57
-49
-41
-45
-31
47
16
41
-15
27
67
43
100
75
78
15
23
26
-14
60
-7
44
22
-45
20
-34
43
-37
-44
-95
-108
-55
-66
-4
11
84
-57
-93
-140
-143
-14
-48
-10
-92
-156
-167
-219
-72
-75
-152
-161
-215
-178
-220
-193
-251
-261
-264
-264
-219
-183
-160
-144
-167
-189
-54
-104
-21
35
-132
-54
-47
-46
8
11
-6
-23
-63
-19
115
117
58
-90
-88
-87
-57
-60
-202
-232
-246
-210
-69
-58
-194
-299
-271
-164
-147
-34
-175
-217
-208
-348
-73
-67
-128
-127
-228
-195
-110
-17
-97
-24
-130
-266
-198
-120
-188
-136
-87
-166
-152
-214
-184
-103
-67
-39
-122
-139
-232
-171
-110
59
-74
-45
-49
-197
-99
-127
-158
-215
-162
-252
-46
-57
-250
-167
-173
-98
-64
-158
-109
-255
-242
-178
-151
-123
-150
-34
-178
-41
-138
-128
-1
4
164
46
60
-100
-10
18
-10
171
-70
-84
-32
9
13
5
27
-162
17
-31
-55
44
-161
-123
22
105
104
66
31
-39
86
136
36
210
0
53
43
127
75
18
154
-181
-69
85
-62
51
87
-14
112
53
44
-115
77
28
125
225
-65
127
-67
147
254
302
274
176
258
67
291
256
148
303
116
164
155
163
224
93
304
111
377
114
113
245
103
345
161
201
18
116
191
-8
337
-13
-19
130
-217
208
-71
-26
196
-81
170
-21
108
-5
79
149
-110
221
84
97
264
168
152
150
179
241
173
334
192
262
199
121
70
97
-49
-43
48
-80
128
89
-74
20
-33
-27
191
161
116
167
86
53
70
73
179
118
327
134
245
-107
36
-3
-19
103
-18
23
-112
-84
-240
-54
-45
-143
107
-134
11
-1
-25
-58
-23
84
-33
133
-40
-99
-80
28
-125
157
-127
-83
-10
-91
-22
31
74
-280
261
-295
165
62
-62
-81
85
55
31
293
-199
85
140
-94
177
171
-94
174
-38
118
51
92
180
-59
224
-81
110
-80
-120
151
-166
119
106
-122
49
30
-230
155
-156
-53
137
-72
83
-82
-19
-265
128
1
-39
332
-153
12
-75
40
-144
154
-62
-79
-26
-224
35
-222
43
-305
99
-177
186
36
11
58
-59
175
-98
229
-262
332
-157
257
115
26
148
-12
148
32
211
94
109
53
-23
47
159
-45
123
-34
30
123
-40
77
195
28
195
116
-127
161
130
75
-19
215
30
-57
395
-391
325
-2
64
158
-212
260
-417
157
-203
-85
299
-335
468
-183
-180
384
-259
359
6
328
27
82
494
-292
464
22
-137
450
-227
224
26
-105
202
-170
186
-206
205
51
-153
418
-231
400
-105
39
5
-15
167
-31
202
-103
198
-19
-208
271
-399
171
225
-263
340
-300
182
-372
120
70
-34
285
-311
178
-140
72
86
-111
-20
2
-31
-226
198
-90
-45
141
-385
55
-99
-14
-64
-14
-73
-329
-1
-446
-42
50
-342
163
-189
-163
-82
-330
86
-244
68
-51
-268
234
-227
226
-189
-54
170
-403
273
-150
-190
273
-388
195
-211
-111
12
-234
310
-576
94
-215
-400
205
-260
-257
36
-137
-94
144
-242
49
-245
-97
-183
-100
11
-215
188
-355
25
-35
-291
111
-269
-103
-155
-61
-139
-160
149
-338
178
-108
-322
298
-568
36
-18
-345
53
-219
144
-199
259
-51
-431
52
-165
-348
393
-478
130
16
-582
326
-791
242
-395
-110
109
-664
527
-611
163
-65
-325
150
-146
85
-98
-110
-163
137
-171
149
-141
-262
11
-102
-302
98
-236
-221
64
-191
-58
106
-213
-294
349
-205
-5
285
-296
103
282
-333
13
355
-201
244
164
-20
190
77
142
-186
296
178
-221
428
-90
-61
403
-160
317
267
-20
379
-352
516
-150
222
347
-90
168
59
134
223
515
-336
729
-177
397
123
223
719
-101
937
40
518
449
279
544
300
707
320
433
507
299
635
64
750
37
457
267
206
474
261
324
186
312
289
387
85
441
-293
600
-60
89
364
-51
62
133
31
-153
429
-398
469
-94
-65
462
-234
390
-75
25
11
19
0
111
-61
515
35
27
387
-399
11
39
-398
-68
200
-583
203
-62
-697
325
-794
-335
-213
-344
-384
-91
133
-1059
952
-901
206
300
-812
443
-247
-38
-25
-114
-148
262
235
-417
384
-509
-221
176
-200
-70
106
-313
-357
81
-360
-231
193
-568
37
118
-728
238
-198
-107
-131
285
-315
20
145
-583
420
-241
10
215
-392
403
-417
-128
-47
-596
63
-56
-441
514
-790
287
-379
-535
469
-929
715
-774
419
-411
-246
193
-695
399
-535
-126
171
-326
-147
110
-481
34
-83
-285
-49
-124
-103
-277
-226
-53
-209
-73
20
-30
-460
-157
-167
-388
185
-300
-295
-199
-341
-61
122
-116
-114
-90
-361
-37
-463
111
-394
1
162
-470
166
-201
-546
94
-343
-1
168
-178
98
-205
209
-429
376
-627
69
109
-263
94
-45
-364
-346
-150
-462
-74
-121
-195
-226
-221
-473
-258
-473
-69
-380
87
-435
-398
250
-1036
376
-534
-117
79
-507
108
-121
-288
249
-386
-190
429
-809
749
-256
229
105
-272
562
-573
699
-429
122
597
-559
943
-370
-41
396
-252
204
-39
238
-164
-33
-110
48
-125
127
-1
-141
462
-363
132
163
-418
740
30
133
201
-99
197
151
165
243
291
-3
500
-225
201
-48
195
28
241
369
-193
130
-63
-153
66
-126
50
1
163
-150
-63
-140
-383
486
-359
263
-155
-62
-153
21
443
-787
640
-629
173
281
-610
276
-416
5
170
-662
235
-272
-109
116
-606
621
-281
-30
366
-484
39
269
-240
422
-119
212
-118
-55
329
-63
305
12
125
277
116
82
-187
-177
347
-134
285
-147
150
-86
-11
195
-273
318
-560
541
-233
-20
667
-457
309
74
-213
-7
68
-320
316
-380
-26
-94
-176
155
-535
29
-315
-144
-169
-482
82
-489
55
-441
61
-65
-482
381
-431
-42
214
-316
-7
-50
-29
213
101
141
63
-40
-303
207
135
-160
462
-396
225
-317
86
-493
-385
21
-535
297
-272
-370
-194
-717
-262
-2
-255
171
-415
-169
-380
-34
-254
-132
328
-552
400
-95
14
154
-278
-99
267
-79
338
408
-190
453
-271
316
-258
166
183
-326
607
-206
-62
105
-259
97
18
-238
-232
188
-320
476
179
-139
266
123
-198
150
470
-387
1113
-109
320
394
-388
154
8
215
204
426
62
-100
42
239
-541
620
-465
248
143
-350
606
-795
640
-695
244
-155
-94
539
-883
788
-580
393
-47
88
98
-86
340
-553
592
-56
-187
742
-757
578
-78
-37
409
-539
321
14
-127
231
-361
221
-443
174
-61
-110
246
-352
89
-67
-255
56
-44
-402
395
-498
626
-324
299
-127
-214
-190
96
-59
224
29
-546
504
-844
845
-464
-57
375
-669
780
-631
517
-317
-187
78
-409
195
91
300
93
49
74
-242
-291
22
-542
284
-356
-29
230
-409
-239
-457
-238
-145
-16
145
-319
362
-438
-389
-39
-313
207
-11
214
-457
61
-82
-435
260
-380
81
417
-579
498
-219
-242
75
-236
199
-70
-61
1
-62
-85
-311
12
-180
-105
71
-306
100
-54
-209
180
-116
152
6
-314
7
-72
112
60
116
14
-189
78
-293
-110
353
-471
362
-537
501
-412
-330
150
-656
478
-544
-40
-112
-328
300
-158
-371
353
-588
287
-195
-141
386
-502
781
-463
497
-434
-145
290
-437
796
-112
77
238
-11
381
-481
468
-628
725
29
-174
432
-487
444
-761
478
-23
-262
682
-960
693
-569
-11
487
-640
488
-589
582
-651
-72
253
-609
509
-276
396
180
-136
265
-514
17
-355
183
278
201
-16
362
-502
337
99
48
870
-463
467
237
100
420
169
112
178
-104
262
-180
361
-234
-127
856
-952
126
145
-561
911
-219
111
-404
-55
377
-502
795
-425
-129
1362
-1340
1375
-535
-11
607
-584
975
-704
1073
-519
244
572
-436
285
302
-156
370
450
-269
148
90
-341
546
-410
477
-457
524
405
-153
1064
-470
473
-9
223
577
381
117
365
-286
1023
-291
352
552
-524
1230
-89
626
490
267
338
-84
466
192
585
127
782
148
615
-595
150
19
395
376
-223
778
-503
555
-307
310
265
252
613
-262
421
2
14
151
-372
538
30
61
3
113
210
2
50
873
-998
536
-366
-48
859
-402
161
148
-89
369
301
-263
663
-595
1399
-535
-14
353
-655
1145
-547
473
235
-414
-40
-267
500
-288
211
571
-731
753
-287
348
306
-543
393
-402
695
161
156
88
-415
642
212
-12
-322
-646
60
825
-203
248
-531
-181
79
-394
544
-594
160
-72
334
-16
64
-488
-694
383
-163
798
-615
-187
131
-1031
381
-1025
146
102
136
-375
-209
-378
-213
74
-820
-526
-67
-273
-24
638
-1030
281
-147
-978
383
2
-731
891
-459
-168
418
-237
179
335
-280
-97
-2
-225
0
833
-185
-228
41
-614
-343
123
-222
171
-107
45
-204
-63
-424
-113
123
-999
568
-532
287
182
-562
38
-365
-113
291
-411
492
-427
-130
359
-444
725
-623
-158
-487
-598
-147
85
152
-409
-200
-895
-334
-122
92
-562
-132
-330
-368
-136
-142
-211
-508
271
-772
589
142
32
217
-698
-70
-307
-101
-96
267
194
-205
-13
-339
-453
31
-320
-21
326
144
70
-54
-219
-346
104
-432
5
-35
123
349
180
381
-698
451
-342
-13
1017
-334
668
38
-157
218
7
352
-72
443
-474
41
267
-95
313
-107
-52
-27
231
181
258
231
-250
-80
305
-278
460
267
429
458
-230
86
-378
66
286
291
558
56
422
-312
149
282
-687
761
-71
422
492
-154
124
-232
166
44
342
169
159
227
232
276
-124
108
-312
84
562
249
418
-42
137
342
176
277
147
396
-130
221
206
275
302
-124
313
-198
136
370
30
183
-40
232
152
122
143
-142
179
67
349
543
66
261
-39
149
375
293
633
255
285
471
338
351
354
460
449
583
367
371
648
385
615
522
444
276
311
558
287
839
540
355
306
-37
-71
151
92
-75
-189
-333
-218
-551
-534
-1198
-1176
-1366
-1194
-1257
-1252
-1457
-2079
-2413
-2626
-2391
-2181
-2197
-1962
-2116
-1912
-1820
-1131
-510
-560
206
-306
229
812
1232
2104
2338
2841
3172
3123
3193
3414
3292
3327
3020
3249
3125
2562
2549
1877
1474
887
15
201
-256
-991
-773
-1615
-1446
-2006
-2332
-2064
-1964
-1684
-1658
-1373
-1376
-1066
-818
-442
-286
442
764
838
1232
1666
1516
1208
1377
1426
1562
1546
1380
1327
654
345
-35
-549
-607
-1102
-1396
-1844
-2169
-2623
-3090
-3508
-3948
-3785
-4262
-4412
-4603
-4726
-4413
-4039
-3157
-2176
-1924
-1714
-1473
-1451
-396
355
1367
2822
3646
4285
4510
4457
4523
4978
4968
4979
5576
5105
5041
4426
3696
3221
2210
1344
633
217
-361
-1007
-1547
-2221
-3208
-3633
-4270
-4466
-4353
-4345
-4187
-4126
-3447
-3623
-3201
-2813
-2436
-1697
-1235
-474
475
912
1501
2457
2541
3268
3224
3503
4178
4264
4524
4724
4697
4273
3699
3482
2970
2360
1925
1453
984
410
-402
-795
-1213
-1806
-2172
-2461
-2901
-3082
-3166
-3454
-3658
-3976
-4185
-4479
-4551
-4346
-4114
-4266
-4920
-5401
-5727
-5929
-5061
-3836
-2301
-1666
-1375
-1185
-2129
-1362
-247
1334
3570
4829
6086
6304
6219
5861
6278
6235
6239
7082
6923
6891
6299
5324
4093
2220
1145
255
-271
-592
-1243
-1801
-3285
-4245
-5201
-5976
-5833
-5800
-5269
-4928
-4850
-4430
-4170
-3879
-3540
-2885
-1884
-1177
-15
1085
1990
2591
2691
3278
3162
3691
4209
4847
5393
5489
5424
4785
4295
3744
3258
2956
2809
2428
1925
1274
220
-566
-1124
-1729
-1965
-2168
-2338
-2719
-2964
-3574
-4016
-4380
-4227
-4493
-4700
-4757
-4742
-5395
-5664
-6579
-6966
-5987
-6120
-3684
-2315
-1970
-1355
-2281
-2657
-1437
287
2621
5321
6911
7213
7470
6798
6739
7409
7459
8446
8924
8891
8272
6859
5364
3628
2439
1347
835
664
-308
-1245
-2925
-4452
-5547
-6877
-6671
-6363
-5979
-5310
-5533
-5406
-5578
-5005
-4556
-3732
-2002
-1268
-35
882
1438
1825
2122
2843
3776
4586
4919
5340
5336
5076
4707
4538
4430
4198
4036
3628
3216
2458
1647
843
292
-216
-554
-701
-835
-1445
-2080
-2648
-3290
-3424
-3451
-3126
-3420
-3392
-3885
-4919
-5577
-5972
-6085
-6219
-6360
-6899
-6159
-5734
-4728
-2947
-2902
-2394
-2986
-2666
-903
1044
3808
5706
6990
7174
6979
6886
7160
8368
8693
9349
9401
8395
7600
5920
4503
3104
2318
1465
664
-225
-1373
-2962
-4663
-5945
-6585
-6674
-6667
-6352
-6177
-6257
-6467
-6171
-5870
-4607
-3577
-2523
-866
-96
370
1089
1546
2388
3268
4604
6204
6463
6414
5435
5065
4892
5164
6027
6228
6030
4790
3623
2014
1335
865
429
876
274
-100
-832
-2386
-3072
-3628
-3724
-3325
-3040
-2832
-3538
-4558
-5419
-5621
-5792
-5891
-5458
-5509
-6144
-7330
-7717
-6960
-5752
-3945
-2854
-2150
-2620
-3306
-1963
-486
2067
4686
6034
7300
7144
7135
7408
7898
8617
9012
9678
9270
8367
7272
5592
4262
3107
2608
1813
1146
-176
-1908
-3418
-5155
-5659
-6037
-6040
-6059
-6279
-6456
-6865
-6715
-6153
-5543
-4396
-3372
-2131
-1202
-675
-67
377
1143
2147
3721
5000
5415
5131
4879
4335
4491
4822
5297
5549
5065
4244
3240
2597
1753
1531
1153
1000
633
48
-529
-1446
-2101
-2427
-2409
-2113
-1798
-1907
-2776
-3577
-4329
-4476
-4337
-4323
-4333
-4727
-5614
-6993
-7626
-7242
-6108
-4577
-3077
-3148
-3505
-4592
-4252
-2289
-12
2797
4598
5874
5553
5552
5441
6096
7707
8622
9689
9810
8846
7586
6022
4781
4208
4130
4097
3315
2058
-20
-2006
-3579
-4206
-4209
-4117
-4280
-5024
-5557
-6497
-6895
-6755
-5937
-4754
-3823
-2902
-2174
-2180
-2056
-1710
-790
918
2235
3688
4302
3753
2991
2485
3030
3891
4689
5723
5201
4263
3059
2014
2009
1875
2201
2344
1997
1023
-64
-819
-1367
-1278
-1086
-602
-753
-1171
-2152
-3286
-3585
-3668
-3170
-2878
-3467
-4431
-5684
-6824
-7475
-7771
-6583
-5741
-4324
-3610
-4279
-4895
-5920
-4903
-2711
342
2891
4346
4955
3867
3780
4258
6034
8211
9600
10411
9449
7978
6368
5292
5334
5724
6244
5888
4421
2023
-556
-2141
-3023
-2769
-2216
-2371
-3121
-4665
-6166
-7171
-7405
-6610
-5339
-3839
-3484
-3515
-3757
-4522
-4190
-3213
-1073
818
1723
2597
2085
1482
594
1288
3032
4085
5145
4783
4420
3076
2027
2568
3089
3970
4174
3660
2871
1633
793
640
1020
1450
1785
1444
317
-620
-1807
-2284
-2365
-1817
-1502
-2407
-3893
-5634
-6454
-7123
-7043
-7265
-7223
-6864
-7110
-5714
-5930
-5853
-6304
-6104
-3865
-1925
834
2014
3106
3093
3041
4381
6055
8431
9536
9684
9115
8051
7194
6971
7638
8004
7846
6862
5001
2939
986
3
-371
-680
-653
-1643
-2875
-4937
-6265
-6629
-6641
-5490
-4713
-4051
-4487
-5284
-5358
-5143
-4249
-2447
-978
446
672
289
736
239
954
1694
3189
4529
4403
4354
3160
2843
2342
3390
4509
4705
4891
3210
2477
1288
1275
1942
2173
2303
1438
799
-568
-1339
-1398
-1640
-1300
-1402
-2004
-2857
-4179
-5373
-5666
-5563
-5745
-5831
-6994
-7757
-7476
-7188
-5170
-4664
-4493
-5132
-5755
-4212
-2443
359
2257
3690
3661
3636
4258
5153
7020
8101
8723
8860
8127
7673
7069
6868
6765
6341
5784
4466
3237
1862
531
-580
-1198
-1508
-1971
-3052
-4165
-4970
-5749
-5894
-5626
-4920
-4520
-4645
-4835
-4534
-4363
-3653
-2625
-1422
-414
-607
-313
-144
38
471
1051
2166
3244
3532
3360
3174
2894
3102
3911
4613
4965
4798
3741
3151
2581
2713
3127
3145
3025
2286
1215
188
-516
-690
-612
-678
-1043
-1791
-3011
-4196
-4886
-5482
-5214
-5671
-6312
-6988
-8354
-8530
-7947
-6945
-5331
-5182
-5559
-6012
-6397
-4626
-2416
405
2193
3141
2979
2891
3762
4882
7174
8482
9324
9302
8419
7785
7245
7409
7630
7580
7126
5451
3594
1583
458
-291
-454
-369
-1454
-2954
-4993
-6404
-6783
-6635
-5701
-4839
-5097
-5681
-6575
-6595
-6137
-5239
-3603
-2659
-2032
-2437
-2863
-2379
-1610
-366
890
1776
2803
2712
2887
3207
3753
4471
4992
6038
6172
5898
5034
4695
4474
4475
5025
4884
4264
2584
1001
248
-97
286
419
-63
-1365
-3040
-4309
-4754
-4745
-4799
-5086
-5844
-6931
-7715
-8459
-8562
-8258
-7562
-7054
-6426
-6151
-6098
-5770
-6133
-4206
-2469
-147
1289
1981
2425
2015
3021
4523
7026
8653
9216
8719
7512
7011
6974
8305
9209
8813
7952
5725
3844
2836
2414
2408
2102
1041
-668
-2102
-3645
-4243
-4159
-4263
-4354
-4841
-5431
-6004
-6496
-6400
-5714
-5394
-4930
-4814
-4545
-4768
-4794
-3742
-2406
-989
-396
485
985
1558
2311
3685
5196
6040
6444
6501
6507
6506
6912
7441
7961
7598
6642
5470
4279
3707
3511
3317
2776
1697
350
-1048
-2094
-2740
-3342
-3652
-4409
-5377
-6082
-6948
-7303
-7484
-7648
-7731
-8211
-8197
-7626
-7166
-6656
-5625
-5315
-4642
-4423
-3710
-1968
-1080
417
1284
2722
3247
4145
5023
6031
7215
7466
8340
8075
8263
8382
8399
8689
8346
7458
6211
4962
3944
3418
3369
2723
1682
285
-1524
-2580
-3374
-3428
-3328
-4079
-4918
-5921
-6801
-7310
-7103
-6617
-6360
-6297
-6428
-6258
-5669
-5246
-3970
-3025
-1858
-965
-465
736
1430
2979
3944
5266
6008
6468
6908
6944
7503
7520
7915
7973
7763
7272
6363
5609
4773
4048
3629
2991
1992
747
-533
-1742
-2687
-3366
-4087
-4926
-5630
-6315
-6692
-6845
-6989
-7256
-7342
-7489
-7567
-7253
-7296
-6656
-6194
-5748
-5509
-4577
-4154
-3234
-2663
-2246
-894
-499
1228
1831
3025
3642
4278
4923
5611
6724
7013
7415
6999
7148
6916
6991
7035
6793
6176
5216
4124
3221
2506
1966
1423
275
-766
-2047
-3149
-4025
-4723
-5125
-5688
-6352
-6635
-7016
-7110
-7068
-6498
-5948
-5697
-5082
-4383
-3684
-2725
-1583
-312
367
1176
1795
2296
3049
3437
5002
5490
6231
6317
6107
5961
5499
5883
5886
6121
5661
4969
3794
2623
1958
1639
1153
456
-508
-1716
-2908
-3808
-3721
-3833
-4080
-4615
-5194
-5653
-5906
-5763
-5414
-5081
-5153
-5108
-4833
-4641
-4289
-3816
-3537
-3208
-2738
-2169
-1600
-1016
-350
-11
412
986
1466
2030
2271
2871
2990
3391
3737
4184
4470
4241
4477
4300
4194
3835
3625
3164
2630
2324
1887
1300
544
-389
-1465
-2263
-2696
-2666
-2853
-2822
-3244
-3922
-4200
-4460
-3798
-3006
-2343
-1618
-1276
-1180
-885
-321
385
1133
1805
2144
2385
2611
2818
3181
3422
3843
3895
3799
3660
3490
3677
3540
3435
3296
2899
2434
1929
1812
1494
1054
614
-113
-656
-1033
-1392
-1403
-1656
-2113
-2595
-3138
-3336
-3432
-3476
-3476
-3437
-3637
-3892
-3807
-3493
-3062
-2760
-2308
-1895
-1723
-1394
-765
-102
417
866
1232
1448
1528
1896
2521
2846
3070
3000
3006
2826
2610
2739
2784
2408
2176
1927
1302
808
256
-88
-674
-1177
-1621
-1947
-2254
-2709
-2937
-3036
-3313
-3211
-2965
-2712
-2358
-1949
-1534
-1084
-571
-48
554
1187
1665
2123
2486
2658
3068
3207
3513
3986
4058
4001
3967
3859
3621
3455
3348
2995
2650
2141
1883
1631
1157
671
299
-215
-749
-889
-1023
-1303
-1603
-2123
-2576
-2979
-3175
-3150
-3111
-3241
-3411
-3566
-3785
-3641
-3453
-3325
-3233
-3159
-2786
-2274
-1720
-1042
-755
-430
-135
298
1041
1533
2162
2597
2936
3276
3548
3785
3793
3762
3581
3664
3593
3616
3448
2725
2065
1261
633
318
-168
-777
-1378
-2284
-2898
-3573
-4032
-4340
-4840
-5081
-5119
-4999
-4874
-4578
-4303
-3935
-3392
-2809
-2083
-1265
-726
-187
476
1070
1833
2629
3232
3665
4067
4383
4517
4860
5150
5243
5151
4952
4899
4702
4244
3911
3763
3229
2526
2052
1571
992
349
35
-334
-1002
-1648
-2195
-2679
-3129
-3540
-3632
-3837
-4206
-4532
-4756
-4877
-4901
-4727
-4535
-4264
-4095
-3795
-3308
-2712
-2078
-1646
-1173
-597
-79
590
1271
1923
2550
2903
3271
3694
3947
4287
4582
4861
4861
4796
4616
4267
3986
3441
3030
2563
1826
1404
838
165
-478
-1287
-2046
-2719
-3230
-3600
-3806
-4083
-4409
-4593
-4850
-4733
-4358
-4053
-3662
-3217
-2893
-2397
-2036
-1451
-790
-232
412
1023
1622
2108
2644
3093
3541
3761
4066
4365
4538
4637
4678
4690
4645
4533
4357
4131
3593
3202
2924
2453
2065
1584
1173
463
-252
-893
-1378
-1807
-2329
-2668
-3060
-3624
-4056
-4118
-4313
-4440
-4360
-4269
-4119
-4004
-3920
-3491
-3251
-2852
-2229
-1742
-1199
-726
-156
409
872
1277
1874
2221
2655
3127
3469
3738
3810
3845
3737
3683
3718
3722
3545
3219
2816
2389
1771
1400
1050
536
-41
-636
-1226
-1596
-1972
-2217
-2319
-2764
-3135
-3353
-3394
-3216
-3007
-2744
-2517
-2422
-2396
-2185
-1741
-1339
-815
-321
68
449
612
929
1283
1725
2128
2518
2790
2858
2938
2901
2985
3085
3141
3043
2941
2753
2327
1881
1625
1261
867
552
157
-213
-794
-1341
-1772
-2088
-2312
-2510
-2718
-2952
-3160
-3353
-3448
-3320
-3246
-3248
-3197
-3093
-2903
-2560
-2281
-1905
-1593
-1616
-1254
-899
-378
-19
409
839
963
1225
1554
1888
2009
2172
2200
2291
2356
2387
2529
2384
2051
1797
1497
1221
982
869
574
182
-133
-424
-553
-855
-1081
-1082
-1215
-1379
-1493
-1415
-1556
-1694
-1592
-1550
-1393
-1394
-1104
-950
-952
-855
-775
-432
-293
35
332
456
589
818
1208
1477
1583
1727
1901
1924
2104
2148
2259
1991
1784
1591
1396
1334
1079
977
592
101
-145
-320
-661
-812
-1081
-1320
-1488
-1676
-1718
-1718
-1881
-2008
-2023
-2010
-1918
-1822
-1662
-1538
-1424
-1339
-1108
-800
-607
-395
-244
173
455
669
1099
1241
1373
1406
1608
1784
1934
2056
2193
2142
1973
1810
1640
1535
1478
1413
1243
1047
702
467
273
96
41
-28
-51
-71
-24
-36
-125
-283
-411
-430
-533
-396
-282
-222
-277
-465
-483
-538
-493
-428
-288
-246
-217
-189
-157
-88
116
355
479
668
855
942
948
1115
1190
1200
987
1014
1023
915
839
609
570
379
200
-51
-96
-230
-465
-606
-736
-832
-1148
-1263
-1378
-1592
-1723
-1770
-1668
-1602
-1652
-1666
-1698
-1676
-1505
-1374
-1043
-738
-581
-419
-178
61
410
644
899
1170
1235
1422
1517
1655
1724
1646
1650
1621
1595
1583
1544
1399
1198
945
783
563
348
276
176
224
201
133
-72
-270
-380
-436
-401
-466
-404
-399
-551
-649
-734
-892
-833
-681
-456
-381
-440
-524
-581
-480
-311
22
220
369
525
501
512
571
583
731
778
813
942
788
655
476
344
265
246
251
-9
-270
-493
-535
-667
-772
-864
-1198
-1500
-1748
-1795
-1800
-1845
-1925
-2062
-2247
-2296
-2107
-2012
-1881
-1712
-1658
-1496
-1329
-1052
-694
-490
-235
53
394
593
815
971
1000
1056
1072
1270
1448
1596
1647
1537
1386
1196
1023
833
748
687
609
669
608
587
344
17
-178
-374
-328
-269
-244
-431
-764
-1003
-1095
-1143
-1110
-963
-1036
-1178
-1201
-1257
-1267
-1252
-1087
-952
-846
-741
-491
-206
-142
-28
148
328
449
712
933
1122
1081
1076
1210
1155
1193
1207
1276
1301
1121
959
819
493
181
0
-140
-333
-575
-832
-1145
-1588
-1973
-2247
-2457
-2471
-2519
-2496
-2537
-2679
-2713
-2719
-2553
-2300
-1968
-1707
-1377
-1026
-671
-286
-50
276
558
790
1027
1405
1814
1988
2086
2254
2275
2291
2366
2354
2413
2267
2106
2092
2049
1947
1800
1494
1145
874
621
516
383
61
-228
-524
-776
-1018
-1297
-1339
-1366
-1547
-1595
-1633
-1667
-1752
-1811
-1719
-1519
-1272
-1104
-879
-715
-600
-458
-166
205
573
867
1142
1422
1481
1657
1803
1972
2137
2391
2519
2436
2379
2213
2188
2047
1974
1835
1490
1097
701
324
-22
-328
-708
-1096
-1531
-1798
-2014
-2181
-2297
-2497
-2649
-2793
-2814
-2751
-2669
-2446
-2193
-1869
-1628
-1277
-919
-815
-543
-207
173
672
1009
1358
1594
1714
1896
2190
2422
2556
2690
2695
2730
2739
2699
2641
2487
2325
2128
1916
1693
1446
1212
872
531
282
-79
-365
-689
-1073
-1342
-1626
-1848
-1980
-2179
-2334
-2339
-2384
-2396
-2397
-2339
-2217
-2098
-1837
-1560
-1305
-1019
-743
-404
-131
122
449
714
985
1300
1553
1772
1918
2011
2019
2005
1958
2056
2090
2116
2028
1697
1332
878
548
328
176
-12
-350
-839
-1194
-1558
-1843
-1908
-1984
-2122
-2312
-2546
-2564
-2531
-2409
-2125
-1966
-1758
-1656
-1601
-1473
-1226
-902
-532
-199
79
219
422
598
855
1095
1293
1546
1656
1781
1834
1860
1837
1792
1851
1840
1748
1618
1391
1097
797
580
477
401
146
-136
-516
-928
-1193
-1347
-1464
-1612
-1752
-1895
-2029
-2144
-2253
-2222
-2239
-2146
-1969
-1760
-1565
-1344
-1211
-1143
-970
-707
-318
55
349
537
619
694
977
1233
1402
1568
1719
1794
1763
1668
1594
1467
1255
1103
894
730
462
126
-216
-527
-836
-947
-1022
-1248
-1461
-1730
-1953
-2007
-1985
-1895
-1795
-1846
-1815
-1843
-1845
-1707
-1529
-1294
-1034
-887
-657
-455
-332
-120
67
270
524
913
1178
1375
1472
1519
1590
1722
1895
2066
2146
2048
1919
1636
1452
1323
1222
1093
849
588
297
8
-244
-513
-672
-853
-981
-1067
-1167
-1211
-1363
-1553
-1582
-1525
-1372
-1193
-1077
-924
-878
-785
-541
-294
0
250
425
540
651
796
1069
1366
1535
1652
1705
1673
1687
1667
1719
1705
1656
1579
1382
1219
1064
891
711
568
343
229
81
-124
-335
-622
-892
-995
-1012
-1064
-1063
-1204
-1389
-1527
-1559
-1577
-1470
-1388
-1365
-1355
-1260
-1196
-1102
-1018
-854
-592
-395
-122
90
269
342
541
776
1055
1275
1508
1692
1694
1665
1662
1700
1766
1773
1712
1546
1266
1060
959
819
567
311
61
-118
-331
-492
-554
-734
-913
-1058
-1274
-1325
-1360
-1377
-1363
-1427
-1462
-1380
-1268
-1155
-1022
-845
-612
-459
-261
-127
103
333
586
984
1227
1387
1427
1534
1676
1824
1953
2083
2040
1913
1813
1716
1693
1590
1407
1179
922
676
513
385
250
58
-158
-401
-608
-838
-1008
-1158
-1322
-1363
-1445
-1482
-1623
-1768
-1840
-1883
-1810
-1744
-1492
-1339
-1291
-1205
-1052
-797
-633
-378
-105
161
299
470
678
799
989
1159
1359
1501
1513
1484
1462
1402
1348
1335
1303
1173
953
718
566
440
329
175
-39
-344
-614
-743
-827
-884
-944
-1065
-1177
-1370
-1397
-1375
-1467
-1411
-1383
-1324
-1269
-1184
-1071
-850
-694
-426
-149
54
314
528
744
976
1224
1337
1459
1565
1641
1816
1920
2004
1984
1889
1792
1580
1531
1512
1437
1282
1017
688
349
161
13
-125
-322
-534
-761
-961
-1146
-1344
-1470
-1577
-1642
-1683
-1636
-1593
-1619
-1653
-1611
-1478
-1296
-1092
-842
-677
-601
-510
-399
-149
109
371
575
610
643
753
845
901
1064
1130
1164
1148
1088
1063
964
855
808
642
510
381
282
191
3
-156
-347
-494
-653
-723
-809
-950
-1068
-1112
-1130
-1131
-1177
-1113
-1068
-1045
-967
-793
-623
-467
-248
-84
132
217
422
672
878
1108
1289
1484
1603
1653
1683
1681
1632
1568
1571
1543
1521
1348
1086
913
731
573
436
286
109
-75
-366
-532
-675
-822
-872
-990
-1054
-1190
-1271
-1311
-1302
-1225
-1113
-983
-870
-745
-671
-619
-472
-283
-134
58
193
327
491
583
710
765
741
782
834
963
1035
1048
1016
937
815
713
677
564
491
419
289
82
-125
-288
-386
-576
-664
-734
-862
-971
-1074
-1078
-1155
-1214
-1210
-1111
-1076
-1031
-926
-850
-751
-577
-304
-51
131
241
412
602
833
1147
1335
1484
1512
1591
1678
1713
1708
1710
1607
1454
1337
1142
992
738
471
204
-12
-187
-405
-619
-879
-1115
-1296
-1395
-1470
-1578
-1737
-1836
-1842
-1820
-1787
-1768
-1670
-1575
-1388
-1207
-1014
-876
-747
-547
-335
-77
278
587
837
977
1058
1234
1326
1542
1682
1774
1740
1618
1588
1508
1467
1411
1258
1064
874
647
424
217
-32
-227
-435
-700
-912
-1077
-1276
-1410
-1515
-1623
-1706
-1756
-1786
-1769
-1754
-1739
-1642
-1549
-1416
-1228
-1030
-861
-646
-409
-186
71
292
591
912
1167
1469
1666
1868
2078
2162
2246
2332
2385
2328
2232
2087
1877
1688
1541
1433
1213
921
751
676
502
240
-210
-872
-1404
-1729
-1834
-1824
-1742
-1674
-1778
-2093
-2496
-2638
-2556
-2378
-2052
-1647
-1314
-1161
-1081
-931
-634
-307
92
568
905
1211
1352
1473
1495
1557
1702
1833
2048
2148
2170
2041
1754
1516
1367
1310
1203
1103
905
635
294
-86
-289
-544
-633
-704
-841
-924
-1110
-1227
-1289
-1462
-1707
-1820
-1911
-1989
-1958
-1853
-1628
-1412
-1327
-1226
-1150
-1045
-832
-488
-149
214
434
614
825
998
1229
1465
1647
1813
1936
1950
1992
1984
1945
1921
1822
1742
1623
1536
1309
1096
886
599
406
141
-169
-455
-791
-1063
-1195
-1337
-1519
-1735
-1897
-1975
-2029
-1965
-1836
-1715
-1548
-1384
-1200
-1024
-817
-598
-347
-165
65
335
566
775
796
905
1033
1153
1301
1295
1351
1253
1134
983
844
864
677
645
443
222
202
-50
-68
-199
-308
-310
-506
-542
-716
-779
-762
-772
-695
-822
-831
-960
-1027
-1059
-1097
-939
-866
-754
-810
-769
-700
-692
-488
-366
-164
-141
-96
13
183
282
369
625
711
786
762
763
675
713
645
683
752
612
593
333
151
48
-49
-83
-313
-353
-589
-695
-836
-895
-724
-857
-793
-859
-828
-792
-947
-730
-715
-495
-350
-343
-185
-203
-53
-30
54
187
272
393
417
463
455
510
480
419
460
417
267
244
144
153
162
-51
56
-95
-226
-199
-289
-113
-178
-126
-202
-236
-309
-546
-410
-449
-457
-410
-463
-362
-519
-553
-515
-504
-422
-418
-314
-308
-273
-162
-132
-30
32
66
162
156
212
315
413
491
738
687
673
641
496
560
421
537
378
484
264
-80
15
-280
-315
-374
-442
-533
-537
-715
-807
-629
-721
-697
-777
-680
-683
-455
-226
-292
49
-65
23
160
36
327
449
545
690
759
958
692
817
596
536
556
594
679
639
745
450
553
268
287
72
-54
13
245
389
332
211
-61
-246
-220
-125
-35
108
152
-12
-145
-413
-707
-707
-766
-572
-604
-416
-640
-522
-584
-599
-297
-279
-87
19
260
99
60
395
242
624
999
858
1182
1082
911
700
751
542
782
873
723
724
589
265
114
84
-417
-83
-290
-464
-565
-618
-670
-1007
-829
-1440
-1327
-1236
-1269
-612
-759
-900
-783
-1073
-874
-995
-545
-455
265
352
227
441
-16
-50
83
393
502
1501
1451
1149
1084
303
351
151
444
728
1261
1324
646
1148
-118
208
88
248
886
505
639
473
170
39
-393
-203
-227
-128
109
-178
-306
-894
-980
-1305
-896
-868
-73
-220
-201
-423
-661
-1466
-755
-466
196
687
353
234
-256
-26
-759
496
501
868
1447
827
496
462
20
800
746
1014
988
493
732
-171
599
6
-429
85
-484
-258
-314
-412
-841
-639
-743
-876
-1044
-1039
-1185
-748
-427
-1119
-630
-1009
-1076
-530
-588
-337
-219
-389
-340
-822
357
-127
-21
887
-305
868
613
-170
1382
227
567
906
618
975
975
740
816
775
626
566
557
517
314
310
603
-336
465
178
-793
-112
-1169
-153
-803
-346
-716
-855
-795
-1226
-1176
-608
-1486
-561
-323
-1132
-11
-995
-513
-771
-577
150
-73
601
284
-8
779
-240
961
318
732
1252
209
1149
89
1041
416
1046
209
522
896
-680
1126
-265
-23
1068
-221
46
512
-509
-224
-235
-1003
-1
-537
304
-393
136
-561
-1715
-239
-2326
-287
-250
-252
6
-498
-1108
-699
-711
-850
251
9
735
523
424
555
340
779
578
892
1014
676
1121
171
948
898
803
1345
476
490
341
47
482
-128
1002
-71
496
352
-871
409
-1066
160
-593
536
-576
-249
169
-1725
-266
-475
-535
-266
600
-536
483
-250
-1052
-97
421
-253
696
804
-345
923
-478
-465
128
184
553
691
633
-1018
277
-459
111
1248
309
664
-323
834
-806
838
-171
-149
1617
-216
727
-160
-810
-279
-275
-340
-202
589
-620
-168
-329
-1357
-286
-558
-221
-30
-61
-591
-66
-19
-946
63
-432
93
685
992
424
37
825
-908
253
665
-209
1741
912
148
642
-373
-539
178
113
263
562
775
-337
777
-576
-672
657
-1004
851
-121
785
174
-31
788
-1143
773
-616
3
812
385
469
148
275
-613
451
-378
96
530
202
557
35
-440
-338
-108
-15
383
458
284
-77
7
59
3
433
-317
770
-92
71
709
-166
635
-949
802
-1073
695
369
-515
515
-522
-342
28
-62
-309
1170
-272
428
-12
-368
509
-519
988
72
215
1130
-1063
822
-233
-14
887
-36
558
-222
92
376
-567
830
-414
325
411
-667
1184
-1143
877
-520
-27
690
-662
321
-259
-138
117
133
285
-129
185
77
-776
1207
-1190
191
595
-263
538
405
356
-476
907
-395
-56
444
255
-241
971
-712
45
688
-1135
477
-584
689
-527
365
-164
-894
854
-868
-400
494
-533
-116
331
-1138
-318
-257
-385
-215
-377
135
-775
-366
-647
-1288
-8
-640
-293
215
11
-148
-36
-383
-289
81
379
-267
810
226
614
378
151
104
-429
1257
-616
347
355
7
23
692
-157
126
566
-716
-317
704
-828
442
668
-928
856
-440
-4
-417
220
-732
470
410
-82
501
-457
-152
-732
528
76
-1
605
-402
151
-265
-588
155
-658
140
550
-471
973
-786
235
-225
-594
870
-882
1650
-516
681
167
-978
1066
-926
900
147
1023
442
194
536
-1094
375
331
-844
1241
-71
-411
867
-1007
-133
-664
-208
-906
78
521
-1017
627
-715
-596
-46
-900
132
95
241
-293
-306
84
-859
486
-219
-257
232
-459
364
-425
958
-163
-181
813
-862
925
-302
486
406
127
699
-364
516
-106
483
154
16
406
50
332
-78
195
510
-89
144
117
-269
-220
253
-692
504
-419
171
-629
-122
-388
-1318
395
-861
-430
147
-838
-201
-230
-493
232
-517
-332
67
117
427
198
643
-180
320
1217
-125
569
-70
5
874
95
743
-353
518
-87
-119
222
94
628
-320
410
-867
66
-29
-252
886
-634
489
-881
-249
-805
-761
449
-1021
549
-751
114
-1188
-867
96
-1276
1048
-1319
-22
-172
-479
456
-477
723
-532
791
77
-860
1115
-702
897
668
44
556
724
548
263
975
-46
646
860
573
700
802
-142
1169
117
860
413
-142
138
-128
-32
-904
135
-878
203
195
-1226
343
-1267
-488
-262
-629
361
-558
830
-894
353
-376
-251
478
366
264
907
561
91
488
-514
919
182
802
433
392
217
92
376
-230
88
1050
-575
615
903
-1343
1542
-926
-381
529
-522
33
172
68
-579
153
-1298
-254
-940
-164
-260
-217
-127
-873
-261
-920
-1086
206
-450
-99
496
-920
-159
-332
-317
82
342
64
-123
1433
-1009
665
566
-844
1526
-366
706
452
493
119
83
229
-494
1028
31
437
-45
-309
-594
-295
-180
-25
269
-249
253
-886
27
-1037
-576
-270
-443
457
-158
501
-561
246
-598
-38
-103
-86
208
-143
731
-397
588
-184
-292
407
-220
850
-56
552
-198
137
383
-557
999
-346
435
575
103
190
-356
201
-293
19
426
-843
-31
20
-969
731
-923
-433
-72
-664
-642
158
-755
-608
93
-720
-81
-480
-152
-679
289
-738
-454
124
-908
128
352
-737
783
-658
60
-143
-604
881
-798
637
186
-423
531
-225
110
482
-133
548
-545
671
-551
34
155
-632
633
-79
539
-538
308
-276
-818
595
-1259
325
278
-649
162
151
-469
-262
258
-785
71
-194
109
-234
487
-301
-79
399
-194
71
505
100
331
665
432
92
335
434
-138
736
6
540
-154
282
-605
212
245
-670
150
-565
156
-631
604
-686
-204
701
-893
238
8
-447
710
-88
356
371
-299
232
-628
628
-555
652
341
-228
934
-716
328
-183
-379
267
-98
371
-61
297
-349
-383
114
-657
205
-217
114
91
218
-573
-356
-125
-252
-47
413
-230
-352
323
-890
113
196
-997
716
-319
-270
476
-503
-4
-456
602
-466
655
275
-352
428
45
113
340
420
356
81
644
47
325
698
-37
729
93
479
499
149
59
-120
138
141
-289
99
-26
-78
-76
-235
-344
-483
235
-566
22
-126
-573
150
-285
-487
1
173
-796
539
-303
-498
808
-620
740
-359
197
576
-452
1085
-687
682
590
-583
703
-38
-37
600
-280
68
118
137
-157
-234
127
-918
-151
-319
-644
-122
-191
-966
-389
-269
-981
68
-566
-1101
-696
-558
-839
-319
116
-1363
429
-630
-772
-95
-1248
14
-665
560
-315
603
146
-36
146
-453
592
-81
835
401
958
-275
816
-304
381
385
-211
637
-318
443
-928
485
-749
-165
-232
-1026
-408
-63
-539
-1007
-371
-757
-473
-510
-884
-320
-272
-1072
658
-880
-131
-244
-637
-335
-382
362
-283
1230
40
352
600
-415
121
472
540
1175
1163
808
299
773
-58
225
809
-23
867
1547
122
401
165
-400
5
406
-13
-105
826
-381
-187
-28
-862
-926
322
-1135
480
-387
-709
-52
-1082
-295
-865
330
-545
-132
481
-706
627
-256
-48
637
-21
945
298
796
565
188
601
71
807
595
222
976
-189
366
43
124
531
-167
272
-439
73
-47
66
-209
-556
410
-658
-440
-63
-932
-319
-162
-806
-402
-284
-1061
-141
-713
-581
-353
-471
-108
-696
577
-898
70
216
-277
1002
112
246
645
62
296
501
111
784
373
892
475
544
24
214
816
-3
611
186
-168
370
-438
-46
-147
-83
-176
-456
-94
-658
-636
-319
-787
-643
-561
-689
-577
-1013
-302
-703
64
-1113
0
-552
-181
440
-709
610
-438
125
406
40
519
386
891
301
369
290
-43
962
-190
740
389
543
158
253
-213
-379
503
-897
549
84
-376
160
-368
-833
-267
-163
-238
-239
-150
-761
-675
-428
-899
-91
-345
-237
-86
-521
-525
-320
-368
-170
-58
216
265
-47
43
-258
369
307
286
186
248
-51
524
193
66
405
160
330
-450
262
-24
-96
-121
-7
-509
-207
-273
-316
-626
144
-1447
264
-672
-1079
20
-1289
237
-880
302
-1051
236
-431
-89
-120
417
-575
702
-49
-28
1175
-792
1057
-283
153
465
185
442
245
448
25
-349
520
-416
-98
414
-372
536
-158
-268
15
-478
-107
-551
136
-718
85
-85
-592
325
-591
231
-549
-144
-64
-656
416
-438
18
-203
221
-239
353
633
-569
1035
4
-262
897
-32
351
627
540
11
621
134
-363
704
49
314
125
458
-387
146
447
-700
877
-333
-473
434
-338
-250
-13
-297
-385
97
-76
-250
-418
707
-971
365
178
-845
850
-671
912
-134
311
360
-310
1027
-535
1099
440
350
752
494
59
459
502
108
476
364
614
149
461
142
364
256
355
-384
839
-732
506
-185
-418
296
-872
534
-657
435
-596
31
-475
-195
-392
51
-405
87
25
-463
290
-352
125
12
339
459
1012
-5
1238
177
697
626
342
1023
406
1042
262
668
366
83
493
125
-16
503
-608
254
-34
-623
381
-962
373
-44
-642
81
-1370
-105
-808
-36
24
-549
314
-951
30
-725
-88
133
10
558
-306
-68
-764
113
291
-171
963
-91
517
-80
-233
360
-735
768
-443
1110
317
339
601
-1104
407
-508
226
-17
112
487
-593
-59
-602
-655
119
-517
163
-624
-423
-346
-847
-14
-799
-426
-389
-618
-601
-93
-292
-261
48
-558
-14
-204
-334
153
-119
218
635
-352
637
77
590
287
320
263
-221
918
-196
650
667
-199
797
-577
-230
-208
-31
-168
60
187
-715
-122
-830
-31
-788
315
-782
-522
42
-1238
454
-478
-398
-224
-394
-358
-585
49
-892
-16
51
-933
458
-247
-593
446
-318
-448
551
8
-160
349
257
-231
674
76
-572
763
35
-153
955
-227
88
159
-520
-343
0
527
-636
622
-509
-507
61
-499
-504
-171
293
-605
434
-322
-367
277
-808
1
183
-51
358
91
9
12
175
-5
141
485
206
518
709
-348
711
19
-64
566
46
347
-36
433
-94
192
380
-454
367
-127
-338
634
-281
375
69
550
-259
64
-40
-261
404
4
362
-26
568
-521
278
152
-183
159
379
235
167
532
185
-288
904
35
292
1143
-346
1066
258
644
722
348
985
279
840
548
118
497
226
169
837
-426
484
174
-353
306
-742
499
-647
663
-277
-111
300
-938
266
-720
366
-436
309
-54
-354
770
-415
517
160
-167
363
180
290
151
285
86
347
87
30
588
-129
507
208
-322
202
135
-68
-44
179
-357
168
-72
-468
-59
-214
11
-897
332
-559
-402
97
-502
161
-812
149
-676
-335
-197
-679
578
-469
157
172
-671
165
-246
-133
-350
453
-141
755
418
-33
1019
-387
372
325
34
338
621
-318
616
106
-43
348
-679
190
-501
-132
-126
-595
-238
-555
-92
-672
-676
-214
-788
-145
-748
-646
-195
-491
-269
-537
-397
-84
-734
-330
-722
-77
-177
-480
262
-399
-125
-136
3
-353
345
38
101
133
286
38
450
168
-68
545
-346
575
3
310
-57
118
-18
-401
602
-674
244
254
-623
-220
-199
-576
-801
82
-950
267
115
-746
37
-754
-464
-566
-151
-267
233
165
-327
389
-277
-279
685
-162
423
777
290
280
513
332
223
838
320
665
710
221
647
951
232
455
350
154
517
-43
260
53
639
-282
88
-340
-394
419
-529
-71
-353
-15
-390
-79
12
-640
47
-218
-428
74
-311
-46
108
194
216
-258
533
-45
491
642
-304
977
141
246
621
-33
905
163
720
248
256
536
-636
870
167
407
441
-93
390
-482
479
-619
-208
181
-582
413
-445
-148
-472
-317
-711
-140
-157
-445
103
-175
-569
46
-622
24
11
-112
445
-412
487
-478
16
288
110
464
88
199
503
-92
838
132
310
333
-179
580
-201
623
-75
305
47
2
220
-635
251
-322
-196
-424
-96
-64
-735
-80
-703
-330
-30
-791
-110
-802
-401
-420
-443
-109
-396
-49
-359
-372
133
-472
83
67
-121
498
-157
166
-94
136
177
421
420
148
224
13
144
281
-137
49
379
195
303
-164
190
53
-248
4
-492
286
-330
-106
-61
-217
-426
-185
-419
-403
514
-663
188
-408
-219
-324
-153
59
-221
535
-85
-108
136
-56
6
153
396
521
-56
742
-498
473
517
-427
955
17
327
562
90
174
133
-131
-15
309
62
382
234
47
-189
-26
-198
66
708
-137
368
-337
-396
3
-160
-45
488
139
374
122
125
-350
-68
-167
-84
492
-166
150
-102
-28
-208
178
-65
28
782
-263
235
145
-128
149
118
283
537
550
323
136
19
-27
59
467
110
341
346
-43
164
200
-87
177
341
-127
372
116
-160
269
238
-116
498
233
42
230
198
-256
558
290
35
715
-277
116
195
123
119
165
136
15
121
233
-147
161
273
-39
576
114
-28
395
-203
-68
489
-68
-20
267
127
-83
167
-95
-99
192
47
-125
303
181
177
259
-50
-118
306
76
13
441
26
420
-212
176
-130
-151
164
-103
476
-101
43
-155
-300
27
-302
-96
143
23
336
49
-331
333
-517
-241
-100
-123
95
7
137
-362
369
-658
-7
33
-171
249
-112
326
-677
478
-463
-243
403
-312
391
-173
305
12
-254
-158
-374
335
-78
107
393
-201
133
-224
-229
-53
226
-19
-17
563
-547
-227
-230
-624
153
-446
-207
-160
-493
-242
-661
-436
-277
-216
-127
-188
-31
-426
-396
-272
-294
-8
229
-84
-18
70
-280
-291
-234
-420
-82
202
-538
327
-313
-158
-148
-75
-97
-444
412
-360
295
-278
105
-153
-257
255
-501
212
-51
-260
160
-264
-50
14
-516
17
-130
-272
41
-225
-398
28
-416
-130
-423
-151
-136
-542
234
-412
-148
-209
-247
-157
-147
78
-75
-98
251
-153
-113
359
-235
488
-8
314
518
8
605
-81
410
304
264
577
-73
699
53
192
360
-7
281
-166
475
-267
232
-248
134
-74
-66
54
-274
340
-251
498
-73
155
71
43
-154
11
392
-150
502
134
392
18
38
275
140
452
170
529
316
223
357
138
271
1
342
330
354
90
80
98
-349
317
225
54
380
-81
231
6
53
3
-215
205
-349
467
-223
-253
135
-414
-101
-266
-353
-53
-326
232
-156
-281
204
-524
155
104
71
37
-48
211
-27
66
213
-255
232
228
-29
283
25
54
41
268
324
-251
432
-263
-197
478
-396
211
11
114
303
-174
278
-327
94
-123
-353
434
-409
288
107
-301
287
-119
-266
-84
90
-12
333
515
-168
544
-71
-392
399
43
215
-8
564
-108
402
-159
-270
413
-319
534
-18
177
18
260
-35
-123
281
-188
105
-115
278
-121
-99
-16
-384
62
-290
-242
-202
-198
-229
-315
107
-287
-444
-34
-344
-146
12
-155
-112
-6
-201
-203
-38
-727
-72
57
-455
116
-78
-115
-318
-165
-317
-234
38
-286
189
-27
33
243
-73
-35
-234
236
-186
17
304
-422
279
-218
-380
37
6
-151
-125
174
-268
-62
-139
-340
-122
-471
14
-366
-101
36
-337
-6
-641
-342
-364
-404
-287
62
-237
90
-174
-330
133
-319
191
-495
586
-109
198
341
-54
457
-175
472
-278
268
255
-32
518
169
113
313
-269
92
52
144
118
-17
303
-214
380
99
-228
-31
-250
-147
-201
-82
-143
-375
-107
-451
-257
-254
-336
61
-453
-34
-435
-163
35
-391
280
-392
216
-12
-120
197
-340
78
10
344
54
-28
199
-339
13
231
37
238
22
260
-321
375
-247
61
351
-256
467
61
199
45
248
-7
-174
245
-105
-35
308
-328
457
-157
92
105
-208
261
-517
541
-4
76
368
66
-61
-454
-56
-14
282
202
-123
-40
-16
-588
15
90
-106
-24
-328
195
-150
52
234
-58
179
-162
72
-239
-152
121
-35
620
420
54
-77
-212
-186
219
123
-247
406
-265
111
161
-1
-168
-322
-135
-487
-97
1
-134
35
192
-378
3
-431
-446
78
158
88
-147
-60
-543
-104
-39
-255
-46
147
-79
218
97
-138
-81
-33
-51
-31
141
170
283
119
145
-102
-126
110
-198
-184
42
-80
-321
-45
125
-545
-215
-337
-358
-120
-402
-219
-86
-48
-229
-86
-357
-365
-435
-223
4
-80
-88
-228
-262
-283
-188
-265
-156
-23
-52
131
35
-150
-380
-426
-374
-159
-206
22
-207
-155
168
-458
-90
-480
-385
-535
-57
87
-181
-3
-180
48
-298
-205
-430
-357
-43
-65
262
-245
-308
129
-316
136
-136
-150
-42
120
147
-164
527
-44
-169
-130
-271
-73
-89
29
148
301
9
54
-109
-64
252
113
184
305
166
-36
302
34
241
303
132
216
228
312
401
550
173
57
221
207
160
262
228
225
164
157
70
120
-249
-342
116
231
677
233
167
-28
-382
-17
79
205
10
170
95
-19
-100
-96
-255
-237
-282
-502
-463
-209
-62
-183
47
-289
-412
-337
-209
-49
58
80
-26
-25
-26
82
-18
70
-94
48
152
-63
172
-75
202
8
-2
135
-159
-27
-27
339
69
194
194
-287
81
-166
-124
-104
99
25
-23
-63
-374
-128
-175
-247
-76
197
-306
-22
-61
-183
157
-242
29
-71
-74
-59
119
-74
-201
48
62
88
248
-47
-89
22
-67
-47
196
214
42
366
-180
-196
-162
-144
-184
-138
86
156
144
50
-136
-104
-283
-332
-39
-124
254
79
2
92
-150
-52
-104
-161
117
-90
90
131
-156
-69
-241
-85
-195
-22
61
-77
-140
-87
-196
-342
-148
-123
58
-161
-107
-339
-62
-238
-297
-22
-187
-34
-269
82
-527
-88
-165
-197
55
-349
-199
-377
-164
-143
-182
-20
-210
-266
-181
-330
-224
-222
-218
-157
-96
-40
-115
-192
-349
-305
34
-225
-47
-357
-315
-126
-279
-230
-148
-239
-377
-46
-245
-135
-253
-185
-217
-224
-146
-215
-51
-256
-102
130
-178
76
39
-152
-48
3
20
-223
87
67
-39
101
-23
-180
-101
-217
-223
89
-77
-29
7
-69
-109
-109
35
-47
242
140
-80
238
105
106
264
89
62
179
59
153
156
129
196
61
364
299
256
261
138
140
119
187
171
139
256
368
130
294
-42
-49
187
-44
190
-19
149
203
103
185
66
6
78
110
-91
75
107
9
185
94
172
117
95
164
291
355
98
94
-88
186
140
313
342
175
263
104
239
-38
-39
-6
69
125
146
208
184
23
115
-36
15
107
-35
207
-70
183
56
42
86
5
130
62
68
85
160
166
125
-27
138
-64
244
143
-10
241
78
-52
-3
128
-28
119
-74
78
164
50
196
3
44
83
73
136
24
-2
70
-130
65
1
-104
-23
-134
-92
-17
144
5
185
6
-99
92
-55
-4
61
-24
147
135
92
97
-16
68
-79
207
186
215
373
101
436
307
127
32
45
-135
162
243
29
99
-148
-84
-220
-193
-86
-116
-86
110
-115
-18
-28
-235
30
-38
-43
-95
-77
22
-83
147
182
102
103
84
236
-43
164
269
26
246
48
211
192
9
178
48
-40
70
93
-36
71
27
58
32
-48
-27
37
120
184
159
100
32
-98
-36
-155
-105
54
-131
-4
-165
-254
-107
-169
59
-30
-108
-67
-60
-65
-5
131
117
187
10
108
173
-7
63
135
131
11
168
-24
19
68
-105
18
-75
59
-94
-76
-95
-293
-180
-282
-262
-234
-147
-185
-143
-106
-18
-169
-242
-146
-96
81
-82
10
-12
-87
27
-83
-71
-103
-56
65
-116
53
101
-27
70
255
196
196
286
31
219
119
58
78
109
81
91
98
31
135
93
16
-45
-45
-39
-46
137
-8
12
-89
-145
-66
-244
-172
-186
-280
-132
-234
-214
-92
-149
-222
-95
-23
-118
-43
-153
-226
-45
77
48
201
81
97
186
107
81
103
201
53
245
179
96
241
140
192
57
85
-14
119
112
26
205
-71
52
48
-20
105
91
34
76
68
22
15
19
61
98
217
45
47
-28
-9
69
92
37
99
29
98
197
110
129
230
312
167
239
282
205
211
294
301
368
323
292
249
228
303
121
134
132
33
142
45
61
70
-39
33
-26
-84
-91
-101
-132
-63
-73
-91
-14
-66
-110
-51
-98
-94
81
17
48
26
50
-82
-124
43
0
158
108
99
42
67
51
-4
137
104
204
223
202
216
226
236
207
269
220
220
136
147
174
-36
27
127
-80
52
30
-89
-19
-120
-26
-38
60
115
-4
85
133
159
24
157
253
231
272
346
323
152
307
221
276
221
195
188
106
267
135
112
42
-3
30
99
-6
-84
85
-48
-44
-51
-44
-57
8
53
143
107
116
99
-37
-12
-132
-54
7
147
67
41
52
13
-63
-23
-39
-56
19
30
-14
91
220
-40
83
49
39
103
33
89
-7
67
30
-20
123
88
152
62
4
121
31
0
29
-41
-49
87
-43
44
96
45
-33
-28
-50
-135
56
53
121
236
190
77
70
47
79
119
242
232
176
227
186
142
177
171
257
233
154
133
178
117
40
87
-66
-5
-167
-114
-107
-180
-106
-226
-273
-289
-310
-432
-401
-377
-293
-235
-288
-312
-334
-327
-356
-363
-279
-323
-272
-243
-292
-172
-139
-269
-302
-179
-243
-172
-95
-130
-115
-51
-121
-106
32
-11
-45
-40
23
-64
22
2
-88
6
-60
-126
-120
-152
-129
-127
-52
-47
-75
-16
21
-36
-111
-33
-39
108
83
89
81
67
119
86
180
115
172
88
48
101
127
257
157
249
224
192
122
182
175
74
154
72
152
146
102
140
103
54
-9
20
62
-14
5
-24
-1
-11
34
59
62
38
4
57
-27
43
40
47
160
46
64
53
70
106
106
129
112
101
195
126
68
161
205
220
259
309
308
262
245
267
266
342
340
281
205
143
98
52
24
39
31
25
131
73
91
92
-46
22
-65
46
42
-65
37
14
26
-13
-35
-24
20
0
-43
32
-95
-25
59
-10
43
50
66
-3
88
51
5
35
16
52
50
100
42
-3
88
-25
19
-10
-36
-73
-123
18
-32
113
43
-66
117
45
-18
96
36
-25
29
45
99
-54
52
32
46
26
58
70
61
234
154
237
132
89
117
124
166
150
110
117
229
92
253
198
108
153
157
56
44
45
46
70
54
186
119
-26
-51
-100
-82
22
-119
-101
9
-35
-97
-136
-174
-154
-113
-133
-107
-150
-139
-199
-218
-171
-241
-202
-212
-124
-81
-74
-35
-80
-56
-113
-183
-133
-72
-11
6
-16
-101
-64
-100
-87
14
4
35
17
-49
78
22
-85
-86
-107
-180
-36
-25
-108
-88
-151
-159
-155
-147
-114
-75
-68
-97
28
21
-60
-2
-64
5
11
-21
-21
3
87
-11
64
58
20
90
21
69
109
52
30
88
165
147
172
127
32
33
14
14
63
27
111
140
100
38
34
13
-8
130
53
98
138
47
66
50
46
61
87
52
20
60
81
31
16
-7
-63
16
36
25
45
-17
60
26
67
104
104
129
93
51
-12
59
88
33
53
83
60
147
171
122
38
100
17
10
102
25
12
46
81
33
76
76
64
21
21
40
165
170
126
171
141
119
181
211
141
160
102
90
102
32
-1
7
-4
-18
40
7
13
-22
-51
-93
-126
-96
-175
-144
-57
-70
-66
-107
-140
-144
-165
-169
-176
-118
-105
-111
-109
-30
-15
25
76
63
149
128
142
106
77
99
162
106
112
86
68
128
39
58
112
49
11
25
-50
-61
-7
-57
-75
-38
-66
2
105
24
-60
-72
-79
-113
-142
-89
-117
-89
-192
-157
-127
-170
-127
-114
-110
-143
-126
-86
-64
-99
-118
-58
32
0
24
25
-15
-72
-80
-121
-145
-112
-192
-196
-157
-184
-140
-90
-196
-240
-290
-230
-163
-202
-161
-245
-336
-222
-175
-257
-218
-215
-257
-258
-375
-457
-370
-421
-399
-309
-341
-274
-194
-255
-208
-140
-166
-124
-53
-87
-88
-7
-50
-43
39
72
-7
120
101
-7
6
10
-9
1
62
-17
57
70
-54
38
24
-20
-13
25
13
43
150
69
58
97
22
20
-59
-70
2
-11
19
86
120
102
79
61
52
47
82
119
147
134
103
127
74
122
142
130
112
96
124
74
52
26
-43
-61
-14
9
-6
-4
-91
-109
-63
-107
-103
-157
-204
-200
-253
-205
-178
-260
-232
-223
-310
-318
-218
-227
-179
-117
-224
-135
-66
-90
-109
-105
-85
-26
-49
-125
-7
5
-82
-40
-8
43
20
-41
-11
4
35
86
32
22
86
69
42
57
24
55
23
-73
-64
-84
-97
-74
-104
-75
-18
-78
-76
-24
-65
-137
-146
-102
-81
-27
-33
-12
-16
-1
40
12
19
32
-25
-17
1
51
82
97
129
73
59
81
86
53
165
174
90
119
116
54
117
93
59
119
135
138
142
209
177
158
224
197
147
207
116
123
169
136
149
125
104
138
153
140
111
48
103
129
139
146
130
96
145
62
65
107
102
49
11
5
81
114
63
70
73
87
84
120
22
83
113
39
74
88
84
23
41
58
48
64
-3
-5
72
22
10
66
-7
-42
-12
-33
-28
-70
-130
-128
-130
-107
-130
-86
-51
-114
-96
-72
-101
-31
-50
-61
-23
-151
-139
-146
-186
-125
-144
-171
-184
-201
-206
-274
-256
-238
-280
-216
-193
-128
-176
-223
-199
-189
-172
-141
-165
-170
-176
-267
-198
-219
-244
-215
-221
-325
-281
-287
-324
-241
-297
-283
-283
-284
-273
-206
-183
-201
-228
-200
-194
-234
-152
-145
-204
-223
-223
-172
-186
-154
-181
-187
-222
-229
-203
-199
-202
-220
-185
-181
-138
-150
-127
-112
-149
-158
-145
-167
-132
-139
-115
-99
-178
-144
-172
-188
-121
-90
-63
-6
14
-47
-19
-42
-99
-58
-53
-136
-135
-121
-137
-167
-239
-207
-214
-204
-195
-173
-191
-247
-213
-263
-220
-184
-181
-135
-85
-91
-117
-120
-72
-80
-100
-45
-45
-4
66
55
60
80
87
124
67
130
216
216
247
279
268
313
342
363
304
254
261
184
158
188
197
154
180
116
64
81
78
37
7
3
-39
-42
-46
-72
-109
-102
-114
-20
-9
-6
25
-11
-56
-7
46
57
116
122
144
125
109
82
94
185
187
165
156
176
186
110
131
155
149
190
125
98
126
48
107
101
72
29
-6
-15
5
-1
-68
-14
-30
-34
-51
-62
-65
-22
8
64
91
106
137
102
92
74
80
27
43
31
59
91
148
210
202
245
303
264
239
225
194
214
265
269
276
228
195
219
230
262
170
153
133
74
47
11
25
44
19
30
17
-38
-33
-54
-83
-49
-94
-115
-76
-84
-49
-4
-37
-43
-70
-159
-140
-144
-120
-101
-152
-125
-70
-81
-56
-58
-65
-97
-72
-105
-171
-145
-122
-126
-122
-104
-81
-57
-90
-110
-95
-55
-60
-68
-100
-126
-148
-99
-91
-156
-182
-183
-172
-124
-189
-193
-123
-148
-171
-153
-178
-222
-216
-245
-232
-186
-179
-178
-152
-164
-157
-120
-152
-104
-25
-28
-27
-81
-86
-92
-155
-127
-83
-169
-142
-153
-134
-84
-108
-103
-54
-29
-65
-73
-88
-132
-144
-154
-188
-187
-176
-189
-207
-182
-220
-229
-215
-223
-236
-188
-173
-135
-95
-105
-92
-115
-148
-161
-79
-82
-47
-18
-19
-18
9
6
15
59
37
25
46
75
88
133
101
96
98
86
101
76
52
37
42
26
-24
-24
-32
-45
-60
-34
-7
-8
37
-8
24
60
59
114
100
91
60
-9
-1
40
25
15
55
29
40
43
18
15
1
15
-1
19
35
40
70
66
47
45
75
74
101
118
50
-18
3
-7
-39
-13
-55
-117
-93
-89
-63
4
-13
-30
7
6
1
110
117
133
150
142
138
169
193
190
236
226
203
191
120
87
110
71
102
84
89
176
175
111
159
196
141
158
154
132
139
111
90
86
89
78
84
112
117
127
133
103
66
47
103
83
95
100
76
114
110
143
126
147
115
87
51
34
31
49
12
-20
-31
-52
-10
-53
-88
-120
-127
-122
-147
-130
-104
-84
-110
-164
-144
-165
-146
-118
-140
-147
-158
-121
-106
-80
-21
72
119
158
104
89
100
98
143
179
252
275
271
283
293
258
233
204
166
170
176
144
152
164
166
154
169
191
164
154
145
118
87
60
33
-13
19
47
73
71
67
62
31
51
-11
-4
-87
-128
-89
-61
-36
-56
-61
-83
-66
-92
-95
-37
-15
5
17
-16
-12
44
72
92
98
127
105
76
155
131
145
188
176
176
151
140
140
124
119
116
90
25
11
25
29
40
-10
-25
-15
-15
-55
-113
-129
-119
-119
-159
-145
-152
-112
-76
-36
-45
-43
-27
-59
9
29
28
57
60
62
63
87
70
79
78
62
30
4
7
18
-10
-51
-87
-103
-63
-59
-38
-58
-47
-81
-114
-124
-137
-151
-148
-118
-152
-130
-135
-157
-153
-205
-218
-144
-93
-87
-62
-88
-61
-64
-69
-67
-55
-35
-24
-50
-1
71
62
91
61
44
9
8
-13
-24
48
52
60
61
53
95
77
57
59
45
39
22
56
56
56
23
15
68
78
29
14
-1
29
74
86
56
35
40
54
102
96
153
135
89
94
106
110
94
121
142
170
164
116
104
133
122
81
70
65
71
79
30
-1
-25
-45
19
82
77
102
74
53
119
73
27
43
35
94
104
64
69
95
80
58
78
23
30
46
-8
-2
22
97
113
65
79
54
2
-22
-42
-26
-28
-15
-67
-100
-87
-82
-87
-131
-108
-108
-99
-94
-116
-104
-108
-94
-59
-69
-81
-47
-10
23
11
-25
-33
-12
29
54
63
91
101
144
147
147
112
67
82
27
4
-16
-50
-39
-59
-34
-12
-6
-38
-86
-62
-58
-62
-55
-32
-24
-34
-18
5
25
1
-60
-82
-118
-154
-128
-93
-99
-88
-47
-110
-81
-81
-104
-72
-115
-163
-123
-120
-118
-83
-125
-124
-115
-123
-103
-67
-76
-103
-81
-58
-25
0
-27
-57
-34
-71
-46
5
-32
-27
-39
-64
-88
-33
-18
-37
-5
-12
-15
-2
41
57
31
39
37
18
68
53
29
65
59
63
92
111
126
108
73
89
82
120
121
128
119
143
159
150
104
73
88
63
44
39
30
43
49
22
21
-5
-15
39
22
-1
-21
-94
-73
-39
16
14
-10
-25
-23
-15
-29
16
-3
5
21
36
63
33
42
59
60
59
42
28
29
75
94
106
129
145
192
198
206
231
257
276
308
301
235
249
187
138
135
44
38
43
11
-19
-40
-84
-86
-111
-112
-110
-130
-119
-80
-44
-48
-24
-28
-46
-23
-66
-107
-87
-120
-96
-72
-2
39
77
98
76
95
149
157
146
129
67
102
107
59
60
57
32
28
28
18
-3
-43
-42
-55
-9
-32
-86
-90
-59
-23
-1
-14
-53
-56
-62
-57
3
13
27
41
15
13
29
80
61
106
92
61
92
97
86
73
100
58
65
96
122
120
115
108
87
93
54
52
43
13
4
-7
-20
-49
-59
-59
-79
-75
-56
-95
-114
-131
-116
-76
-82
-83
-75
-94
-84
-81
-83
-65
-94
-124
-72
-76
-119
-128
-128
-172
-145
-127
-165
-167
-112
-80
-67
-61
-66
-20
14
54
53
68
30
8
-19
-2
44
68
61
56
103
113
192
190
168
148
69
80
122
109
56
8
-38
-27
-18
-28
-42
-71
-86
-93
-135
-155
-157
-154
-144
-109
-80
-78
-45
-40
-31
-22
-18
-56
-53
-24
-42
10
32
77
129
153
155
176
191
176
207
185
180
186
182
160
116
65
44
54
12
-15
-22
-68
-78
-65
-90
-132
-159
-198
-193
-203
-214
-207
-228
-236
-203
-151
-117
-102
-104
-82
-92
-119
-117
-116
-157
-123
-71
-72
-91
-88
-92
-97
-64
-32
-18
26
56
66
77
73
69
83
118
105
132
132
122
128
104
95
79
69
88
61
33
40
16
12
27
7
1
-9
-28
16
3
-32
-45
-89
-99
-85
-78
-71
-74
-87
-90
-72
-76
-65
-52
-63
-84
-110
-98
-81
-60
-41
-19
2
-16
-25
-36
-59
-53
-38
-59
-84
-90
-81
-61
-35
-22
-15
-21
-44
-27
2
20
-28
-35
-30
-2
39
75
81
71
70
82
98
60
70
37
22
-20
-44
-58
-42
-61
-113
-103
-128
-130
-116
-115
-130
-138
-130
-140
-127
-112
-82
-67
-65
-44
-69
-5
-13
-56
-20
-4
-31
-65
-46
-40
7
13
16
59
33
12
-16
-39
-71
-67
-51
-72
-22
-20
-9
34
9
8
-12
-22
-24
-21
-12
-5
51
55
79
109
80
94
144
158
201
174
160
238
266
241
245
265
277
315
293
274
272
256
267
279
284
271
264
269
261
250
243
222
204
161
152
120
97
119
98
82
70
78
49
37
4
-69
-72
-107
-155
-128
-148
-148
-148
-160
-133
-124
-124
-153
-197
-197
-173
-147
-114
-80
-85
-73
-23
3
2
4
13
10
31
55
57
68
74
55
78
83
39
12
-30
-50
-62
-59
-88
-53
1
6
15
-19
-34
-32
-52
-108
-127
-127
-134
-162
-182
-196
-205
-235
-309
-300
-279
-262
-286
-338
-329
-321
-283
-261
-235
-180
-172
-119
-81
-63
-56
-64
-3
-17
19
2
-11
5
-9
6
-29
0
-3
-21
-27
-33
-53
-69
-83
-88
-78
-68
-39
-41
-28
-18
-34
-42
-72
-70
-38
-26
-9
-31
-49
-39
-71
-85
-114
-124
-69
-40
-33
-83
-104
-55
-27
2
29
14
-27
13
22
-5
19
13
24
54
53
67
67
59
70
41
23
25
4
-4
-12
-16
31
42
29
32
10
17
12
-43
-56
-14
17
7
-36
-35
-42
-48
-4
-2
-38
-35
-20
-45
-40
-52
-75
-93
-102
-102
-104
-61
-69
-63
-61
-75
-47
-50
-35
-15
11
22
-5
-13
6
46
45
59
66
50
44
36
52
53
68
94
112
111
81
57
69
72
66
75
41
22
17
0
-13
-22
-14
-43
-61
-36
-62
-56
-63
-90
-75
-68
-25
-16
11
47
52
80
82
104
105
105
137
181
192
185
186
163
190
225
213
258
274
245
266
251
236
254
275
239
184
158
135
105
106
119
129
107
99
98
75
65
-2
-29
-21
-13
2
-19
-39
-69
-93
-154
-160
-128
-126
-103
-81
-92
-88
-59
-31
-30
-18
-18
-13
5
-4
2
-9
0
-9
-5
22
29
20
38
73
72
51
54
65
71
77
77
91
116
108
122
112
75
87
77
66
63
71
36
30
55
83
92
87
65
49
97
120
103
98
55
42
29
13
27
-12
-21
-52
-77
-65
-37
-3
12
18
-1
15
7
-17
-14
-46
-64
-49
-29
-49
-55
-37
18
40
-1
11
-20
-39
-52
-54
-64
-109
-120
-128
-161
-172
-154
-148
-148
-137
-190
-195
-223
-260
-227
-247
-253
-168
-117
-95
-56
-57
-74
-63
-54
-17
2
-6
-28
-28
18
35
66
58
38
44
44
34
46
40
53
36
31
51
38
27
21
23
46
41
65
73
40
28
30
16
47
89
72
65
39
41
64
53
37
5
18
-2
-4
36
26
33
21
28
46
43
49
42
58
51
50
44
26
34
46
25
17
28
17
9
-26
-4
2
13
57
68
78
110
165
183
189
198
156
162
186
173
150
145
116
112
124
130
119
93
109
121
151
192
182
185
198
183
176
197
180
165
207
218
205
192
167
131
121
125
128
101
75
52
45
46
60
52
42
26
20
44
90
89
34
-31
-61
-52
-72
-54
-25
-33
-21
-11
-14
-5
-50
-53
-62
-77
-88
-108
-102
-82
-79
-91
-100
-75
-95
-126
-132
-178
-195
-225
-221
-199
-182
-222
-236
-256
-234
-183
-183
-204
-208
-170
-165
-118
-112
-129
-86
-83
-74
-43
-54
-74
-51
-20
-15
-27
-1
-3
-16
-13
0
24
25
60
70
80
96
140
168
182
185
128
110
99
76
78
98
102
97
78
68
96
107
109
80
51
83
97
65
54
47
41
48
33
3
26
6
-31
-56
-111
-93
-104
-109
-130
-118
-146
-154
-123
-98
-46
-56
-52
-47
-75
-67
-85
-95
-69
-56
-35
-39
-31
-18
-23
-17
-16
-2
-15
-13
-25
-27
-1
-43
-23
4
21
28
5
30
40
66
85
106
120
125
123
134
132
119
120
121
138
180
208
196
174
161
177
147
106
129
104
56
67
65
93
100
87
68
104
114
130
151
162
142
112
105
86
120
151
154
136
102
64
77
90
69
23
-33
-100
-114
-113
-137
-117
-94
-78
-47
-45
-32
-10
16
34
87
136
131
108
101
108
116
75
58
68
9
-19
14
32
23
33
7
-26
-20
-47
-61
-43
-31
-37
-24
-38
-20
-21
-33
-35
-49
-36
-82
-108
-125
-122
-78
-55
-49
-52
-58
-60
-83
-103
-86
-108
-95
-69
-94
-94
-103
-96
-65
-31
-8
-7
6
48
52
44
68
64
104
128
87
79
73
72
68
59
57
38
12
-1
-31
-55
-37
-46
-116
-140
-124
-123
-98
-79
-83
-97
-139
-173
-215
-249
-246
-242
-255
-238
-226
-261
-269
-275
-265
-266
-284
-291
-305
-292
-281
-256
-237
-238
-271
-236
-189
-152
-150
-149
-82
-77
-66
0
6
-41
-67
-82
-69
-45
-78
-53
-84
-102
-90
-95
-89
-116
-100
-144
-192
-204
-206
-179
-155
-125
-112
-119
-88
-90
-76
-95
-96
-82
-85
-101
-100
-86
-81
-82
-76
-88
-133
-131
-154
-139
-137
-155
-170
-169
-142
-130
-122
-80
-95
-104
-58
-64
-69
-72
-91
-80
-59
-44
-32
-39
-47
-17
-5
-21
-15
-57
-49
-3
-5
-11
-43
-52
-45
-44
-25
-4
19
19
21
29
56
71
80
75
90
141
163
200
188
161
169
203
231
219
214
204
175
186
203
195
166
141
183
154
156
186
194
247
274
318
328
329
312
285
307
316
330
353
309
299
263
224
195
162
153
132
120
117
52
26
24
12
27
-1
-20
-19
-51
-88
-108
-123
-113
-106
-97
-99
-85
-110
-106
-77
-42
6
9
1
19
32
8
1
3
38
69
56
47
41
23
3
-17
2
21
20
7
-10
19
32
13
18
21
49
48
46
7
-19
9
29
75
82
68
54
41
39
13
28
57
81
90
43
25
-24
-43
-10
-17
9
29
44
61
37
17
52
46
4
20
52
