-14
-58
-81
-41
-50
-40
-55
-67
-45
-80
-67
-36
-8
-32
-49
-44
-16
5
-3
2
-2
1
-2
1
0
0
0
0
-1
0
0
0
1
0
-1
0
0
0
0
0
0
0
0
0
0
0
0
0
0
0
0
0
0
0
-1
0
0
0
0
0
0
0
0
0
0
0
0
0
1
0
0
0
0
0
0
0
1
0
0
0
1
1
0
0
0
-1
1
1
0
0
0
0
0
0
0
1
0
0
0
1
0
0
0
0
0
-1
0
0
0
0
0
0
0
0
0
0
-1
-1
-1
0
0
0
0
-1
0
0
0
0
0
0
0
0
0
1
0
1
0
0
0
0
0
0
1
-1
0
1
-1
0
0
0
0
0
0
0
-1
0
0
0
-1
0
0
0
0
0
0
-1
0
0
0
0
0
0
0
0
-1
3
-21
-4
-2
23
42
42
17
-3
-16
-18
-2
-4
27
30
19
4
24
22
33
53
57
95
93
106
76
81
117
123
146
163
140
128
131
143
175
153
129
125
109
125
144
147
128
114
124
82
43
16
-9
-16
1
-3
-8
-1
-34
-62
-82
-83
-66
-67
-26
10
-26
-44
-30
-3
-16
-30
-29
-54
-52
-24
-72
-69
-40
-51
-39
-61
-64
-22
7
1
14
4
6
3
-2
-1
-1
-4
-1
-2
12
11
-8
-7
-9
4
4
-4
-15
-16
-10
-5
6
7
-5
-12
-11
-10
5
-7
-5
-2
-1
3
0
5
1
-8
0
-2
5
14
8
-8
-6
5
3
3
6
6
0
-4
-7
0
6
17
10
3
-15
-8
4
4
4
-7
-1
-2
-9
-12
8
18
8
6
-1
-9
2
-1
1
3
-3
1
-8
-7
-4
-8
7
1
6
5
-12
1
1
-5
19
7
1
2
2
4
-6
-9
-2
2
-2
-4
1
2
0
10
9
13
4
-10
0
-2
-15
8
9
5
0
-12
8
-6
4
4
-6
3
9
4
2
-4
-12
-2
9
0
-5
4
-5
3
2
-6
-10
-8
-9
-1
1
7
8
-3
1
-6
2
1
-2
12
13
10
0
4
9
4
7
1
-8
1
-4
9
-2
-7
4
-4
11
9
-2
2
-6
-3
-7
-7
9
9
-3
-12
-13
-8
-7
-14
-5
9
9
-2
-3
-2
-13
-17
-1
1
7
-2
-6
-4
-6
-2
-1
11
5
6
3
-6
3
1
1
-2
-13
-1
12
8
-2
0
-7
-5
3
5
-6
-14
-11
-12
6
1
-5
0
-13
-6
6
13
1
-9
-18
-21
-1
5
8
-3
2
-6
-3
11
5
2
-1
-5
-16
2
-1
0
5
-9
-7
-5
-6
-7
10
7
5
10
-13
3
12
-1
5
-9
-9
-3
0
5
-2
-7
-9
-16
-1
5
9
13
-8
5
6
-6
-1
-5
1
-6
-3
9
3
3
6
10
8
-1
1
4
-4
6
9
4
8
-2
1
-4
-4
-1
-11
-4
2
-2
0
-11
-11
-8
-1
-2
0
7
-1
12
9
-11
-2
-8
-1
3
-8
9
10
9
3
-2
-3
-1
5
2
4
-4
-10
-1
-3
4
0
-5
11
8
8
1
1
0
2
-2
7
7
10
7
-9
1
-1
-1
-1
-4
-3
6
12
-5
-10
3
-2
-4
0
0
-4
-12
0
6
9
8
-8
-9
5
26
44
25
0
7
-14
2
22
7
-12
-4
-2
8
-4
4
13
6
-18
-26
-5
-13
3
22
7
-1
0
-20
-16
-17
-9
9
12
12
-3
10
16
11
12
3
-3
5
1
17
8
-12
-8
-4
-7
-8
13
27
28
17
-8
-16
1
1
-16
-9
0
-1
32
17
25
26
-25
-12
-5
2
30
30
22
8
0
-1
7
16
8
39
37
15
13
15
29
9
-5
-5
1
28
27
16
-5
-16
-13
-16
-11
-25
-54
-25
-23
-11
17
8
-7
-8
4
-7
2
9
8
-18
-23
-24
-9
-4
-27
-26
-39
-31
14
14
3
-10
-23
-21
-5
12
3
-5
-23
-18
7
22
14
-9
-16
9
20
23
18
18
7
-30
-14
-23
-27
-9
1
17
11
-7
-20
-15
-4
-19
-19
-5
-6
7
0
-13
-14
-35
-12
4
4
17
4
-3
-11
-15
7
28
13
-7
10
15
-6
-14
-40
-8
10
8
32
12
10
0
-15
-12
-11
-9
3
-10
-12
-7
-34
-21
-21
-23
7
1
-16
-13
-25
-20
-11
-6
-24
-17
9
8
-13
-12
13
0
9
13
11
7
-6
-27
-8
7
-4
3
21
12
2
-9
-10
-7
7
23
4
32
25
5
19
10
-6
9
-10
-30
-1
14
21
12
9
0
-3
23
41
44
16
9
-13
7
13
-16
-8
-13
11
28
18
25
25
-6
-19
-30
-4
15
15
-2
-10
-7
-16
-41
-13
-26
-7
2
-6
27
-9
-25
-16
-19
25
50
32
28
1
1
17
29
43
16
16
20
14
44
22
-2
10
2
-7
-9
-27
-3
6
-17
-20
-25
-9
20
16
-5
-12
-17
-13
-5
0
11
16
27
34
51
29
50
87
68
38
20
29
64
56
32
33
34
37
39
49
15
23
15
-7
4
-2
-21
-36
-27
3
20
-15
-34
-36
-40
-54
-37
-7
-15
-33
-54
-64
-30
-16
-10
3
-2
0
23
39
26
-10
-35
-11
28
30
33
26
18
46
57
25
-16
-26
-17
-10
9
19
20
21
-12
-19
-35
-48
-25
-18
-27
-2
5
-18
-20
-6
-19
-9
-15
-20
8
-3
0
12
-25
-29
3
21
66
84
54
35
10
0
12
14
17
19
23
-13
-28
8
-6
7
15
-28
-38
-16
24
36
-1
-25
-33
-41
4
17
7
1
35
39
14
28
17
-5
-4
-24
1
-10
0
13
19
8
-14
19
6
-12
-26
-16
12
30
-10
-48
-35
-42
-32
-14
-6
-14
-41
-36
-48
-18
7
-8
-37
-48
-49
-36
-11
-23
-42
-31
-27
-11
22
30
34
12
-16
-13
26
37
17
-10
-8
-5
1
8
30
23
-4
-5
-37
-20
28
51
67
35
-21
-47
-74
-65
-46
-58
-63
-93
-71
-84
-106
-80
-100
-98
-86
-78
-52
-20
-25
-63
-58
-46
-33
-7
15
27
62
56
51
55
25
34
36
50
54
40
33
75
77
45
18
1
-24
-26
-29
5
18
-24
-38
-63
-55
-53
-39
-38
-25
27
17
-17
-25
-18
-5
23
42
56
38
20
57
117
104
79
50
12
35
54
72
95
90
52
-1
-54
-61
-58
-47
-29
-36
-25
-51
-53
-49
-76
-80
-87
-70
-66
-77
-72
-55
-38
-14
-22
-29
-31
-35
0
31
64
63
51
48
50
69
43
26
11
44
59
18
21
48
51
77
76
66
58
61
75
48
36
1
18
20
33
52
24
20
-24
-47
-18
-7
-54
-93
-46
-24
-40
-54
-86
-86
-44
-53
-77
-49
-29
-31
-47
-62
-78
-85
-73
-66
-14
38
67
68
43
28
52
45
66
53
35
56
65
109
120
126
66
3
-5
8
56
79
63
37
-9
-17
-37
-30
6
-13
-8
6
8
-5
-15
-9
18
35
17
23
20
15
27
-14
-36
6
19
-9
-15
-31
-43
-61
-28
-51
-65
-28
-47
-50
-60
-54
2
31
23
21
-23
-9
-12
-13
4
1
-8
-7
-8
-44
-54
-26
-12
-14
-12
-20
-42
-33
-6
8
19
27
-16
8
46
40
47
57
35
15
33
9
39
87
79
62
45
55
72
22
10
-2
-15
13
2
-16
-16
-14
14
30
60
88
83
59
15
-12
-30
-36
-37
-70
-93
-123
-136
-133
-103
-101
-116
-121
-125
-144
-149
-143
-176
-178
-179
-148
-126
-134
-155
-140
-98
-91
-63
-73
-117
-136
-137
-138
-130
-103
-89
-65
-55
-63
-58
-18
21
27
-14
-55
-46
-8
7
17
-7
-22
-24
-14
23
53
59
43
14
11
34
44
46
60
39
-13
-40
-28
5
2
-32
-39
-30
-31
-6
-1
-29
-43
-36
-45
-31
-16
16
50
41
43
69
92
86
85
60
57
100
101
121
142
128
129
87
84
70
60
63
44
70
33
13
-2
-55
-74
-70
-42
-72
-71
-91
-103
-66
-52
-38
-32
-36
-30
-41
-30
0
23
27
53
78
81
130
167
113
84
95
103
116
132
160
151
112
115
110
85
84
80
93
87
44
51
51
52
60
46
75
83
35
11
-23
-19
14
32
74
107
96
54
32
27
35
46
60
48
43
38
1
4
65
85
76
53
-3
-36
-33
3
-15
-22
-26
-44
-27
-18
-25
-34
-33
-17
3
-23
-4
-18
-12
-14
-25
13
18
33
30
38
57
28
27
8
15
40
27
24
46
63
49
35
34
38
45
52
16
14
13
4
-17
-38
-92
-99
-87
-122
-137
-145
-145
-145
-151
-182
-199
-194
-198
-183
-167
-137
-112
-94
-87
-99
-80
-94
-82
-54
-29
15
33
45
27
0
16
13
45
71
49
29
12
-9
29
48
19
-5
-25
-23
-53
-102
-137
-159
-178
-188
-203
-233
-262
-266
-286
-292
-283
-274
-266
-247
-234
-257
-249
-227
-181
-150
-143
-127
-110
-70
-56
-69
-57
-45
-54
-106
-90
-55
-66
-42
-36
-12
-13
-7
-3
7
25
3
-22
-36
-16
27
19
-22
-55
-93
-94
-108
-104
-100
-111
-78
-55
-34
-25
-34
-58
-58
-41
-10
24
-5
-34
-29
14
-1
3
18
3
15
7
53
75
59
75
74
81
74
60
98
81
64
76
94
108
78
71
40
14
11
18
61
82
44
12
6
12
-13
-56
-19
-13
-28
-10
10
16
8
1
-18
24
46
48
83
71
60
75
30
49
108
84
101
86
73
105
90
71
79
92
110
138
98
75
35
17
34
34
34
33
50
56
40
23
66
116
137
155
163
135
150
171
152
189
208
216
235
214
173
163
172
194
210
178
135
147
153
146
177
208
214
198
164
152
157
131
109
93
111
128
130
151
174
170
130
131
132
124
115
81
62
92
87
51
39
12
6
26
18
36
55
63
25
-37
-30
-38
-34
-21
-47
-63
-65
-90
-96
-101
-121
-99
-21
-20
-45
-22
-26
9
43
49
42
27
-2
-10
-3
-5
6
8
-19
-33
-21
-29
-42
-88
-77
-70
-85
-100
-126
-118
-130
-156
-180
-189
-172
-152
-148
-149
-126
-137
-115
-77
-89
-61
-127
-72
-140
-23
-473
6
15
-120
286
-370
-29
21
-212
-103
-68
-213
-54
15
-37
-69
-129
-123
-164
-118
-111
-68
-45
-92
-160
-79
-149
-104
9
-94
-140
-143
-97
-65
-64
-98
-134
-119
-146
-208
-200
-169
-147
-128
-91
-133
-133
-83
-135
-65
-35
-76
-54
-63
-6
30
51
59
66
108
76
67
100
80
59
38
67
116
91
80
78
95
153
153
105
122
80
65
68
38
65
57
29
30
60
67
62
52
49
69
43
84
125
114
114
115
97
90
71
79
102
108
116
41
0
-25
-80
-102
-119
-90
-46
-70
-89
-115
-150
-144
-151
-131
-132
-120
-91
-96
-90
-96
-104
-50
-19
-49
-63
-57
-70
-73
-46
-39
-17
-28
-76
-38
-4
-13
7
18
2
-26
-55
-34
1
31
17
65
67
1
17
4
-13
0
-23
-53
-7
-43
-42
22
-5
-18
11
13
58
83
70
108
143
118
95
105
61
70
47
10
39
62
65
86
69
48
98
112
140
163
185
162
144
125
97
127
190
238
266
231
160
159
137
121
111
53
37
17
18
5
13
39
15
2
-22
-45
24
91
95
113
99
70
92
107
77
85
88
63
67
55
47
99
112
103
96
77
92
85
74
80
102
101
75
81
98
121
98
53
32
-14
-32
-33
-66
-86
-72
-78
-94
-90
-124
-120
-85
-115
-107
-103
-116
-80
-44
-46
-47
-49
-37
-26
-49
-51
-82
-63
-64
-58
-47
-18
-36
-66
-99
-126
-96
-118
-67
-32
-89
-116
-149
-130
-74
-51
-64
-56
-49
-49
-61
-75
-65
-81
-76
-47
-28
-50
-74
-89
-125
-103
-108
-116
-85
-85
-51
-66
-67
-68
-90
-98
-136
-166
-147
-130
-116
-81
-65
-35
-9
0
-11
-34
-41
-62
-68
-100
-115
-73
-63
-100
-104
-99
-68
-14
-16
-18
-61
-127
-143
-137
-143
-150
-155
-132
-88
-62
-37
-8
-31
-52
-71
-87
-72
-16
-42
-29
10
-43
-14
-1
-33
-30
-73
-47
-44
-54
-74
-72
-61
-124
-139
-144
-137
-136
-167
-149
-127
-130
-122
-108
-90
-108
-108
-78
-105
-81
-80
-53
27
-12
-15
-38
-57
-26
-32
-3
29
17
-6
-33
2
5
-21
18
4
14
17
-38
-36
-65
-46
-45
-69
-66
-90
-79
-66
-93
-86
-124
-87
-16
-13
10
5
-6
-9
-10
-21
-7
28
36
50
71
37
17
39
10
65
82
89
134
142
120
117
94
92
108
80
115
110
76
52
-12
-56
-67
-91
-108
-120
-119
-127
-129
-166
-172
-138
-158
-111
-111
-135
-64
-82
-56
-20
-27
12
-12
-13
-39
-59
-15
-50
-43
-25
-33
-16
-40
-28
-15
-4
27
-3
22
33
41
59
10
8
32
14
28
46
39
21
-16
-82
-81
-42
-88
-109
-103
-88
-98
-118
-133
-116
-117
-126
-80
-34
-4
-35
-87
-129
-136
-75
-76
-80
-53
-95
-109
-133
-151
-142
-159
-158
-111
-110
-93
-84
-96
-101
-102
-70
-64
-35
-13
-19
-18
-9
25
36
16
-35
-79
-97
-76
-76
-80
-80
-146
-158
-201
-208
-174
-156
-112
-134
-125
-147
-193
-142
-143
-142
-152
-196
-139
-112
-109
-89
-111
-96
-116
-119
-113
-121
-116
-117
-101
-95
-114
-81
-71
-122
-129
-110
-87
-66
-35
-60
-95
-149
-178
-162
-102
-77
-71
-97
-129
-110
-118
-129
-127
-152
-169
-119
-147
-168
-192
-208
-221
-240
-217
-242
-278
-303
-303
-266
-282
-313
-297
-297
-298
-294
-286
-286
-262
-209
-205
-219
-195
-167
-129
-75
-51
-49
-31
-40
-58
-58
-72
-77
-62
-52
4
29
10
-4
-51
-67
-44
-37
-37
-19
-9
23
41
44
49
29
2
7
-4
-13
20
-12
-12
-32
-56
-8
8
23
47
43
66
82
44
47
31
33
68
57
5
17
45
33
27
-40
-49
-32
-30
-46
-66
-30
-41
-50
-68
-51
-29
-13
-14
-49
-36
-18
-16
19
21
72
118
130
160
143
160
148
148
196
244
238
161
105
83
78
89
101
77
46
45
46
72
60
18
19
16
37
38
13
-5
-1
-11
3
40
30
64
72
78
72
48
59
62
56
67
37
39
22
-66
-54
-47
-53
-64
-138
-91
-35
-65
-79
-122
-95
-129
-154
-140
-140
-118
-138
-107
-69
-95
-82
-82
-66
-98
-75
-57
-84
-137
-181
-103
-68
-48
-43
-61
-96
-127
-99
-53
-76
-134
-186
-142
-92
-121
-54
-41
-53
-45
-32
-20
-37
-49
-23
-3
7
-6
-4
50
56
47
46
57
47
66
89
134
156
135
123
138
79
133
130
159
-45
16
466
178
360
-103
-79
521
124
212
-43
-12
286
94
184
27
6
212
133
248
156
95
157
37
88
171
194
159
151
118
147
206
174
207
179
131
106
91
126
81
113
140
111
101
62
51
6
-28
-78
-53
-30
-99
-77
-107
-89
-19
-53
-5
-28
-20
-4
-66
-56
-96
-55
-47
-68
-40
-78
-89
-90
-62
-55
-49
-49
-26
-15
-53
-65
-42
-40
-40
-21
3
9
11
38
55
35
60
90
109
85
46
52
29
35
-1
-8
-4
-48
-88
-120
-154
-160
-130
-121
-78
-98
-117
-90
-88
-47
-25
-26
-20
7
-32
-24
-7
-18
46
42
30
83
86
78
73
7
-6
2
-10
0
-23
-39
-34
-61
-83
-93
-98
-84
-38
-25
-20
-6
-9
-71
-115
-132
-131
-83
-98
-68
-62
-58
-21
-31
-58
-44
19
13
-18
-37
-25
1
-1
48
68
77
97
119
110
99
67
53
61
69
51
6
6
9
4
10
11
26
43
19
-9
13
55
48
46
59
63
68
63
61
58
24
28
12
30
9
-10
-7
-47
-36
-38
-59
-33
-22
-18
-39
-72
-55
-30
-46
-33
-39
-28
-28
-59
-78
-130
-111
-77
-63
-35
-14
-10
16
22
47
46
38
78
105
165
117
144
231
225
264
225
215
229
194
237
215
194
160
117
163
167
126
131
136
140
131
123
147
133
97
69
79
104
104
86
71
106
104
91
56
45
63
112
150
123
143
140
147
137
169
212
199
182
152
172
200
191
200
157
127
118
101
130
159
173
153
126
99
67
71
109
131
213
266
236
243
205
185
164
157
177
197
199
151
163
208
173
173
145
148
169
118
135
97
67
77
64
52
21
1
6
40
86
88
36
10
-1
44
118
102
115
122
104
106
123
141
122
139
163
154
149
154
183
208
221
236
198
175
145
138
156
189
202
198
168
133
101
98
127
147
186
213
238
250
241
253
208
188
208
179
191
182
156
117
78
68
65
96
128
136
126
96
79
86
31
25
46
51
65
38
21
-12
-6
-10
-17
-16
-43
-34
-38
-66
-104
-135
-134
-162
-150
-137
-111
-77
-118
-86
-128
-163
-152
-140
-84
-58
-44
-71
-108
-66
-46
-35
-30
-66
-14
2
-5
-1
-36
-58
-62
-65
-84
-82
-87
-121
-93
-82
-72
-74
-128
-165
-178
-172
-170
-172
-170
-143
-164
-174
-137
-96
-54
-59
-38
-23
-28
-18
-31
15
43
20
5
-25
3
12
-2
14
-9
9
19
23
-4
-82
-69
-69
-101
-116
-115
-87
-107
-119
-85
-84
-72
-108
-140
-154
-179
-172
-207
-189
-135
-136
-120
-115
-74
-25
-58
-54
-83
-67
-45
-47
-26
-40
8
3
8
12
-26
-5
-10
-8
-31
-59
-52
-27
-35
-20
-36
-65
-66
-78
-61
-26
-14
-5
-15
-6
24
25
15
6
39
42
48
90
83
64
101
83
99
111
62
37
51
79
71
80
71
45
53
19
3
34
24
12
-50
-92
-89
-101
-121
-114
-134
-147
-203
-227
-199
-207
-204
-193
-180
-166
-169
-158
-132
-101
-57
-45
-17
6
22
32
-7
-32
-21
-30
-27
20
37
51
86
101
98
112
109
121
149
145
117
65
73
82
77
63
70
135
155
158
144
134
148
131
115
143
137
126
165
157
157
163
136
159
177
234
-63
-12
481
-393
-3
58
-150
755
-424
-74
279
321
23
-113
138
79
274
116
-78
-45
312
153
197
68
56
329
234
-19
33
61
-52
29
-52
-29
-41
-42
-72
-41
-58
-99
-43
-23
-78
-91
6
-18
-103
-90
-97
-87
9
-74
-45
9
35
-12
-78
-22
-88
-72
-12
-65
9
-24
12
-29
-76
-60
-156
-96
-45
-1
-42
-177
-94
13
46
-61
-134
-106
-47
25
-69
-138
-74
-21
-9
-78
-167
-151
-119
-90
-94
-233
-296
-312
-314
-355
-378
-361
-336
-321
-302
-371
-371
-327
-326
-291
-397
-318
-272
-277
-329
-384
-246
-239
-217
-243
-192
-121
-166
-158
-171
-156
-102
-128
-178
-179
-130
-73
-133
-158
-117
-83
-88
-78
-83
-57
-71
-109
-101
-100
-71
-79
-45
-86
-161
-141
-135
-98
-56
-119
-70
-13
-91
-112
-137
-148
-42
-199
-29
57
-146
-298
-304
92
140
-201
-319
58
275
9
-230
-56
153
131
7
-23
104
114
65
-5
-79
2
119
7
-151
-151
19
68
-25
-23
7
29
-59
-112
-49
-31
-50
3
1
-81
-86
-64
-23
-46
-80
-63
-60
-98
-144
-92
-60
-23
-45
-91
-85
-75
-44
-53
-52
-81
-75
-74
-25
-69
-114
-104
-96
-121
-114
-102
-111
-74
-83
-70
-56
-25
-42
-17
-44
-49
39
30
-5
-31
-32
-14
-23
-9
-42
-38
-9
-2
23
33
-9
-13
-8
27
-118
-147
204
234
-2
-370
-181
363
303
-248
-425
71
329
26
-189
-97
98
82
7
-10
42
71
182
201
-3
41
153
208
82
-50
44
138
128
76
65
61
6
-10
41
22
-65
-4
83
10
-49
10
42
-51
-78
-62
-9
-40
-90
-79
-68
-85
-155
-56
-3
-58
-39
10
57
32
-26
-6
26
16
11
-1
27
7
15
73
30
62
102
57
53
94
45
5
35
43
112
55
30
91
54
56
69
110
170
194
165
153
100
83
100
45
36
10
20
39
30
-22
-86
-83
-124
-102
-34
-46
-25
25
29
-24
-13
-26
1
20
-65
-42
-42
-39
-14
29
30
20
17
15
55
26
42
50
74
67
61
47
80
163
122
110
55
54
53
38
21
-38
-50
-47
28
4
-42
-40
33
37
-40
-49
-49
21
36
-30
-17
7
67
31
-50
25
7
25
27
7
77
68
81
88
51
15
28
59
73
76
53
8
-24
-2
31
11
-46
-24
11
-16
-36
-63
-11
26
-33
-69
-56
-75
-24
-34
-72
-36
-28
-12
-2
-3
36
55
30
36
115
111
63
74
66
59
51
50
77
38
-10
2
34
27
32
94
56
16
46
20
-17
-24
-32
29
27
13
65
69
66
37
47
58
71
82
100
121
146
113
113
151
132
150
167
189
219
192
197
224
197
224
246
281
305
284
262
233
244
292
313
266
237
243
239
204
166
137
75
64
47
-14
-48
-15
12
8
-13
-45
-22
-35
-41
-2
-16
44
33
22
82
86
77
59
21
-52
-28
3
-51
-81
-29
56
31
-59
-90
-100
-92
-61
-122
-63
-27
-76
-96
-108
-138
-142
-98
-95
-86
-100
-102
-59
-84
-124
-152
-94
-67
-108
-102
-108
-95
-147
-168
-125
-61
-57
-96
-133
-112
-81
-90
-103
-38
-2
13
26
50
81
73
110
115
122
98
122
158
158
189
262
257
243
246
186
200
193
171
232
234
182
134
98
72
51
103
105
44
48
38
-9
-9
28
34
-46
-104
-34
6
6
-3
-24
-3
-3
33
99
62
43
60
65
46
0
60
135
102
81
127
144
133
110
81
78
40
98
152
126
125
105
86
68
92
106
140
122
85
87
65
120
148
121
44
27
79
89
30
43
144
166
152
103
48
93
83
-4
47
18
15
55
32
38
60
86
98
160
191
189
142
176
259
257
221
188
159
149
129
132
176
174
142
88
86
29
-40
1
-2
-2
-12
-22
5
-16
-76
-95
-99
-88
-98
-80
-11
-36
-54
-48
-35
-23
-63
-115
-98
-65
-52
-40
-55
-29
-32
-81
-58
-6
48
55
17
-19
39
91
50
78
118
112
79
58
115
116
88
85
113
103
76
85
120
102
40
4
35
81
54
26
5
21
74
119
68
-5
-30
-2
-8
-37
-7
-2
-35
-69
-63
-24
-53
-67
-89
-96
-59
-65
-77
-38
-49
-94
-95
-107
-147
-79
-47
-130
-113
-76
-90
-97
-139
-192
-168
-166
-162
-166
-160
-162
-173
-190
-183
-110
-130
-126
-112
-117
-54
-93
-120
-95
-103
-59
-121
-193
-180
-105
-117
-126
-141
-145
-87
-74
-48
-28
57
18
10
45
45
105
91
105
135
121
131
161
181
192
148
128
190
153
106
120
105
86
76
59
52
49
3
-7
-25
-45
-97
-80
-81
-138
-138
-122
-126
-160
-129
-99
-70
-69
-76
-39
-19
-4
-18
6
17
38
67
82
61
45
64
28
1
-39
-19
29
74
103
70
54
32
40
8
-25
5
-1
-9
-28
-6
0
6
27
34
55
70
40
33
31
36
53
109
151
119
86
91
148
121
98
102
77
54
39
25
-8
-15
-23
-12
4
-32
-80
-64
-88
-97
-39
-25
-35
-15
-17
11
51
-16
0
-29
-30
-3
-55
-60
-3
53
39
15
31
19
0
12
-3
42
28
13
60
47
54
43
57
77
27
21
14
8
-6
-54
-37
-66
-110
-106
-132
-157
-167
-194
-197
-166
-186
-206
-231
-210
-216
-180
-161
-128
-117
-86
-56
-133
-133
-98
-44
-28
-42
-35
-23
-22
14
3
32
8
-8
-60
28
171
47
71
-50
-3
-30
-189
-170
-141
-90
-170
-210
-213
-343
-402
-306
-317
-342
-364
-351
-349
-388
-357
-355
-358
-317
-309
-296
-240
-210
-170
-211
-177
-148
-175
-160
-192
-181
-149
-205
-266
-205
-177
-165
-225
-246
-206
-198
-218
-231
-220
-261
-287
-312
-291
-247
-222
-216
-213
-162
-113
-88
-74
-115
-91
-92
-123
-168
-215
-146
-153
-167
-138
-136
-130
-151
-174
-161
-142
-134
-149
-170
-122
-100
-61
-11
30
94
101
63
49
35
41
76
37
-10
-18
-19
-44
-46
-23
-7
-9
-21
-13
-26
-44
-24
-36
-66
-95
-92
-75
-71
-127
-166
-194
-212
-204
-166
-153
-174
-165
-185
-163
-118
-75
-54
-58
-42
9
6
27
40
65
102
105
110
91
96
89
78
65
39
70
78
72
109
89
35
26
47
43
77
100
93
92
57
34
15
20
9
-25
12
-13
-91
-85
-83
-113
-117
-125
-113
-65
-37
-16
-28
-18
-26
1
23
-13
20
20
16
9
10
-7
-20
2
-46
-58
-55
-54
-34
-67
-101
-63
-35
-42
-28
-14
9
-29
-58
-26
-21
-48
-49
-75
-92
-57
-36
-22
-12
-20
-42
-54
-61
-44
-26
-32
-32
-31
-2
-6
36
56
49
75
91
100
55
18
7
5
-14
-30
-18
15
-18
-57
-67
-61
-57
-40
-10
6
44
12
-4
-20
-15
48
113
121
108
111
94
132
98
77
92
50
58
2
-21
17
20
28
-13
-34
-74
-60
-51
-105
-94
-122
-141
-170
-173
-119
-110
-163
-160
-139
-68
-48
-55
-37
-32
33
32
10
27
19
-5
-25
-36
-15
1
35
-19
-54
25
6
-1
-33
-78
-72
-120
-102
-79
-118
-136
-200
-261
-266
-253
-256
-237
-247
-278
-242
-259
-262
-217
-201
-182
-243
-294
-226
-233
-270
-313
-311
-282
-293
-195
-172
-215
-231
-260
-272
-273
-275
-292
-320
-344
-340
-292
-232
-250
-286
-280
-360
-313
-270
-217
-161
-151
-150
-215
-193
-170
-190
-139
-102
-135
-94
-98
-63
-31
23
-10
-87
-50
-92
-98
-12
-19
-60
-26
-110
-49
-31
-55
-48
-18
40
18
85
28
51
78
89
96
86
99
78
84
40
46
121
89
51
95
120
79
136
122
119
203
227
224
211
152
192
194
160
249
245
290
213
190
263
263
246
204
235
315
259
253
216
159
237
254
283
177
162
194
201
201
152
194
148
139
120
120
182
131
149
89
46
79
117
140
120
156
114
153
123
180
196
173
212
257
261
206
286
329
253
216
259
276
342
339
343
343
333
262
298
276
282
279
244
347
295
354
353
289
327
355
368
362
385
345
301
294
300
292
267
239
232
327
314
252
240
307
219
228
147
133
203
207
255
174
159
250
299
178
178
137
214
278
155
121
96
149
124
105
136
71
192
227
189
139
152
204
213
193
110
187
161
167
203
94
121
127
182
215
103
98
48
99
28
33
19
-31
13
2
73
7
89
189
149
101
-15
117
139
99
77
61
31
83
34
21
49
-87
4
-127
-104
-58
53
-42
-142
-148
-196
-67
-119
-83
-140
-87
-117
-5
-45
9
-89
-134
-14
-74
132
-95
43
-56
-75
-27
-194
-36
-37
-131
-119
-47
-57
-98
-141
-171
-194
86
-34
-66
6
-82
31
-40
-34
-182
83
-90
-101
68
-99
33
-178
-223
-114
11
-106
-115
-46
11
-101
-108
-70
-65
16
-287
-154
15
-45
7
-40
-101
-136
-79
-6
77
-149
-58
-35
63
176
-77
-112
-103
77
103
118
-13
-146
-18
25
77
-39
-113
-108
-85
91
19
73
-15
47
2
-47
36
-27
147
-10
114
-94
-62
5
-56
35
-54
-57
-114
156
158
32
29
-205
21
177
115
181
-59
94
33
95
120
23
87
61
123
44
184
132
-3
10
35
75
24
140
7
170
280
255
181
87
85
391
356
447
299
85
475
354
612
303
262
346
353
401
479
277
284
197
239
370
354
331
229
358
239
355
174
333
195
149
391
304
376
208
254
311
259
325
338
298
436
178
245
383
193
285
359
221
187
344
211
353
8
60
326
1
96
42
112
119
56
-9
272
34
82
126
-76
292
16
187
103
-4
99
199
308
-75
114
14
158
55
-84
-22
-159
194
-175
33
155
-185
226
56
46
147
112
31
-58
158
257
122
80
63
-5
489
144
28
163
-46
386
125
198
83
95
297
-23
106
126
138
214
35
74
106
188
100
116
39
114
213
-82
381
-1
352
282
-90
248
233
24
154
20
126
267
35
58
-24
-36
-17
58
-153
-27
-40
235
-81
-193
74
-227
-151
94
16
-10
-332
-217
-82
-137
-233
-19
-88
-342
141
-210
20
-437
-353
47
-488
-34
-15
-300
104
-305
94
-138
-344
-57
-159
-83
-88
-23
-50
-347
-347
-13
-311
-295
-121
16
-280
-66
-308
-229
-150
-302
105
51
-246
-18
-284
-277
-251
-179
-432
-141
-184
-169
-254
-116
-280
-245
47
-596
193
-431
-197
-262
-100
-141
-355
228
-446
145
-91
-294
139
-434
152
-222
-494
-11
-638
136
-442
-440
29
-746
211
-392
-289
-150
-345
5
-420
-211
-220
-315
-203
-505
-214
-138
-450
-427
-313
-165
-152
-412
-336
-369
-367
-173
-474
-205
-148
-426
-48
-604
-311
-230
-535
113
-517
222
-296
-158
66
-578
327
-532
-87
-23
-156
-11
-117
-16
-46
-52
-133
-57
39
8
-116
198
-183
137
-200
54
-180
59
59
-146
71
-122
135
-388
216
-388
51
-105
-57
198
-104
-10
-127
241
-284
260
-144
218
52
56
331
-107
104
0
202
155
98
177
371
65
121
143
389
-106
121
310
233
290
76
330
105
242
161
195
249
156
191
210
-48
128
254
240
-85
275
226
103
93
40
480
-97
360
77
419
129
13
513
101
474
132
459
160
322
87
393
234
164
364
88
214
-88
307
-59
122
202
198
-92
213
-6
-15
207
-80
189
-9
282
-163
103
149
-383
412
-61
-260
537
-212
112
-64
-116
56
-181
25
-207
-3
195
-416
123
152
-283
168
-315
-103
-213
11
-432
21
-224
-380
49
-673
76
-198
-261
206
-585
164
-216
-241
-2
-323
-89
-322
-141
-124
-53
-69
83
-253
-68
-93
-249
56
-176
-253
203
49
-288
179
-337
-26
-123
-119
-132
5
35
-65
-110
-143
-26
-434
175
-148
242
22
-388
325
-70
-150
-165
129
-173
-75
-330
104
-246
-311
30
-609
334
-708
110
-136
-468
-370
-174
-237
-593
-165
-482
-62
-500
-137
-480
-205
-402
-552
-60
-546
-185
-391
-71
-416
-263
-80
-548
-235
-216
-359
-170
-89
-311
-5
-86
-486
259
-88
-516
171
-223
40
-299
-71
26
3
-192
115
-243
35
-352
-129
7
-407
194
-398
282
-664
-130
-109
-619
159
-495
-121
-184
-511
-108
21
-702
-153
-66
-217
-49
-274
-119
174
-340
-182
290
-135
252
-12
-53
5
50
-177
-105
95
-87
219
238
9
258
2
-36
192
164
238
-69
278
-80
385
-196
32
41
18
209
-332
504
-87
26
-112
-60
52
-178
6
-176
391
-316
17
474
-346
238
11
-120
272
-164
74
303
-199
64
72
90
35
-232
130
186
-143
437
-255
269
241
-234
545
10
209
308
-141
197
-25
38
167
-83
293
-63
146
266
-217
120
31
-157
239
-466
206
57
50
162
-176
186
-388
45
-207
44
-143
-192
-126
301
-173
-21
-80
132
-55
62
-66
304
370
-509
660
-122
560
-211
329
126
-10
414
74
619
-315
534
88
54
395
-539
736
160
-261
287
-15
-74
230
-206
21
187
-388
128
-151
-159
-5
-622
-67
-111
-393
135
-592
152
-299
-143
-150
22
-360
-61
159
-161
596
-638
730
-261
-113
207
-460
882
-625
459
-156
110
1
-414
130
-351
81
-67
50
-174
129
-99
90
-272
101
109
-141
-211
-50
-135
98
-384
-488
323
-404
214
-159
-241
207
-789
150
-290
-295
-86
-545
379
-296
-836
209
-660
305
-167
-995
444
-614
-189
170
-290
4
175
-438
-124
-112
-247
-339
184
-128
109
281
-604
51
82
-292
-48
42
97
237
-125
-14
480
-92
-139
397
-294
346
-180
-209
133
309
-315
270
235
-177
460
-170
87
650
-93
-235
262
-61
513
-769
432
405
-3
529
-550
660
539
-93
543
-180
397
252
36
1014
-787
891
490
-57
781
-220
269
466
417
-94
240
505
-493
602
102
-351
600
-471
-33
195
143
-253
-277
31
-743
524
-88
-314
-378
200
71
208
108
-756
527
-335
31
-141
-103
541
-445
176
273
-673
600
-181
-441
751
-953
438
0
-259
402
-790
748
-187
173
-71
-51
220
242
-716
771
29
-221
561
-995
725
-317
246
-390
500
-468
179
79
-438
842
-680
534
-192
140
416
286
1
196
382
-267
891
-4
-190
865
-673
1030
53
-231
915
-836
875
-315
347
252
106
367
452
-349
374
-358
329
-102
188
414
-264
198
-56
258
-667
1024
-1150
1160
-202
-197
1280
-1247
955
-1041
571
740
-767
625
-221
-283
874
-302
582
-311
-64
451
-800
1425
-669
509
138
-476
1055
-862
1115
-468
334
466
-1089
1407
-480
116
262
-828
712
-178
232
54
-311
648
-541
144
-124
-455
506
-754
206
70
-219
186
-845
29
87
-718
681
-830
136
-491
372
-444
-960
346
-1035
323
-742
950
-370
-334
-608
-455
730
-665
-18
-570
262
324
-432
536
-176
-159
433
-379
77
60
248
-13
532
-279
-214
461
-784
629
-20
293
349
-360
122
-267
67
-13
-448
810
-210
-429
379
-582
900
-1178
348
100
-353
1009
-1030
1004
-213
-635
-21
127
133
18
77
104
-281
182
189
-576
595
-671
-351
603
95
-683
665
-479
333
66
-594
545
-632
356
-416
360
-151
-627
873
-997
849
-429
-655
760
-491
248
-57
-308
228
-729
1025
-881
310
949
-953
1083
-1027
359
311
-236
712
-553
647
-288
570
328
-665
507
-1138
1113
-597
414
27
-551
841
-1436
1161
-939
157
455
-848
1257
-869
883
-454
60
450
-506
497
-628
761
-15
142
93
-230
79
-465
148
270
-119
471
-375
280
-56
34
497
-442
275
-433
1070
-128
-270
752
-671
568
-69
-50
219
290
-125
230
-112
-74
-127
313
-130
-337
272
-53
-124
252
-320
458
366
-824
24
101
536
-20
-12
-709
-10
-141
331
-65
-49
-167
-458
121
-216
17
16
357
-372
-523
239
-278
413
-275
-331
668
-796
82
439
40
255
-329
-298
-88
-290
904
-490
694
91
-990
648
-193
134
-26
-80
222
-121
594
205
-490
259
-879
579
-27
398
-162
205
566
-159
394
-282
-131
446
-1091
201
-103
247
1244
-425
-90
-244
596
-418
393
-144
164
135
211
336
131
1284
-943
652
-695
35
34
48
160
47
260
-140
110
-390
319
130
183
-341
-118
-161
461
31
-17
133
-139
408
-246
142
179
-412
-8
-291
419
162
34
93
-43
205
-355
-31
-200
310
-192
69
86
-167
585
-14
208
-134
204
168
117
363
612
130
67
-90
-40
74
279
-455
-65
-299
64
-199
-246
-552
-945
59
-476
138
-336
-346
-422
-418
-215
-386
-251
19
-258
-79
-182
-47
588
-410
-96
-378
52
210
101
42
-247
-389
85
20
-392
27
-401
311
-39
-240
-146
-511
-239
-646
104
-203
-191
16
-329
-364
-336
-248
-442
214
-123
182
-291
-243
105
-183
73
-198
-167
-78
330
-39
-67
63
-448
137
-68
-361
85
348
162
-71
159
-31
281
217
-40
97
-132
40
173
260
-114
-552
-358
-391
-193
-315
-525
-309
-813
-803
-752
-576
-452
-730
-578
-312
-227
-173
-84
-214
-229
-424
63
185
115
171
-85
254
186
-86
11
115
-146
5
-139
-55
-309
-252
-541
-606
-151
-554
-245
-441
-316
-434
-268
-395
-326
-115
-85
195
-88
-15
-68
108
190
-77
24
129
75
300
119
76
-42
67
65
-60
414
-75
-58
120
44
131
93
185
-37
71
109
146
21
-15
223
286
240
215
221
-2
219
55
126
286
265
182
301
311
170
190
-143
111
-8
103
-60
85
57
-296
-160
-349
-424
-295
-635
-396
-655
-769
-480
-812
-760
-976
-760
-869
-854
-906
-1057
-995
-998
-1075
-1085
-1147
-1192
-922
-912
-747
-725
-565
-378
-15
394
732
756
896
1253
1306
1725
1967
2304
2595
2763
2670
2502
2737
2361
2493
2413
2326
2106
1965
1782
1178
1075
743
487
415
41
-23
11
-271
-324
-370
-393
-408
-483
-231
-170
-90
-21
131
153
151
428
545
703
678
803
525
398
271
198
-38
-234
-584
-682
-941
-1121
-1416
-1837
-2103
-2739
-2870
-3225
-3250
-3421
-3712
-4044
-4131
-4253
-3780
-3232
-3036
-1862
-1490
-820
-694
-916
560
1009
1641
2582
3552
4928
4388
4643
4823
4902
4677
4406
5131
4913
4553
3696
3421
2880
1400
821
445
148
-775
-1376
-1438
-2219
-3130
-3474
-3896
-3686
-4192
-4118
-3699
-3688
-3255
-3546
-3017
-2649
-2144
-1692
-1043
-358
10
501
785
1161
1616
2038
2570
3068
3645
3598
3639
3996
4181
4393
3662
3308
3350
3081
2598
2356
2228
1625
775
143
107
-334
-1098
-1555
-1549
-1948
-2423
-2579
-2557
-2843
-3546
-3750
-3683
-3580
-3876
-3742
-3515
-3548
-3901
-4171
-3909
-4023
-4526
-4650
-4607
-4638
-3868
-3046
-2537
-1670
-1409
-658
-601
-778
904
1405
2597
3443
4238
5367
5169
5368
5389
5745
5648
5519
5985
5982
5354
4294
3633
2986
2067
1181
779
220
-873
-1960
-2209
-2904
-3612
-4102
-4333
-4480
-4904
-4833
-4754
-4829
-4708
-4465
-3900
-3333
-2805
-2180
-1645
-1346
-979
-272
279
837
1993
2737
2912
3362
3536
4100
4242
4313
4778
5170
5097
4669
4588
4210
3594
3020
2572
2536
1953
1475
948
147
-406
-1156
-1300
-1581
-1840
-2324
-2722
-2866
-3448
-3600
-3748
-3715
-3776
-3967
-3858
-4055
-4221
-4636
-4640
-4875
-4892
-4942
-4735
-4032
-3394
-2770
-2093
-2045
-1062
-922
-862
925
1577
3298
3619
4442
5584
5509
5799
5862
6663
6867
6628
6658
6871
5913
4988
4508
3849
3076
2187
1533
900
-330
-1224
-2075
-2678
-3130
-3903
-3941
-4292
-4807
-5277
-5154
-5043
-4885
-4655
-4105
-3803
-3363
-2991
-2395
-2032
-1493
-580
-222
836
1530
2529
2683
2895
3269
3823
4814
4992
5289
5209
5047
5022
5079
5045
4730
4145
3478
3020
2499
2147
1317
821
489
-163
-447
-1077
-1371
-2141
-2729
-2649
-2637
-2939
-3313
-3460
-3878
-3818
-3675
-3627
-3689
-4064
-4298
-4407
-4351
-4232
-4692
-4327
-3718
-3475
-2675
-1969
-1726
-1051
-1669
-826
622
1272
2626
2677
3883
4411
4189
4843
5636
5947
6003
5941
6174
6381
5547
5244
4855
4350
3576
2939
2461
1877
607
-162
-520
-1260
-1800
-2327
-2716
-3318
-4013
-4358
-4277
-4507
-4360
-4205
-4035
-3955
-4070
-3447
-3275
-3207
-2378
-1780
-1112
-609
-111
705
1136
1586
1907
2633
3622
3647
4097
4421
4489
4780
4375
4518
4373
3995
3552
3013
2782
2349
1348
1063
859
128
-717
-1031
-1364
-2076
-2747
-2774
-2485
-3124
-3495
-3402
-3513
-3861
-4099
-3895
-3523
-3965
-4006
-3737
-3930
-4139
-4495
-3800
-3261
-3033
-2708
-2232
-1726
-1393
-1558
-962
375
446
1286
1799
2559
3478
3221
3549
4241
4403
4408
4765
4964
5067
4328
3887
3923
3366
3040
2409
2002
1576
393
-62
-119
-629
-1123
-1572
-2158
-2491
-3115
-3175
-2968
-3232
-3178
-3063
-2872
-2925
-2866
-2500
-2395
-1972
-1790
-830
-474
-274
403
285
1669
1810
2437
2892
2730
3666
3582
3631
3956
3987
3919
3856
3459
3364
2378
1798
1668
1452
1003
791
282
-342
-987
-1729
-1328
-1700
-1932
-2071
-2010
-2169
-2502
-2495
-2376
-2559
-2637
-2314
-2075
-2106
-2252
-2260
-2216
-2485
-2569
-1803
-1530
-1422
-1527
-1300
-889
-726
-1092
-463
146
566
645
796
1848
1652
1791
2081
2666
2900
2724
2726
3076
3176
2547
2784
2780
2648
2073
1826
1919
1475
795
848
665
333
-103
-345
-311
-898
-1128
-1294
-1173
-1514
-1822
-1585
-1565
-1796
-1883
-1570
-1334
-1668
-1347
-1302
-1029
-997
-306
232
209
647
212
1315
928
1412
1585
1714
2362
2120
2405
2126
1926
1438
1566
1487
1559
1134
1027
1020
499
174
-48
-225
-449
-822
-795
-490
-956
-1226
-1319
-1220
-1183
-1516
-1096
-1060
-1408
-1503
-1329
-1101
-1577
-1532
-1649
-1582
-1712
-1759
-1667
-1614
-1738
-1928
-1631
-2069
-1866
-1755
-1275
-1487
-1220
-658
-684
-447
-181
394
503
768
920
1742
1709
1735
2123
2399
2498
2453
2765
2725
2656
2303
2480
2326
2248
2238
2030
1829
1278
912
733
423
13
-69
-164
-645
-885
-1102
-1501
-1742
-1877
-1899
-2145
-2057
-2047
-2093
-1928
-1527
-1241
-1145
-1160
-1012
-311
-821
62
229
460
547
542
989
872
968
787
1318
860
1210
1149
1285
1076
670
895
912
879
649
651
421
543
545
854
898
656
667
565
574
638
577
409
315
33
-3
-311
-479
-353
-920
-1148
-1561
-1777
-1905
-2185
-2364
-2700
-2793
-2948
-2861
-2934
-2860
-2701
-2510
-2363
-2136
-1661
-1416
-1084
-884
-399
158
502
1102
1679
1839
2131
2489
2837
3105
3220
3463
3511
3518
3296
3433
3392
2902
2874
2707
2315
2051
1695
1382
911
468
215
-166
-324
-701
-910
-1270
-1703
-1824
-2002
-2061
-2341
-2392
-2329
-2821
-2828
-2629
-2517
-2442
-2430
-2156
-2164
-2052
-1649
-1368
-934
-702
-406
122
474
824
1099
1487
1708
1935
2382
2718
2925
3009
3093
3192
3346
3221
3147
2937
2825
2512
2080
1850
1565
1320
741
413
76
-462
-1142
-1547
-1781
-2193
-2747
-2965
-3138
-3771
-3823
-4064
-3972
-4000
-4154
-3951
-3786
-3551
-3574
-3079
-2625
-2341
-1926
-1327
-679
-345
85
555
1093
1590
1815
2277
2759
2776
3029
3239
3411
3509
3470
3475
3394
3399
3127
2919
2764
2462
2091
1859
1572
1105
560
202
-171
-491
-982
-1276
-1474
-1819
-2139
-2491
-2680
-3037
-3212
-3277
-3107
-3295
-3362
-3167
-3234
-3103
-2987
-2765
-2522
-2234
-1863
-1411
-1002
-503
-148
306
823
1197
1572
1948
2547
2759
2983
3189
3501
3743
3639
3617
3528
3299
3014
2869
2888
2601
2048
1703
1248
688
289
-107
-360
-900
-1511
-1777
-2136
-2603
-2906
-3000
-3218
-3302
-3339
-3231
-3146
-3322
-3129
-2947
-2669
-2443
-2047
-1626
-1472
-1178
-802
-359
-88
453
767
941
1136
1353
1633
1695
2151
2250
2218
2266
2289
2278
2212
2032
1909
2033
1713
1563
1497
1292
843
656
561
394
145
-19
-132
-534
-781
-958
-1013
-1186
-1294
-1294
-1363
-1654
-1750
-1684
-1777
-1757
-1677
-1461
-1441
-1372
-1084
-921
-805
-570
-213
28
234
336
487
813
919
1220
1409
1562
1791
1741
1883
1752
1735
1632
1728
1754
1749
1646
1252
1262
1016
855
659
451
174
-132
-342
-489
-753
-1027
-1307
-1405
-1436
-1745
-1750
-1951
-1933
-2051
-2024
-1818
-1675
-1613
-1671
-1520
-1383
-1146
-981
-647
-445
-333
-226
-151
23
76
300
545
653
794
903
995
1033
1019
1012
1118
1195
1088
1125
1010
969
741
647
659
748
597
387
311
111
110
-130
-114
-212
-245
-306
-453
-445
-614
-565
-667
-544
-441
-576
-499
-501
-444
-419
-331
-263
-98
-107
-28
37
118
92
185
408
393
598
561
801
681
762
718
810
951
826
964
830
838
841
966
914
838
755
658
497
322
229
179
94
-43
-67
-151
-350
-411
-544
-657
-589
-661
-650
-713
-766
-787
-878
-864
-802
-857
-811
-789
-890
-819
-894
-832
-724
-765
-783
-699
-670
-613
-525
-474
-457
-397
-411
-457
-89
-121
-140
-79
-40
31
102
381
330
525
494
631
656
602
747
758
760
847
915
891
838
764
911
754
697
705
703
572
479
434
460
368
291
344
299
148
-94
-134
-250
-309
-426
-411
-419
-463
-557
-579
-458
-560
-600
-617
-530
-503
-446
-303
-244
-210
-180
-64
105
47
83
190
301
441
550
742
712
762
675
714
769
808
912
903
779
639
669
490
380
392
244
132
-35
-132
-209
-503
-651
-771
-914
-1045
-1148
-1231
-1359
-1472
-1550
-1576
-1519
-1525
-1454
-1429
-1304
-1248
-1249
-953
-788
-630
-454
-183
18
71
179
373
518
663
821
908
1023
1237
1314
1379
1430
1329
1386
1312
1369
1219
1179
1117
888
940
810
734
753
589
391
320
168
102
-94
-159
-265
-476
-506
-612
-501
-565
-658
-668
-807
-737
-674
-565
-529
-442
-309
-318
-181
-178
-46
96
111
211
328
439
462
544
585
601
722
533
569
710
665
567
446
410
242
192
78
140
10
-234
-333
-426
-518
-685
-864
-926
-1103
-1192
-1290
-1366
-1354
-1468
-1469
-1420
-1271
-1303
-1187
-1103
-1106
-1013
-961
-737
-481
-319
-200
-94
81
35
122
295
314
386
399
486
666
681
717
754
661
654
615
625
577
616
468
364
338
220
180
62
3
-102
-194
-278
-353
-323
-368
-423
-512
-573
-521
-466
-467
-468
-330
-203
-189
-6
158
210
269
389
520
600
740
787
822
793
786
891
956
964
986
919
815
698
735
682
627
598
455
270
89
-31
-24
-114
-272
-352
-438
-528
-655
-738
-801
-905
-1080
-1089
-1088
-1127
-1212
-1112
-969
-1055
-993
-822
-747
-583
-577
-419
-252
-194
-117
108
425
478
542
664
919
944
872
1029
1130
1063
1033
1080
1184
1044
967
1095
1030
855
732
745
654
424
342
398
267
124
19
-39
-105
-288
-370
-419
-463
-523
-553
-467
-407
-487
-471
-359
-340
-327
-262
-122
-43
12
197
376
527
566
706
798
963
1064
1046
1306
1376
1358
1469
1491
1466
1375
1233
1303
1196
923
873
753
626
324
169
45
-158
-355
-546
-556
-732
-879
-1009
-1049
-1105
-1306
-1411
-1400
-1368
-1473
-1378
-1298
-1272
-1101
-1079
-866
-750
-704
-543
-371
-163
-38
144
349
529
637
662
871
1007
1030
1055
1141
1181
1081
1168
1177
1189
1077
916
899
893
770
634
594
411
167
60
-18
-146
-202
-349
-469
-502
-600
-771
-777
-798
-890
-947
-922
-911
-828
-808
-747
-645
-597
-401
-349
-185
-140
-30
179
355
478
587
780
862
876
975
1084
1167
1191
1195
1225
1133
1011
855
833
673
424
318
239
68
-183
-361
-428
-599
-826
-970
-1044
-1140
-1436
-1473
-1497
-1585
-1656
-1737
-1635
-1623
-1628
-1555
-1376
-1262
-1123
-1015
-834
-647
-558
-386
-158
19
118
327
597
849
972
1111
1194
1263
1256
1163
1183
1207
1078
978
963
880
779
621
508
354
208
152
17
-112
-250
-350
-412
-571
-695
-699
-825
-833
-880
-817
-814
-851
-810
-879
-874
-744
-567
-390
-254
-170
-79
43
118
285
435
472
558
689
802
866
963
973
922
871
867
881
908
868
767
635
535
392
256
144
-90
-191
-358
-462
-633
-724
-742
-900
-982
-1089
-961
-1071
-1186
-1141
-1155
-1198
-1193
-1067
-936
-930
-891
-764
-640
-568
-441
-203
-55
121
171
328
500
568
650
780
952
1074
1114
1165
1216
1265
1192
1132
1142
1027
1004
932
890
755
649
519
348
236
99
-96
-192
-189
-285
-323
-356
-454
-566
-637
-691
-784
-778
-737
-683
-662
-579
-543
-474
-422
-306
-222
-135
-19
46
182
209
313
460
538
602
695
745
732
732
727
822
835
805
743
645
595
417
422
380
246
165
74
-59
-198
-253
-412
-518
-571
-624
-667
-665
-621
-650
-703
-748
-646
-652
-696
-670
-570
-472
-460
-428
-283
-251
-175
-106
-43
117
185
282
319
350
364
365
443
531
528
475
450
508
389
336
306
229
209
115
164
168
82
-11
5
-7
-57
-136
-113
-108
-180
-182
-81
-127
-214
-192
-159
-154
-241
-179
-152
-99
-57
-76
-20
-20
-23
51
78
21
21
29
81
124
173
327
318
288
325
353
355
354
401
428
411
395
345
297
200
149
130
118
83
38
9
-9
-109
-175
-240
-294
-297
-296
-271
-333
-345
-359
-356
-326
-216
-192
-314
-295
-315
-283
-305
-313
-302
-281
-268
-313
-177
-193
-175
-250
-282
-181
-170
-129
-160
-109
-136
-192
-228
-255
-283
-326
-283
-282
-345
-354
-370
-336
-366
-417
-342
-389
-337
-361
-370
-286
-305
-255
-259
-191
-133
-200
-159
-135
-198
-172
-107
-81
-60
-64
-105
-67
-32
-9
5
-78
-88
-86
-85
-103
-86
-103
-157
-206
-149
-75
-73
-35
-57
29
24
60
81
125
92
82
161
141
165
197
185
156
127
15
26
-6
3
0
1
2
39
48
35
22
-11
-15
-136
-108
-138
-155
-220
-287
-315
-352
-348
-367
-422
-425
-454
-556
-552
-524
-490
-516
-561
-540
-554
-592
-563
-540
-486
-485
-405
-321
-286
-322
-287
-175
-178
-65
21
142
204
254
349
437
460
471
501
527
566
572
593
618
618
546
508
451
384
334
269
213
125
66
-63
-91
-107
-174
-240
-308
-328
-359
-326
-324
-328
-306
-294
-257
-188
-175
-187
-129
-45
54
164
254
274
372
453
466
505
551
597
637
643
679
769
770
778
804
836
863
851
806
758
699
542
492
428
319
184
78
81
23
-70
-155
-241
-298
-389
-532
-561
-580
-621
-674
-730
-754
-862
-934
-929
-941
-911
-927
-884
-781
-702
-645
-613
-483
-334
-238
-112
69
203
259
370
475
595
705
833
975
1094
1158
1207
1240
1242
1244
1162
1194
1112
1018
904
785
706
571
407
255
182
74
-26
-170
-288
-399
-465
-563
-583
-647
-670
-681
-660
-602
-627
-538
-497
-387
-348
-273
-193
-110
0
55
148
200
323
414
502
656
751
826
939
999
1061
1038
973
997
954
869
799
735
663
539
434
385
304
215
83
5
-112
-269
-344
-440
-591
-698
-848
-984
-1071
-1146
-1218
-1319
-1349
-1368
-1346
-1339
-1300
-1199
-1175
-1123
-1002
-901
-838
-644
-461
-290
-99
19
166
312
434
583
724
896
1045
1085
1175
1160
1149
1185
1145
1138
1088
1015
947
842
856
746
616
464
333
202
-35
-109
-261
-473
-585
-625
-638
-763
-872
-942
-1018
-1045
-1132
-1027
-985
-923
-885
-874
-814
-713
-577
-472
-391
-310
-203
-87
71
162
306
362
344
343
464
532
605
663
626
601
530
548
564
495
415
395
363
308
277
265
205
69
-75
-177
-172
-282
-381
-462
-490
-558
-640
-699
-781
-774
-846
-853
-837
-868
-860
-789
-708
-649
-617
-494
-373
-278
-208
-118
43
171
177
235
324
341
406
461
564
633
662
673
671
637
650
675
693
738
770
758
764
789
709
629
560
445
381
349
279
156
60
-13
-62
-116
-139
-159
-162
-204
-259
-279
-278
-204
-148
-73
-31
3
6
53
139
186
229
253
293
315
372
440
452
517
516
491
514
455
393
368
392
346
280
348
283
279
216
203
260
209
261
242
265
245
236
213
229
241
199
171
162
164
107
118
127
86
-7
-26
-54
-68
-176
-196
-206
-257
-293
-299
-270
-345
-362
-349
-300
-306
-378
-347
-327
-352
-308
-248
-168
-177
-83
28
118
211
219
296
360
460
504
552
617
638
668
691
673
668
592
494
443
381
352
301
283
280
214
80
-28
-35
-80
-89
-80
-141
-182
-269
-280
-316
-354
-347
-296
-277
-267
-292
-310
-357
-364
-339
-303
-301
-323
-260
-202
-138
-111
-98
-41
-21
-21
72
161
198
239
266
267
285
298
342
399
394
315
286
312
323
387
373
352
354
315
264
242
205
132
52
0
-100
-218
-299
-417
-544
-650
-736
-740
-849
-819
-860
-899
-924
-946
-937
-915
-884
-826
-775
-688
-500
-452
-327
-222
-110
54
224
334
457
544
548
600
675
765
824
860
917
942
908
948
1033
992
1032
924
896
753
531
451
194
186
225
164
333
167
69
-94
-407
-562
-716
-767
-748
-654
-532
-490
-543
-512
-517
-551
-677
-775
-651
-709
-502
-395
-180
-82
68
111
129
231
224
304
308
395
391
455
431
557
534
621
637
730
761
752
850
746
831
521
557
237
282
82
109
79
-14
-58
-296
-265
-545
-564
-789
-735
-831
-795
-811
-844
-729
-797
-601
-633
-583
-627
-677
-586
-435
-307
-66
110
331
481
481
609
465
552
317
495
486
672
733
774
838
728
754
605
668
554
611
539
626
576
555
604
452
372
162
154
-55
-20
-157
-116
-146
-202
-278
-409
-513
-614
-719
-763
-772
-645
-701
-584
-568
-601
-400
-600
-527
-591
-452
-357
-228
-27
60
164
58
40
-37
-63
169
143
262
470
587
792
795
569
504
414
241
429
281
285
383
-16
232
-74
-281
-296
-688
-477
-640
-614
-533
-823
-842
-824
-1081
-867
-903
-1170
-609
-913
-721
-657
-836
-612
-555
-220
-76
-210
83
-56
419
435
-40
385
105
554
520
455
763
483
702
735
513
1037
654
664
976
409
961
517
491
693
479
616
86
225
51
-109
11
-177
22
-233
-354
-520
-772
-558
-1158
-551
-794
-826
-459
-1104
-338
-956
-789
-489
-663
-41
-182
-171
-128
-458
-124
38
-84
55
84
382
331
336
461
494
503
251
332
749
608
368
447
90
489
228
287
341
212
77
22
116
73
7
-463
-480
-401
-197
-385
-456
-504
-468
-240
-1083
-920
-670
-753
48
-668
-195
69
-488
491
-1104
133
-596
-362
509
-139
874
-139
415
-39
437
187
48
814
-32
995
579
378
1274
21
839
226
67
1450
-187
1306
30
-305
823
-817
676
-505
-485
-274
-535
217
-408
-225
-15
-862
-82
-1179
-336
-95
-1179
505
-1242
346
-257
-726
188
-810
53
-375
-220
-197
51
-43
155
-285
-415
333
201
232
260
212
425
106
27
42
-101
213
-5
136
363
218
216
35
-512
-66
-471
245
-404
-173
329
-1026
372
-196
-125
-427
-886
-351
7
-89
-273
-550
-56
-161
-169
218
-463
110
-517
262
-75
-326
-41
-776
288
-113
147
-233
251
-374
421
-437
107
224
10
526
87
480
302
537
-157
695
-288
546
147
200
581
-79
393
-454
558
214
-6
294
-457
886
192
109
-17
-330
344
-132
123
157
-242
370
-579
-121
51
-445
-177
-273
-178
-260
-202
-580
-184
-689
-542
-384
-148
-420
-265
-642
140
-445
-178
-400
-441
473
-685
303
-133
-136
474
269
81
220
66
129
269
-51
-24
-302
863
-666
759
-171
-173
125
-396
-93
-509
-170
-550
-285
-340
-197
-435
-144
-987
-376
-472
-923
-186
-1283
120
-764
-543
-88
-1186
-7
-322
-213
-22
-194
127
0
250
-18
396
385
-121
354
191
471
836
195
628
519
285
1115
-109
910
201
339
982
-180
1114
77
478
612
-219
443
-53
347
515
-117
104
-22
281
-169
-109
-432
-204
-485
-355
-190
-493
-373
-616
-395
-33
-1085
-194
-664
-403
114
-874
438
-760
-76
-376
-515
270
-528
332
-63
-97
503
30
464
4
203
460
-43
504
421
469
328
14
476
123
403
-16
-146
213
-414
41
41
-486
28
-673
-367
39
-602
127
-603
-523
113
-496
-314
-354
104
10
-283
-36
177
25
226
31
14
589
-243
693
473
123
657
300
536
416
651
473
591
379
294
177
585
83
213
348
-120
58
390
261
297
181
-48
315
-201
-88
-181
-63
66
-402
-1016
56
-652
-576
-789
-500
-659
-155
-902
-650
-310
-1272
-281
-985
-287
-392
-438
-44
-586
-394
31
-524
321
-653
-55
452
-339
825
432
134
618
-210
766
777
46
806
122
747
1083
145
557
-175
-26
776
99
295
203
-821
118
-748
-64
-104
-474
-71
-450
-345
-495
-771
-167
-412
-853
391
-1117
476
-341
-896
355
-884
497
-195
34
37
-89
188
-137
188
54
432
-86
488
304
320
465
161
283
490
-78
526
314
214
874
-92
557
137
-262
501
95
-159
441
-426
313
-173
-197
-97
-735
-182
-346
-272
-180
-711
-334
-347
-556
-618
-434
-304
-422
-459
-231
-130
0
-171
-694
430
-351
235
530
-367
721
446
-12
546
130
824
337
837
725
405
1153
101
745
747
152
1246
207
601
597
-191
1076
-708
921
130
-21
391
-270
184
-367
164
-545
539
-666
235
-226
-340
225
-612
179
-218
-140
-28
-12
-33
23
-86
-28
-7
-53
244
332
212
42
115
-119
532
-60
403
362
-88
572
286
341
753
8
332
608
-98
854
19
632
153
538
62
300
166
51
122
-360
241
-729
403
-417
-417
333
-980
103
-469
-85
-190
-404
-191
-95
-376
-238
-89
-245
86
-530
-206
537
-372
494
54
189
470
-109
581
100
182
457
334
617
437
286
425
245
307
69
705
-65
312
271
-63
574
-331
204
-191
-135
-182
124
-346
150
-225
296
-451
-52
280
-739
431
-559
352
-218
-129
-403
196
-166
-74
-348
38
-55
-623
553
-1083
571
-266
-95
455
-680
496
-369
338
126
-101
605
204
107
419
84
289
160
397
224
450
386
-122
556
-245
-2
147
-387
419
-480
258
164
-872
703
-1300
245
-505
-397
-87
-654
-329
-679
-341
-586
-425
-598
-129
-658
-317
-507
-369
-360
-257
1
-353
235
-170
224
180
-98
194
-130
398
-40
536
-6
311
271
-204
735
-424
894
-476
430
-23
-210
816
-709
753
-203
558
-142
491
-22
537
-129
726
12
-124
415
-298
218
344
-26
92
102
-300
206
161
359
-247
250
-166
532
-312
506
-329
113
472
-115
664
487
87
568
203
135
769
-141
1209
-116
669
591
77
848
239
491
550
-18
800
-31
315
642
-684
919
153
-443
1490
-1250
783
-236
-365
332
-508
213
-321
285
-501
-63
-215
-539
-88
-352
-20
-417
293
-380
-356
449
-791
554
-389
211
286
-247
569
-691
788
-248
310
341
-373
781
-379
752
-173
-163
279
-62
433
176
100
12
351
-73
440
-428
547
-423
798
75
-296
1135
-1076
809
-192
-178
506
-374
244
-352
23
125
-402
146
-112
132
-96
575
-198
66
490
-535
1043
-183
476
645
-53
1000
-270
637
503
-110
787
-187
708
298
470
180
143
72
323
185
170
47
-46
643
-355
148
6
-397
-80
-5
-708
138
-348
-553
58
-492
-669
-4
-771
-415
-524
-495
-181
-804
200
-792
235
-83
-506
417
-498
93
-63
-153
408
-391
509
-169
469
256
-255
614
-477
403
78
-180
478
-195
-48
329
-453
662
-46
33
469
-480
824
-535
741
-200
244
104
-116
188
183
-56
-229
347
-772
579
-624
445
-439
-85
-428
93
125
-155
287
-453
191
366
-595
518
-251
68
602
-682
927
-2
-414
810
-589
617
222
-662
876
-522
138
132
-450
546
-268
-62
763
-950
854
-421
-281
788
-707
681
-107
-336
271
-756
646
-617
51
-314
-725
17
-521
115
-503
-317
-149
-408
182
-519
-51
-389
-158
-73
-361
327
-371
-28
-390
367
-503
400
-18
-431
326
-225
230
168
-353
777
-717
217
231
-860
1447
-1034
395
403
-885
945
-647
420
155
-987
569
-240
221
102
-784
578
-823
263
-281
-417
418
-995
852
-478
-204
564
-776
773
-265
-331
175
315
256
53
557
-562
840
-113
518
-188
279
-113
96
549
-483
432
-303
322
153
182
364
83
30
479
-413
991
-415
237
223
64
539
179
-188
527
-295
132
158
-82
231
237
-534
185
5
-89
281
-135
-214
542
-221
-37
256
-450
670
-653
356
-102
345
138
-19
-183
462
-699
613
183
-599
932
-661
3
765
-209
-313
791
-684
769
180
-280
336
17
-93
439
-404
739
-88
-352
654
-838
685
-117
-473
663
-64
25
455
-460
131
-107
-275
182
-465
352
-38
-24
276
-450
52
19
-315
-207
340
-696
492
-93
-735
703
-1150
778
-432
-361
344
-421
450
3
-14
101
-434
910
-101
538
-553
370
233
-143
362
-518
493
-270
-142
179
79
-681
224
-461
157
104
-659
771
-577
-271
-55
-332
618
-640
414
-133
313
-325
-330
109
-700
543
-1484
1004
-1102
172
-308
-380
-485
26
-1054
875
-552
-872
735
-1571
972
-1267
195
-124
-650
302
-722
175
-221
-517
289
-299
-186
109
-356
492
-775
122
-6
-429
634
-1456
1211
-741
552
-371
-398
432
-1133
939
-1341
714
-788
32
214
-636
-12
-950
185
-803
-22
-730
-85
-165
-136
-395
-391
-107
-193
26
-578
229
-175
-168
67
-278
414
-451
-156
345
-294
-8
-281
-45
48
-20
-36
152
93
-96
77
-124
-75
-139
-227
256
-471
14
-271
138
-447
37
303
-319
91
-496
-206
172
-320
-524
158
58
-234
-208
174
-592
-293
-134
-694
256
-506
-54
122
-444
-178
-414
-16
-253
-663
313
-126
-196
344
-748
409
-182
-241
162
6
-120
244
329
-442
1061
-1324
866
-151
-906
1479
-1604
1305
-483
366
-128
377
-756
460
-190
-429
514
-382
266
-108
14
-472
1037
-894
940
-251
-275
674
-213
271
-250
128
-233
829
-851
732
-751
392
-479
281
338
-614
524
-309
339
-20
397
-838
597
-429
426
-198
288
-387
504
52
42
323
-96
550
-612
677
-141
667
-293
231
-421
833
-103
-433
1099
-1393
1444
-825
853
-74
-255
671
-164
488
51
68
-44
419
-542
493
426
-498
484
-114
-585
1347
-1062
905
0
-362
1123
-597
999
-500
672
498
-578
1576
-857
848
528
-502
846
58
-100
752
136
-174
376
-301
678
-96
-29
1
-308
68
-181
-29
181
415
-949
985
-773
-118
220
-572
-164
344
-680
-123
186
-891
-118
-363
-621
374
-484
-463
20
-881
290
-631
-812
358
-1091
-371
193
-527
131
-373
-976
745
-586
-296
1188
-1240
1033
-302
-509
755
-333
-118
104
-330
-643
998
-614
336
86
-389
351
-779
549
-776
325
218
-646
607
-589
194
-507
-132
-529
-628
716
-965
619
-240
-70
-369
72
-576
234
164
-547
582
-327
48
557
-197
70
258
-400
731
-157
372
263
-361
693
-100
46
189
-324
98
-81
107
-462
1
353
-787
109
-79
-1106
700
-642
-602
557
-1340
688
-1266
457
-1031
-244
-78
-1080
793
-1406
384
-957
377
-591
-212
281
-1092
1153
-966
638
-169
-167
631
-322
865
-620
656
107
-308
1026
-323
353
158
-384
459
-356
641
-14
222
338
16
195
608
-751
474
-75
-422
367
-779
367
-488
-284
-158
-662
169
-418
-368
767
-1525
479
-164
-320
-15
-292
-295
599
-97
-243
475
-247
154
-135
24
566
55
369
284
-15
349
-171
777
-226
429
804
47
176
324
0
643
-257
23
-205
194
252
-575
807
-775
-399
403
-880
98
-496
-831
-197
-76
-663
138
-832
-147
-204
-837
704
-1092
995
-700
-119
467
-1002
1124
-579
414
359
-288
815
302
142
674
-57
277
433
99
499
418
101
1106
-257
456
386
-218
800
-199
715
316
-89
668
-231
421
92
51
296
-172
621
-588
970
-634
9
253
-380
-78
45
-364
63
-169
-484
527
-832
499
-708
341
-173
161
-247
295
565
-398
918
-147
714
620
-234
763
-1
1137
-29
222
1009
-611
1327
-58
301
737
-132
616
-295
676
197
-303
819
-836
201
756
-992
125
113
-1108
1187
-1211
-85
328
-1374
777
-1007
-141
104
-365
-354
519
-1380
676
-104
-635
645
-1742
1077
-525
131
670
-1162
1358
-626
-194
633
-662
596
303
-262
257
216
71
-170
-23
-138
161
-57
135
-110
-76
394
-930
537
-516
-142
-139
298
-874
607
-213
-983
863
-1093
204
-425
178
-553
96
-332
-745
145
-563
-38
-515
81
-498
306
56
-418
38
-177
312
356
-372
263
293
457
50
122
153
224
656
183
3
634
107
271
431
359
-56
440
-74
-278
654
-222
-201
121
-697
201
319
-704
134
-228
-449
-47
-508
-318
-546
24
-113
-638
357
-688
-299
144
-839
71
-389
73
-491
176
60
-709
488
-507
221
-51
-4
-177
153
-9
-73
652
-90
293
44
0
-93
481
-323
30
653
-241
281
166
-407
840
-28
-325
506
-489
781
-573
284
-140
-207
480
-697
120
-689
-35
-221
-442
23
-452
-211
155
-164
112
72
-443
584
-34
-101
652
-267
118
734
-163
723
77
-228
907
-427
1247
-121
432
709
-525
811
214
136
535
-83
-334
986
-490
656
-175
-83
160
-271
632
-752
400
-416
-112
504
-578
553
-253
-202
362
-666
778
-200
25
540
-453
131
415
-789
323
156
-694
1044
-736
202
66
-343
157
-721
161
234
207
489
-315
560
33
-94
561
-144
597
150
452
24
790
129
171
445
-81
147
568
334
-4
1074
-340
433
-33
-290
880
-268
371
-352
209
248
-13
-230
81
-349
117
-305
146
-27
-276
699
-732
221
-79
-168
201
-133
-333
578
15
84
-159
49
209
83
30
-273
506
-630
425
21
43
204
-117
222
-179
432
-75
116
236
-121
387
-267
83
-75
27
193
-359
-349
459
-539
20
-21
-613
-219
125
-411
-210
-69
-567
81
-482
-143
-584
466
-317
-287
478
-803
678
-544
-126
349
-291
508
-95
214
36
-358
181
-95
34
423
-820
835
9
-536
207
-42
-45
-337
372
-399
-250
613
-804
293
141
-919
624
-815
-87
128
-283
44
-407
-428
725
-694
262
-366
-550
1047
-911
263
-84
-735
466
-450
20
48
-164
344
-346
166
-94
-101
-13
-70
-224
56
501
-307
-55
264
-412
398
66
-24
394
205
-146
372
-106
-201
698
-500
644
-57
-178
445
-64
-260
-16
135
-325
-93
227
-716
290
152
-932
433
-670
-79
-141
-241
109
-347
483
-552
-29
16
-225
156
-201
642
-187
789
-103
-89
881
-302
556
203
73
434
84
441
370
117
207
6
642
-266
168
334
176
462
270
-18
123
650
-653
181
249
-106
185
-36
-113
-226
187
-421
-244
-312
-307
313
-330
-117
-291
-158
65
-135
-285
-81
-5
-18
-214
426
-551
460
0
-466
573
-412
282
294
-88
282
488
-72
173
29
-192
449
27
157
413
-133
492
186
42
-63
-313
530
-353
208
-48
54
-134
-271
-43
161
-259
-140
124
-291
409
-202
-109
199
-127
53
337
-205
114
386
-77
299
-128
441
104
75
615
69
378
-154
419
74
489
74
403
247
104
-71
115
249
67
557
-412
123
106
-382
-113
90
-425
-105
-155
45
-68
-281
-302
-443
-107
-252
-287
50
-100
-244
36
82
-54
-26
159
-190
34
-44
105
-104
300
-7
87
512
-513
184
11
17
283
-136
118
248
171
98
-299
12
35
-27
107
-129
53
82
-159
155
-283
-200
-40
-192
-350
82
-691
25
-26
-373
80
-433
-22
-447
-126
-410
-52
-393
41
-423
1
5
-87
-177
-278
83
-156
214
-474
44
91
-560
261
0
-247
316
-201
-82
-298
16
221
-723
756
-852
510
338
-525
448
-576
306
-287
227
161
-248
123
31
264
65
-142
-160
-33
123
-286
408
-280
-16
358
-802
449
-472
-140
100
-351
401
-449
225
20
-395
237
-388
101
263
-198
408
-302
326
-259
207
172
-437
417
-89
5
328
-365
283
-259
-286
107
-201
159
-318
23
363
-634
117
-487
-297
308
-546
-65
-152
-4
-147
-442
-117
-324
-336
83
-155
-64
-25
-111
156
114
-323
-193
8
-105
-247
521
-496
697
22
-38
542
-115
218
25
111
95
473
62
292
137
48
450
-43
28
589
144
451
-77
257
127
361
490
-202
453
141
159
485
-192
293
205
158
180
-127
247
41
140
-110
85
250
-13
109
76
220
-193
170
-235
97
-27
19
36
-245
420
-152
25
43
-462
17
111
72
76
-86
84
-247
109
288
-147
264
-138
22
469
-184
319
39
21
161
110
395
-195
134
-267
282
336
-5
216
-129
466
155
-163
355
-96
166
251
-182
229
231
49
-55
-125
277
-104
217
339
-141
270
138
26
163
244
-155
42
210
-19
308
-186
579
-330
270
240
-234
392
-271
343
141
181
72
243
362
74
101
-13
261
148
28
-9
-216
372
-101
558
-17
-186
260
-424
287
13
28
169
-110
190
160
-89
-65
151
-138
15
156
279
1
304
46
-23
530
-667
455
2
17
275
13
241
-254
344
-91
36
-16
-8
-196
230
-319
-153
-101
-211
79
50
-142
-279
-290
-2
134
-406
-53
-24
-99
-236
48
-644
18
-199
-78
-15
-202
-434
-417
-2
-508
-150
-438
-312
-336
-405
-460
-266
-447
-204
-499
-325
-23
-375
-337
-136
-149
-129
-29
-130
-363
-176
-259
-154
7
-16
-142
-387
-211
-93
-220
-297
-64
-115
18
-263
15
-358
330
-174
-249
372
-248
221
77
-406
-13
63
-59
-102
-15
-41
388
-116
17
-3
41
242
-117
334
-190
255
449
-265
577
-289
209
353
-147
302
-23
178
15
2
145
20
-138
142
-256
207
94
-16
-2
36
438
25
393
-25
222
305
87
135
64
210
248
279
-37
327
160
295
128
76
-26
217
26
-71
257
28
15
69
-70
-309
316
-309
201
365
-279
430
-93
87
50
6
143
50
135
38
5
426
-2
-106
354
27
163
128
98
-2
-28
272
-210
47
79
-178
309
-120
-191
-103
254
-462
-12
-50
-277
282
-359
60
-310
252
-310
84
112
-529
487
-245
-21
8
-113
-32
53
-334
-25
16
-148
55
-163
255
-210
99
25
-107
362
-335
206
156
-169
161
-130
-17
74
13
-98
282
342
-25
167
101
-232
216
152
-49
105
-75
-170
68
-26
-306
60
-106
109
-213
98
-47
-163
289
-336
122
-108
-108
154
-157
118
-84
-113
122
-242
273
28
153
338
-196
339
-14
-218
275
-78
420
-172
167
53
36
289
-61
173
-12
263
368
60
448
6
-27
203
-34
238
217
141
47
-184
29
-84
-60
-14
-164
71
39
-406
309
-330
-297
20
-616
197
-279
-100
-85
-238
-130
-308
-140
-158
-150
18
-90
22
157
-316
76
112
-136
201
219
-236
215
-78
-14
199
179
-23
256
19
-189
306
-161
106
-121
-104
-227
293
-126
-11
43
-598
79
-256
-30
-24
-175
-79
-252
63
-389
-284
-3
-218
132
150
-23
65
-47
-114
15
141
65
-289
196
25
7
204
-307
32
115
-75
81
-26
47
170
-43
-126
122
-29
202
-186
194
30
-70
-6
-166
-73
-374
-103
-242
-130
-99
-83
-126
-105
-67
-266
17
-319
-112
-255
-219
-147
-177
-15
-269
-200
139
-364
-105
136
-230
226
-265
66
-64
-50
-99
-316
33
-75
-172
225
-328
-137
268
-263
233
79
-101
134
-114
90
42
-50
54
-110
184
-69
-84
413
-96
31
162
-119
95
65
-171
236
16
156
-23
-281
218
-282
231
39
-55
130
-358
193
-34
-73
-53
-208
-142
-58
66
-13
43
47
-77
221
-104
-25
279
93
28
145
-136
110
252
-244
82
133
98
217
-65
119
-33
104
200
-28
32
6
-186
121
-54
-294
23
-335
-40
-218
-271
-199
-457
-147
-215
-8
-81
-499
16
-332
4
-109
-21
-160
-98
85
-26
74
-43
-23
45
150
-188
85
-154
-49
267
5
118
26
57
139
32
53
-193
198
-99
181
82
-163
281
-147
-204
-104
-167
-384
-63
-57
-437
89
-326
-383
91
-223
-309
-85
-204
-251
52
-202
-161
-18
39
-176
-205
115
-281
126
208
-283
312
-21
-166
33
256
-74
0
366
230
413
322
207
262
274
176
102
287
197
347
460
411
262
135
115
-55
160
-8
-272
38
22
-5
375
68
69
-210
97
80
-26
304
-122
266
99
126
-5
-214
-172
-28
-36
-71
11
-227
53
-143
283
-23
-116
-34
-98
190
59
169
310
45
126
149
176
264
169
-127
43
134
11
144
-129
-126
-57
-3
-57
-45
82
-97
97
-182
-216
56
-85
-55
-99
-100
-31
179
70
-134
-116
-373
-190
-57
-7
56
1
-223
-262
-280
-131
-313
-285
-94
-124
146
-172
-260
-226
-154
-174
-138
-25
77
21
171
-36
-141
-142
-26
-99
-151
116
-327
43
65
49
53
-27
-126
-327
-64
151
126
123
-170
-80
125
-126
45
-179
-179
-210
-220
77
63
-39
-30
-226
24
-57
-98
40
-233
-15
-29
-50
219
-36
72
-3
-234
167
-137
37
-28
-44
26
59
146
-37
92
-16
-68
106
195
-150
16
143
-68
116
36
154
273
134
106
-18
91
50
70
132
63
161
104
-5
-31
2
-81
-103
-60
-146
-262
-130
-226
-319
-191
-199
-146
-207
-80
-212
-246
-69
-182
-114
119
-75
-122
-77
-276
31
129
-158
-70
-100
-153
-75
-134
-103
-123
-62
-145
-2
42
-80
-195
43
-179
-21
-112
-91
-5
-240
-29
-220
-138
-22
-222
-161
-20
-179
90
-56
91
80
-129
100
-151
-48
100
-116
2
-3
-8
-15
112
-138
-22
-47
66
160
-2
102
-94
-71
-61
124
-136
33
-1
-184
70
-66
-12
-67
-197
-149
-175
-137
-95
-123
-215
-221
-247
-230
-271
-93
-96
-163
-56
-165
55
35
-144
-19
17
-52
113
-145
18
-84
-110
32
-65
35
-6
-15
33
82
42
146
-21
106
-102
-38
219
-45
198
167
118
100
121
244
241
260
191
309
239
248
219
230
298
145
188
267
262
267
224
65
230
206
39
182
3
-5
-40
-42
259
-30
149
146
21
-16
-1
117
-25
91
87
38
65
60
54
59
63
139
32
93
98
243
210
16
170
117
182
184
118
189
100
201
88
104
197
122
184
111
270
86
187
304
84
286
174
105
174
105
48
123
77
110
175
87
163
128
119
34
114
133
-26
160
213
144
279
244
76
169
81
225
83
82
193
-4
277
91
85
46
131
95
161
241
-43
78
-37
-63
34
22
-101
7
-93
-55
100
-82
-203
-240
-84
-165
-58
-104
-150
-80
-158
-141
-207
-76
-199
-134
-195
-237
-57
-200
-179
-200
-202
-117
-239
-111
-212
-216
-71
-170
-119
-37
22
4
-6
-70
-17
-67
5
-1
35
3
45
68
-51
53
-79
39
53
51
32
48
-36
-7
78
-99
-27
-39
38
-77
13
-54
-138
74
-129
-42
25
-13
15
-56
-113
-77
-66
-68
-135
-203
-14
-23
-25
-51
-73
-80
33
-75
2
120
-9
124
120
-2
135
47
97
70
105
125
55
198
64
66
120
97
1
62
-9
46
6
28
6
-57
-72
-62
-79
-196
-111
-183
-259
-131
-166
-236
-123
-187
-284
-99
-217
-181
-59
4
11
-42
59
47
22
44
81
200
205
229
325
273
344
193
212
286
248
221
169
139
317
223
223
239
69
106
-2
24
-117
64
57
-58
-83
-123
-102
-234
-179
-128
-134
-116
-77
-182
62
-40
-123
24
-8
-31
33
68
-78
90
93
-24
92
111
84
173
248
179
105
215
184
189
292
241
304
184
271
285
237
250
212
197
205
210
325
357
346
427
293
389
176
183
256
80
230
190
126
164
29
49
-5
-6
-102
-121
110
-116
2
36
-78
-78
-82
-109
-130
-19
12
-74
-24
86
53
143
44
-71
132
40
127
210
197
312
157
104
174
121
143
210
218
268
140
175
22
41
86
-20
9
-2
8
76
154
-6
-27
-35
-173
-81
-67
-49
34
15
-118
-63
-49
-98
-62
-54
58
-28
-8
52
77
55
12
-26
-50
58
1
-101
49
-20
-119
108
-1
-112
3
-79
-123
-9
-4
-173
-127
-80
-149
-181
-182
-176
-278
-132
-112
-117
-38
-156
-239
-155
-144
-179
-66
-135
-151
-107
-130
-153
-64
-54
-113
-52
-116
-87
57
-76
-43
-70
-38
-14
-56
24
-98
-1
-8
-76
-42
-30
-65
-124
-51
-136
-98
29
-25
65
123
-10
-70
53
-28
49
34
78
86
84
92
-25
32
44
-18
35
19
-55
-17
-51
-27
-110
-38
-21
-103
0
-43
-233
-37
-46
-64
-4
-70
6
-67
9
43
46
105
-14
-67
114
80
34
79
56
61
86
182
80
201
141
74
101
133
158
102
175
131
172
175
28
180
151
73
152
73
100
21
67
93
-7
80
66
-45
81
45
-26
-12
-1
-17
5
3
29
-18
-4
2
-21
62
11
71
36
53
65
-20
62
85
81
153
196
180
211
178
114
189
118
95
62
184
119
70
55
54
162
27
94
108
99
142
51
-12
67
35
69
120
53
61
28
-58
-39
-16
22
-15
-79
0
-70
28
66
-95
26
24
-13
17
-65
-71
-57
-30
14
14
41
-9
-21
-8
-110
14
8
2
85
130
153
135
34
71
45
116
68
74
87
-27
11
-97
2
-10
-29
-78
-37
-107
-130
-183
-154
-128
-160
-177
-240
-206
-222
-189
-221
-315
-279
-267
-326
-221
-192
-275
-239
-246
-231
-126
-199
-167
-190
-155
-246
-214
-120
-171
-77
-110
-90
-70
-89
-59
-66
-22
-8
-21
-17
-82
-59
-2
-85
-170
-114
-141
-141
-101
-188
-142
-66
-171
-128
-131
-157
-153
-128
-60
-87
-84
-147
-138
-160
-142
-118
-109
-75
-28
3
-87
-2
-133
-86
73
-65
2
72
55
5
138
-28
-24
12
-33
-78
-28
3
-86
-61
-26
-62
-135
-96
-194
-210
-166
-191
-177
-199
-96
-94
-138
-101
-223
-176
-205
-204
-209
-170
-142
-148
-183
-168
-174
-218
-229
-209
-169
-114
-113
-104
0
-31
-14
-73
-67
-81
-18
-50
-30
137
4
61
115
83
103
66
53
78
101
50
115
152
178
116
48
29
91
126
113
85
161
136
70
116
11
9
6
-79
-65
-65
-79
-28
56
40
85
91
5
21
24
10
85
132
88
143
108
47
77
94
81
125
88
178
162
151
305
210
173
247
148
228
233
234
210
227
223
164
218
106
77
150
80
30
47
5
3
64
-22
1
-15
30
74
91
94
23
85
71
150
109
155
165
214
185
156
156
108
164
191
203
230
249
181
238
247
144
217
204
203
254
261
223
136
182
160
137
220
191
197
108
165
97
35
40
29
65
-6
65
7
81
13
-71
-36
-71
-80
-98
-76
-61
-53
-31
-94
-68
2
-70
-54
-106
-148
-26
-50
-78
31
13
45
26
-13
8
-42
47
-49
-64
28
-18
17
-102
45
47
44
35
-20
-54
-42
-25
-35
28
34
-12
-3
-44
-95
-65
-167
-105
-17
-55
-69
-58
-74
-81
-137
-103
-109
-47
-74
-102
-148
-133
-181
-112
-168
-210
-145
-211
-199
-185
-210
-148
-254
-227
-239
-300
-290
-327
-283
-202
-170
-228
-228
-294
-244
-277
-197
-233
-162
-188
-238
-209
-184
-172
-173
-151
-181
-167
-195
-136
-165
-68
-70
-80
-82
-125
-190
-172
-133
-141
-175
-236
-149
-174
-197
-185
-262
-237
-307
-304
-186
-248
-229
-132
-159
-183
-185
-200
-245
-190
-152
-193
-182
-205
-270
-219
-190
-225
-182
-215
-187
-139
-240
-170
-171
-162
-169
-224
-243
-243
-142
-60
-87
-110
-150
-130
-206
-162
-88
-121
-68
-86
-67
-52
-84
-60
-106
-121
-40
-38
-90
26
-18
-37
-27
-57
-67
-78
-40
-84
13
15
39
100
105
84
120
87
89
120
171
140
149
178
154
233
202
187
216
193
205
229
259
269
207
253
226
159
187
198
262
300
240
276
258
267
265
232
255
240
341
247
330
387
353
366
401
388
396
416
395
407
424
422
402
436
426
356
326
298
291
200
210
181
118
157
127
97
120
177
157
220
219
212
165
250
206
275
273
218
235
231
214
256
210
151
218
188
251
211
214
232
169
179
156
122
103
64
52
-11
41
81
74
118
45
75
48
-24
58
18
93
68
72
86
125
106
99
79
56
27
57
58
12
56
11
71
70
47
55
-5
-71
-92
-102
-48
-33
-133
-98
-152
-143
-124
-212
-178
-210
-193
-195
-160
-149
-190
-174
-160
-186
-180
-127
-95
-43
-18
0
-63
-118
-62
-104
-118
-108
-96
-66
-97
-50
-69
-68
-56
-90
-78
-43
5
-41
-81
-90
-83
-156
-137
-92
-117
-98
-88
-56
-55
-52
-1
-38
11
-19
-101
-79
-68
-68
-91
-116
-162
-140
-153
-158
-121
-126
-105
-117
-118
-159
-110
-103
-107
-76
-85
-124
-85
-100
-75
-33
-34
-116
-98
-46
-14
42
74
78
-5
-14
-93
-63
-82
-128
-98
-30
-82
-82
-59
-78
-88
-84
-106
-186
-183
-199
-242
-256
-248
-258
-255
-216
-252
-197
-186
-245
-230
-184
-169
-123
-104
-159
-142
-158
-154
-129
-66
-153
-127
-88
-102
-28
-88
-41
-60
-94
-90
-120
-90
-26
-49
-77
-117
-54
-103
-119
-112
-119
-36
-36
41
16
23
-17
-44
12
8
25
-6
71
108
142
179
168
149
139
98
76
65
72
95
43
38
110
97
108
116
46
56
2
-20
25
100
99
128
132
89
110
107
134
105
118
63
128
117
76
60
49
-37
-68
-26
11
109
22
17
2
37
55
41
73
81
126
156
113
163
161
117
101
102
93
109
117
156
165
116
166
147
177
117
125
96
124
140
123
188
148
162
130
179
241
235
244
199
210
259
196
188
252
243
268
260
292
321
328
313
273
274
214
162
157
177
130
174
196
146
176
213
156
149
139
106
128
156
125
85
75
29
-6
-22
-79
-95
-122
-186
-177
-212
-190
-155
-158
-150
-201
-146
-192
-220
-185
-196
-112
-78
-53
-63
-64
-66
-70
-102
-86
-66
-16
32
25
41
27
60
38
-12
-42
-91
-104
-81
-66
-111
-94
-103
-133
-126
-126
-157
-173
-94
-97
-122
-80
-136
-120
-190
-228
-176
-224
-186
-159
-179
-154
-77
-95
-68
-62
-86
-99
-65
-67
-28
-34
-11
-5
-28
-26
-39
-19
-37
-14
6
-13
-16
11
32
47
24
45
80
86
51
-13
-52
-103
-121
-128
-124
-128
-113
-108
-174
-148
-146
-140
-106
-80
-127
-174
-169
-183
-147
-147
-143
-117
-92
-71
-1
-14
59
55
43
58
53
103
181
262
265
240
255
250
234
189
135
175
210
192
155
188
161
119
141
124
100
80
33
10
-11
38
86
123
67
50
-10
-38
-43
-11
-1
-12
-7
39
30
48
28
33
14
10
56
35
109
105
82
43
5
13
-7
27
8
-68
-31
-53
-63
-41
0
-9
-25
-27
-10
-1
18
-3
-8
-23
-81
-40
-3
62
131
123
96
133
122
128
169
88
110
130
52
65
66
100
124
120
98
135
125
83
125
97
139
177
148
111
142
174
201
210
213
215
198
212
188
212
229
284
318
247
232
269
253
232
220
206
177
187
130
160
143
95
83
9
-12
-3
-7
-16
-5
-18
-11
9
-10
-3
-14
-10
7
-27
-30
-17
-64
-83
-114
-74
5
23
37
48
68
40
38
7
2
-8
40
49
74
101
93
111
52
72
15
-9
-20
7
-18
-46
-35
16
31
24
-11
-6
-20
-65
-87
-113
-118
-128
-73
-151
-149
-71
-79
-66
-119
-163
-152
-178
-248
-286
-337
-390
-366
-362
-327
-262
-242
-271
-234
-210
-153
-136
-103
-112
-90
-67
-52
18
21
46
64
25
1
10
-8
-1
-65
-106
-117
-81
-58
-84
-73
-64
-65
-106
-124
-164
-191
-235
-229
-212
-197
-188
-168
-160
-163
-193
-244
-227
-182
-132
-151
-187
-199
-238
-218
-180
-104
-82
-93
-40
-13
49
44
26
8
20
92
101
108
109
91
119
128
96
105
105
109
71
69
25
-12
16
-17
-45
-35
7
84
91
108
76
38
88
81
66
78
57
88
126
175
215
207
133
85
121
151
152
164
158
107
102
140
171
209
226
200
224
214
274
295
257
256
219
204
238
274
280
312
278
260
291
279
236
212
212
267
248
205
232
258
243
202
220
219
211
184
170
112
112
93
69
26
16
21
1
28
44
87
57
15
57
28
10
47
39
65
82
71
89
122
96
91
106
118
172
135
110
115
100
69
56
27
-2
15
9
9
-7
-15
-42
-108
-96
-140
-187
-165
-124
-110
-103
-75
-26
-45
-93
-68
-38
-33
-15
-32
-42
-29
-42
9
-18
-1
22
-17
-32
-8
-13
-33
-59
-99
-125
-131
-126
-137
-149
-150
-170
-164
-181
-154
-181
-221
-166
-190
-171
-214
-251
-239
-193
-209
-220
-240
-218
-211
-207
-252
-256
-259
-266
-219
-255
-262
-262
-273
-237
-183
-197
-226
-250
-282
-294
-274
-315
-320
-279
-312
-342
-307
-328
-274
-306
-285
-211
-181
-130
-148
-156
-109
-98
-122
-84
-82
-84
-78
-110
-97
-45
17
-8
-38
-71
-118
-113
-101
-156
-191
-211
-249
-254
-259
-257
-272
-259
-250
-300
-272
-301
-289
-275
-334
-324
-302
-279
-248
-234
-269
-239
-237
-256
-252
-238
-260
-291
-329
-358
-304
-288
-265
-250
-237
-199
-176
-139
-150
-164
-141
-123
-134
-101
-96
-68
-60
-64
-33
-23
2
-18
-2
-4
34
65
34
7
7
4
-23
-27
-41
-60
-80
-143
-122
-50
-7
50
39
66
94
116
163
207
215
196
178
176
206
227
240
226
290
283
287
320
303
311
334
303
270
285
307
322
309
316
289
254
246
266
307
307
277
271
257
258
289
305
307
308
325
301
276
274
247
261
242
259
306
268
241
266
272
306
322
327
349
348
349
379
386
380
354
351
340
317
293
295
314
351
359
355
386
409
408
367
368
378
385
401
404
414
389
394
390
358
321
265
245
210
133
90
139
145
109
91
56
79
105
99
95
75
84
87
91
113
123
124
199
201
211
191
161
177
137
83
55
48
52
65
81
64
39
-17
-52
-48
-61
-66
-74
-76
-96
-111
-135
-113
-105
-154
-132
-74
-84
-134
-185
-229
-262
-257
-244
-260
-274
-298
-339
-362
-379
-372
-354
-374
-339
-296
-290
-264
-263
-241
-260
-229
-235
-252
-247
-215
-148
-142
-100
-107
-124
-116
-119
-127
-160
-177
-193
-266
-286
-318
-365
-374
-392
-426
-428
-411
-391
-443
-438
-425
-408
-369
-413
-426
-424
-417
-421
-388
-394
-410
-422
-444
-443
-434
-427
-402
-385
-387
-380
-394
-398
-391
-352
-308
-261
-201
-194
-200
-236
-277
-274
-277
-256
-218
-225
-252
-260
-244
-201
-188
-175
-208
-227
-170
-163
-154
-127
-143
-186
-165
-195
-200
-184
-246
-235
-222
-263
-301
-293
-297
-297
-350
-334
-287
-281
-250
-258
-267
-244
-224
-199
-192
-188
-151
-163
-159
-141
-112
-110
-80
-42
4
48
109
121
118
81
49
33
35
31
43
66
77
106
80
64
50
37
71
71
78
110
119
102
66
95
119
135
136
123
129
118
76
118
161
181
164
157
128
122
145
139
169
183
153
100
60
28
51
86
112
139
171
168
154
178
164
139
170
170
162
175
173
139
110
143
172
174
192
198
204
204
225
240
225
247
265
271
335
394
407
392
360
328
305
278
304
297
276
289
261
246
254
226
228
224
227
271
262
254
232
254
262
266
282
284
250
230
239
247
254
232
190
145
170
166
166
191
237
284
294
275
298
305
282
243
248
238
254
255
203
234
203
187
166
131
140
157
122
68
55
53
55
27
32
29
12
