-86
-157
-194
-304
-341
-383
-390
-356
-331
-296
-239
-269
-226
-197
-142
-74
-39
12
-7
4
-4
2
-2
1
-1
1
0
0
-1
0
0
0
1
0
0
0
0
0
0
0
0
0
0
0
0
0
0
0
0
0
0
0
0
0
-1
0
0
0
0
0
0
0
0
0
0
0
0
0
1
0
0
0
0
0
0
0
1
0
0
0
1
1
0
0
0
-1
1
1
0
0
0
0
0
0
0
1
0
0
0
1
0
0
0
0
0
-1
0
0
0
0
0
0
0
0
0
0
-1
-1
-1
0
0
0
0
-1
0
0
0
0
0
0
0
0
0
1
0
1
0
0
0
0
0
0
1
-1
0
1
-1
0
0
0
0
0
0
0
-1
0
0
0
-1
0
0
0
0
0
0
0
-1
0
-1
1
-1
2
-3
4
-7
14
-130
-208
-132
-173
-188
-195
-240
-171
-154
-146
-43
-98
-141
-203
-194
-166
-207
-261
-266
-272
-232
-209
-212
-261
-270
-240
-188
-179
-197
-199
-227
-172
-180
-144
-117
-155
-221
-261
-229
-233
-279
-325
-346
-340
-335
-307
-277
-235
-242
-234
-251
-174
-130
-177
-172
-192
-165
-139
-170
-202
-245
-261
-280
-244
-192
-244
-198
-218
-193
-120
-121
-102
-115
-154
-174
-75
-80
-124
-186
-87
28
-8
-10
-9
2
-1
14
2
6
2
11
7
-8
-8
-6
0
9
1
-6
5
4
-2
-11
-11
-17
-6
-2
-15
-14
-8
2
5
0
2
4
5
0
-3
-8
-6
-5
-1
3
8
-4
4
12
12
5
-7
1
0
7
1
-12
-2
1
-12
1
2
11
11
-8
4
12
-8
-93
-3
179
45
-70
-116
-136
139
162
-108
-69
57
3
44
64
-100
-51
84
10
-16
31
-20
-40
15
11
32
27
-57
-55
16
21
-11
30
-9
-47
12
-5
-19
7
13
7
-4
-2
6
31
8
-36
-6
-3
-8
33
22
-16
-7
4
-7
28
27
-21
7
26
-7
8
17
-13
-2
13
-9
-22
-3
-4
-10
4
7
2
0
-4
9
-3
-15
-10
-5
11
2
1
10
14
-3
-5
-9
-4
20
8
-4
2
-3
-2
10
9
4
-1
-6
-9
3
8
15
14
-7
-11
-9
-10
-17
-2
8
-5
11
15
-2
-6
-7
3
12
15
21
-2
-3
4
-11
1
-3
-25
-5
11
-1
-17
-8
-2
-1
10
-15
-15
1
-3
-1
-15
-13
1
3
-3
-14
15
22
4
18
4
11
10
-22
-15
8
16
-9
-6
-2
-7
9
-1
-5
-9
-12
-3
-1
-12
-10
-3
4
8
-23
-16
0
7
16
1
-25
-16
7
4
-2
7
6
-5
16
15
-9
-5
-8
1
14
19
-6
-9
6
-10
-3
-6
-5
10
7
-1
-3
1
-7
-6
-9
9
17
-1
1
2
1
-9
-4
12
11
0
5
6
4
2
9
12
-6
-13
-15
-1
3
-14
-6
11
-4
-7
6
7
2
-8
-13
-10
5
8
9
5
-6
0
3
13
8
0
10
4
-3
10
7
-11
-13
8
11
7
-8
-13
-11
4
4
-2
13
9
9
3
-6
-16
-2
4
-1
12
9
1
11
-3
-6
0
4
3
11
13
-5
5
-3
-13
-1
10
12
-1
6
3
1
9
0
-5
-7
-2
-9
-4
7
2
8
-1
-9
-12
3
4
-13
-8
-3
7
5
-13
-14
-17
-13
8
6
10
16
-2
-5
-11
-25
-13
-3
20
26
-7
-29
-13
-1
-17
-8
28
28
19
19
-1
3
15
25
2
-23
8
12
10
11
-32
-4
10
-19
-12
-8
14
29
8
4
-4
-20
-16
-8
-7
-10
29
-10
-19
5
2
4
-23
-39
8
18
-14
-21
-12
2
0
-2
-15
-28
-19
-6
15
15
-23
4
-21
-40
-36
-48
-26
3
15
15
3
-26
-10
15
-25
-47
-21
7
15
3
-14
-6
-3
-6
4
29
28
3
-1
-16
9
14
-3
-32
-19
13
-3
-19
-24
-14
-5
-4
-17
-8
12
-3
5
15
12
-16
-33
-34
1
0
-11
8
-1
10
6
-25
-52
-34
-18
-14
-18
-9
2
19
25
2
-9
-6
-7
-5
40
18
-5
4
9
13
10
-9
-13
19
35
20
-7
-40
-32
28
18
-25
4
18
11
15
-7
-15
-19
8
0
7
29
17
19
-17
-24
0
16
13
-4
-12
-27
-23
-36
-33
-22
6
-7
-6
16
5
18
20
-12
-10
31
43
26
20
-1
-23
20
47
55
29
-17
1
34
41
38
17
1
-3
-4
17
19
-1
-7
5
35
30
20
-4
-39
-23
-22
-3
20
13
-5
-22
-23
-17
-4
9
20
26
35
25
31
18
-5
9
19
26
4
9
61
62
14
3
-9
-10
8
27
29
-21
-5
-14
-19
-3
-31
-55
-74
-100
-82
-32
-24
-30
-53
-15
55
76
54
28
7
14
24
10
25
39
15
23
28
-15
-16
-12
-40
-64
-61
-35
-3
46
54
8
10
41
28
-14
-40
-3
20
43
42
-29
-40
-51
-102
-87
-37
13
6
16
27
5
19
37
37
26
-25
-25
-31
-14
11
7
3
-28
-31
-42
-30
-25
-40
-32
-21
-39
-47
-61
-44
-43
-39
-47
-33
-18
-33
-52
-68
-61
-34
-3
21
39
2
-37
-18
8
21
51
47
43
74
68
20
31
17
3
7
-8
-32
-12
14
11
-13
-58
-65
-15
-12
16
35
35
42
1
-7
-36
-41
-28
-6
20
12
0
-3
-15
-10
1
-28
-34
-5
12
-7
-23
-19
-16
-57
-50
-20
-16
8
14
-18
-14
16
2
-5
-6
4
1
17
21
13
32
17
14
3
-38
-21
8
21
-10
-30
-40
-80
-56
-17
-13
-32
-47
-12
-2
-11
-30
-88
-54
-29
-47
-19
-24
-7
20
24
32
27
4
8
6
-6
-2
-25
-19
-5
-14
-16
2
14
-5
-8
-13
13
36
-35
-39
-41
-56
-11
17
24
16
-14
23
24
19
9
-30
-33
-47
-16
2
2
21
26
35
39
31
3
-7
21
51
30
36
60
63
55
11
-10
13
44
30
15
10
7
-1
-6
-7
-34
-14
8
-14
8
31
56
64
54
37
22
61
55
36
37
51
92
84
72
47
30
35
6
9
25
3
-52
-67
-56
-74
-46
-31
-46
-25
-6
-35
-28
-22
4
41
55
60
48
56
46
45
89
97
110
93
93
110
74
42
-35
-26
19
39
45
38
29
39
0
-17
-3
-7
1
0
-12
4
25
3
-45
-39
-8
19
32
37
11
-14
-32
-63
-75
-59
-48
-56
-18
-22
-61
-85
-98
-48
-47
-44
-3
6
18
25
59
114
113
59
12
0
52
98
126
154
143
114
65
61
56
55
70
78
99
69
81
93
89
65
45
47
25
36
25
46
46
-3
-46
-47
-66
-80
-48
-58
-59
-55
-71
-45
-54
-93
-115
-129
-122
-97
-54
-47
-47
-57
-64
-18
-22
-32
48
67
46
42
13
14
21
38
29
7
10
4
27
50
61
69
55
47
31
38
81
81
44
28
-31
-75
-71
-81
-98
-61
-21
-27
-63
-123
-125
-94
-107
-105
-88
-87
-67
-96
-116
-79
-35
24
46
41
26
34
30
25
31
21
21
35
17
-12
-5
-38
-51
-25
11
20
9
29
23
26
7
-7
14
-12
-29
-13
-13
3
28
30
-4
-20
-32
-45
-62
-48
-19
-28
-38
-62
-66
-33
8
-12
-22
1
-15
-17
-5
-8
-39
-93
-88
-17
-2
19
47
45
35
56
67
35
18
-14
-1
43
56
53
6
-37
-44
-65
-82
-84
-78
-63
-72
-125
-112
-102
-109
-75
-74
-56
-22
-13
-20
-24
-5
25
48
43
-22
-7
4
-15
-17
-4
8
38
38
-14
-38
-2
-16
-16
-7
-40
-29
-9
4
33
55
64
32
-23
-18
33
51
36
31
16
-10
1
-33
-92
-75
-93
-87
-66
-98
-71
-31
-58
-46
-40
-35
-29
-19
-15
29
79
59
51
57
69
90
84
78
66
27
20
37
43
67
64
49
79
114
104
89
86
62
90
115
115
169
200
173
158
146
108
102
130
130
133
119
112
119
146
123
130
123
124
108
86
103
83
62
34
-15
-26
-38
-18
-25
-43
-22
-31
-80
-100
-94
-64
-80
-111
-90
-3
88
96
59
7
-13
-2
-7
-48
-61
-80
-68
-71
-87
-48
3
35
45
49
43
36
77
91
89
72
55
64
37
18
-12
-65
-79
-72
-77
-116
-127
-107
-91
-62
-41
-38
1
0
-25
-23
-58
-78
-35
-24
-16
-31
-47
-34
-46
-25
-8
8
40
29
38
-2
-38
-39
-25
10
15
24
37
19
9
17
36
57
49
49
43
59
78
75
48
47
11
-16
-14
-3
14
32
68
27
-56
-88
-86
-89
-73
-49
-46
-50
-64
-56
-65
7
66
88
85
81
75
54
65
35
10
9
16
26
38
51
56
67
96
82
73
63
61
82
99
97
75
50
59
63
76
57
38
19
-8
-24
-44
-94
-118
-130
-161
-173
-162
-94
-76
-105
-159
-168
-141
-128
-128
-103
-81
-58
-5
-11
18
39
58
41
7
0
28
22
3
-27
-62
-74
-27
15
44
33
-6
-36
-54
-31
-51
-43
-8
-13
-3
-19
-26
-15
-5
-2
-11
-26
-56
-70
-44
-55
-37
-30
-73
-81
-84
-115
-122
-99
-106
-122
-135
-146
-134
-131
-119
-107
-61
-61
-55
-43
-96
-104
-92
-76
-51
-6
-2
8
-19
-32
-20
-19
17
41
31
44
78
70
69
82
106
151
184
185
189
171
167
179
178
188
165
135
145
134
98
67
-3
-72
-104
-189
-228
-216
-229
-245
-222
-220
-206
-173
-200
-182
-171
-167
-184
-204
-204
-224
-232
-210
-125
-52
-34
-69
-58
-58
-33
8
31
73
52
41
44
40
85
168
179
170
187
183
190
171
199
206
212
243
199
143
103
42
51
44
19
-31
-55
-47
-66
-50
-100
-89
-42
-92
-85
-69
-100
-69
-32
-15
9
42
25
-21
-9
-24
-31
-19
-18
32
57
44
44
48
69
118
130
102
80
67
49
72
82
56
83
61
59
85
81
85
77
27
-7
-12
-45
-70
-96
-118
-121
-98
-64
-58
-49
-61
-56
-65
-80
-45
-76
-95
-76
-76
-72
-65
-52
-65
-66
-29
-54
-87
-89
-125
-148
-152
-199
-234
-218
-177
-147
-145
-144
-163
-183
-200
-167
-131
-90
-39
-44
-58
-81
-93
-58
-50
-60
-62
-45
-18
-59
-57
-7
60
109
100
73
46
28
3
35
71
71
81
91
139
148
90
71
74
112
113
56
-3
-4
4
-18
-7
1
5
11
35
59
30
14
4
33
81
114
125
97
58
52
69
58
57
42
37
-11
-56
-96
-104
-73
-56
-33
-57
-17
-168
-173
-96
-29
38
-133
-111
-29
28
-11
-124
-54
8
26
81
70
46
49
29
65
113
116
45
15
72
110
71
-28
-101
-77
-34
-75
-73
-22
-2
26
17
3
7
74
98
95
69
47
82
116
125
156
164
127
105
85
77
72
19
-17
27
53
57
22
7
6
11
29
25
33
22
14
37
49
42
-6
0
29
44
29
28
65
60
46
59
61
35
3
-22
-13
25
38
12
0
-49
-69
-67
-108
-100
-34
10
10
1
13
41
42
46
61
79
98
109
117
120
130
147
131
116
86
64
51
26
1
19
-37
-45
-31
-30
-30
-59
-78
-88
-110
-98
-65
-67
-48
-7
31
45
47
49
94
142
170
161
196
213
214
213
177
205
201
133
98
93
81
80
44
6
10
-29
-56
-51
-50
-78
-78
-59
-77
-89
-95
-82
-124
-149
-111
-46
4
34
46
17
29
34
21
56
52
-1
-28
-23
-46
-66
-60
-69
-72
-75
-132
-140
-120
-116
-103
-152
-202
-178
-161
-176
-140
-91
-64
-85
-130
-148
-140
-113
-107
-77
-83
-120
-106
-106
-111
-121
-171
-187
-219
-216
-180
-186
-204
-205
-175
-197
-210
-253
-230
-152
-80
-23
-4
-18
-41
-39
-19
-32
-61
-77
-111
-119
-93
-92
-113
-161
-203
-170
-123
-121
-93
-88
-93
-94
-105
-96
-99
-86
-114
-163
-161
-148
-146
-130
-120
-105
-76
-75
-113
-136
-125
-138
-157
-165
-184
-184
-160
-121
-117
-143
-151
-181
-193
-158
-194
-199
-199
-171
-104
-108
-64
-36
-46
-63
-86
-57
-43
-24
4
-33
-72
-28
-6
39
70
33
29
74
121
101
93
103
149
157
124
106
93
44
1
-33
-48
-65
-139
-147
-111
-85
-49
10
28
48
47
14
62
57
79
93
56
99
67
61
99
123
192
154
155
165
157
173
136
119
105
104
114
121
142
141
136
111
90
61
48
25
1
-5
27
28
27
34
7
29
20
14
-7
-17
-17
-69
-96
-95
-80
-26
-28
-32
2
29
77
104
176
191
102
62
27
10
39
16
24
17
11
20
-21
-40
-55
-50
-8
71
109
127
142
173
199
227
209
242
304
290
285
245
223
191
180
160
125
98
36
0
32
44
49
36
23
68
113
73
40
28
63
115
96
75
75
111
124
153
213
251
272
276
259
256
274
254
221
197
138
103
98
93
134
123
104
134
145
166
181
233
288
306
287
263
232
202
149
123
77
69
80
24
-3
-42
-33
-5
-39
-47
-43
-27
-6
16
27
36
28
4
16
51
69
65
42
27
23
10
-18
-59
-83
-79
-78
-94
-112
-104
-71
-44
-41
-53
-106
-93
-84
-81
-35
-11
19
-3
-12
4
7
4
25
23
6
30
62
50
53
50
32
50
58
81
88
82
136
166
140
134
150
143
153
159
123
83
10
-97
-98
-79
-32
-20
-19
-7
-72
-65
-99
-120
-92
-87
-21
-8
-2
47
41
57
71
72
71
65
68
25
-17
-30
-51
-40
-65
-72
-44
-66
-28
-52
-106
-103
-135
-122
-106
-93
-90
-102
-98
-124
-162
-217
-271
-236
-190
-168
-154
-166
-151
-143
-132
-133
-134
-122
-128
-155
-159
-177
-194
-147
-138
-124
-91
-112
-111
-132
-137
-126
-140
-131
-153
-203
-238
-216
-182
-167
-113
-70
-77
-78
-140
-191
-190
-202
-176
-167
-187
-143
-147
-161
-138
-135
-98
-104
-89
-74
-64
-59
-73
-58
-84
-87
-82
-99
-43
3
-16
24
19
15
39
8
18
32
9
2
28
33
15
56
59
101
154
194
192
176
161
187
202
216
227
186
207
242
258
248
223
190
186
206
245
241
229
181
137
170
191
205
213
175
169
203
172
187
197
181
188
179
155
152
164
150
117
96
76
71
101
132
147
142
128
86
71
99
105
80
45
32
48
47
16
14
43
34
-8
-24
-30
-38
-42
-48
-32
-12
-14
-31
-73
-68
-5
15
26
68
115
143
132
111
101
143
125
76
92
141
180
195
223
230
249
265
232
235
267
278
298
267
251
247
237
233
213
220
208
173
167
158
176
171
131
107
86
103
100
47
30
8
11
33
18
45
39
14
39
70
99
73
44
30
65
45
-28
-8
3
-16
-28
-19
-16
-30
-91
-114
-121
-140
-134
-154
-180
-235
-269
-286
-271
-235
-238
-229
-195
-160
-119
-111
-91
-75
-81
-111
-100
-62
-37
-19
-12
-15
-28
-45
-76
-73
-71
-61
-43
-68
-78
-95
-125
-119
-142
-147
-113
-93
-88
-84
-75
-103
-162
-61
-31
-182
-244
-235
-172
-223
-366
-308
-218
-276
-435
-426
-237
-281
-414
-417
-339
-284
-295
-327
-389
-389
-247
-155
-236
-258
-137
-13
-109
-155
-46
-24
-93
-142
-184
-212
-221
-171
-153
-226
-179
-117
-130
-223
-204
-79
-71
-117
-95
-54
-44
-32
5
15
24
33
39
27
59
107
85
107
86
60
103
111
104
110
169
247
277
295
266
219
172
111
102
77
73
73
-10
-34
-44
-42
-41
-56
-19
-3
34
46
56
52
-9
-3
-15
-43
-26
-12
-14
-4
40
83
72
56
69
45
65
63
46
62
97
142
118
89
68
66
81
57
87
100
111
133
76
56
85
67
71
47
26
74
65
46
9
20
33
-22
-33
-35
-32
-18
-23
-37
-60
-53
-40
-20
-32
-27
-6
-1
17
60
87
111
111
66
79
72
12
10
-24
-52
-40
-74
-71
-69
-64
-100
-94
-85
-112
-84
-93
-112
-104
-96
-68
-43
-63
-68
-76
-70
-73
-57
-51
-27
6
19
41
91
92
71
76
91
112
107
60
18
-2
-45
-74
-120
-131
-120
-97
-79
-83
-71
-94
-106
-98
-85
-28
46
75
80
75
23
5
-16
-59
-95
-69
-32
-58
-70
-47
-51
-46
-75
-59
-27
-51
-67
-72
-70
-31
0
10
1
-39
-72
-42
-4
-7
-16
-43
-47
-29
17
17
18
48
60
63
62
20
15
24
11
-29
-70
-75
-22
-6
11
14
8
-55
-27
-28
253
191
-112
71
-209
-17
-142
-223
32
88
189
28
179
184
16
71
102
114
84
152
236
171
171
197
172
61
14
28
17
18
100
148
68
34
67
72
68
51
131
136
59
110
118
145
122
119
149
50
39
65
48
65
50
77
53
53
87
98
87
46
45
59
83
37
-14
-27
-62
-55
-18
26
7
-9
-2
-2
66
141
154
173
156
163
194
151
170
187
198
177
178
187
169
192
185
150
103
78
51
57
59
80
51
30
44
80
136
140
130
111
143
212
238
217
217
257
276
213
192
180
163
133
92
109
114
85
72
73
55
68
65
0
-23
-17
6
-37
-41
50
64
72
55
53
98
104
106
76
38
56
26
16
-9
-28
-23
-67
-44
18
25
57
56
79
90
82
105
70
33
49
84
101
42
16
46
45
44
-10
-4
-25
-87
-80
-89
-94
-84
-147
-193
-231
-218
-196
-246
-260
-245
-228
-197
-212
-214
-201
-209
-208
-221
-171
-165
-196
-230
-225
-184
-189
-227
-244
-228
-170
-139
-155
-167
-177
-142
-118
-154
-140
-102
-68
-66
-84
-61
-64
-81
-105
-117
-96
-112
-82
-79
-134
-172
-182
-157
-124
-105
-115
-132
-171
-210
-208
-184
-205
-225
-200
-183
-172
-179
-174
-140
-145
-154
-196
-208
-211
-210
-182
-187
-143
-147
-181
-169
-166
-130
-84
-108
-83
-61
-54
-65
-71
-69
-77
-60
-89
-82
-51
-53
-23
12
7
55
69
81
26
-70
-82
-86
-81
-62
-52
-62
-80
-74
-69
-45
13
50
87
14
-11
16
37
57
104
131
166
221
248
220
193
206
228
223
224
214
173
162
197
211
181
145
161
170
173
194
215
235
191
215
246
198
187
203
184
187
204
194
197
222
237
223
200
129
121
149
132
78
41
68
103
128
133
146
186
211
249
257
277
274
235
209
166
145
139
125
136
158
126
112
91
82
116
129
152
148
148
202
198
206
208
201
199
146
167
200
162
188
198
187
209
183
200
236
245
235
185
176
158
173
114
17
26
25
41
15
0
54
72
64
54
27
83
143
181
169
117
104
45
27
40
2
-27
-123
-156
-184
-190
-181
-201
-171
-147
-146
-161
-153
-143
-99
-77
-76
-63
-69
-35
26
82
109
114
163
215
231
261
273
305
305
291
279
249
231
215
227
225
225
183
160
162
152
163
98
53
35
24
56
48
35
25
56
101
110
115
78
31
6
-28
-84
-112
-126
-125
-112
-135
-198
-211
-203
-232
-240
-248
-228
-251
-261
-249
-227
-190
-194
-234
-216
-226
-271
-302
-293
-240
-234
-278
-335
-284
-217
-182
-168
-187
-183
-185
-217
-258
-262
-269
-250
-263
-202
-127
-111
-114
-112
-93
-65
-76
-73
-60
-98
-74
-57
-38
-20
-77
-100
-138
-170
-158
-143
-152
-131
-97
-131
-136
-141
-108
-100
-118
-87
-42
-31
-56
-42
-73
-79
-87
-95
-116
-104
-82
-139
-118
-168
-191
-218
-284
-316
-306
-195
-200
-226
-202
-193
-171
-209
-202
-159
-174
-147
-168
-181
-214
-220
-148
-168
-101
-75
-19
0
-35
10
-8
65
89
70
101
151
186
250
300
279
320
264
248
310
313
307
281
324
312
268
246
213
247
233
210
217
100
76
96
77
101
130
144
114
178
139
205
202
191
314
335
360
342
308
251
238
307
320
328
258
167
205
184
166
44
-104
-80
-64
13
56
-35
-27
-70
0
49
54
130
40
44
127
174
237
127
41
34
87
83
21
56
34
5
-19
1
-77
-11
-35
-5
-80
-88
-13
-60
-2
-70
-8
-53
25
143
9
97
59
78
159
52
165
134
108
106
220
117
43
64
12
82
61
44
-39
-36
24
-146
13
-120
-208
20
-160
-3
-79
-102
-91
-124
-104
-118
-80
-166
-161
-66
-181
3
-88
-90
-56
-161
3
-79
-68
-83
-81
-185
-146
-51
-206
-244
-312
-157
-111
-138
-147
-155
-271
-275
-37
-246
-149
-147
-222
-48
-143
-97
-182
-229
-153
-198
-70
-111
-97
-138
-265
-201
-200
-191
-277
-235
-134
-187
-304
-263
-211
-306
-234
-252
-186
-288
-325
-270
-262
-123
-182
-242
-167
-279
-64
-54
-118
-121
-152
-153
-274
-195
-235
-194
-232
-324
-303
-185
-229
-209
-273
-220
-26
5
-158
-85
-136
-95
88
-77
161
72
-8
90
-7
112
33
4
124
2
69
72
16
79
-69
3
35
-112
-57
-5
-2
27
-202
-36
-18
-66
-64
-103
-148
-193
71
-27
-68
-14
-70
113
-3
-5
218
149
-50
50
-11
59
110
-112
16
-117
-10
78
-146
-173
28
-10
32
-95
-119
-43
-104
-141
57
78
154
133
36
155
161
213
146
211
120
127
124
93
-29
117
-21
1
88
61
169
-44
114
-119
26
37
-14
167
-16
121
35
275
-60
86
211
-130
362
-5
214
122
130
296
82
288
261
233
189
79
207
-10
-5
192
-185
78
50
33
236
1
205
183
-34
-86
39
-38
-196
39
-241
141
-197
87
-130
2
127
-42
323
0
241
104
6
82
130
-54
247
72
167
111
-90
74
0
198
41
104
104
26
276
126
-5
315
-170
301
338
60
477
-4
167
270
-17
203
74
90
42
109
-2
-142
140
-106
-259
-89
-212
-186
-51
-349
-114
-177
-239
-331
-58
-156
-357
166
-504
-82
-194
-289
-135
-500
-110
-523
-115
-400
-448
-288
-716
-220
-461
-264
-246
-335
-255
-250
-53
-267
4
-238
-296
-94
72
-141
-282
25
-140
-63
-100
-294
56
-454
-26
-362
-176
-72
-356
228
-453
-243
-119
-254
-63
-145
-37
-187
-44
104
-307
143
-256
-111
35
-402
-50
46
-407
180
-257
-62
26
-298
291
-366
211
-159
-152
315
-261
104
27
100
243
-2
220
-75
-134
92
-87
174
-25
109
91
-134
79
-83
2
-104
241
-101
240
168
82
324
-121
153
-214
309
150
-176
406
-66
110
358
131
79
142
234
87
316
282
172
133
-169
281
2
112
64
-73
371
-125
282
-95
93
179
-164
305
-134
78
159
-51
-105
116
80
-12
-104
69
56
114
133
143
263
10
123
-12
28
148
427
-17
186
164
364
185
-12
107
-205
259
218
-30
2
-53
210
294
226
672
258
431
340
-63
330
60
378
235
85
339
376
257
-28
128
-90
442
289
57
512
217
302
155
32
326
377
200
11
293
143
-12
213
86
240
-303
306
4
-303
589
-293
219
87
87
245
-256
374
-245
335
303
30
154
27
363
185
112
262
3
393
274
-41
297
-13
-35
192
-98
81
350
-245
460
65
-58
175
52
70
310
419
172
158
443
-134
345
618
-11
542
82
79
-162
233
-53
-136
113
-275
-115
207
21
-357
-243
240
-27
-103
-75
177
268
-172
375
79
244
-4
121
-45
5
402
-570
612
-407
116
-115
-456
431
-486
590
-477
-27
36
-315
-33
-575
-68
-130
-677
292
-752
65
-195
-881
166
-597
-196
168
-42
-406
-32
-231
-28
-444
388
-175
70
-272
-478
531
-603
147
-122
-306
326
-408
352
-122
-177
189
-475
51
-77
-344
137
-318
-160
319
-534
533
-376
279
-179
-626
266
-428
386
-510
-126
21
-113
122
-25
279
-46
-5
-349
-92
289
-216
68
-190
134
-104
-277
-215
-324
131
-300
-87
-426
175
-35
-619
312
-666
95
-346
62
-24
-298
183
-537
235
-50
16
-231
-203
-36
204
-184
-14
488
-53
115
-406
275
10
-176
128
-284
234
-177
-22
20
-359
90
-402
-43
-106
-497
229
-443
-204
-78
-119
297
-113
180
-507
123
182
-556
491
-636
91
-127
277
253
-36
294
-545
347
29
328
4
136
415
-439
377
252
-28
592
-51
560
-125
444
92
66
439
-417
672
-370
358
-100
107
352
-122
151
-309
496
-499
595
120
-313
557
-114
401
-439
736
-15
112
243
-147
603
-253
710
-45
410
291
212
335
-121
629
-147
7
-30
38
11
82
27
-208
543
-371
60
24
221
-144
313
46
-132
607
-529
671
-270
-267
484
-490
900
-14
117
394
-419
814
-187
628
157
-80
766
-49
583
406
319
344
-300
541
153
102
537
-27
-80
563
-376
373
180
-345
-106
-121
454
-210
310
29
-64
-150
267
20
404
35
-51
302
-505
795
-36
154
484
-271
825
-48
610
152
67
501
206
228
29
26
19
391
-19
541
171
198
-292
435
1
113
-154
-72
223
-82
426
-400
181
-17
-123
301
-364
14
-68
-71
325
-422
188
-567
358
-103
106
134
-360
1
-289
568
27
51
-305
20
-190
101
42
-410
120
-383
95
319
-47
450
-729
170
-845
-48
269
-501
813
-944
247
-148
-346
324
-481
-508
-296
-105
-56
226
-445
-321
-219
-309
-371
-198
-321
-259
-262
-431
334
-356
-723
-82
-360
-315
-117
-191
-319
-400
-185
-691
-213
-809
297
-692
-186
-90
-565
544
-1010
447
-664
-167
14
-786
321
-214
-351
108
-563
163
-192
-296
-44
-726
144
-392
-345
-49
-766
265
20
-285
9
-219
-184
72
68
72
157
-531
607
-792
224
230
50
408
-885
559
-404
203
-275
-218
-387
-195
211
-320
412
-797
148
-305
-152
381
-193
-46
-516
-6
-370
43
-322
-486
-294
-24
-261
-118
-224
-364
-267
-647
60
-593
322
-327
-244
293
-421
520
-367
107
-47
-105
299
-55
750
-359
472
-253
136
350
-456
876
-449
498
-19
125
279
-367
301
-115
-69
222
-62
476
-111
271
324
-435
-38
-104
-167
-280
216
-398
68
-239
123
-228
-46
63
-435
342
-375
175
64
-15
149
-117
510
145
-48
-436
494
-509
712
-221
-98
261
-821
902
-1124
550
-601
-507
409
-1065
393
-350
-298
-209
-322
42
-337
214
336
-214
275
188
92
122
59
164
62
-106
260
272
-175
273
270
-11
489
149
-33
349
-222
578
-106
492
214
-190
552
-792
305
52
21
-114
-187
-78
270
-203
308
-228
-365
173
-142
468
-46
252
-392
316
296
1
-67
176
-200
997
-234
282
-219
184
383
-469
336
-346
498
279
433
-680
290
-682
326
-163
80
308
-402
595
-544
436
-575
330
242
-55
562
-385
486
271
158
320
-443
368
-176
430
103
-198
843
-827
646
-393
-73
267
-642
785
-461
392
5
-19
225
-153
356
-45
313
20
249
15
94
-225
-240
122
-85
570
-132
-149
223
-125
139
221
-123
355
-17
258
160
-198
148
-458
287
-659
637
-243
-233
451
-739
398
-752
-27
330
-244
223
-461
-202
1
-520
86
-290
-146
-64
-388
-170
-311
67
-756
-417
-85
-684
-51
-760
-79
-351
-224
-41
-448
215
-630
31
-125
-367
437
-478
-103
127
-483
450
-603
538
-91
-120
411
-1077
802
-434
164
187
-1086
1251
-1094
662
-80
-633
681
-977
860
-225
182
207
5
-28
-172
210
30
43
122
-64
163
-225
-62
-177
-160
32
-146
166
-204
-206
431
-433
320
-502
-1
88
-336
587
-896
808
-530
-46
-224
-799
752
-1040
148
-298
-455
405
-1501
1034
-640
269
204
-812
487
-561
294
-435
179
-515
761
-442
-300
396
-216
415
-138
-84
463
-212
365
-163
75
422
-151
344
-32
66
127
392
-398
-42
133
-237
-163
542
-436
391
51
-403
686
-191
-499
422
-459
160
124
76
-100
-26
-595
-109
139
-510
654
-1169
529
-229
-433
765
-1342
1269
-45
-314
159
-696
1040
-575
761
-261
-484
6
-575
565
-144
114
-276
-291
311
-228
626
-591
234
-28
56
-106
377
-157
-440
665
-502
785
-451
18
614
-3
-76
505
-741
1245
-307
208
574
-706
1056
-695
400
168
-110
303
-170
324
-127
31
730
-798
799
-450
84
743
-165
786
-69
555
-289
320
606
-470
479
-150
-16
232
-178
140
79
172
-72
63
389
-39
8
-3
-217
728
-363
644
87
-620
974
-605
137
-20
-976
1482
-530
-337
363
-1048
846
-201
-163
-207
279
-180
427
153
-482
610
-500
520
-384
513
195
-445
992
-1020
1747
-983
337
241
-1316
1761
-756
478
121
-878
543
-142
233
-136
-100
472
-922
574
-193
-34
882
-180
-147
-74
-246
91
86
572
-508
204
143
-116
204
-650
-208
-168
70
-122
418
41
71
241
-118
143
757
-731
-151
210
-52
-48
-22
63
-219
83
-894
-74
-396
-377
-51
-45
35
269
-304
-397
-12
-426
583
-65
200
776
-3
-48
-11
172
351
27
51
124
-194
796
-160
216
-66
-434
235
-275
-241
264
-374
-161
74
-410
344
-444
231
41
-106
241
-221
303
302
354
125
-143
544
-290
258
288
-607
583
23
-120
483
-249
154
13
88
99
215
-36
185
351
-52
218
25
227
-99
-213
249
220
220
414
-167
140
99
-27
379
-45
-29
333
35
-189
440
56
-96
345
-162
-33
158
260
67
245
-186
151
418
9
395
-89
200
50
64
-8
263
101
-66
347
-191
-24
34
-131
-33
-2
-308
-362
-367
-144
-91
51
-418
-254
-746
-614
-455
-284
-237
-462
-173
-457
-168
-104
-392
-386
-266
-716
-120
-203
-219
189
-184
-218
-64
-4
-40
1
-82
226
133
82
353
203
271
406
316
390
311
664
592
726
761
319
672
585
761
658
993
648
774
601
610
729
758
734
397
630
406
617
110
115
437
-179
46
-106
-373
-139
-663
-619
-592
-965
-676
-1522
-1112
-1220
-1095
-1149
-1564
-1873
-1959
-2214
-2187
-1856
-2396
-2092
-2724
-2525
-2705
-2614
-2436
-1997
-1854
-1200
-749
-251
47
-284
679
741
1436
2124
3018
3546
3938
4019
4130
4591
4114
3990
4086
3836
3781
3168
2872
2738
1726
976
384
-108
-650
-1163
-1414
-1900
-1956
-2773
-2995
-3050
-3466
-3077
-3150
-2980
-2477
-2240
-1740
-1707
-1206
-710
-648
-138
214
893
1417
1928
2645
3129
3033
3274
3094
3226
3554
3598
3892
3358
3452
2910
2748
2220
1554
1381
656
539
-60
-144
-563
-1181
-1637
-2223
-2445
-2690
-3102
-2939
-3104
-3414
-3490
-3876
-3791
-3971
-4169
-4328
-4235
-4495
-5014
-4980
-4727
-3836
-3328
-2501
-1715
-1003
-352
-451
-1
1176
1910
3180
4313
5435
6506
6673
6522
6784
6968
6119
6254
6055
6241
5519
4704
3881
2942
1698
417
-244
-1077
-1825
-2190
-3037
-3209
-3737
-4676
-4822
-5378
-4978
-4707
-4344
-3687
-2932
-2585
-2349
-2055
-1159
-996
-197
595
997
2242
2350
2830
3521
3441
3991
3826
4344
4842
4564
4547
3944
3866
3392
3033
2655
2534
2003
1241
883
321
-560
-786
-1259
-1429
-1866
-2120
-2314
-2622
-2964
-3095
-3272
-3309
-3435
-3788
-3957
-4502
-4311
-4458
-4393
-5025
-5234
-5728
-5944
-5472
-4323
-3374
-2025
-1357
-1030
-723
-1212
173
1579
3206
4861
6137
7084
7517
7167
7098
7432
7109
6810
6848
6925
6416
5661
4310
3044
1652
137
-868
-1336
-1970
-2794
-3729
-4728
-5141
-5898
-6382
-6283
-6140
-5579
-5236
-4638
-4059
-3437
-3120
-2824
-1816
-1122
154
834
1427
2435
2588
2842
3040
3598
3807
4142
4224
4499
4850
4369
3947
3617
2982
2739
2417
2250
1982
1364
965
-46
-272
-835
-1132
-1428
-1800
-1889
-2197
-2713
-2824
-3021
-3220
-3397
-3928
-3653
-3987
-4282
-4803
-5168
-5186
-5226
-5453
-5959
-6318
-6060
-5833
-4590
-2738
-1823
-1061
-1167
-1226
-372
989
2852
4717
6335
6799
7530
7579
7328
7969
7443
7522
7240
7149
6886
5785
4408
3082
1581
130
-1010
-1506
-2198
-3190
-4266
-5234
-6012
-6646
-6816
-6709
-6194
-5765
-5334
-4857
-4084
-3661
-2910
-2276
-1445
-48
790
1765
2471
2884
3209
3475
3953
4442
4804
5089
5295
4942
4961
4490
4216
3868
3331
3125
2782
2493
1956
1407
513
-61
-784
-1089
-1301
-1459
-1922
-2464
-2832
-3197
-3258
-3352
-3071
-3299
-3798
-3937
-4180
-4350
-4866
-5329
-5154
-5398
-5025
-5823
-6088
-6160
-5629
-4682
-3107
-1351
-678
-311
-897
-14
1772
3441
5266
7223
8105
8717
8648
8392
9087
8934
8571
8538
8303
8003
6580
5155
3719
2229
689
-835
-1176
-2248
-3220
-4491
-5596
-6195
-6917
-7163
-7119
-6713
-6154
-6001
-5667
-5146
-4446
-3723
-2968
-1546
-384
557
1291
1709
2769
3216
3388
4297
5281
5610
5677
5458
5404
5518
5143
4995
4788
4499
3850
3448
2843
2408
1655
788
290
14
-460
-1202
-1653
-2319
-2772
-3321
-3434
-3512
-3709
-4024
-4584
-4882
-5348
-5445
-5739
-6094
-6619
-6675
-6608
-6567
-6914
-7177
-6330
-5343
-3378
-1871
-1184
-739
-1063
-449
1567
3858
6134
7861
8589
8949
9235
8938
9638
9954
9672
9457
8931
8178
6926
5318
3600
2277
954
-375
-1412
-2538
-4321
-5407
-6921
-7432
-7838
-8001
-7774
-8126
-7626
-7389
-7123
-6494
-5755
-4467
-3509
-2291
-894
-5
872
1211
2053
2995
3906
4718
5818
6239
6089
5874
5667
6006
5971
6032
5781
5151
4413
3516
2860
2621
1994
1596
945
290
-281
-1087
-1808
-2459
-2681
-3100
-3063
-3203
-3682
-4250
-5344
-5868
-6105
-6075
-6205
-6890
-7242
-7625
-7888
-7574
-7919
-7502
-6360
-5235
-3315
-2330
-1573
-1416
-1323
-40
2591
5288
6905
8577
8854
9203
9325
9375
10790
11302
10881
10538
9554
8300
6665
5023
4078
2977
1728
271
-1003
-3248
-4988
-6656
-7766
-7690
-8005
-8173
-8623
-8934
-9180
-8961
-8691
-7531
-6275
-5201
-4121
-3251
-1942
-1318
-368
944
2295
3380
4098
5202
6064
6323
6402
6655
7186
7789
7989
7830
7346
5853
4905
4405
3919
4310
3703
2993
1869
553
-295
-1154
-1450
-1860
-1927
-2527
-3002
-3689
-4276
-5013
-5570
-5879
-5935
-6006
-6779
-7478
-8504
-8706
-8336
-8070
-8115
-7382
-6594
-5111
-3736
-3154
-2242
-2160
-1476
702
3364
5743
7350
8242
8548
9147
9392
10371
11872
12100
11655
10875
9742
8678
7412
6219
5644
4583
3035
1400
-644
-2595
-4193
-5538
-6043
-6137
-6882
-7555
-8587
-9329
-9301
-9070
-8065
-7001
-6217
-5831
-5287
-4478
-3603
-2201
-965
594
1878
2632
3342
4049
4623
5183
5983
6906
7444
7936
7992
7473
6608
5713
5427
5352
5261
4901
4129
2973
1596
765
376
53
-229
-1052
-1922
-2733
-3461
-3874
-4194
-4628
-5167
-5581
-6208
-6531
-7303
-8074
-8353
-8498
-8258
-8464
-8788
-8508
-7654
-6670
-5132
-4025
-3369
-3142
-2799
-1137
1497
3567
5358
6808
7395
7899
8332
9371
10673
11375
11110
10794
10090
9145
8270
7423
6839
5664
4145
2545
884
-799
-2172
-3493
-4243
-4922
-6079
-6964
-7966
-8756
-8806
-8911
-8462
-7764
-7400
-7244
-6821
-6102
-5146
-4191
-2970
-1596
-370
427
1078
2130
3141
4422
5294
6223
6915
7173
7439
7489
7310
7159
7024
6598
6335
5964
4830
4154
3386
2817
2269
1294
440
-654
-1696
-2610
-2857
-3094
-3461
-4353
-5600
-6204
-6925
-7297
-7185
-7555
-7911
-8362
-8801
-9071
-9404
-9220
-8289
-7133
-5549
-4298
-3947
-3826
-3795
-2821
-517
2331
4347
5911
6541
6512
7021
7748
9739
11339
12000
11799
10677
9602
8552
8133
8368
8237
7039
5110
2832
628
-804
-1517
-2083
-2521
-3861
-5624
-7228
-8518
-8869
-8768
-8340
-8034
-7917
-8240
-8346
-7970
-7045
-5888
-4596
-2964
-2012
-1223
-980
-105
1565
3267
4778
6266
7286
7451
7548
7612
8242
8776
8874
8914
8739
7983
7002
6289
5824
5287
4511
3468
2261
779
-504
-1304
-1825
-2124
-2894
-4072
-5476
-6547
-7142
-7193
-7120
-7210
-7754
-8688
-9124
-9125
-8625
-8718
-8754
-8384
-7386
-6368
-5320
-3981
-3395
-3085
-2936
-1304
1241
3358
4974
5832
6388
6623
7542
9124
11191
12331
11857
11288
10150
9483
9380
9574
9657
8576
6625
4412
2611
1271
579
77
-831
-2323
-4304
-6169
-7280
-7855
-7813
-7836
-8126
-8600
-9317
-9539
-9362
-8336
-7124
-5964
-5145
-4384
-3597
-2871
-1612
105
1932
3382
4483
5485
6384
6732
7408
7976
8683
8996
9094
9299
8962
8474
7630
7100
6428
5600
4773
3613
2375
1188
-100
-937
-1790
-2863
-3964
-5093
-6012
-6631
-7133
-7542
-7970
-8428
-8845
-9053
-8918
-8446
-8076
-7896
-7671
-7615
-7291
-6584
-5285
-4216
-3074
-2405
-1882
-945
-380
1184
2895
4341
5247
5827
6399
7157
7933
8672
9594
9680
9250
8743
8178
7685
7374
6849
6254
5129
3642
2471
1315
224
-1008
-2073
-3218
-4537
-5392
-6375
-7009
-7619
-8209
-8284
-8563
-8509
-8383
-7870
-7222
-6542
-5709
-4993
-4316
-3275
-2099
-563
834
1923
2726
2986
3596
4431
5374
6321
7199
7569
7686
7393
7127
7136
7055
6823
6513
5817
4757
3795
3026
2233
1425
446
-804
-2029
-3228
-3927
-4568
-5215
-5846
-6588
-7319
-7789
-7834
-7607
-7431
-7066
-6832
-6672
-6424
-6010
-5234
-4462
-3595
-2922
-2337
-1913
-1273
-286
923
1674
2287
2918
3180
3436
3941
4645
5251
5524
5479
5536
5432
5306
5211
5270
5106
4714
4027
3554
3153
2502
1948
1177
407
-618
-1278
-1835
-2389
-2952
-3750
-4164
-4546
-4747
-4663
-4448
-4010
-3735
-3798
-3523
-3064
-2224
-1534
-652
309
831
1127
1417
2086
2627
2898
3208
3657
3933
4214
4448
4481
4522
4230
4061
3974
4009
3769
3227
2874
2336
1953
1343
909
273
-512
-1152
-1789
-2194
-2443
-3023
-3571
-3902
-4272
-4321
-4282
-4192
-4114
-4249
-4375
-4188
-3808
-3316
-2775
-2264
-1828
-1395
-986
-369
304
930
1517
1978
2451
2770
2954
3071
3401
3693
3789
3643
3289
2889
2544
2231
2093
1948
1496
990
407
-393
-962
-1549
-1792
-2145
-2556
-2995
-3447
-3747
-4005
-4006
-4023
-3895
-3759
-3303
-2743
-2260
-1816
-1309
-871
-218
606
1490
2390
3029
3331
3668
3982
4168
4524
4799
4964
5024
5009
4812
4663
4548
4206
3926
3574
3097
2643
1894
1324
833
207
-314
-905
-1618
-2182
-2831
-3344
-3742
-4221
-4611
-4989
-5241
-5361
-5412
-5338
-5155
-5013
-4895
-4519
-4202
-3663
-3095
-2711
-2125
-1409
-713
270
1152
1815
2271
2504
3048
3605
4348
4868
5191
5262
5089
5015
4951
4937
4753
4357
3789
3144
2611
1898
1134
390
-453
-1313
-2017
-2721
-3390
-4145
-4954
-5607
-6069
-6386
-6589
-6699
-6704
-6601
-6570
-6011
-5427
-4672
-3970
-3292
-2496
-1739
-909
168
1317
2153
2937
3587
4107
4645
5184
5639
6208
6492
6696
6647
6509
6352
6142
5841
5516
5078
4471
3824
3173
2481
1568
623
-201
-865
-1711
-2350
-2819
-3567
-4272
-4901
-5408
-5793
-6133
-6258
-6363
-6468
-6596
-6586
-6281
-5803
-5358
-4789
-4271
-3657
-2986
-1967
-947
-17
917
1552
2325
3028
3873
4746
5360
5919
6307
6476
6701
6699
6782
6609
6201
5789
5271
4973
4366
3587
2666
1632
668
-48
-640
-1365
-2182
-3225
-4229
-5090
-5516
-5921
-5958
-5983
-6125
-6172
-6286
-6070
-5748
-5156
-4480
-3888
-3232
-2508
-1899
-1155
-331
397
1094
1811
2305
2921
3569
4061
4537
4959
5349
5577
5732
5714
5725
5509
5283
4994
4794
4449
3940
3293
2551
1845
987
412
-68
-663
-1328
-1957
-2755
-3397
-4028
-4461
-4717
-5155
-5378
-5637
-5711
-5742
-5573
-5133
-4853
-4456
-4166
-3615
-2880
-2318
-1499
-730
-95
617
1223
1997
2632
3214
3790
4211
4614
4963
5181
5433
5306
5067
4935
4771
4608
4475
4084
3510
2817
1954
1391
924
583
7
-627
-1578
-2348
-2990
-3297
-3373
-3466
-3448
-3731
-4069
-4303
-4238
-4045
-3672
-3300
-2873
-2425
-2134
-1665
-1172
-747
-335
63
669
1136
1706
2111
2647
3128
3314
3769
3995
4118
4096
4027
4003
3909
3740
3557
3311
2834
2182
1580
1061
720
272
-249
-646
-1294
-1970
-2550
-3038
-3441
-3761
-4111
-4235
-4323
-4509
-4605
-4498
-4354
-4158
-3871
-3564
-3053
-2723
-2167
-1576
-1066
-466
-109
354
902
1417
2027
2560
2827
3022
3128
3234
3400
3598
3613
3599
3326
3043
2842
2477
2186
1911
1641
1216
760
325
26
-382
-854
-1218
-1503
-1850
-2081
-1980
-1997
-2160
-2409
-2745
-2824
-2807
-2633
-2253
-1962
-1803
-1665
-1578
-1367
-1075
-780
-258
40
307
716
1097
1472
1837
2172
2508
2703
2832
3087
3130
3093
3106
3018
2856
2603
2231
1731
1191
771
315
62
-284
-647
-1137
-1838
-2443
-2960
-3265
-3566
-3716
-3822
-4022
-4160
-4258
-4150
-3815
-3566
-3256
-2942
-2533
-2139
-1663
-1101
-680
-226
60
451
964
1454
2063
2425
2611
2692
2686
2741
2929
3086
3126
2947
2818
2454
2215
2003
1895
1757
1467
1029
414
44
-326
-567
-711
-949
-1163
-1382
-1581
-1595
-1624
-1619
-1732
-1893
-2006
-2007
-1966
-1680
-1398
-1214
-1069
-1019
-961
-748
-461
-97
193
614
912
1203
1454
1717
2149
2378
2612
2848
3100
3104
3065
3065
3031
2774
2562
2230
1816
1398
901
579
275
-99
-466
-933
-1482
-1973
-2552
-2941
-3156
-3248
-3409
-3527
-3654
-3639
-3460
-3256
-2871
-2586
-2314
-2008
-1720
-1260
-615
-125
348
700
1010
1449
1883
2350
2758
2887
2892
2941
2964
3131
3211
3210
3074
2811
2484
2313
2198
1956
1749
1356
987
623
387
130
-123
-390
-675
-929
-1205
-1409
-1650
-1855
-1987
-2135
-2155
-2085
-2161
-2126
-2088
-1975
-1758
-1513
-1376
-1173
-957
-755
-482
-27
378
794
1275
1566
1857
2006
2234
2520
2717
2871
2993
3046
3060
2893
2566
2287
1860
1500
1239
929
644
82
-427
-1000
-1473
-1903
-2373
-2612
-3048
-3352
-3517
-3641
-3601
-3676
-3636
-3369
-3221
-2925
-2606
-2324
-2011
-1712
-1228
-681
-212
263
708
1071
1397
1708
2018
2297
2578
2762
2761
2879
2775
2724
2560
2422
2387
2199
2055
1775
1417
972
662
411
231
91
-162
-570
-880
-1177
-1335
-1470
-1587
-1742
-1903
-1964
-2005
-2067
-2078
-1943
-1894
-1706
-1514
-1336
-1160
-1140
-1068
-811
-559
-114
293
616
1002
1335
1602
1828
2057
2293
2543
2686
2858
2917
2965
2880
2749
2649
2425
2159
1834
1440
1041
652
160
-279
-875
-1354
-1877
-2355
-2673
-3065
-3336
-3660
-3984
-4170
-4224
-4076
-3783
-3668
-3523
-3384
-3126
-2809
-2252
-1581
-1089
-543
-158
314
809
1149
1581
1904
2185
2633
2954
3238
3405
3379
3359
3194
3071
2999
3020
2821
2495
2080
1670
1344
1082
940
586
227
-183
-577
-1002
-1277
-1470
-1722
-1886
-2110
-2329
-2520
-2694
-2734
-2706
-2609
-2508
-2425
-2310
-2269
-2098
-1904
-1594
-1081
-727
-366
1
403
941
1292
1675
2080
2396
2704
3040
3292
3488
3594
3504
3520
3525
3365
3245
2896
2432
2038
1510
1136
734
236
-321
-1023
-1639
-2086
-2409
-2761
-3085
-3348
-3708
-3910
-3909
-3874
-3756
-3697
-3509
-3273
-3027
-2623
-2205
-1687
-1134
-634
-292
24
363
622
966
1397
1856
2200
2390
2436
2559
2597
2659
2888
3016
3104
3107
2873
2709
2466
2333
2161
1944
1715
1406
1119
725
458
150
-166
-475
-789
-1053
-1395
-1754
-2018
-2214
-2342
-2463
-2510
-2431
-2441
-2536
-2507
-2385
-2131
-1815
-1518
-1120
-797
-502
-106
254
650
1054
1527
1963
2277
2600
2754
2952
3152
3195
3318
3234
3029
2867
2590
2412
2132
1771
1302
802
228
-265
-630
-1040
-1290
-1636
-2008
-2318
-2559
-2736
-2864
-2906
-2873
-2867
-2678
-2551
-2360
-2183
-1908
-1527
-1202
-857
-709
-472
-308
-12
501
901
1356
1568
1607
1732
1774
1980
2198
2334
2394
2374
2244
2038
1900
1799
1630
1407
1228
988
751
305
-40
-284
-556
-748
-928
-1049
-1291
-1714
-1980
-2081
-2105
-2056
-2014
-1951
-2017
-2144
-2133
-1993
-1782
-1638
-1477
-1241
-980
-653
-435
-218
25
238
619
1086
1520
1897
2059
2158
2332
2400
2568
2637
2636
2568
2342
2059
1819
1668
1458
1257
759
263
-198
-690
-1123
-1357
-1669
-1981
-2328
-2621
-2771
-2943
-2955
-2910
-2782
-2771
-2643
-2506
-2273
-1918
-1575
-1347
-1050
-775
-516
-60
377
839
1167
1385
1453
1536
1663
1917
2117
2224
2243
2130
2002
1850
1753
1676
1541
1240
1025
779
522
217
-106
-274
-563
-818
-1018
-1181
-1412
-1694
-1898
-2018
-2091
-2073
-2036
-2106
-2145
-2265
-2200
-2048
-1780
-1465
-1302
-1134
-1031
-902
-564
-225
141
565
877
1188
1396
1666
1938
2174
2410
2604
2721
2729
2704
2709
2657
2516
2311
2027
1806
1452
1090
673
220
-340
-891
-1253
-1516
-1783
-2035
-2314
-2587
-2798
-2966
-2939
-2846
-2751
-2719
-2610
-2414
-2093
-1842
-1621
-1364
-1116
-771
-393
4
424
799
1019
1271
1500
1711
1925
2125
2314
2413
2494
2522
2502
2523
2430
2302
2095
1892
1728
1472
1265
1009
757
467
99
-200
-541
-830
-1107
-1319
-1465
-1619
-1687
-1782
-1914
-2076
-2216
-2240
-2166
-2076
-1880
-1736
-1640
-1504
-1287
-984
-700
-380
20
423
648
941
1260
1616
1971
2397
2708
2878
2975
2977
3062
3143
3181
3155
3019
2817
2515
2060
1735
1319
837
413
-57
-390
-711
-1090
-1432
-1769
-2140
-2440
-2661
-2812
-2867
-2938
-2965
-2835
-2727
-2652
-2540
-2373
-2112
-1820
-1483
-1121
-717
-443
-163
195
485
836
1126
1306
1499
1697
1882
2048
2251
2365
2444
2378
2212
2064
1934
1817
1662
1483
1242
978
668
396
86
-156
-380
-674
-965
-1220
-1423
-1597
-1729
-1902
-2075
-2192
-2328
-2326
-2306
-2383
-2309
-2186
-2066
-1868
-1680
-1418
-1140
-890
-547
-184
159
454
709
1038
1361
1648
1937
2159
2371
2469
2513
2564
2586
2590
2468
2234
1935
1627
1227
847
524
256
-18
-365
-734
-920
-1222
-1484
-1754
-1944
-2085
-2256
-2301
-2223
-2157
-2239
-2225
-2208
-2046
-1856
-1592
-1366
-1152
-1013
-880
-673
-369
-22
275
475
566
663
785
961
1116
1278
1308
1278
1234
1231
1267
1233
1138
1014
819
647
578
444
356
151
9
-149
-384
-517
-619
-694
-864
-1052
-1211
-1342
-1385
-1400
-1384
-1394
-1467
-1458
-1439
-1296
-1169
-996
-812
-782
-672
-432
-203
60
279
543
816
962
1200
1401
1574
1663
1716
1763
1725
1772
1686
1582
1493
1290
1075
834
607
343
135
-60
-231
-340
-565
-767
-959
-1201
-1396
-1521
-1489
-1391
-1269
-1206
-1143
-1125
-1049
-882
-678
-416
-240
-48
100
243
402
645
813
961
1090
1152
1224
1292
1356
1393
1376
1276
1187
1049
886
774
696
614
459
212
57
-137
-293
-379
-428
-481
-641
-782
-915
-982
-924
-942
-882
-885
-921
-825
-848
-773
-746
-636
-579
-427
-335
-202
-35
88
270
420
627
802
952
1078
1322
1436
1630
1793
1881
1967
1942
1938
1893
1803
1744
1661
1554
1359
1066
752
354
15
-288
-550
-685
-933
-1120
-1313
-1592
-1786
-1926
-2053
-2082
-2020
-1957
-1820
-1640
-1438
-1274
-1122
-901
-664
-348
-35
259
551
778
946
1070
1303
1586
1788
1940
2026
2036
1997
1877
1845
1788
1631
1435
1183
964
748
612
488
338
79
-162
-398
-642
-795
-934
-1048
-1210
-1366
-1448
-1586
-1723
-1781
-1806
-1811
-1848
-1841
-1842
-1756
-1691
-1609
-1456
-1323
-1221
-1068
-804
-487
-174
33
266
496
736
972
1255
1548
1739
1928
1991
2068
2094
2051
2010
1982
1976
1839
1500
1156
829
475
228
-33
-341
-702
-1115
-1461
-1761
-2052
-2278
-2433
-2527
-2607
-2638
-2669
-2622
-2566
-2440
-2301
-2105
-1848
-1614
-1331
-1153
-797
-516
-257
22
267
542
705
943
1122
1309
1430
1525
1610
1678
1716
1663
1576
1500
1432
1386
1266
1167
994
822
631
449
269
72
-138
-348
-512
-650
-814
-1008
-1186
-1339
-1482
-1579
-1671
-1760
-1853
-1871
-1913
-1906
-1785
-1588
-1137
-962
-736
-771
-866
-642
-482
-150
151
651
1043
1320
1559
1576
1615
1599
1612
1773
2006
2233
2366
2319
2225
2038
1790
1597
1424
1224
939
719
542
254
26
-255
-538
-818
-1124
-1233
-1310
-1368
-1463
-1424
-1439
-1405
-1351
-1357
-1244
-1194
-1044
-831
-559
-301
-60
142
289
430
564
778
1006
1156
1254
1309
1393
1364
1411
1365
1382
1396
1312
1301
1197
1167
1000
852
746
694
610
464
353
251
171
11
-44
-121
-253
-457
-647
-716
-750
-815
-886
-982
-1067
-1132
-1083
-989
-880
-829
-824
-771
-726
-559
-359
-92
138
250
382
563
771
939
1067
1231
1381
1451
1468
1490
1488
1409
1303
1206
1140
1021
896
712
580
394
188
20
-189
-314
-520
-661
-714
-828
-813
-865
-859
-854
-872
-834
-768
-715
-652
-504
-416
-301
-229
-152
-80
18
130
257
294
312
279
259
338
456
564
619
619
610
519
373
349
422
445
405
316
224
125
63
90
70
40
-47
-203
-355
-537
-684
-649
-656
-639
-716
-831
-871
-983
-963
-920
-792
-757
-685
-600
-682
-550
-506
-395
-113
-42
115
227
171
333
380
461
703
803
986
789
696
509
386
384
388
400
280
273
43
-189
-339
-508
-544
-626
-645
-774
-776
-914
-963
-890
-883
-803
-822
-847
-863
-846
-829
-560
-494
-266
-42
-118
25
-78
31
47
154
323
266
500
429
633
812
563
518
318
182
285
171
386
455
470
132
13
-156
-380
-227
-259
-144
-31
-101
-490
-463
-729
-768
-691
-533
-433
-532
-446
-698
-512
-817
-597
-748
-689
-411
-580
-54
-183
94
-18
-19
74
175
337
495
739
1012
1019
1206
504
934
1072
611
1435
582
992
1245
802
643
561
172
-25
72
-283
-230
-199
-411
-780
-784
-949
-1283
-1066
-1285
-1067
-1001
-786
-739
-524
-749
-768
-612
-502
-221
-132
507
228
508
580
738
900
1075
763
1065
838
985
1128
1109
1451
934
1072
820
786
690
535
603
746
576
753
39
280
71
-239
368
-201
404
-148
-135
-148
-832
-174
-687
-432
36
-539
34
-159
-437
-303
-153
-605
-247
-226
-420
228
213
611
170
622
285
138
1164
331
1234
1299
555
1414
817
1032
1316
1338
960
1363
695
180
1037
12
994
284
84
-8
-437
-399
-765
-423
-704
-827
-565
-1594
-679
-1292
-1078
-697
-1395
-457
-1529
-661
-1222
-506
-524
-825
170
-559
406
-132
199
-80
154
931
-56
1375
574
450
1422
483
730
1136
246
525
1049
449
971
620
915
55
828
169
342
804
-289
268
-506
48
-288
88
-43
-589
-420
-761
-529
-684
-296
-770
-284
-915
-796
-781
-744
-249
-472
-257
-752
101
-523
16
-239
-6
537
-42
1144
154
639
658
456
1049
624
1060
669
1114
540
459
836
330
313
639
168
329
124
-310
-355
57
-779
-386
-493
-504
-690
-960
-931
-1561
-824
-1091
-1016
-589
-851
-1203
-433
-1360
-335
-878
-771
118
-772
435
-535
-27
209
-276
719
633
89
879
354
686
1134
-97
434
105
1091
486
1074
508
-328
880
23
453
735
104
295
222
-812
440
-170
-10
159
-346
-616
-329
-507
-523
-158
-979
-515
-627
-393
-682
-255
-541
-1009
246
-931
-231
104
-1149
-77
-397
350
-170
427
157
-179
1056
-282
444
828
49
606
394
-16
771
582
484
467
-70
614
-13
310
105
-899
721
-466
352
-98
-688
98
-568
-104
-1188
-671
-625
-598
110
-550
-812
-278
-1087
-659
40
-634
66
-89
87
467
231
-61
-102
213
411
411
564
273
326
221
614
236
172
473
44
570
252
-71
245
108
395
45
113
34
-116
306
-129
142
-151
-248
-366
-258
52
-267
-269
-534
-502
-669
-856
-322
-452
-216
-111
-697
-806
-440
-800
-115
-672
75
-54
-262
110
-713
29
-509
-73
344
-64
301
-415
-8
479
-87
357
-303
-192
-386
-213
-62
-165
-232
-152
-512
-110
-756
-538
-573
-950
464
-735
-230
-295
-797
94
-915
-408
-697
0
-279
-150
262
-609
399
111
-475
356
-292
-311
675
-540
537
-362
56
-348
-61
419
-634
965
-478
249
223
-671
267
-402
734
5
516
856
-362
460
182
64
530
-10
311
81
434
-295
-212
312
-860
654
-738
304
217
-418
640
-134
695
-147
625
399
149
1174
169
944
875
423
1170
616
923
650
647
665
-131
851
122
-91
673
-425
717
-64
-263
139
-947
26
-248
-40
51
-412
263
-184
88
280
-616
119
149
-105
674
-7
291
433
448
300
277
236
-287
591
341
878
386
536
433
171
460
239
529
513
360
503
685
-88
1140
233
276
656
-77
470
412
17
804
-266
1079
-765
609
122
-772
938
-1606
663
-353
-56
193
-146
-194
-606
200
-499
137
183
-242
556
133
349
635
100
706
-44
863
311
271
671
221
752
223
663
173
464
94
40
519
104
423
-113
227
-291
-353
-388
-508
-368
-77
-617
-243
-1023
-343
-591
-1114
-42
-1302
118
-1045
-448
-494
-1053
-187
-874
-77
-979
-412
-438
-417
141
-699
-46
-397
-166
-145
-31
-192
55
416
-571
1002
-597
341
427
-747
1037
-357
606
-315
-195
-23
-92
362
-936
843
-844
-24
-208
-1419
302
-792
-494
-642
-1008
-875
-737
-671
-1041
-808
-903
-554
-767
-589
-1109
-666
-358
-796
-466
-375
-330
-390
159
-598
94
-324
-174
-306
479
-60
501
499
-430
718
-341
409
-34
629
-186
392
42
-341
609
-531
408
-282
-802
-189
-1343
4
-730
-608
-97
-1181
-155
-1271
-548
-1057
-666
-552
-1125
43
-906
-299
-490
-514
-208
-206
-511
-744
-431
-809
513
-911
947
-574
-361
501
-1266
1015
-1078
390
90
-203
856
-463
788
-406
637
355
348
269
-71
-311
279
-211
-246
66
-1112
169
-1205
-87
-579
-917
-655
-1520
-254
-1846
-59
-827
-1084
168
-1247
466
-772
87
52
-177
531
190
868
-195
1092
392
274
1065
249
990
1024
491
831
750
433
1162
476
399
438
226
535
284
69
-2
276
-238
332
168
53
139
-163
65
42
-546
-184
-312
122
174
-166
151
-50
-60
-364
135
-67
-137
750
-370
430
-553
429
-439
41
684
-601
1530
-487
422
179
103
840
661
779
731
428
621
862
545
692
889
453
714
918
191
901
320
27
841
-123
312
433
-298
365
-193
125
-346
549
-366
342
-8
-338
215
-115
527
48
749
-457
710
105
-299
1472
-195
1190
255
518
726
304
826
155
1075
396
577
890
727
303
1069
-355
630
757
-34
1004
-138
696
-394
380
-365
249
147
-193
223
-275
124
-369
600
-941
298
-527
-627
1015
-1148
389
-507
-12
-171
-191
-75
-634
859
-118
251
289
-207
101
206
-29
-91
770
-392
575
155
-164
699
-443
120
-159
378
76
477
-232
-165
226
-367
101
69
-402
45
97
-621
330
-505
-646
191
-1029
325
-89
-415
68
-554
69
-30
-145
-194
56
-319
280
58
225
119
274
73
-204
549
-277
262
210
-283
524
-178
-187
-98
-435
-310
-305
-255
-284
-191
-438
-100
-888
43
-860
-501
15
-1167
664
-910
-384
140
-680
11
-95
-354
-72
-97
-466
-525
525
-729
-207
159
-708
529
-826
-293
-2
-77
-25
-1
-39
-293
268
-25
-174
257
139
-171
195
27
-466
-199
-303
-490
158
-661
-491
-88
-740
-561
-597
-757
-259
-539
-384
-284
-457
-268
-707
-577
-572
-519
-377
-397
73
-361
33
-760
364
-232
-250
515
-362
530
91
310
620
331
132
537
-245
395
197
49
474
-87
372
63
-358
-43
-764
-135
-609
-140
-431
-640
129
-906
23
-510
-191
151
-325
239
-293
155
180
79
410
548
207
643
317
-26
898
2
764
636
51
833
290
850
452
362
281
-73
703
147
1006
121
458
-98
447
322
-336
705
-635
557
-70
-377
219
-696
16
140
-439
581
-969
-96
-557
-503
417
-588
340
-412
-303
362
-396
794
450
313
337
58
852
21
1474
122
1159
912
278
1327
111
1187
763
241
1337
-43
1143
656
115
845
-213
855
-253
999
15
227
290
-454
201
-335
251
-677
36
-675
-670
309
-711
-196
-493
-443
-251
-272
-139
-861
627
-362
-208
926
-1049
908
262
-210
379
442
-128
670
949
-369
1975
-125
677
738
278
1248
452
927
140
1127
219
428
671
136
201
6
-86
-216
140
-460
9
-291
-616
-307
-623
-674
-643
-586
-522
-734
-286
-1036
6
-349
-811
431
-1073
176
-333
70
226
21
981
170
1053
329
210
1261
-82
1567
490
793
1093
-18
1297
-227
677
-140
214
587
-573
590
-774
-688
71
-850
-179
-966
-285
-1034
47
-1160
-715
-555
-1175
483
-992
-235
-692
-661
-240
-226
-452
-74
-556
-370
-216
339
73
47
493
-193
1112
-387
400
567
239
1280
12
924
170
997
318
-59
1184
-523
769
217
-98
536
109
55
117
372
-684
32
-148
-1227
137
-673
-746
482
-1039
-348
-693
-875
-881
-880
-561
-691
241
-64
-262
-152
-363
-481
515
-394
416
577
318
470
436
495
149
744
550
-202
1219
-308
400
746
-598
1168
-218
227
218
-516
124
-170
172
202
-241
217
-424
-459
543
-668
70
-362
-967
30
-118
-488
-138
280
-786
345
-223
-994
395
-415
-423
587
-543
93
136
-83
677
405
-111
462
20
399
930
-126
664
602
260
873
427
155
704
35
619
625
110
-68
-245
272
-462
369
-78
-137
186
-1069
-172
-156
-26
-60
5
-603
-116
47
-878
155
-221
-60
440
-304
408
148
-207
526
186
-1
437
210
353
494
219
-416
1213
79
265
709
-195
68
-32
328
-395
996
-377
302
259
-152
-251
-836
81
-415
428
-376
178
-58
-168
342
-792
383
-530
380
172
74
883
-93
257
203
269
405
282
204
554
-101
819
93
583
562
-603
792
-578
-1
367
-634
614
-294
698
-202
103
226
-612
233
-531
53
-212
-15
-195
-170
-405
-122
61
-1065
449
-1094
24
-26
-728
593
-942
389
-465
-477
-33
-288
-75
395
56
-55
374
78
89
677
-113
-105
949
-847
925
65
32
572
-393
338
-254
78
-218
-41
-334
-452
-47
-820
-110
-711
-978
151
-1447
-106
-405
-1418
335
-1571
146
-699
-726
11
-1293
20
-1176
207
-408
-207
27
-523
136
-76
55
-388
514
270
-220
409
0
280
1021
-63
222
153
-94
573
216
312
86
101
-184
221
131
-506
654
-704
-156
-14
-1344
399
-898
-424
-161
-745
-219
-993
-55
-1137
-121
-752
-630
104
-881
705
-845
254
104
200
256
113
546
167
846
712
515
616
620
338
938
632
330
393
466
537
395
775
57
262
133
-357
354
-315
103
4
-681
240
-827
390
-774
-350
50
-945
-11
-604
-104
-76
34
189
-587
424
-730
93
445
-509
894
-197
401
528
-127
857
116
640
802
157
557
739
536
572
860
819
282
991
212
267
1050
-12
675
175
451
133
651
263
-136
362
-557
216
301
-169
-102
345
-463
-42
-108
-622
-168
-55
-632
-69
-254
-265
21
143
2
213
38
6
326
791
301
519
832
404
942
506
547
715
672
753
924
165
974
89
475
168
213
142
-159
97
-189
362
-347
-146
-266
-541
-180
-184
-538
-355
-84
-1056
-261
-638
-312
-554
-292
-180
-952
552
-612
-114
538
-607
457
-149
-46
185
-59
776
-260
877
33
-132
759
-623
746
284
101
505
-433
436
-152
291
-306
-91
-24
-887
86
-602
-25
-9
-97
-639
-168
-707
-258
-663
-1174
122
-630
-193
-616
-1004
-440
-446
-312
-110
-517
-222
-692
-194
-374
-320
-245
-308
24
-725
165
-351
-214
296
-407
143
-31
-422
-12
-828
-154
-436
-296
78
-265
-260
-708
-287
-1194
-33
-690
-1000
158
-1347
-61
-1121
-583
-752
-503
-361
-1117
262
-1126
257
-525
-747
8
-711
227
-548
-51
-682
-321
-149
-843
208
-462
-438
-257
-423
-208
-389
48
-996
254
-85
-551
173
-668
-20
-144
-174
-124
-217
-180
-216
-623
-29
-597
33
-126
-1061
-191
-1154
-495
-672
-469
-913
-225
-337
-640
-237
-1029
-379
-358
-294
-17
-196
-184
-300
120
96
-124
783
-468
889
188
259
260
-32
473
-130
491
33
506
49
-166
113
-280
8
-86
-461
-64
264
-538
38
-120
-822
471
-1007
-270
14
-346
-50
-230
505
-200
615
-221
226
310
4
605
376
727
590
292
749
405
379
1166
-58
791
763
12
833
417
554
736
651
274
306
318
-102
686
1
22
663
80
427
-346
252
-469
214
-65
-317
540
-580
554
-381
362
41
-155
212
-178
685
327
889
-87
938
540
541
993
252
1257
575
1233
624
821
1226
251
1165
769
624
911
484
211
915
254
343
783
-73
323
4
64
86
175
-56
-404
-32
42
-66
110
225
-503
-156
-113
-348
466
-552
418
-500
-32
266
-485
559
-609
483
-275
-204
512
-232
289
-282
35
419
-6
243
256
375
222
342
742
14
293
659
-229
790
86
-146
243
-73
-16
-26
-176
-277
-90
73
-836
295
-153
-399
47
-854
257
-460
-143
-158
-709
610
-793
-166
-24
-740
318
-207
38
-386
339
-568
178
512
-594
455
-105
-86
550
123
264
222
593
105
396
510
50
874
-239
626
203
-390
341
-296
136
-272
-386
-706
-632
-217
-1115
-549
-628
-663
-881
-858
-1093
-695
-443
-1180
-379
-1075
-810
-428
-944
-260
-556
-488
-590
-404
-830
-529
30
-605
37
-205
-306
-349
-79
-842
167
-282
-155
-46
-259
-498
-393
-219
-880
19
-393
-530
-355
-714
-482
-297
-776
-381
-629
-662
-250
-621
-284
-495
-715
-321
-624
-96
-143
-562
-123
-564
-5
-122
-371
33
-370
-124
-229
-175
-142
343
-207
297
-100
107
-52
-260
270
-412
993
-620
315
325
-814
732
-827
50
147
-646
343
-620
45
-626
-22
88
-676
466
-706
199
-36
-325
213
-235
75
112
-74
175
-57
349
-184
-87
437
-400
144
8
-160
512
-111
72
281
-155
104
164
125
-43
478
-221
-14
302
293
296
483
361
4
842
-489
510
481
-185
1264
-244
-60
212
-243
460
169
377
159
170
334
-382
423
-121
142
546
-194
311
499
-76
321
106
-6
529
110
340
326
458
46
698
180
-84
1006
-418
371
826
104
431
453
26
463
700
-212
361
574
70
372
768
277
126
718
-364
299
508
-239
144
268
-422
355
-138
-246
399
-279
-66
-4
83
-234
53
-177
-106
309
84
116
269
298
-138
12
235
44
534
169
271
291
84
78
-76
434
-206
169
297
-125
475
-105
-537
421
-233
-267
227
-635
254
-187
-133
-10
-236
230
-196
22
167
-277
452
-90
-93
394
-147
149
-135
132
120
123
385
208
6
273
409
-265
28
-85
-215
188
-188
89
-12
592
-340
39
607
-631
791
-161
-277
556
-34
281
-157
430
-320
258
89
-668
560
-347
-170
-142
-54
-486
67
-355
-603
-189
-474
-358
17
-162
-562
233
-288
-282
348
-297
14
446
-280
565
-51
142
306
-93
469
26
317
-15
139
356
-530
180
-357
-442
466
-562
-7
-230
-408
-336
-163
-235
-426
277
-422
-124
167
117
-483
360
-140
-690
553
-548
-158
641
-805
44
179
-599
86
3
-351
101
402
-272
48
306
143
-125
723
-276
311
667
-436
259
163
13
259
-43
5
-358
268
-513
-185
141
-869
358
-742
72
-162
-525
303
-722
87
-341
-326
411
-143
18
263
-89
425
29
83
350
286
776
170
551
133
312
526
-489
622
494
47
766
-31
358
85
272
99
33
690
-103
258
340
-247
447
-55
-102
507
-149
67
112
-60
-47
383
63
165
317
-528
242
510
-312
852
55
-60
591
-45
-24
759
591
18
932
312
146
454
77
113
406
124
-183
249
427
-199
1027
-402
47
122
-604
391
-188
358
167
183
-283
274
-586
215
51
107
550
-26
223
-245
97
-4
-80
280
126
-42
188
-367
39
-147
-129
296
-138
168
-142
123
316
101
337
-99
378
141
126
318
492
338
171
510
-310
497
-66
-66
334
106
55
428
-191
-152
22
-207
-34
-470
-31
-576
59
-34
-336
-15
-759
182
-616
-690
139
-946
111
-312
-144
-417
77
-120
-413
315
-384
-293
117
-230
-89
536
-393
345
-89
-153
-89
-353
460
-328
120
135
-410
0
15
-489
-262
-18
-700
-110
-81
-579
-162
-61
-844
95
-237
-734
-115
-404
-407
-50
-410
-343
-133
-301
-144
-664
-41
-460
-284
-146
-385
-176
-124
-452
-119
-456
-205
-240
-119
-292
41
-73
-185
147
-356
241
-408
429
-481
126
-390
-264
272
-598
453
-588
179
-455
-698
196
-615
-113
294
-327
126
-278
-215
-273
-3
130
-287
309
-196
68
80
92
-71
-177
242
-347
-53
5
-251
503
-192
196
32
-174
-31
62
262
-218
931
-103
222
768
-254
828
463
512
322
704
323
490
1105
-60
814
59
252
279
457
269
826
367
230
567
-378
189
-35
281
263
203
-5
-1
300
-142
370
189
-52
698
-32
226
361
397
-60
618
214
61
930
-2
233
585
65
399
718
18
474
771
116
648
420
82
599
246
760
160
784
371
255
350
-89
632
-76
410
280
-149
263
-117
181
55
385
-78
137
284
-165
435
19
-27
317
212
353
183
133
215
118
358
453
214
614
2
494
392
440
234
-39
989
-322
859
238
-49
698
-86
374
21
214
-119
372
282
58
275
-84
51
72
288
7
349
360
-244
634
39
-204
421
32
-350
351
180
-214
416
-208
-122
-17
-70
-570
3
9
-441
145
-398
-297
-303
-274
-163
-361
-190
-275
-244
-307
64
-609
6
-222
-616
-5
-557
-130
-398
-82
-315
-155
-296
-248
-202
-356
-14
-204
-474
-40
-235
-503
-176
-383
-299
-139
-270
-450
-380
-381
-693
-343
-202
-777
-380
-716
-654
-742
-520
-903
-415
-547
-500
-710
-870
-359
-1103
-277
-767
-508
0
-666
-526
-533
-451
-431
-296
-94
-503
100
-281
-427
233
-408
-44
-87
-413
-77
-263
-230
-285
-103
-107
-363
-262
-223
-358
-90
64
-103
-71
-73
-278
-172
-123
-220
-21
52
11
-339
305
-543
-37
-8
-595
312
-397
35
-380
-237
41
-500
205
-179
-362
-29
-332
-215
-101
-39
94
-68
321
205
171
286
178
64
469
-18
105
480
37
339
288
179
-112
567
-411
254
421
-36
565
347
76
337
201
-96
443
327
175
394
144
197
202
-112
250
-79
127
316
-238
290
422
-77
141
-136
-14
-200
14
350
3
391
-17
4
314
-199
397
230
114
363
221
343
216
561
327
227
555
518
232
568
473
524
1065
281
853
148
163
647
-371
914
194
348
515
-39
189
-2
-103
-103
131
-189
128
-169
312
-199
48
-66
-540
413
-188
-36
601
95
155
607
-173
442
558
-186
640
244
640
386
440
474
70
912
-177
306
629
-85
428
333
175
413
261
76
-24
173
142
-99
507
-257
135
235
-271
185
-271
-154
-75
-273
35
34
-408
197
-200
-408
68
-310
-188
159
-346
-111
-194
-246
-147
0
-9
-428
170
-405
-145
54
-443
-250
82
-195
-27
-23
-528
-39
-190
-444
124
-330
-269
125
-224
-233
-103
-212
-163
-73
-199
-379
298
-261
-110
254
-546
59
43
-445
-184
325
-430
111
519
-322
-121
184
-463
-97
296
-724
-27
109
-349
-29
-169
-532
-99
41
-487
54
-395
33
-13
-25
22
-191
89
-77
13
-42
-217
33
-131
-114
-21
-623
-450
-214
-322
-305
-248
-435
-385
-541
-298
-561
-526
-651
-536
-366
-377
-276
-499
-330
-586
-243
-374
-490
-213
-314
-296
-172
-258
-107
-362
-227
-399
-421
-275
-242
5
-66
-335
-457
-307
-362
-254
-431
-244
-430
-169
-421
-419
-81
-396
-292
-245
-321
-346
-244
-321
-258
9
-227
-166
-18
-201
60
-3
82
27
407
163
-65
248
73
179
271
357
159
206
348
255
340
270
-56
55
74
119
118
194
162
-93
479
65
-63
356
-264
190
436
197
400
211
547
61
538
430
127
591
59
505
297
452
370
193
346
193
366
265
515
335
521
414
329
383
579
405
354
511
321
528
387
378
341
421
-24
27
350
217
340
204
129
-4
281
317
-164
218
89
-45
369
293
-13
430
74
14
376
128
130
230
239
0
443
41
58
428
82
429
236
351
166
167
479
-144
465
12
-111
277
56
155
-172
198
-16
-123
235
-195
129
66
-350
253
-262
-107
51
-259
-135
-148
150
-263
11
-208
-179
-4
-255
32
-25
136
-72
179
325
-47
184
9
69
306
281
193
103
242
106
281
118
-242
-36
63
83
188
63
-163
-129
85
7
13
27
-150
-25
106
-48
-202
126
-153
-272
-7
-339
-264
-240
-665
-142
-431
-536
-218
-371
-233
-477
-1
-718
-410
-289
-569
-150
-528
-370
-264
-175
-518
-340
-236
-383
-41
-95
-268
-182
-394
-41
-199
-158
-286
-456
-300
-375
-496
-805
-682
-800
-484
-360
-920
-365
-672
-524
-374
-737
-529
-962
-325
-214
-353
99
-451
-185
-314
-655
-202
-302
-352
-370
-239
-437
-35
-149
-427
-207
-454
-23
26
-296
-69
-109
88
155
-168
93
-48
124
-114
-214
-150
-312
318
126
47
-98
-171
-215
-160
-18
-112
-223
-181
-303
-129
156
-96
-109
-424
-342
-237
-50
-234
-506
-179
-212
-368
-108
-218
-262
-122
-32
-51
154
-24
-357
-135
194
199
347
51
11
445
227
534
313
203
352
393
424
868
361
316
204
262
475
322
200
-35
380
468
314
425
100
-148
278
-23
122
439
170
-4
115
190
410
265
236
240
-1
449
523
478
467
263
289
303
499
318
603
504
388
408
448
522
523
503
305
307
448
593
262
586
227
133
441
264
474
437
315
35
-137
268
105
508
419
256
287
120
373
344
372
42
314
487
364
668
442
234
339
462
705
609
473
422
257
481
511
370
375
180
359
11
260
241
61
315
-124
108
500
143
118
81
-31
70
17
-47
-127
32
-60
-289
46
-27
-287
-89
-97
-160
-214
-143
-131
68
-103
50
-229
28
61
-94
-49
-231
52
-206
-6
-258
-49
-172
-404
-87
-326
-307
-511
-516
-492
-332
-309
-460
-234
-297
-296
-277
-571
-241
-566
-553
-107
-438
-33
-488
-291
-243
-387
-220
-790
-266
-675
-203
-180
-415
-197
-428
-397
-542
-320
-460
-402
-219
-318
-253
-264
-335
-304
-326
-299
-184
-370
-301
21
-323
-40
-149
-266
-131
-277
-237
-167
-152
-342
-221
-202
-240
-147
-126
-202
-218
-333
-370
-151
-137
-117
-49
47
-175
-70
-87
-212
-52
-180
-87
76
111
-241
-258
111
-167
-160
156
-429
-77
198
-178
7
-51
-77
-206
-203
-85
-372
-67
-352
-373
-310
-441
-172
-473
-113
-526
-417
-64
-531
-170
-268
-347
-209
-227
-365
-273
-101
-158
-39
-226
-127
-182
-175
-20
14
41
11
72
190
177
317
263
108
121
349
524
2
337
66
-153
179
-99
-84
-169
-57
-28
-90
156
-139
-124
-85
-376
-11
115
180
169
300
350
5
389
212
286
215
226
291
157
519
237
426
252
153
247
89
383
59
264
82
226
357
40
361
3
113
214
179
184
300
114
28
108
166
178
135
238
-133
229
404
58
91
65
-41
237
276
190
108
249
183
100
442
145
211
313
266
498
399
421
190
177
376
35
168
179
96
129
220
125
177
58
25
-161
76
238
-24
270
214
281
280
333
265
157
436
131
194
415
127
300
137
238
238
-22
-73
-45
94
13
3
-27
-117
-170
-74
-193
-74
-25
-84
-116
38
27
-90
152
75
39
133
106
-60
296
161
148
136
64
81
93
399
130
219
46
129
223
39
-2
-29
46
-17
-17
-66
-171
-284
-166
-165
-195
-225
-324
-192
-2
-254
-211
-217
-332
-124
-57
-172
-200
-93
-187
7
174
-140
-26
-31
-44
63
44
-117
-96
171
8
29
-33
-136
18
-58
-174
2
-68
-226
-212
-6
-131
-108
-180
-295
-113
-174
-175
-495
-327
-322
-378
-305
-522
-441
-547
-326
-477
-565
-375
-695
-573
-407
-570
-487
-486
-601
-536
-307
-307
-522
-412
-555
-722
-458
-419
-362
-392
-211
-444
-578
-114
-460
-354
-163
-403
-271
-237
-199
-179
-144
-164
-206
-128
-186
-204
-187
-173
-162
-64
-68
-61
-73
-210
114
-142
-142
-130
-323
-163
-134
-191
-112
-25
-137
-52
-189
-125
-6
-42
-5
18
78
84
136
-24
-39
139
37
96
146
150
177
187
268
243
266
240
134
168
246
104
316
215
51
104
-90
123
54
98
-9
-107
-34
1
97
47
30
5
159
10
188
139
-13
74
187
297
312
249
53
210
188
287
233
290
171
155
327
160
312
124
152
133
147
157
278
351
160
148
15
-61
45
137
138
30
123
178
123
58
36
130
32
127
101
64
129
65
54
121
56
55
95
106
-30
254
165
15
205
27
111
95
-24
118
116
157
118
53
79
45
-28
26
127
-68
219
43
-21
141
94
27
31
193
41
179
215
144
389
243
214
363
380
371
316
340
137
400
470
435
491
490
431
375
376
375
397
253
408
434
314
409
298
272
284
100
184
81
146
79
-16
33
-150
-93
-176
-119
-171
-261
-189
-190
-268
-161
-261
-310
-200
-307
-98
-79
-232
-144
-357
-226
-236
-147
-45
-84
-109
-35
39
-15
109
-49
-31
-62
-32
-59
-117
-150
-97
-69
-13
-74
-91
-35
-231
-151
-270
-309
-147
-291
-136
-178
-199
-78
-237
-179
-239
-247
-333
-238
-108
-184
-97
-167
-115
-89
-118
-162
-164
-11
-51
-50
16
-120
-96
-24
-90
-24
31
-136
-182
-148
-38
-157
-101
-96
-95
30
-89
-40
-62
-167
-194
-181
-184
-164
-188
-292
-306
-283
-351
-307
-304
-403
-405
-321
-406
-222
-150
-344
-320
-283
-270
-113
-61
-45
-91
-128
-44
-70
93
130
71
186
151
146
187
240
331
354
383
394
323
287
208
243
218
200
78
126
50
-91
-112
-72
-11
44
101
-100
-41
-202
-197
-203
-58
25
-46
-14
-101
-115
-104
-58
-163
-33
30
-26
100
66
-6
95
-41
25
110
-15
97
117
91
115
87
207
247
313
305
288
295
301
245
235
294
250
230
130
193
214
220
178
204
250
239
122
20
15
110
91
96
159
185
149
58
-27
-107
21
208
50
63
65
-120
19
125
136
205
69
95
138
185
227
120
240
116
247
351
198
311
318
270
360
375
269
282
372
278
263
331
164
148
173
6
-12
-57
-138
-47
-125
-199
-178
-264
-200
-262
-176
-232
-340
-229
-160
-105
-164
-80
-116
-193
-111
-21
85
145
151
187
98
154
194
103
43
69
77
124
180
139
233
340
198
144
81
133
234
203
295
216
145
16
39
9
12
39
-65
4
-133
-45
22
-108
6
-57
-112
16
-49
-35
-35
-113
39
51
102
49
109
96
-54
132
12
-18
103
25
-66
-86
-73
-183
-54
-54
-92
-74
-89
-63
-133
-103
-98
-47
-95
-117
-36
40
-56
-165
-121
-169
-99
-127
-151
-218
-123
-84
-205
-162
-262
-216
-169
-156
-39
-130
-105
-115
-173
4
-55
28
-41
-159
-69
-157
-121
-178
-212
-253
-339
-213
-338
-268
-204
-268
-268
-206
-127
-193
-219
-238
-262
-295
-302
-300
-172
-244
-223
-142
-134
-154
-67
-55
-85
48
-66
6
76
33
-25
-143
-57
-105
-52
18
-44
53
-61
-204
-184
-187
-169
-150
-167
-216
-256
-364
-320
-293
-193
-224
-291
-159
-276
-271
-221
-242
-190
-168
-104
-124
21
102
136
102
80
136
99
147
142
89
235
211
192
241
126
71
97
203
187
252
236
93
92
91
149
181
245
271
172
186
86
111
182
42
84
53
9
69
46
89
27
92
69
25
86
27
-29
-46
-67
-57
27
82
69
142
156
64
84
101
205
299
187
220
277
226
290
289
322
355
383
312
300
335
332
388
304
236
282
373
331
331
343
197
279
194
162
222
151
210
69
24
39
-70
-48
1
22
19
72
150
84
202
227
244
341
289
350
381
307
312
301
339
391
446
374
319
371
401
324
338
323
216
297
181
211
163
62
206
-25
-15
-16
-57
43
-44
75
-33
-3
24
-83
-33
4
122
-21
32
-26
-105
4
-56
34
-3
41
68
21
85
76
77
42
31
92
102
58
89
167
113
149
118
130
112
13
47
46
-5
14
-48
-93
-105
-110
-93
15
61
-111
-113
-134
-251
-221
-263
-275
-181
-243
-308
-330
-281
-246
-208
-258
-237
-257
-314
-324
-356
-264
-242
-230
-242
-268
-306
-305
-219
-143
-111
-15
-82
-147
-112
-135
-178
-224
-220
-252
-219
-223
-242
-213
-233
-184
-152
-162
-221
-176
-173
-186
-172
-262
-253
-267
-231
-135
-134
-149
-148
-61
-89
-84
-137
-184
-203
-306
-257
-229
-153
-153
-139
-206
-237
-248
-292
-281
-285
-215
-188
-105
-152
-190
-198
-243
-162
-249
-92
-68
-127
-70
-165
-96
-53
-29
11
55
1
-9
-65
-41
-11
-108
-83
-89
3
22
-75
18
108
56
16
2
-169
-133
-45
-102
-120
-69
-155
-138
-77
-155
-197
-56
-47
100
115
37
132
84
93
79
132
215
278
332
341
302
289
299
292
346
315
287
297
213
259
195
182
142
10
96
94
111
54
31
101
67
100
62
-13
-2
-4
-7
25
136
111
171
105
70
219
76
216
178
205
390
216
280
315
270
320
310
341
369
395
333
301
357
322
287
323
323
320
325
354
431
463
500
457
379
377
307
269
288
264
242
269
265
209
233
223
197
236
245
146
82
105
107
141
111
102
62
68
61
59
90
27
22
-26
-55
71
48
10
126
120
110
177
79
-8
-23
-37
-36
-36
29
3
-14
50
4
-38
-76
-120
-145
-84
-78
-123
-53
-118
-268
-318
-243
-179
-94
-85
-171
-212
-214
-233
-225
-187
-166
-298
-229
-215
-314
-245
-264
-245
-229
-283
-299
-330
-300
-245
-268
-247
-196
-172
-215
-218
-220
-177
-136
-111
-199
-90
-86
-124
-17
-80
-87
-105
-98
-77
-63
-39
-126
-58
-45
-129
-15
-19
-79
-90
-133
-114
-145
-114
-116
-153
-132
-142
-116
-112
-126
-164
-144
-169
-190
-225
-313
-383
-322
-280
-331
-286
-228
-267
-248
-203
-249
-244
-298
-296
-296
-277
-261
-268
-214
-215
-241
-182
-200
-191
-185
-196
-189
-93
-53
-83
-110
-131
-121
-105
63
32
96
72
1
-11
-45
19
-3
33
-62
-130
-154
-195
-175
-194
-160
-177
-140
-203
-188
-181
-110
45
41
79
111
24
8
37
3
178
188
258
302
411
368
241
280
216
262
256
252
270
205
81
115
116
113
115
47
-41
-62
-16
-40
22
78
68
18
-50
-82
-24
-22
15
72
33
89
43
54
182
184
293
361
363
316
280
324
311
416
449
383
420
477
398
441
482
451
432
354
334
268
298
349
315
328
379
381
378
354
363
268
264
354
242
248
188
115
123
52
50
100
111
43
13
10
14
-29
38
75
49
88
2
-14
88
70
83
157
106
67
87
108
149
174
203
206
249
280
195
248
201
177
235
162
269
246
214
164
181
140
78
29
20
87
18
-40
-89
24
35
-1
5
-82
-96
-119
-198
-179
-114
-116
-158
-136
-139
-227
-275
-306
-295
-249
-190
-174
-170
-146
-180
-144
-100
-129
-88
-129
-181
-157
-229
-223
-144
-221
-260
-215
-266
-215
-259
-277
-267
-305
-268
-353
-353
-318
-346
-345
-391
-344
-326
-332
-339
-315
-241
-224
-193
-209
-266
-238
-220
-269
-296
-373
-334
-336
-313
-264
-294
-243
-170
-208
-267
-263
-244
-223
-212
-169
-193
-132
-50
-125
-87
-101
-88
-43
-72
-106
-164
-83
-48
-106
-116
-177
-184
-202
-237
-123
-144
-167
-175
-193
-196
-185
-194
-271
-265
-268
-310
-309
-320
-327
-321
-339
-325
-355
-283
-266
-275
-263
-218
-171
-146
-113
-47
22
1
36
51
112
171
186
141
187
221
214
265
243
322
338
330
338
306
264
215
226
250
274
270
275
197
231
268
193
203
199
246
330
304
317
282
308
380
374
313
290
344
334
369
377
404
417
418
413
404
469
443
434
443
400
397
378
418
450
517
501
471
426
330
362
345
275
299
256
252
185
88
53
46
72
102
164
108
95
136
119
146
189
170
181
165
159
180
168
167
223
199
150
199
199
221
260
249
245
217
232
179
160
209
187
130
122
151
100
122
149
110
176
172
85
95
58
85
117
113
175
126
106
74
35
133
126
135
84
76
136
155
186
102
97
137
102
142
148
173
197
102
31
-13
60
106
128
110
45
72
80
35
-2
-21
-62
-103
-65
-53
-84
-74
-111
-110
-93
-113
-65
-70
-44
-18
-41
-32
-50
-76
-80
-92
-115
-74
-73
-115
-84
-114
-160
-180
-227
-220
-183
-177
-186
-212
-237
-216
-316
-357
-344
-379
-350
-360
-326
-391
-460
-460
-498
-500
-475
-495
-553
-563
-626
-647
-657
-646
-634
-654
-689
-727
-599
-494
-429
-378
-381
-306
-307
-295
-287
-339
-227
-225
-259
-253
-326
-314
-358
-428
-334
-323
-233
-202
-281
-285
-281
-352
-364
-338
-309
-267
-294
-241
-267
-231
-207
-312
-302
-270
-221
-212
-266
-211
-190
-172
-165
-220
-228
-195
-148
-178
-172
-132
-222
-197
-147
-194
-150
-185
-196
-113
-147
-96
-64
-99
-52
-23
4
28
23
39
30
75
95
16
61
13
23
37
-36
-27
-31
-32
-64
-37
10
24
113
131
146
158
129
110
141
165
212
230
194
219
212
332
327
284
298
234
206
288
352
341
345
356
362
349
365
335
380
382
340
367
341
275
335
340
377
433
407
393
292
243
159
218
224
246
333
305
235
199
224
258
319
234
216
239
225
286
291
293
416
393
345
319
332
352
355
385
353
403
387
378
392
410
392
341
259
285
269
212
185
156
136
109
115
72
97
125
112
114
134
66
74
53
50
109
160
197
181
154
106
132
165
206
213
214
196
182
190
203
180
170
168
157
106
105
120
133
125
127
114
105
132
86
-12
-27
-37
7
0
-71
-73
-108
-127
-162
-162
-156
-187
-274
-351
-385
-354
-331
-330
-328
-306
-305
-303
-291
-309
-266
-315
-259
-229
-196
-190
-152
-153
-142
-124
-178
-203
-201
-160
-115
-102
-159
-201
-274
-284
-266
-288
-309
-285
-297
-314
-319
-345
-338
-336
-356
-285
-249
-287
-264
-322
-365
-346
-392
-445
-441
-439
-369
-330
-318
-301
-337
-296
-305
-256
-211
-318
-309
-337
-377
-293
-311
-352
-371
-359
-319
-311
-294
-284
-340
-379
-338
-306
-293
-329
-323
-297
-276
-229
-226
-183
-175
-160
-187
-223
-226
-241
-286
-276
-229
-215
-169
-218
-288
-298
-307
-294
-284
-267
-228
-226
-200
-180
-177
-169
-130
-111
-134
-125
-114
-92
-80
-64
-27
50
82
101
18
-4
26
12
-27
-11
-41
-120
-133
-141
-115
-84
-94
-121
-72
-54
-14
-64
-154
-110
-105
-74
-55
-52
-42
-59
-38
-55
-47
14
-5
-3
47
71
135
152
126
116
190
245
208
264
292
308
331
347
343
345
359
345
276
277
300
282
317
251
184
175
234
282
260
250
156
114
135
148
209
249
329
344
275
254
290
359
399
412
444
451
399
365
343
330
344
349
334
323
372
383
352
362
378
346
301
252
208
212
177
165
166
228
198
154
125
99
117
109
86
114
86
48
71
58
70
90
98
125
117
50
0
-34
-18
42
126
130
142
151
129
123
126
172
201
190
113
87
69
124
134
102
98
28
-38
-75
-68
-103
-136
-152
-185
-184
-159
-183
-251
-254
-207
-166
-185
-251
-239
-224
-251
-242
-252
-213
-168
-191
-158
-133
-112
-97
-60
-68
-61
-16
-36
-27
-25
-43
-84
-123
-143
-134
-124
-163
-154
-218
-291
-285
-310
-330
-391
-435
-479
-498
-475
-518
-517
-511
-461
-456
-454
-416
-401
-361
-406
-427
-391
-392
-399
-370
-327
-264
-209
-229
-221
-178
-195
-176
-172
-200
-206
-177
-151
-171
-183
-194
-219
-163
-142
-162
-109
-125
-173
-141
-143
-191
-199
-261
-285
-280
-251
-267
-292
-209
-209
-148
-119
-131
-153
-165
-165
-222
-215
-201
-248
-321
-312
-305
-223
-149
-172
-226
-252
-228
-211
-162
-129
-154
-155
-159
-141
-82
-40
-27
-29
-81
-69
-87
-75
-35
-42
-30
-17
-13
-53
-82
-110
-107
-105
-101
-98
-43
-41
-102
-137
-153
-145
-104
-108
-133
-103
-63
-62
-82
-83
-45
-10
7
32
72
92
102
146
163
144
134
115
111
149
199
233
265
293
287
290
312
304
330
329
298
261
216
230
223
205
184
161
166
161
183
209
199
155
145
132
66
76
88
46
93
144
127
128
85
80
117
136
133
114
120
107
152
185
188
226
282
322
337
374
408
386
416
389
288
237
173
183
225
237
241
207
212
181
145
139
165
219
233
204
134
150
191
213
216
221
238
219
220
192
195
254
258
250
209
204
244
210
188
201
181
164
173
188
202
219
278
327
312
265
243
270
298
329
312
238
227
263
194
229
238
228
235
196
128
144
129
86
90
38
25
-31
-51
-56
-36
-48
-64
-37
-17
-25
-81
-99
-91
-53
-32
-52
-100
-128
-74
-79
-46
-3
18
23
32
96
120
139
118
90
65
55
40
18
28
20
14
-41
-55
-75
-81
-135
-207
-243
-264
-228
-237
-269
-294
-302
-277
-287
-312
-356
-388
-385
-437
-471
-470
-431
-408
-351
-335
-342
-316
-302
-297
-310
-266
-221
-152
-124
-112
-114
-116
-82
-58
-86
-119
-125
-151
-171
-193
-181
-164
-157
-195
-248
-274
-271
-261
-217
-197
-189
-215
-239
-219
-219
-214
-198
-192
-209
-178
-168
-196
-180
-147
-110
-98
-83
-46
-14
-13
-21
6
54
29
9
-18
-53
-33
-48
-5
48
66
51
30
67
42
38
10
-41
-24
-32
-18
-7
3
-39
-99
-110
-125
-104
-66
-88
-76
-64
-15
43
90
160
184
186
227
197
193
249
206
202
196
185
220
201
164
172
203
232
242
248
231
266
296
275
288
311
300
278
294
294
316
348
385
423
417
352
282
278
306
322
294
277
273
258
275
282
313
323
285
272
292
325
358
360
317
334
359
365
385
396
364
304
278
270
292
359
366
347
363
347
352
369
353
313
292
259
218
239
265
275
263
191
156
141
122
135
144
186
224
259
229
180
187
227
293
309
316
311
305
360
368
323
328
297
285
314
281
262
283
293
300
299
254
229
294
326
329
343
356
336
301
238
212
248
278
220
156
123
75
77
97
99
102
83
56
46
50
56
32
16
38
62
48
-23
-68
-93
-72
-14
-35
-53
-58
-72
-40
-43
-16
11
-37
-111
-155
-133
-68
-46
-66
-91
-124
-122
-69
-52
-12
4
-30
-69
-74
-86
-108
-84
-133
-134
-165
-211
-214
-232
-216
-242
-260
-254
-261
-224
-165
-165
-179
-200
-181
-188
-247
-286
-279
-229
-139
-145
-191
-201
-195
-205
-209
-186
-177
-163
-165
-209
-234
-151
-87
-53
-73
-136
-163
-179
-172
-207
-266
-269
-272
-333
-382
-370
-330
-339
-395
-482
-457
-424
-392
-348
-317
-295
-269
-273
-245
-242
-267
-256
-236
-185
-148
-185
-252
-288
-278
-240
-177
-125
-102
-74
-104
-139
-112
-34
20
26
8
-18
-46
-35
-7
1
9
10
-3
-17
20
135
149
149
157
127
155
154
154
179
168
180
262
312
329
332
282
234
242
233
183
133
79
19
45
71
27
0
-42
-43
13
61
93
98
110
133
140
198
255
258
271
293
321
363
401
387
353
309
316
317
326
339
363
361
323
297
320
369
367
420
368
298
302
269
286
274
213
191
202
230
233
231
195
174
188
216
262
332
347
301
253
253
282
284
315
379
390
406
359
318
357
367
328
290
291
289
335
324
320
353
322
277
237
251
291
277
251
250
