150
212
173
143
82
102
77
83
133
144
158
175
136
198
186
211
76
-19
11
-8
5
-5
3
-2
2
-2
1
-1
0
0
0
0
1
0
0
0
0
0
0
0
0
0
0
0
0
0
0
0
0
0
0
0
0
0
-1
0
0
0
0
0
0
0
0
0
0
0
0
0
1
0
0
0
0
0
0
0
1
0
0
0
1
1
0
0
0
-1
1
1
0
0
0
0
0
0
0
1
0
0
0
1
0
0
0
0
0
-1
0
0
0
0
0
0
0
0
0
0
-1
-1
-1
0
0
0
0
-1
0
0
0
0
0
0
0
0
0
1
0
1
0
0
0
0
0
0
1
-1
0
1
-1
0
0
0
0
0
0
0
-1
0
0
0
-1
0
-1
0
0
0
0
0
-1
0
0
0
0
0
1
-2
1
-3
25
61
80
116
158
157
172
189
191
227
224
214
240
264
245
218
211
187
152
162
131
143
146
109
83
102
120
109
115
98
93
138
156
187
223
271
307
293
243
200
187
153
193
228
268
235
212
193
179
189
186
247
249
281
295
297
327
324
342
360
393
409
407
401
378
349
353
335
339
338
334
350
318
308
324
313
321
313
262
70
-15
5
10
17
5
15
3
19
12
2
20
-4
-6
7
-1
14
0
-7
-9
-3
4
3
9
14
3
7
5
-8
5
-3
2
4
-5
2
2
1
5
8
9
10
5
-10
-12
-9
7
13
-1
-5
7
10
3
0
7
5
7
2
-6
-7
8
25
6
2
14
9
9
6
-8
-1
2
-4
1
1
-4
-10
-7
-7
-2
-10
-4
-6
0
-1
8
-8
-14
-8
-3
4
4
4
6
-5
-9
-2
-18
1
-1
-11
-5
-12
-9
-14
-17
-9
-15
6
-2
-5
-5
-6
9
0
-7
0
9
8
0
-8
8
9
10
11
4
0
-8
-14
-14
-9
-12
-7
-1
-16
-18
-8
2
-1
-10
-5
6
-2
-2
12
4
4
-5
-20
-5
-11
-9
-6
3
-11
-5
-3
-15
0
-6
-11
0
14
-1
-12
-16
-7
11
12
12
-1
-4
5
4
10
-4
-18
-10
3
9
16
7
-4
-1
3
1
-1
-4
-10
-1
4
3
0
2
6
7
3
-2
9
12
7
-12
-10
-8
0
15
20
10
-1
2
4
5
-3
-8
-3
0
0
-6
-9
1
-7
5
6
-2
-9
-3
-3
-2
3
-3
4
9
10
0
1
-11
-2
3
-3
-4
2
-3
-6
-11
-26
1
5
3
2
-4
-1
4
-3
-1
-3
-1
6
10
16
13
7
16
23
17
3
-9
-2
4
14
11
-4
2
13
8
4
3
8
9
-1
-6
-15
-11
6
14
26
22
3
10
0
0
13
-7
-13
-7
-6
4
8
2
-9
-5
-7
-8
8
15
11
-2
-19
-26
-7
13
-6
-1
-5
-4
13
6
6
0
-7
-4
4
3
6
6
3
3
-14
-5
20
2
-4
-7
-13
-2
8
4
7
4
10
13
12
9
-1
0
-11
-3
-5
-7
-12
12
14
7
3
-7
1
-9
-9
-17
-20
2
-3
3
8
9
13
8
-2
-4
-5
-5
12
13
5
-8
-9
-10
2
5
5
6
1
-1
-2
3
3
-9
-12
6
-8
-6
-34
-26
-7
-3
-4
-25
-26
-5
30
25
-10
-12
-16
-16
-12
-24
-31
-20
1
8
3
-16
-31
-18
-16
-19
-32
-41
-41
-27
4
-6
1
-4
-38
-28
-30
-32
-21
-35
-19
21
29
15
11
12
8
6
32
36
6
9
-10
-17
15
-8
-4
-14
-19
-28
-35
-30
-31
-17
-23
-16
-18
-19
-19
-3
17
5
-29
-42
-21
-14
0
16
12
11
4
4
29
15
-5
-14
-6
21
28
6
1
-10
-16
-9
3
26
18
-15
-25
-36
-14
13
-9
-17
5
-2
16
21
-25
16
22
6
2
-1
-7
-6
0
-18
-12
6
26
34
13
-17
-13
-20
-1
8
12
-7
-26
-16
-12
28
15
1
15
2
11
8
18
19
4
7
21
16
-2
-23
-25
-22
6
10
4
16
36
46
68
66
47
39
17
1
-15
-22
-9
-10
-3
25
40
11
-11
7
33
-2
-25
-49
-32
12
5
8
3
2
-1
16
20
25
35
16
9
1
12
17
2
-17
-46
-65
-45
-12
15
45
33
-4
-15
12
39
19
10
15
4
3
14
-1
-21
-19
-37
9
49
39
-2
-50
-44
-4
49
43
22
-16
-42
-13
6
22
2
-23
-19
33
56
36
18
-3
-15
17
51
57
27
-18
-20
-5
-10
2
-12
-24
-18
1
32
19
9
-14
-48
-63
-17
8
11
19
-27
-30
-11
-7
-13
-25
-14
-21
-46
-49
-15
8
28
17
0
8
12
11
-2
-36
-72
-93
-42
-30
-67
-91
-106
-99
-60
-22
2
37
26
29
3
-19
10
20
53
24
30
-3
-1
44
73
45
-31
-20
-13
18
14
-6
17
12
-34
-32
15
11
-8
1
2
49
29
-13
-11
-7
16
56
45
32
1
-26
-61
-69
-27
-21
-27
-53
-65
-55
-63
-38
-26
-19
-12
5
3
-22
-37
-55
-20
-18
-30
6
23
41
54
52
42
14
-1
-14
2
-23
-4
1
14
37
-20
-42
-75
-61
-59
-76
-76
-53
-39
-23
-27
-25
10
25
19
6
-3
-5
26
-4
16
53
18
26
29
28
25
-18
-32
20
25
32
4
-49
-28
-2
17
27
28
8
11
16
25
48
72
79
65
39
66
81
73
60
33
26
72
93
49
3
5
21
18
21
37
89
91
27
-34
-80
-66
-64
-67
-62
-62
-11
-10
-12
-6
-20
9
41
45
38
44
29
-4
-14
-4
7
18
32
20
19
16
-6
8
0
0
15
-38
-55
-40
-53
-38
15
23
42
30
-25
-7
-2
0
8
5
21
60
85
40
27
3
-2
32
17
19
15
3
14
25
-1
-49
-43
-54
-53
-31
-16
-18
-10
-35
-35
11
25
63
53
13
-27
-36
-32
-6
54
34
15
-21
-50
-37
-41
-81
-57
-8
0
-36
-109
-123
-130
-140
-118
-40
-16
-10
-14
-44
-60
-45
-47
-73
-65
-37
-32
-29
-48
-73
-45
-24
-19
-23
-41
-45
-37
-29
-48
-39
-48
-38
-42
-66
-63
-43
3
5
-29
-30
0
-4
-40
-55
-12
27
49
45
25
7
-12
-9
-27
-15
23
27
10
16
31
44
19
-4
-10
-8
-13
-70
-32
38
109
150
124
78
58
46
54
74
83
72
31
21
15
-2
8
-3
-1
-18
-36
-44
-40
7
27
9
-19
-29
-30
9
42
29
-21
-63
-55
-35
-15
2
-12
-17
-3
-32
-48
-88
-82
-48
-23
-2
19
6
-47
-102
-91
-72
-67
-33
1
14
-33
-43
-23
-6
67
83
70
64
21
12
52
92
124
119
116
111
132
125
111
100
99
103
103
96
88
63
44
30
7
19
30
48
67
46
1
-13
14
26
31
34
36
26
3
-62
-96
-98
-100
-81
-63
-41
-31
-50
-93
-131
-137
-110
-57
-20
-4
-19
-7
-8
-35
-1
22
63
76
81
77
55
42
25
62
83
57
58
86
111
130
94
45
6
36
5
35
37
37
39
3
5
11
34
20
-23
-90
-109
-112
-94
-94
-107
-88
-93
-51
7
36
36
52
29
-29
-42
-55
-47
-63
-89
-106
-68
5
15
-21
-5
13
50
76
61
64
62
78
99
96
64
60
55
53
61
98
119
139
136
128
151
144
99
75
81
50
-4
4
23
-3
-42
-77
-79
-83
-135
-141
-107
-41
41
19
-7
-63
-84
-75
-49
-50
-114
-96
-32
-13
48
56
13
-3
-19
15
28
50
45
57
44
0
-16
1
29
49
60
74
103
135
97
-12
-79
-121
-117
-68
-17
11
-20
-46
-44
-114
-143
-119
-110
-48
-19
-45
-53
-63
-86
-110
-94
-58
-73
-82
-85
-111
-124
-124
-127
-148
-130
-156
-173
-144
-158
-138
-168
-194
-169
-200
-199
-171
-130
-64
-44
-47
-23
12
27
20
38
80
113
133
119
118
109
103
54
35
20
-14
-12
-5
21
31
9
-6
-30
-66
-71
-56
-29
10
16
-19
-31
-28
-16
4
8
28
68
72
92
113
95
43
-26
-96
-89
-36
31
28
9
-22
-35
13
21
39
45
17
14
49
99
152
120
33
9
36
62
55
44
60
57
36
3
36
48
30
9
-26
-56
-57
-76
-143
-147
-142
-148
-163
-130
-61
-36
-27
-50
-66
-80
-47
-36
-89
-86
-48
12
58
92
58
0
-2
-15
6
67
112
108
95
64
19
11
15
44
65
32
18
72
84
75
83
22
-10
-46
-99
-100
-73
-66
-47
-1
36
65
102
78
90
117
126
131
116
78
28
40
33
36
21
3
46
66
43
30
39
31
44
27
14
21
20
88
97
84
63
29
65
78
107
138
133
150
131
80
51
61
67
35
59
74
57
22
-21
-10
-62
-119
-112
-88
-58
-73
-155
-194
-185
-157
-165
-177
-175
-161
-117
-51
-3
-2
-69
-129
-117
-51
-32
-28
-20
-8
51
64
88
89
83
139
215
244
278
250
201
165
81
61
85
78
99
63
88
60
-18
-48
-95
-137
-159
-147
-131
-108
-115
-163
-206
-184
-156
-113
-97
-67
-32
21
67
61
91
75
42
68
117
172
219
191
189
201
198
196
170
153
148
149
141
177
169
71
-16
-37
-16
6
-2
-45
-52
-8
16
-22
-37
-77
-72
-42
-37
-31
-51
-93
-137
-126
-134
-124
-89
-92
-88
-83
-38
-21
-6
-11
-36
-30
-52
-50
-34
-1
-51
-57
-59
-71
-56
-78
-117
-119
-69
-4
29
-21
-26
-7
-17
-1
0
7
46
70
96
119
76
70
60
16
-22
-16
9
13
27
65
82
74
107
94
74
94
119
122
88
50
14
-8
-14
-30
-69
-86
-104
-117
-100
-80
-85
-99
-124
-137
-123
-90
-47
-40
-27
-7
20
69
48
25
43
59
82
155
156
148
150
93
99
101
114
79
23
27
69
131
159
157
144
170
181
172
143
31
-37
-58
-71
-102
-145
-171
-153
-176
-155
-154
-172
-158
-197
-194
-176
-184
-163
-124
-120
-78
-31
-18
11
48
44
48
84
138
134
62
-7
-19
-47
-65
-61
-76
-48
-28
8
-2
-60
-88
-120
-130
-116
-119
-84
-86
-141
-151
-163
-141
-90
-95
-116
-123
-137
-136
-114
-84
-113
-140
-153
-147
-125
-127
-127
-121
-105
-195
-230
-220
-186
-149
-178
-192
-184
-181
-190
-175
-199
-173
-150
-140
-128
-103
-83
-82
-93
-107
-79
-91
-105
-109
-113
-50
-11
-13
-28
-64
-83
-64
-67
-78
-114
-163
-184
-217
-209
-198
-179
-136
-96
-100
-68
-75
-91
-75
-81
-61
-14
-3
-2
-3
-5
-11
5
14
21
4
-18
11
5
41
-7
-80
-123
-114
-84
-93
-88
-53
-27
0
48
31
30
-16
-60
-12
28
81
90
62
34
12
-3
-5
-7
2
32
75
134
168
191
163
129
104
119
127
135
68
85
116
97
116
104
71
55
74
90
126
133
120
106
80
36
14
19
73
82
74
129
185
229
231
183
135
128
163
197
165
137
106
76
66
20
-12
-51
-44
-1
25
61
104
95
61
93
111
140
190
189
173
175
143
132
124
97
79
90
105
103
103
76
19
-30
-55
-60
-72
-50
-55
-20
11
7
56
67
75
113
128
115
125
147
168
159
153
119
69
69
121
139
151
166
146
132
126
111
131
154
148
157
136
76
54
80
126
136
99
111
163
195
204
192
141
112
120
147
160
144
144
108
108
136
128
123
78
46
47
77
98
136
138
128
118
121
169
158
175
138
129
152
148
155
132
122
118
143
201
222
166
127
127
160
170
133
122
128
72
24
11
53
105
132
114
85
51
48
53
24
22
42
59
26
-21
-83
-63
-71
-45
-15
-26
-27
-70
-38
-67
-103
-117
-123
-68
23
50
26
11
49
115
95
65
58
73
94
109
125
143
131
87
46
17
-3
15
-9
-59
-92
-63
-24
-39
-66
-115
-133
-146
-148
-123
-138
-165
-167
-193
-202
-199
-231
-221
-198
-171
-166
-144
-79
-106
-108
-104
-99
-53
-89
-95
-99
-71
-63
-98
-133
-167
-213
-273
-221
-198
-162
-240
-258
-300
-280
-275
-299
-214
-208
-204
-160
-126
-93
-105
-159
-134
-103
-63
-9
-9
-34
-43
-64
-90
-96
-120
-111
-73
-56
-71
-69
-38
12
36
4
13
82
78
26
20
10
57
102
112
80
37
-18
12
46
-70
-70
-76
-78
-71
-107
-106
-103
-104
-77
-69
-97
-123
-125
-124
-117
-67
-66
-92
-64
-58
-68
-84
-113
-84
-30
0
46
101
85
63
53
73
112
98
66
28
31
13
-8
-14
-67
-118
-175
-207
-237
-254
-239
-249
-214
-138
-107
-103
-81
-68
-91
-56
-23
-43
-41
-51
-62
-34
-19
9
10
-14
-30
-32
-6
21
55
50
60
67
45
17
-2
-51
-63
-16
23
16
-9
-55
-77
-87
-132
-121
-100
-48
4
-2
-22
-27
-21
-57
-64
-40
-72
-80
-45
-31
-12
-24
-42
-10
-16
-40
-13
5
47
74
48
28
5
3
18
-12
-46
-70
-93
-75
-101
-99
-130
-142
-108
-128
-109
-57
-76
-102
-60
-16
31
54
45
21
26
24
53
99
65
8
13
57
87
95
96
118
103
91
89
86
106
97
90
92
96
101
109
135
117
81
82
90
112
206
247
237
244
269
307
347
391
402
397
371
379
382
381
379
325
353
362
303
273
238
231
250
238
227
184
122
99
100
105
107
74
53
68
87
101
81
91
142
194
248
304
348
355
334
304
299
287
274
261
228
217
214
220
165
118
58
64
109
105
142
143
153
188
212
202
183
111
56
77
112
182
172
136
125
135
134
159
147
187
-139
328
592
179
262
-258
-65
366
-35
-3
81
-37
337
135
28
254
-14
37
170
2
143
175
37
114
-18
-57
77
-44
-97
-23
-52
44
57
-131
-178
-193
-143
-58
-98
-129
-103
-77
-100
-90
-59
5
38
35
35
72
58
27
4
-33
-24
-11
-34
60
90
86
138
13
122
-25
-29
1
-71
68
18
9
43
-34
-16
-48
-107
-63
-62
-18
-9
-7
6
9
-22
-47
-22
30
74
37
-20
-18
23
13
-38
-100
-152
-176
-169
-179
-199
-222
-261
-248
-257
-296
-295
-342
-382
-400
-397
-377
-367
-331
-282
-237
-222
-224
-212
-164
-162
-149
-149
-135
-93
-61
-66
-84
-89
-98
-71
-101
-166
-143
-105
-49
19
-56
-17
-12
-50
-32
-61
-66
-124
-157
-171
-120
-87
-95
-148
-114
-45
-27
-3
10
1
50
56
6
6
-51
-91
-80
-119
-82
-60
-76
-60
-99
-141
-180
-212
-215
-223
-263
-207
-187
-176
-178
-224
-252
-226
-214
-209
-222
-249
-174
-134
-97
-124
-121
-95
-74
-19
46
85
97
90
93
110
115
90
105
108
126
182
161
135
122
157
181
183
154
83
48
25
7
16
11
47
36
22
27
41
-3
-62
-66
-46
-15
29
24
15
55
42
4
-40
-87
-84
-58
-14
13
4
35
108
174
191
172
139
152
142
83
107
144
224
221
161
173
172
124
88
59
80
81
8
7
-34
-118
-171
-224
-260
-236
-204
-236
-244
-238
-232
-211
-210
-213
-213
-181
-198
-188
-162
-136
-90
-78
-114
-154
-159
-136
-84
-74
-94
-148
-155
-153
-178
-123
-136
-170
-157
-171
-138
-135
-126
-81
-62
-55
-19
-8
-65
-123
-153
-200
-154
-142
-143
-120
-68
-44
-41
-81
-119
-100
-150
-135
-103
-132
-119
-132
-200
-257
-262
-172
-153
-160
-131
-143
-148
-89
-92
-111
-145
-163
-148
-136
-97
-85
-163
-202
-210
-216
-176
-170
-160
-155
-177
-147
-77
-65
-58
-109
-118
-55
3
65
57
11
-3
72
144
123
114
88
68
129
164
181
212
221
230
249
226
227
218
162
191
252
314
347
320
265
225
227
232
248
290
337
344
365
348
272
243
252
262
264
260
251
268
249
239
242
235
243
273
320
278
258
282
257
261
266
226
221
211
215
236
223
259
254
197
224
226
173
146
134
113
85
59
58
27
13
65
64
103
126
104
137
109
130
154
131
104
67
30
43
57
75
56
-3
-21
-58
-28
30
62
96
70
33
21
-13
-8
65
80
92
131
123
118
110
46
2
-8
28
95
73
16
-26
-89
-120
-143
-157
-126
-132
-143
-126
-85
-47
-37
-43
-94
-133
-73
12
31
-62
-88
-58
-53
-62
-104
-85
-25
21
44
50
61
68
64
41
28
12
16
32
66
79
67
101
96
60
12
11
63
132
135
91
72
54
18
-34
-4
24
40
63
44
8
15
-24
-84
-87
-117
-82
-78
-119
-121
-136
-157
-175
-169
-168
-166
-179
-191
-170
-169
-115
-262
-85
-59
-141
-238
-262
-88
-22
-117
-220
-273
-203
-317
-300
-585
-356
57
-123
59
-505
-411
-25
168
84
-304
-213
20
50
-7
-166
-94
-51
-88
-110
-189
-20
-60
-96
-187
-242
-61
27
-48
-320
-445
-410
-268
-218
-374
-441
-326
-277
-200
-247
-288
-254
-211
-144
-165
-182
-206
-173
-181
-170
-167
-126
-46
-66
-85
-60
-82
-50
-16
-18
-39
3
-9
29
21
-5
44
38
24
-29
-20
-15
-35
-29
0
-14
-1
-15
-31
-54
-128
-140
-159
-82
-31
-77
-74
-81
-98
-34
18
46
23
17
75
96
62
55
55
-51
-29
174
218
70
-24
-21
73
79
-15
-21
12
77
28
-5
84
83
-22
53
130
116
102
58
228
252
132
119
93
99
40
11
105
121
98
68
16
5
60
8
29
92
106
124
138
109
86
75
89
167
165
220
292
312
295
260
210
200
253
205
176
199
249
294
228
190
228
221
252
294
286
250
199
187
198
186
171
203
231
319
288
428
403
406
421
218
329
263
326
450
416
462
357
241
245
308
284
353
330
364
365
310
280
279
257
218
245
269
351
350
358
320
243
247
279
233
216
210
221
249
238
174
121
117
159
218
185
160
121
132
164
127
108
108
155
171
108
4
-33
-62
-77
-25
-19
-15
-79
-145
-122
-110
-54
7
37
25
-2
-77
-80
-56
-59
-90
-64
-43
-26
-55
-130
-158
-183
-174
-163
-158
-147
-127
-142
-188
-237
-237
-197
-156
-119
-68
-17
38
54
63
83
67
106
64
80
29
116
111
34
38
-40
33
27
21
-35
-25
-17
12
3
-49
-94
-147
-183
-182
-155
-151
-102
-77
-69
-50
-55
-37
3
15
79
117
135
167
209
200
144
141
124
133
172
181
171
133
126
145
114
36
8
-26
-97
-76
-109
-150
-165
-211
-295
-289
-270
-279
-252
-281
-266
-273
-279
-316
-332
-355
-348
-306
-279
-246
-253
-272
-328
-316
-323
-298
-263
-256
-218
-199
-214
-220
-255
-285
-251
-252
-209
-203
-228
-193
-198
-198
-185
-150
-109
-84
-83
-98
-51
-6
12
-26
-58
0
56
64
74
95
137
142
131
151
164
186
164
144
127
168
172
170
166
124
121
102
128
112
65
24
16
71
99
114
133
121
122
159
136
123
98
74
58
30
40
51
42
1
32
55
98
98
20
25
75
119
103
99
133
142
122
124
161
145
160
209
229
170
166
181
129
73
33
47
58
45
43
40
20
5
28
5
-5
-39
-28
12
19
27
33
20
67
72
63
69
51
82
94
92
90
82
73
66
35
30
23
-22
-51
-96
-168
-229
-302
-263
-276
-328
-316
-337
-364
-325
-324
-354
-326
-347
-286
-253
-239
-222
-170
-178
-171
-129
-180
-149
-66
-13
14
93
128
146
124
108
131
128
134
141
182
196
164
138
88
54
38
83
149
171
127
96
36
41
24
1
-19
-12
-48
-51
-19
-66
-43
-56
-84
-91
-119
-143
-121
-102
-105
-68
-66
-53
-75
-91
-84
-109
-124
-118
-112
-138
-135
-165
-207
-228
-248
-260
-254
-219
-191
-200
-167
-178
-177
-230
-229
-192
-147
-111
-60
4
-5
9
3
-13
20
55
71
55
24
13
5
31
60
58
50
39
16
34
33
11
-74
-123
-103
-80
-79
-69
-99
-110
-71
-77
-36
-13
32
86
80
87
114
94
73
83
123
182
151
145
171
206
226
209
190
200
210
206
231
231
234
227
209
188
138
175
223
255
251
250
255
243
293
312
292
296
286
334
348
292
276
319
369
354
289
230
169
117
93
97
58
25
24
22
39
56
68
27
10
39
71
84
16
-7
-29
-33
-36
-80
-118
-140
-132
-109
-58
-92
-167
-218
-212
-173
-188
-214
-280
-281
-231
-187
-169
-191
-221
-204
-213
-191
-169
-209
-218
-230
-209
-223
-240
-243
-255
-281
-311
-265
-257
-284
-322
-315
-289
-294
-294
-271
-225
-182
-173
-213
-213
-205
-212
-200
-145
-113
-65
-25
-18
-18
8
61
61
51
28
8
-59
-105
-60
-85
-100
-87
-87
-4
8
-74
-107
-100
-99
-137
-138
-196
-219
-240
-222
-173
-144
-147
-177
-122
-110
-152
-150
-165
-131
-81
-90
-92
-98
-113
-181
-171
-149
-133
-85
-75
-72
-91
-61
-48
-57
-12
17
64
56
83
93
71
16
-3
20
-43
-38
-47
-111
-146
-168
-169
-112
-83
-93
-134
-165
-144
-91
-86
-88
-103
-163
-155
-131
-164
-198
-207
-199
-189
-188
-189
-217
-246
-228
-231
-232
-223
-224
-231
-270
-321
-366
-351
-291
-241
-226
-259
-262
-237
-206
-177
-160
-157
-169
-167
-164
-173
-165
-154
-123
-84
-58
-46
-19
-19
-39
-55
-107
-94
-70
-52
-45
-38
-49
-60
-53
-18
-14
-39
-79
-84
-31
-62
-110
-148
-147
-125
-101
-84
-53
-15
-1
26
41
54
93
79
14
4
0
-9
29
15
19
58
70
91
132
159
93
52
24
-5
38
67
87
108
74
83
89
104
184
200
199
163
174
190
157
206
150
170
209
164
149
24
20
81
70
83
60
73
43
67
76
64
47
14
28
48
49
81
119
119
90
63
49
72
114
150
181
195
179
179
196
183
191
177
135
169
205
215
272
288
269
266
276
280
338
366
385
427
389
398
409
368
334
333
312
300
235
142
63
1
-37
-73
-76
-80
-78
-92
-122
-146
-156
-128
-149
-178
-195
-189
-159
-145
-158
-172
-175
-170
-132
-62
-11
-28
-59
-100
-147
-156
-151
-122
-76
-129
-175
-131
-153
-172
-182
-183
-190
-206
-240
-275
-284
-265
-246
-245
-201
-182
-165
-151
-158
-137
-178
-229
-264
-289
-293
-319
-317
-309
-294
-261
-264
-253
-182
-137
-123
-118
-74
-29
-29
-26
-7
-7
37
48
-22
38
48
30
8
-82
-78
-103
-121
-126
-141
-64
-138
-138
-151
-169
-115
-182
-63
-75
-104
-142
-188
-156
-171
-143
-129
-131
-143
-139
-121
-111
-68
-55
-55
-25
-46
-99
-82
-13
29
54
-7
-52
13
72
121
133
108
79
90
66
56
14
-71
-117
-152
-153
-134
-73
-63
-151
-257
-349
-328
-254
-245
-237
-217
-194
-172
-180
-191
-171
-163
-170
-109
-99
-78
-46
-15
20
34
-18
1
37
54
85
95
134
155
177
179
151
155
174
172
212
194
153
125
92
97
106
108
131
210
212
238
246
243
278
243
209
179
185
196
168
143
133
135
146
148
191
159
95
62
56
97
144
145
142
135
101
137
183
209
216
226
207
180
174
158
132
105
95
114
149
145
138
175
156
140
198
230
250
236
213
196
217
235
238
257
244
252
265
246
264
263
214
179
178
199
231
253
236
198
147
158
148
96
82
71
47
25
32
39
19
2
-18
-53
-24
9
39
73
58
56
20
-41
-87
-139
-148
-132
-105
-99
-113
-88
-129
-170
-153
-107
-35
37
49
55
53
19
62
51
52
53
21
3
-14
1
24
1
-50
-119
-121
-101
-111
-131
-133
-124
-132
-128
-123
-85
-96
-108
-130
-209
-203
-173
-208
-192
-206
-218
-188
-203
-213
-227
-254
-258
-212
-137
-74
-82
-57
-94
-150
-127
-140
-79
-22
-50
-26
-19
-2
37
17
6
-56
-104
-60
-117
-187
-187
-205
-194
-220
-282
-262
-249
-248
-257
-254
-182
-110
-74
-61
-60
-66
-41
8
56
65
35
36
62
81
113
122
151
150
127
145
138
122
79
40
42
38
88
115
104
78
43
62
77
139
186
172
126
95
99
149
200
209
197
198
201
211
206
198
167
113
106
71
19
36
30
55
34
15
38
35
11
-12
-3
46
104
140
196
219
228
245
252
235
234
259
295
314
338
340
321
262
212
224
224
247
265
280
274
218
147
90
52
39
5
-12
2
11
7
12
29
61
89
101
96
84
94
146
203
233
205
146
123
113
147
164
166
123
71
62
95
130
168
144
141
159
180
244
268
257
214
197
166
160
135
79
46
41
71
73
33
-5
-14
9
64
79
41
-24
-15
20
33
35
22
30
30
3
-3
-32
-74
-83
-118
-146
-121
-99
-121
-135
-104
-30
-25
-28
-55
-32
32
18
9
33
46
79
72
52
58
46
36
32
41
42
7
-42
-52
-83
-67
-27
-28
4
5
-19
-32
-51
-42
-18
3
29
36
78
125
155
189
165
111
116
129
132
171
132
150
190
209
168
114
147
147
171
181
201
200
170
95
62
48
33
19
21
24
25
-5
-101
-113
-127
-156
-187
-257
-227
-201
-209
-176
-163
-162
-164
-194
-158
-139
-144
-128
-95
-66
-41
-40
-70
-135
-167
-137
-74
-10
33
42
17
-15
24
110
170
225
241
227
236
228
197
193
186
183
151
147
154
154
175
182
164
126
63
40
63
60
23
-36
-99
-107
-98
-120
-164
-163
-168
-154
-141
-151
-146
-191
-244
-225
-196
-156
-86
-49
-26
-40
-72
-68
-59
-69
-42
-68
-118
-123
-136
-112
-141
-178
-155
-180
-149
-89
-88
-94
-143
-154
-96
-71
-56
-46
-55
-13
58
77
89
86
89
110
131
178
196
162
99
45
50
57
85
73
28
-12
-38
-1
3
-25
-12
-5
-2
-3
-25
-55
-40
9
61
99
91
118
109
101
127
125
130
67
11
-42
-45
-39
-49
-69
-72
-30
-3
37
59
57
62
53
28
14
13
33
37
18
42
57
39
41
42
2
-56
-58
-74
-77
-80
-75
-64
-78
-105
-135
-130
-119
-126
-125
-91
-97
-98
-48
23
83
93
89
103
93
116
120
149
209
250
264
228
169
146
172
197
170
131
87
87
114
110
119
95
45
21
38
61
40
6
2
-23
-36
-69
-125
-128
-157
-132
-105
-123
-142
-167
-190
-238
-206
-163
-181
-175
-192
-180
-182
-184
-163
-137
-151
-95
-52
-59
-15
6
38
70
106
97
112
191
222
235
235
212
209
204
155
127
106
56
32
-9
-13
17
47
64
31
-3
2
33
-3
-14
-40
-49
15
49
29
33
-18
-59
-40
-47
-1
6
-55
-104
-138
-105
-101
-123
-120
-155
-135
-108
-81
-9
46
16
-10
-25
-29
16
24
27
56
53
13
-27
-47
-16
12
2
-13
-23
-71
-92
-87
-129
-169
-185
-153
-82
-23
8
15
-8
-21
-3
-17
17
60
73
93
108
110
138
149
102
55
20
0
18
4
-6
55
50
-8
-41
-53
-41
-46
-86
-85
-110
-146
-157
-182
-185
-182
-170
-128
-64
6
33
38
52
49
67
46
58
76
74
41
31
82
77
29
-12
-74
-57
-28
-51
-61
-94
-159
-196
-204
-232
-202
-205
-223
-229
-231
-222
-188
-173
-199
-235
-288
-312
-235
-127
-95
-107
-130
-171
-169
-87
-70
-34
-19
-33
11
50
74
111
90
72
81
70
92
89
80
76
67
65
34
19
7
17
42
28
5
1
-2
2
-3
-48
-62
-98
-87
-57
-81
-107
-137
-101
-102
-77
-24
-33
-38
-30
-8
0
-29
-53
-50
-7
14
71
105
131
136
96
82
59
52
51
43
65
66
71
94
95
82
36
7
5
9
59
77
82
81
120
132
143
186
198
180
116
94
78
48
18
16
19
30
30
8
-20
-75
-101
-122
-150
-126
-81
-42
-33
-72
-55
-51
-8
24
43
49
96
117
128
158
146
151
136
157
142
115
78
37
65
66
48
50
55
72
73
71
98
125
122
123
98
74
56
43
20
29
17
12
29
2
-35
-56
-85
-93
-54
-57
-92
-102
-129
-157
-107
-93
-88
-112
-150
-101
-42
-23
-15
14
-2
8
7
-24
10
20
2
28
39
20
43
1
-25
-9
-3
-7
-13
-27
-78
-39
-8
-41
-67
-116
-146
-131
-148
-121
-104
-126
-136
-93
-74
-148
-171
-204
-234
-248
-234
-169
-140
-163
-203
-222
-203
-161
-163
-174
-184
-237
-210
-184
-174
-150
-159
-181
-168
-139
-138
-146
-139
-131
-135
-141
-153
-155
-203
-222
-218
-202
-166
-192
-246
-275
-258
-237
-245
-271
-297
-356
-395
-394
-389
-330
-290
-295
-296
-314
-331
-287
-273
-224
-225
-273
-286
-272
-226
-222
-199
-208
-212
-171
-97
-38
-40
-90
-154
-165
-156
-113
-116
-149
-143
-106
-110
-112
-88
-159
-216
-197
-172
-155
-159
-175
-156
-120
-102
-82
-73
-76
-91
-69
-23
40
111
121
89
84
83
90
115
113
96
122
152
196
224
199
190
219
261
254
267
257
232
238
256
222
197
191
172
178
209
221
218
194
148
163
153
121
117
56
35
63
47
75
100
114
152
155
146
129
112
123
154
202
263
290
264
275
299
346
370
387
373
359
352
352
378
420
488
492
436
383
384
395
358
339
345
324
287
305
344
395
408
366
363
366
359
346
338
302
262
256
248
243
218
214
242
260
216
162
145
133
135
118
72
49
43
68
96
126
107
96
92
109
120
86
95
100
48
27
27
7
8
-14
-62
-52
-67
-70
-69
-88
-63
-41
-30
-23
-29
-72
-134
-149
-123
-142
-142
-129
-141
-143
-150
-155
-129
-174
-207
-183
-209
-218
-190
-165
-198
-275
-346
-338
-332
-322
-297
-327
-340
-374
-363
-341
-362
-388
-423
-406
-382
-384
-311
-225
-223
-185
-182
-230
-223
-234
-220
-210
-240
-253
-245
-298
-317
-324
-358
-345
-346
-364
-373
-372
-377
-390
-360
-377
-358
-314
-332
-336
-319
-308
-312
-255
-252
-273
-258
-232
-188
-230
-252
-261
-241
-207
-213
-199
-213
-255
-296
-294
-216
-138
-129
-117
-133
-124
-99
-119
-128
-140
-146
-126
-94
-61
-29
-11
-10
-11
-56
-126
-193
-235
-235
-246
-299
-320
-294
-238
-181
-161
-135
-75
-34
28
44
44
71
105
161
140
115
109
61
62
71
48
28
34
31
-9
3
18
56
80
69
67
99
120
142
135
104
40
52
61
59
53
34
68
100
100
74
44
3
-23
-39
-17
-3
4
12
24
56
79
31
-19
-61
-70
-64
-75
-25
33
50
105
130
148
186
193
200
207
232
229
221
219
204
171
129
116
125
138
150
117
94
75
40
13
-45
-70
-64
-71
-20
-33
-110
-149
-158
-140
-133
-129
-95
-76
-57
-20
14
51
84
100
119
172
143
121
114
83
94
103
109
98
53
57
92
137
177
164
175
224
217
233
251
218
201
185
170
152
160
166
179
147
116
97
116
128
81
50
33
54
38
15
-19
-73
-101
-154
-169
-146
-157
-175
-175
-187
-254
-252
-217
-180
-94
-44
-40
-63
-39
-21
-1
38
76
119
144
146
129
99
77
57
56
45
22
12
27
41
39
38
25
23
9
-2
-16
-26
-11
-24
-8
49
64
2
-14
-17
6
33
11
-11
-13
-47
-75
-116
-122
-124
-155
-204
-220
-240
-246
-260
-306
-327
-360
-340
-275
-208
-180
-175
-170
-168
-185
-174
-142
-147
-126
-131
-155
-136
-149
-121
-104
-146
-181
-215
-246
-250
-249
-288
-287
-331
-349
-332
-328
-283
-284
-286
-268
-261
-250
-208
-180
-194
-179
-162
-77
-42
-41
4
39
74
125
146
158
179
205
222
193
190
132
90
103
81
64
40
48
80
71
35
-37
-64
-82
-74
-40
-17
-23
-3
7
-4
20
39
47
18
32
62
74
47
9
-9
-39
-83
-70
-85
-113
-71
-39
-1
-1
-48
-10
23
37
57
69
69
41
50
80
97
93
99
94
74
89
109
93
68
70
65
85
95
144
130
121
137
133
151
140
125
122
118
120
135
128
120
114
80
82
121
99
104
91
82
92
84
77
79
87
65
56
59
70
61
37
-10
-42
-33
-12
-34
-34
-79
-53
16
-28
-62
-121
-155
-128
-102
-76
-42
-88
-107
-93
-136
-177
-164
-125
-82
-24
31
86
115
115
93
92
64
59
60
9
-9
-13
28
43
2
-70
-116
-116
-84
-38
-8
-52
-68
-55
-18
3
1
-14
-55
-57
-56
-36
-25
-17
-1
0
45
76
74
28
-25
-43
-34
-10
-22
-26
-17
-45
-51
-19
-21
-27
-75
-112
-115
-109
-97
-86
-33
19
48
24
-26
-71
-69
-82
-84
-56
-60
-54
-55
-68
-69
-54
-5
9
21
21
-9
36
48
15
-11
-42
-40
-31
-58
-36
5
27
75
80
135
190
204
218
225
236
229
232
219
184
135
79
21
0
16
-11
-46
-106
-133
-104
-129
-156
-161
-183
-181
-190
-237
-231
-219
-223
-185
-172
-162
-152
-179
-167
-129
-137
-110
-40
-42
-38
6
40
77
89
73
57
84
93
100
105
97
68
93
94
98
94
43
-4
-41
-66
-87
-43
-22
3
2
-2
-22
-51
5
84
119
140
59
61
111
38
-28
-122
-33
33
34
52
12
43
-38
-162
-281
-393
-309
-294
-211
-156
-160
-99
-173
-211
-318
-332
-239
-169
-79
-58
65
153
179
168
72
40
74
125
120
91
60
11
-24
-52
-10
-10
-18
-38
-64
9
31
12
-2
-29
-81
-91
-106
-76
-11
39
94
74
81
57
82
101
59
115
138
152
134
96
61
65
44
27
43
23
38
67
80
66
58
95
80
74
81
14
8
66
-65
153
61
-121
265
-88
146
277
-2
369
229
256
286
212
211
252
326
173
293
85
72
154
-91
70
-75
-93
47
-51
-47
-21
-82
-80
-46
-174
-136
-104
-101
-91
-141
-121
-134
-84
-97
-25
1
28
142
141
206
135
125
147
150
237
218
262
260
270
264
248
195
132
132
73
111
111
154
180
139
150
91
70
46
58
53
33
64
14
17
-4
54
89
58
90
48
34
36
10
-54
-53
-101
-101
-29
-42
11
4
21
90
2
-18
-40
-77
-31
31
64
108
169
105
70
-44
-49
22
5
-11
-50
-20
51
85
106
131
102
101
96
124
135
185
262
240
268
319
351
354
288
250
302
369
384
311
249
178
190
182
144
210
216
284
250
209
241
206
193
172
192
159
131
120
90
106
136
104
148
155
143
193
198
173
210
219
103
113
52
68
69
32
80
-7
-71
70
25
-29
51
-10
13
-34
-35
-73
-56
-16
-1
39
-68
-89
-51
-45
-78
-66
-22
22
101
172
89
88
-6
65
163
115
233
162
209
236
171
115
54
37
81
86
42
-14
-123
-114
-69
-118
-136
-99
-116
-149
-142
-273
-228
-251
-326
-283
-383
-289
-244
-353
-284
-378
-347
-206
-231
-109
-144
-145
-84
-28
50
127
70
-37
-32
42
14
66
105
57
179
109
85
142
120
135
150
6
-6
26
26
213
142
181
136
60
84
113
101
42
59
-40
-9
-24
-29
-96
-111
-143
-116
-107
-192
-149
-102
-91
-16
-83
-83
14
-148
75
-117
-80
143
-51
133
92
-48
187
-15
15
45
-126
90
35
32
147
80
178
110
49
113
61
-2
56
49
212
70
65
172
136
273
115
216
215
189
138
29
18
43
49
98
138
30
109
144
44
160
56
104
204
120
144
161
138
223
356
284
259
323
346
439
425
337
277
355
345
285
290
216
147
230
164
177
106
-80
146
44
115
118
-61
45
146
-75
65
67
-14
203
91
5
143
-83
-98
102
-160
64
-5
-166
117
-10
-29
188
-47
77
113
-20
161
70
-17
79
8
62
112
-19
80
-30
-26
55
10
-9
70
28
34
86
-19
16
29
99
159
91
152
100
50
267
106
-39
220
-33
84
136
-196
197
-68
0
137
-195
300
14
137
166
-51
162
99
73
72
201
48
94
30
45
3
116
134
5
259
163
87
319
4
-27
104
-109
22
65
-84
17
76
11
240
100
122
162
-131
188
134
-13
245
-76
-97
-1
-262
-118
-174
-141
-140
-219
-44
-179
-166
-152
-342
-313
-71
-332
-57
-149
-288
-126
-293
-114
-132
-190
-27
-322
-21
-5
-130
224
-147
334
-132
34
76
-273
256
54
8
375
-30
-4
158
-191
68
-352
66
-273
-89
-69
-318
-64
-499
-219
-456
-498
-450
-503
-378
-261
-427
-448
-512
-433
-651
-420
-414
-465
-99
-418
15
-360
-137
-112
-192
-162
43
-34
-66
238
-164
-13
-242
9
-354
71
-118
-236
-103
-213
-231
-100
-123
-24
-166
19
-24
-128
172
-148
106
88
118
238
198
370
155
298
144
102
463
-32
478
248
333
225
182
53
191
-70
157
-60
39
182
-512
172
-409
-124
-153
-189
-292
-32
-217
-162
-66
-317
107
-499
153
-293
-2
107
-95
219
40
430
61
586
214
422
365
343
397
453
255
575
245
647
618
243
732
226
472
414
364
330
299
263
196
227
-22
184
-62
62
292
11
103
245
-118
219
66
109
395
-159
619
-111
192
402
-122
344
204
-103
514
-254
233
273
-414
701
-307
30
498
-196
412
375
-415
431
-297
168
260
-444
530
-573
297
-59
-230
334
-381
-6
93
-465
436
-344
69
102
-316
233
-190
207
58
15
148
50
161
161
207
180
-69
-41
-148
-449
429
-617
341
-299
-237
146
-730
129
-471
-419
-88
-534
-322
-183
-775
38
-1000
-82
-374
-798
495
-881
466
-508
43
124
-548
706
-640
544
-79
-243
362
-552
748
-538
119
366
-652
751
-491
487
-157
7
163
-415
415
-419
413
-198
451
-137
-3
251
-503
298
-194
122
-67
-72
239
-415
307
-340
-166
298
-308
359
-128
384
-339
244
-111
-361
362
-788
187
-452
-7
-262
-37
-668
36
-379
-479
350
-1389
681
-1340
338
-823
-439
14
-1182
811
-1542
848
-1192
345
-530
-173
49
-648
876
-1276
935
-1083
313
-454
-84
-335
-249
-230
-709
512
-1219
865
-971
220
-377
-208
-293
-285
-77
-737
377
-730
509
-372
84
-42
-189
-122
-148
-59
-199
254
-394
465
-225
545
-61
220
240
-138
412
-259
503
-442
613
-365
373
23
-197
662
-539
842
-474
363
-53
221
-29
219
148
-161
657
-494
592
-248
521
-133
498
81
397
341
46
519
-110
391
327
-44
502
109
12
472
-402
902
-202
254
258
-318
395
-222
139
287
-348
334
-33
-352
715
-543
295
338
-298
318
252
-310
807
-369
431
-79
298
-139
187
-38
-60
375
-349
637
-253
312
38
-71
-27
67
-216
-127
-113
-115
-54
23
-242
-239
-2
-617
-57
-267
-293
94
-413
-215
27
-447
30
-320
-490
263
-886
647
-968
592
-582
-1
149
-448
583
-573
452
-441
158
-238
-3
-266
108
-492
-52
-105
-511
53
-508
-390
-238
-385
-341
-286
-485
-243
-193
-191
182
-358
378
-381
387
-417
461
210
-261
924
-506
639
79
172
114
553
-121
716
-75
409
84
557
308
503
712
-323
1211
-464
1032
427
-82
1160
-562
983
77
178
824
-503
987
-169
91
668
-448
597
132
-270
258
-157
-93
-74
-195
-311
188
-290
-71
-53
-79
-384
-291
-220
-528
10
-490
72
-715
133
-862
-180
-776
-424
-296
-658
-23
-815
-496
-517
-554
-663
-142
-1058
-242
-729
-532
-545
-1021
-453
-984
-552
-587
-999
-579
-898
-692
-717
-598
-475
-888
-431
-573
-667
-61
-1027
-59
-1321
66
-1240
113
-1061
-179
-947
-706
-383
-1492
208
-1914
146
-1391
-608
-270
-1238
-389
-502
-1253
150
-914
-341
172
-495
422
32
171
410
209
579
545
1120
650
1126
925
668
1206
582
941
1232
777
1365
1181
827
1725
400
1358
569
826
916
526
1278
258
1571
551
381
1730
-558
1691
347
547
1162
311
1037
555
999
488
829
803
573
938
163
600
523
-207
784
209
367
361
211
310
137
73
-397
606
-920
627
-595
-366
77
-890
-298
-311
-40
-1200
-8
-977
-259
-322
-867
83
-1324
-569
-151
-1395
338
-1012
-766
202
-740
-346
-626
-638
-638
-90
-1201
199
-1237
225
-1023
-419
-396
-1148
-78
-1532
-190
-1299
-779
-733
-1165
-815
-1134
-1057
-714
-1304
-361
-969
-702
-338
-1548
-141
-1600
194
-991
-497
-81
-403
248
233
105
-17
472
408
1035
469
1209
769
910
1175
844
1114
1160
1284
1166
1468
1375
1049
1385
940
1036
1244
1261
953
1290
682
1080
1035
451
1202
552
821
624
1113
122
1605
591
417
1264
414
1205
1303
288
886
1163
196
1979
332
389
1181
-395
998
1659
-1153
2343
-961
556
891
-869
686
33
255
20
1155
-1301
430
97
-995
1156
-1175
123
-169
-737
-9
-435
-380
148
-891
-958
-380
-1681
-18
-1027
-569
-1342
-1033
-808
-1776
-462
-1965
-1096
-1309
-1253
-923
-1682
-734
-2563
-237
-1523
-1455
-500
-1905
-482
-1180
-2017
-498
-1605
-848
-881
-1802
-845
-2221
-1093
-2030
-1282
-1977
-1282
-1598
-1441
-1256
-1500
-1290
-1091
-1612
-1363
-1027
-1134
-250
-722
-84
-1003
-210
101
-247
856
408
89
853
262
805
920
605
1258
221
1254
1128
891
2472
425
1586
1302
279
2301
617
1359
1850
437
1498
985
1127
1004
1486
231
1150
914
383
1727
465
892
483
632
229
1935
253
1515
830
-150
1838
512
1479
1109
765
612
1225
535
1240
1402
100
1149
357
507
1299
-10
349
708
206
647
890
-586
491
260
-822
1934
-1546
-256
171
-1903
1565
-1390
-92
-7
-1180
79
-1120
-524
-713
-770
-905
-369
-1292
-469
-953
-1223
-736
-1617
-410
-537
-1001
-945
-1883
-1776
-829
-2222
-710
-1031
-2083
-806
-2291
-1784
-1368
-2916
-1285
-1934
-1613
-953
-2060
-1166
-2126
-1550
-1781
-881
-761
-1147
-412
-1123
-255
-499
-323
355
-166
889
408
1250
1094
573
1003
751
1494
1578
1889
1607
1800
1470
1551
1367
1644
1974
1394
2032
1524
1564
1444
1427
1691
1015
1745
1507
773
1995
1041
1010
1404
487
1144
691
787
1358
-37
1174
1807
-986
3044
-779
1212
2173
-451
2461
-39
322
2226
-588
2116
2083
-12
2518
353
1331
1347
2080
814
1732
859
738
1820
51
1359
915
144
1916
-581
455
138
-184
-225
760
-282
-425
294
-2462
1370
-2981
1328
-2798
-1074
130
-3426
1015
-3942
-1156
-2563
-2161
57
-2329
57
-3589
-1199
-3273
-2309
-458
-4570
468
-4110
-1259
-1928
-3112
-2336
-2910
-2957
-2298
-1524
-2875
-825
-4004
-1845
-2728
-2968
-121
-2916
-255
-2372
-1789
-381
-2311
908
-1380
504
515
34
1070
257
1518
362
2572
1035
1889
2133
1188
2385
1191
2083
1253
2331
1718
2223
1716
1339
1312
-8
1734
100
1544
1482
770
1158
-137
791
-375
1408
266
170
789
467
425
532
1023
-791
2254
154
849
2319
-258
1928
768
412
2540
565
332
1789
23
2324
1370
2071
811
1530
2220
1587
3932
207
1941
1773
669
3057
-1018
2405
101
1466
835
-1531
1813
-1803
756
302
-2236
2260
-3922
167
-1217
-2753
-213
-2905
-1798
-3828
-470
-3953
795
-4525
-3975
-1444
-5194
190
-2975
-3234
-2159
-3734
-4042
-1897
-2956
-3034
-1807
-5081
-2110
-2710
-4258
-1657
-4838
-3053
-3075
-3302
-1526
-1925
-1587
-3259
-1987
-3582
-1083
-504
-481
1468
-368
434
-71
1585
1491
3111
2795
3224
4073
3090
4545
3905
4080
3866
3528
4509
4658
5054
3628
3459
2355
2269
2836
2517
3488
1722
1810
605
706
651
371
1109
45
684
-573
-129
-228
-510
-546
-293
761
-635
920
-777
269
940
-130
1511
381
1560
1376
1485
1757
1401
2042
1566
3442
3612
2711
3401
1923
2209
3164
3988
2463
3215
2490
280
3933
583
2372
454
-376
351
-520
1028
-982
-409
-585
-2321
-2246
-2082
-3247
-1405
-2529
-4231
-3702
-3836
-4062
-2768
-3713
-4357
-4869
-3947
-2456
-4154
-3569
-4933
-6005
-3482
-2279
-4747
-2885
-4099
-5717
-4171
-4674
-5235
-5032
-3821
-3014
-1630
-1023
-2882
-4593
-3914
-2647
-1700
1072
2090
863
309
-121
236
1820
3670
4088
4738
5311
4916
4450
4995
4831
4529
5453
5945
6001
5843
4737
3701
2888
2782
3194
3556
4179
2582
1344
86
-954
-26
-2
627
0
-770
-1708
-1993
-2040
-2582
-1395
-1088
-547
-877
-1327
-1478
-2001
-524
-20
770
1595
962
779
1277
1446
2020
2645
3475
4117
3759
4174
3182
3319
3896
3877
4227
4466
3503
2546
2094
1468
2093
2405
1113
964
-789
-325
-1549
-2133
-973
-2621
-1990
-3911
-4081
-4285
-4919
-4113
-5157
-4987
-5009
-5034
-5918
-6698
-5819
-7894
-5182
-5593
-6228
-5299
-7080
-6388
-6721
-6703
-6047
-5872
-6063
-6369
-7028
-5220
-3832
-1459
-2807
-4286
-4592
-5452
-1526
683
2175
2498
1437
195
1016
2337
4277
6328
6755
6000
6016
5771
6206
6691
6198
7175
6832
7313
6758
5933
4454
3599
3036
3932
4928
4005
2655
318
-642
-1210
-284
280
327
-382
-2453
-3329
-3221
-2806
-2185
-1584
-1501
-1011
-1177
-2284
-1653
-1480
-307
962
2013
2696
2014
1870
2027
3083
4459
5258
5957
5426
5175
4413
4961
6012
6303
6776
5370
4446
4033
3266
3667
3760
2673
2586
301
-15
-387
-1780
-1192
-2748
-2767
-2576
-4212
-4777
-6029
-5818
-5648
-5211
-5856
-6414
-7100
-7943
-6398
-7408
-6653
-6574
-6710
-6373
-6648
-7117
-6634
-6106
-6376
-6023
-6045
-6613
-5546
-2570
-1322
-1886
-3054
-4942
-3518
-179
1295
2821
2485
2196
1205
2163
3989
5847
6996
6890
6773
6573
7950
7360
7653
7717
6980
7736
7794
6923
5901
4534
3517
3633
4156
3257
2268
340
-988
-1397
-1427
-1038
-1948
-2893
-3844
-4429
-4185
-3528
-3482
-3151
-2764
-2634
-3232
-2964
-2209
-1318
1281
1545
1929
1731
1439
2168
3838
5480
6143
6916
5707
5099
5364
6261
7373
7995
6954
6201
5103
4294
4550
3807
4170
3414
1624
1175
-314
-1516
-2138
-2604
-3227
-3515
-4392
-6304
-6729
-7223
-8110
-7390
-7594
-7674
-7766
-9135
-9499
-9341
-9033
-7754
-7240
-7636
-7814
-8394
-8160
-7671
-7557
-7212
-5343
-2573
-708
-2041
-4144
-4885
-3664
617
3033
3963
2970
2529
1540
3420
6059
7404
8005
7102
6443
7151
8457
8364
8401
7453
7506
7226
7176
5883
4654
3976
3649
4038
3926
2311
-196
-1578
-2428
-1253
-910
-1840
-3197
-5154
-5849
-5555
-4563
-3648
-3412
-4873
-6327
-5681
-4553
-2408
-1248
-998
-1514
-1722
-977
169
2313
3285
3719
4012
4594
5009
5659
5961
6306
7344
7470
7500
6958
6056
5560
4929
5694
5344
4423
3438
1399
798
553
655
-629
-1632
-3941
-5422
-4845
-6034
-5728
-7011
-8435
-9116
-9351
-9263
-9495
-9753
-10389
-10555
-10385
-9238
-9175
-9813
-9714
-10446
-8070
-4430
-1843
-3079
-5110
-5666
-3968
1700
3956
5130
4090
3719
4327
6519
9706
11059
11157
10323
10331
11642
12843
12966
12069
11694
11279
11368
10728
9318
8058
6295
6380
5754
5164
2689
-293
-2108
-1839
-1626
-2263
-3720
-6807
-8115
-8396
-8004
-6422
-6332
-8090
-9697
-9835
-8677
-7040
-5459
-5330
-4917
-4594
-4001
-2997
-1212
37
774
2117
2845
3720
4485
4637
5446
6793
7734
7769
7123
6617
6315
6853
7638
7220
5954
4482
2737
2191
2678
2232
993
-651
-2272
-3054
-3878
-4349
-5281
-6511
-6948
-8417
-8637
-9297
-10174
-10391
-11216
-10658
-11063
-11232
-11981
-12368
-10580
-8397
-5735
-6362
-8160
-8963
-7546
-3031
238
1714
1556
1310
1694
4079
6781
9526
10832
10670
11049
11869
13356
14228
14740
14738
15164
15153
14545
12804
11985
11438
11750
11886
10901
8239
4702
3108
2783
3265
2861
681
-2336
-4637
-5939
-6260
-5320
-4931
-6740
-8916
-10002
-10303
-9082
-8569
-8533
-7883
-7899
-7720
-7145
-6203
-5418
-4831
-3586
-2387
-1102
-553
-847
304
1668
2628
3291
3542
3636
3618
3847
4115
4552
4592
4059
2835
2588
2902
2136
1455
159
-190
-706
-1300
-2846
-3420
-4750
-5660
-5504
-7438
-6706
-8768
-9802
-9816
-10722
-9935
-11130
-11123
-10019
-8844
-7759
-9430
-10053
-9193
-6606
-3590
-2592
-2236
-2854
-1753
105
3020
5517
6703
6257
6600
8186
10141
12066
12731
13337
13437
13855
13737
13414
13842
13338
13473
13673
12919
11449
8957
7560
7471
8060
7339
5578
2851
842
-331
-707
253
-229
-1563
-4251
-6223
-5953
-5048
-4015
-4756
-5550
-6535
-6501
-5908
-4939
-3623
-3662
-3642
-3558
-2774
-1858
-1102
-345
524
1066
1105
1179
1270
1784
2273
2408
2690
2144
1874
1176
898
783
409
54
-1472
-2223
-2324
-3124
-3300
-4417
-4654
-6082
-6684
-7376
-8668
-8021
-8967
-9327
-9826
-10716
-11177
-10018
-8647
-6672
-8235
-9345
-9691
-7619
-3995
-2836
-2423
-2711
-1876
-503
1453
3433
5192
5645
6106
6638
8117
9205
9884
10393
10991
11722
11517
10625
10165
10321
10649
10995
10578
9132
7604
6040
5687
6265
5818
4429
2065
734
146
-58
-65
-699
-1771
-2092
-2962
-3755
-3906
-4425
-4005
-2971
-2237
-2701
-3589
-4033
-3087
-1340
293
650
109
-89
-122
1644
2919
4319
4337
3403
3476
3395
4370
4660
4469
3771
3241
2851
2434
2412
1474
373
-439
-1842
-2352
-2470
-3847
-4488
-6067
-6697
-7482
-7975
-8985
-9862
-10264
-10565
-11036
-11595
-11573
-12622
-10546
-9871
-7612
-9285
-10907
-10428
-8541
-3960
-3527
-3256
-3563
-2225
99
1545
3197
4597
5300
6426
7118
9067
10228
10317
10595
11422
12593
12482
11605
10159
10597
10898
11320
10585
8881
6874
4747
4715
5323
5193
2998
337
-1257
-1908
-1984
-2761
-3399
-4632
-5955
-6501
-6294
-6294
-7042
-7397
-6822
-5640
-5154
-5378
-5627
-4607
-2957
-1700
-994
-653
-223
700
1929
3941
4532
4837
4558
4583
5988
6840
7370
6645
6013
5326
5305
5943
5739
4655
2856
1715
1177
873
592
-1226
-1510
-3925
-4309
-5256
-6146
-6226
-7602
-8625
-9401
-9578
-10359
-10646
-12310
-11424
-10515
-7553
-7490
-10162
-11868
-11476
-7413
-3999
-3130
-3921
-5202
-3849
-1742
845
3554
3874
3857
4036
5517
7734
9395
9832
10177
10627
11282
11061
10759
11001
11137
11416
11403
10505
9077
7075
6435
6475
7080
5987
3475
1192
-268
-394
-810
-947
-2206
-4238
-5945
-6876
-5643
-5349
-6112
-7062
-7854
-6765
-6706
-6092
-5795
-5310
-4292
-4011
-2897
-2315
-2273
-1602
-72
1931
3164
3013
2620
2625
3695
4979
5649
5999
5217
4252
4172
4752
4989
4141
2942
2018
1715
841
131
-998
-1222
-2169
-3632
-4125
-5035
-5546
-6724
-7452
-7864
-8228
-8889
-9689
-10594
-10292
-8472
-6500
-5716
-8818
-10210
-9849
-5812
-2185
-1885
-2562
-3885
-2651
-818
1703
4391
5141
4853
4784
5461
7572
9039
9778
9834
10420
10320
9970
9425
9729
10326
10417
10178
9156
7583
5481
4658
5445
6375
5438
2778
457
-1031
-1139
-615
-646
-1465
-3864
-6068
-6905
-5957
-4510
-4673
-5818
-6782
-7356
-6635
-5367
-4562
-4341
-4162
-3618
-3029
-1837
-1457
-1138
171
1310
2338
2479
2425
2840
3370
4418
4474
4382
4068
3254
3481
3569
3528
2833
1691
754
-106
-215
-662
-1437
-2265
-3959
-4327
-5407
-5210
-6490
-7266
-7713
-8505
-8362
-9413
-9610
-10500
-10896
-11235
-8604
-5542
-5113
-8550
-10711
-10288
-5047
-973
-259
-1679
-2634
-1763
-281
3410
6338
7770
6240
5408
6258
9371
11201
11651
11288
11476
11495
10813
10626
10959
11034
10790
10327
10157
8808
6298
4482
4931
6236
5522
2986
185
-1475
-2007
-1801
-1398
-1668
-3864
-6629
-7764
-6710
-5346
-5078
-5193
-6308
-6592
-6641
-5907
-4344
-3133
-2657
-2893
-2077
-1589
-675
-93
1445
2806
3538
3287
2986
3549
4611
5309
5926
6020
5415
4170
3098
3502
4002
3954
2772
1256
-6
-1183
-1375
-1396
-2133
-3419
-5280
-5790
-6016
-6352
-7226
-8196
-8795
-9372
-9640
-9773
-10718
-10784
-11431
-11494
-9950
-6680
-5173
-8403
-10451
-11405
-6771
-1934
-133
-1708
-2943
-2706
-1387
2314
6103
7843
6149
4943
4675
8190
10952
11999
11784
11311
10950
10444
10640
11499
11409
10908
10356
10081
9516
6740
4804
4564
5868
5547
3288
1041
-1358
-2487
-3245
-2460
-1732
-3073
-5981
-8247
-8007
-7182
-6224
-5959
-4832
-5737
-6932
-7033
-5508
-2836
-1923
-1596
-1343
46
671
1099
2460
4149
5269
5506
5411
5830
5690
5917
6795
7877
8029
6365
4341
3981
4187
4392
3804
2435
651
-1320
-2392
-2086
-2019
-2736
-5322
-6369
-7256
-7741
-7348
-8687
-7931
-9810
-10231
-10887
-10565
-9943
-10801
-11776
-11830
-11820
-8160
-3366
-5233
-7189
-11861
-9557
-3556
1377
2833
-600
-1561
-1703
-125
5302
9750
10109
8381
4439
6000
9158
12277
13321
11863
11464
9694
9183
10004
10307
9930
8588
7457
7860
6024
3172
1172
1193
2448
1304
-533
-3157
-5395
-6797
-6945
-5060
-3656
-5331
-8552
-10805
-10685
-8502
-6484
-4828
-4304
-5041
-6650
-6855
-3929
-803
1934
2608
2829
2774
2263
4017
6616
9694
10553
9774
8673
8029
8573
9460
11273
12215
10230
7638
5658
5078
5611
5202
4550
3234
506
-2125
-3982
-4061
-3996
-4468
-5627
-7691
-8669
-10999
-11440
-10609
-9403
-9086
-10554
-12560
-13523
-13031
-11758
-11312
-10335
-11002
-12753
-11227
-4969
-2914
-4373
-8232
-9379
-3203
1281
5027
2964
3213
2405
2391
6016
11747
14402
12930
8637
8206
11629
13556
15238
13879
13550
11518
9158
8966
10335
9779
7041
4371
4906
4110
1493
-1329
-2890
-1931
-3731
-5425
-6244
-7048
-8998
-11741
-10803
-8459
-7949
-10192
-12087
-11936
-10760
-9917
-8608
-6148
-5052
-6058
-5554
-2738
805
2052
2096
3522
5779
7549
8235
9754
11446
11989
11944
12687
14273
14799
13250
12361
12863
13331
12744
11475
10217
8718
6606
5336
4802
3807
1445
-1693
-3257
-3943
-5192
-6568
-8150
-8710
-10676
-12406
-12791
-12585
-12366
-13817
-14423
-14623
-14105
-14486
-15119
-14544
-13441
-13497
-13315
-13780
-12000
-4777
-3057
-3073
-6571
-9372
-4028
694
6526
7116
6916
5720
3685
5881
11921
15823
18217
13667
10799
11837
13107
16297
15915
16501
14352
10688
9559
8985
8563
7558
4022
4055
2879
632
-2200
-5743
-6116
-7544
-8039
-8472
-9866
-11356
-14569
-15651
-13942
-12186
-11304
-12098
-13019
-12932
-12908
-11250
-8631
-5190
-3728
-4183
-3796
-1300
1473
4007
6047
7848
9905
10483
10978
11921
13824
15347
16086
16696
16919
15809
14728
13866
13995
13901
13193
11737
10319
8998
7083
4876
3198
1913
402
-1343
-3587
-5451
-7562
-9565
-10670
-11022
-11219
-12324
-13809
-15175
-15969
-16094
-15695
-14833
-14212
-14447
-15616
-15845
-15249
-13479
-12313
-11706
-11092
-10544
-4953
-2576
-112
-1930
-5416
-2646
1484
7601
9294
8948
9079
8806
9217
12099
14103
18940
17683
15269
13590
13719
16325
15959
15515
14428
12097
10525
8738
6803
6367
3023
1900
95
-1063
-2300
-5035
-6357
-8749
-10901
-12068
-12080
-10828
-11282
-13117
-14104
-14469
-13432
-12915
-11180
-9136
-8476
-8491
-8894
-7012
-4558
-2572
-969
729
2327
4106
5101
6634
8581
9686
10510
11672
13835
15185
15247
14206
13659
13982
14582
14752
14327
13295
11421
8942
7373
6827
7030
5600
2765
-240
-2767
-4077
-5049
-5915
-7186
-9125
-11573
-12340
-12196
-11714
-11972
-13271
-13717
-14230
-13444
-12820
-12362
-11486
-11284
-10712
-9881
-8122
-7090
-6846
-6885
-6404
-4814
-3660
-3193
-2462
-341
2333
4538
5020
3279
2285
2579
4065
6602
7741
8305
8796
8670
8478
8103
8669
9581
8781
7535
6029
6233
7480
7546
6736
4984
2760
1356
731
721
757
-402
-1960
-3408
-3778
-4015
-4132
-3994
-4867
-6026
-7497
-7811
-6020
-4626
-3924
-4513
-5067
-4440
-4017
-2826
-1615
-976
-667
-314
963
2321
2698
2833
3361
4291
4767
4642
4947
6211
7220
6997
6448
6585
6716
6243
5518
4952
5147
4699
4139
3425
2701
1737
633
88
-489
-1091
-2418
-3788
-4375
-4747
-5650
-5926
-5528
-6042
-6877
-7728
-8282
-8574
-8367
-7550
-6619
-5649
-5734
-6150
-6085
-5497
-3573
-1956
-599
-843
-1526
-1185
191
2351
3221
3158
2792
2932
3007
2869
2835
2872
2552
2390
2166
2634
3142
2891
1985
413
-84
-342
-176
-467
-628
-677
-722
-193
-111
33
-256
-884
-1264
-1589
-1012
-21
839
1593
1799
1474
800
296
551
846
1302
2058
2538
2595
2023
1833
2373
2707
2854
2467
1951
1622
1645
2007
2502
3029
3106
2379
1950
1897
1842
1992
1574
1082
692
185
-19
495
697
382
-1009
-2284
-2993
-2753
-2113
-1858
-1722
-2379
-3405
-4095
-4070
-3343
-2826
-2854
-3503
-3635
-3041
-2539
-1762
-1635
-1482
-1282
-1160
-964
-319
28
28
-55
76
915
1915
2502
2728
2960
3164
2706
2279
2217
3191
2817
2708
2242
2643
3081
2587
1997
1576
1661
956
472
-770
-1384
-1936
-2140
-2060
-1920
-3540
-5693
-7602
-8273
-7173
-5005
-3091
-2551
-4495
-7046
-7987
-6696
-3926
-2619
-2078
-1902
-1066
475
2110
3581
4588
4726
4338
4478
5398
6850
8289
9287
9249
8787
8148
7473
7147
6872
5957
5139
4186
3326
2587
1703
965
-68
-1281
-2730
-4087
-5192
-6130
-6602
-6477
-6395
-6620
-7661
-8296
-8352
-8187
-8283
-8368
-8279
-7831
-7516
-6818
-5685
-4619
-3655
-3424
-3059
-2627
-1679
-497
818
2428
4018
4587
5155
5552
6152
6603
6682
6513
6474
7078
7677
7834
7748
6840
5855
5488
5306
5329
4420
3057
1842
1411
1691
1610
1162
196
-1434
-2737
-3623
-3752
-3547
-4037
-4566
-4882
-4978
-4964
-5310
-5511
-5495
-6032
-6657
-6917
-6603
-5791
-5514
-5574
-5340
-5535
-5413
-5371
-5208
-4974
-5673
-4060
-1259
2529
4470
2882
1769
1590
3004
4904
5290
6252
7319
8141
9366
9449
10685
11086
10431
9479
7182
6016
5804
6105
6771
5566
3386
1372
-183
-833
-2734
-4612
-6311
-8173
-9286
-10531
-10758
-10263
-10301
-10560
-11367
-11950
-12053
-11613
-10389
-9298
-8462
-7534
-5892
-3433
-1305
3
791
1759
2996
4119
5605
7370
9069
10257
10665
11181
11622
11941
12189
11772
11567
11525
11368
10876
9760
8620
7406
6682
6004
5150
3619
1568
69
-985
-1380
-1810
-2505
-3439
-4393
-5039
-5856
-6435
-6750
-6839
-6720
-6606
-6271
-5803
-5443
-5007
-4737
-4156
-3439
-2577
-1789
-1076
-969
-638
102
695
1295
1248
1659
1477
1409
606
592
376
565
-80
-762
-1769
-2990
-3989
-3466
-1651
709
1664
-213
-1207
-1590
-589
37
-451
-777
-130
980
2574
3060
3710
3597
3207
3041
1842
1037
301
-79
-22
-823
-1725
-2118
-2145
-2131
-3242
-4287
-5391
-6092
-6713
-7598
-7461
-6333
-5102
-4384
-4413
-4043
-3314
-2129
-850
-53
568
1081
2194
3626
5209
6456
7592
8798
9674
10062
9842
9750
9669
9550
9028
8405
8082
7792
7158
5887
4888
4217
3594
2374
472
-1378
-2770
-3418
-3761
-4344
-4837
-5664
-6160
-6099
-6055
-5847
-5755
-5752
-5625
-5351
-4696
-3880
-2934
-1596
-401
746
1534
1943
2252
2549
3279
3739
4286
4295
3911
3325
2752
3226
3429
3517
1998
89
-786
-1854
-2346
-3764
-5023
-5896
-7729
-8388
-9610
-10000
-10860
-12540
-12182
-10890
-8141
-5984
-6520
-5858
-5860
-4669
-3717
-3495
-2052
-707
772
1967
2877
4668
6381
7610
8306
7905
7439
6466
6131
6057
5353
4921
4576
4128
3403
2164
1561
1439
1151
-44
-1765
-3025
-3564
-3519
-3281
-3178
-2750
-2000
-1239
-575
27
304
724
1101
1582
1961
2279
2892
3566
4401
5029
5429
5792
5713
4995
4250
3823
3617
3107
1911
704
342
283
667
473
32
-802
-1623
-2060
-2549
-2769
-2938
-3046
-2803
-2547
-1941
-1110
-251
609
1107
1461
1723
2050
2579
2522
2642
3125
3608
4015
4050
4153
4110
3766
3075
2415
2142
1275
-77
-1427
-2602
-3165
-3788
-4482
-5297
-6375
-7254
-8340
-9108
-9489
-10024
-10627
-11274
-11833
-12054
-12230
-12562
-11700
-9777
-7150
-4759
-2275
-636
881
2443
3151
4223
4842
5979
7327
8619
9483
10240
11428
12899
14248
14670
13727
12168
10480
8914
7517
6096
4581
3047
1279
-643
-1450
-1481
-1720
-2725
-4710
-6444
-7174
-7461
-7656
-7982
-8190
-8119
-7387
-6132
-4584
-2667
-1118
-213
445
993
1942
3311
4181
4479
4497
4795
5807
6893
7372
7038
6611
6286
5614
4689
3712
2548
1618
445
-635
-1056
-1235
-1499
-1755
-2479
-3001
-3228
-3123
-2681
-2499
-2584
-2847
-2661
-2172
-1475
-610
400
1130
1745
1940
2567
3318
3678
3471
2842
2403
2220
1920
1376
1015
900
769
258
-390
-834
-1179
-1968
-2959
-3998
-4890
-5592
-6046
-6424
-6208
-6334
-6367
-6687
-7051
-7196
-7306
-7181
-7484
-7895
-8022
-8281
-7403
-5935
-3717
-1214
756
2677
3824
5702
6655
7653
8029
8301
8222
8154
7822
8027
8466
8980
9261
9112
8196
7155
6000
4534
3128
1371
-326
-2024
-3867
-5769
-6956
-7505
-7361
-7382
-7438
-7410
-6968
-6455
-5978
-5406
-4893
-4278
-3815
-3556
-2967
-1727
22
1492
2610
3457
4331
5431
6160
6385
6124
5516
4797
4109
3287
2400
1721
1031
565
114
-294
-863
-1426
-2029
-2883
-3702
-4141
-4320
-4348
-4231
-3876
-3124
-2384
-1645
-1012
-21
1022
2142
3097
4074
4805
5323
5663
6196
6861
7301
7274
6748
6265
6014
5801
5421
4962
4249
3408
2501
1543
444
-667
-1981
-3278
-4256
-4905
-5121
-5279
-5586
-5978
-6491
-6666
-6639
-6633
-6538
-6928
-7070
-6994
-6550
-5731
-5371
-4607
-4496
-4087
-4061
-3776
-3609
-2879
-1989
-751
738
1771
3657
4676
6256
6989
7155
7246
7105
6781
6218
5214
4810
4759
4928
4880
4400
4191
4108
3955
3232
2480
1564
371
-1252
-3063
-4410
-4984
-4948
-5105
-5384
-5434
-4969
-4355
-3474
-2939
-2667
-2430
-2471
-2040
-1469
-902
-479
-238
202
546
1054
1998
2821
3487
3570
3619
3697
3978
4073
3626
2916
2121
1402
824
476
341
512
645
719
966
1609
1840
2156
2311
2809
3143
3605
3980
4232
4450
4403
4742
5458
6210
6510
6389
5780
5192
4481
4511
4769
4603
3828
2232
968
220
-379
-716
-1388
-2179
-2971
-3616
-3616
-3534
-3376
-3835
-4360
-4753
-5077
-4947
-4756
-4534
-4505
-4834
-5009
-4704
-4230
-3987
-4212
-4261
-4721
-4857
-4664
-4777
-4643
-5212
-5760
-6130
-6196
-6304
-6231
-6345
-6082
-5738
-5442
-4032
-3102
-1635
-503
91
1511
2168
3181
3713
4057
4593
4906
5186
5101
5108
4828
5065
5454
5540
5868
5979
5776
5395
4363
3550
2575
1423
73
-1364
-2417
-3130
-3670
-3990
-4072
-4205
-4053
-4282
-4221
-4144
-4082
-3900
-3841
-3617
-3183
-2760
-2394
-1981
-1640
-999
-337
487
1477
2518
3102
3598
3916
4369
4941
5059
4884
4525
4609
4664
4900
5099
5396
5518
5522
5748
6140
6645
6572
6428
5920
5634
5254
5054
4831
4347
3498
2375
1641
1286
964
647
141
-341
-1097
-1983
-2758
-3643
-4210
-5082
-5956
-6543
-6783
-6917
-7149
-7419
-7595
-7562
-7437
-7258
-7196
-7096
-7001
-6831
-6492
-6196
-5610
-5195
-4790
-4771
-4613
-4199
-3460
-2431
-1847
-1386
-1035
-838
-430
168
352
764
665
657
453
286
392
280
531
784
1295
2073
2855
3494
3999
4380
4923
5540
5876
5833
4994
4103
3159
2444
1939
1409
602
71
-271
-313
-379
-363
-464
-978
-1616
-2450
-2837
-3065
-3439
-3862
-4184
-4164
-3903
-3490
-2574
-1619
-800
-69
737
2027
3295
4430
5169
5851
6191
6493
6673
7234
7680
8175
8219
7996
7971
7544
7885
7908
8018
7642
6688
5713
4996
4294
3451
2432
1392
257
-1186
-2112
-2946
-3595
-3814
-4243
-4151
-4162
-4296
-4338
-4562
-4403
-4650
-4883
-5265
-5509
-5422
-5380
-5229
-5054
-4494
-3786
-3122
-2126
-1404
-670
-26
474
860
1488
2007
2104
2045
1850
2073
2236
2529
2722
2879
3154
3195
3167
2994
2702
2353
1654
1118
433
-418
-1282
-2125
-2631
-3270
-3918
-4649
-4941
-5474
-6016
-6719
-7067
-7033
-7085
-7020
-7083
-7057
-6980
-6843
-6360
-5678
-5146
-4245
-3708
-2306
-1128
3
1007
1959
3023
3836
4595
5267
5765
5782
5831
5636
5631
5360
4796
4443
4302
4295
4318
4306
4283
4011
3607
3212
3018
2756
2259
1709
939
368
-148
-247
-7
31
-81
-478
-726
-831
-625
-430
-320
-598
-1052
-1580
-1851
-2010
-2305
-2504
-2948
-3321
-3739
-3714
-3594
-3109
-2584
-2429
-2181
-2294
-1999
-1756
-1137
-595
-263
217
433
1133
1577
2341
2730
3175
3597
3753
4275
4335
4512
4492
4241
3864
3629
3672
3640
3492
3122
2664
2420
2002
1755
1598
1302
866
-76
-834
-1561
-1934
-2395
-2758
-3107
-3629
-4097
-4513
-4508
-4442
-4447
-4816
-5225
-5464
-5744
-5799
-5691
-5571
-5570
-5666
-5500
-4991
-4442
-3978
-3623
-3315
-2779
-2330
-1614
-915
-586
-439
-380
176
496
899
1156
1258
1096
647
471
540
1010
877
635
604
666
1179
1593
1815
2046
1665
1307
1068
1166
1240
919
484
165
58
-29
192
262
390
226
220
682
1244
1492
1464
1361
1309
1475
1384
1343
1130
898
852
823
997
1254
1530
1827
1945
2180
2241
2391
2588
2862
3182
3408
3549
3308
3187
2916
2988
2981
2801
2655
2262
1912
1555
1589
1815
1868
1950
1998
2074
1688
1435
1089
1053
953
354
171
-189
-347
-862
-1136
-863
-286
178
376
421
426
585
448
518
479
171
-309
-775
-1004
-1179
-1362
-1413
-1351
-1436
-1727
-2125
-2264
-2162
-2256
-2443
-2498
-2637
-2665
-3015
-3140
-3084
-3065
-2893
-2933
-2768
-2580
-2386
-2239
-2113
-1992
-2031
-2242
-2381
-2338
-2383
-2231
-2140
-2109
-1983
-2118
-2371
-2615
-2774
-2723
-2787
-2867
-3080
-3139
-3081
-2963
-2590
-2073
-1621
-1228
-801
-169
659
1634
2605
3197
3749
4230
4610
5212
5458
5456
5357
5293
5350
5268
5337
5018
4744
4267
3680
3410
3130
2772
2091
1487
924
344
-308
-1004
-1635
-2133
-2389
-2506
-2440
-2500
-2510
-2238
-1816
-1332
-970
-747
-576
-390
-279
-171
312
706
1065
1163
1167
1414
1652
2090
2395
2811
3018
3053
2989
2907
2730
2296
2121
1628
1197
667
283
210
-21
-370
-654
-705
-806
-1043
-1695
-2298
-2778
-3096
-3402
-3699
-3969
-4189
-4547
-4763
-4808
-4653
-4498
-4660
-4758
-4881
-4716
-4403
-3861
-3432
-3108
-3014
-3007
-2768
-2504
-1970
-1362
-773
-198
227
680
1238
1877
2447
2675
2927
2971
2972
3029
2928
3011
2850
2559
2342
2089
2038
1802
1410
1043
803
537
347
4
-163
-573
-1103
-1691
-2080
-2086
-2188
-2417
-2679
-2561
-2370
-2010
-2081
-2299
-2336
-2196
-1887
-1445
-1093
-897
-522
-250
152
781
1220
1808
2237
2521
2843
2968
3197
3573
3769
3770
3809
3636
3590
3556
3537
3633
3616
3589
3447
3408
3312
3070
2758
2400
2177
2002
1738
1405
939
397
-91
-547
-878
-1541
-1962
-2260
-2439
-2437
-2646
-2727
-2464
-2461
-2365
-2457
-2645
-2553
-2839
-2896
-2657
-2369
-1833
-1491
-1272
-594
-113
476
1107
1351
1652
1793
2079
2615
3063
3272
3302
3215
3216
3346
3476
3664
3654
3470
3166
2853
2696
2439
1985
1379
854
289
-54
-247
-331
-311
-550
-743
-966
-1123
-1278
-1614
-1949
-2275
-2541
-2565
-2634
-2752
-3015
-3280
-3401
-3458
-3366
-3169
-3062
-2967
-2926
-2893
-2452
-2190
-1736
-1455
-1423
-1255
-1046
-616
-143
185
368
441
541
797
1081
1521
1835
1920
1917
2015
2218
2341
2260
1790
1191
617
123
-9
-242
-537
-936
-1271
-1256
-1192
-976
-947
-1150
-1442
-1795
-2054
-1886
-1871
-1978
-2168
-2308
-2156
-2086
-1832
-1554
-1300
-1046
-900
-573
-131
332
654
923
1126
1220
1427
1666
1902
2068
2114
2284
2438
2576
2647
2612
2404
2259
2079
1955
1923
1812
1781
1647
1581
1654
1737
1632
1307
907
569
346
166
-9
-287
-651
-997
-1289
-1353
-1363
-1276
-1292
-1459
-1596
-1630
-1420
-1136
-961
-869
-987
-1065
-938
-692
-268
14
152
166
181
341
520
644
676
586
596
640
717
609
377
66
-285
-580
-802
-912
-1064
-1333
-1568
-1603
-1370
-1112
-1090
-1197
-1320
-1384
-1449
-1341
-1237
-1006
-948
-890
-792
-674
-293
-132
72
180
229
228
216
329
477
658
802
805
776
807
857
1017
997
705
395
131
62
117
107
-8
-138
-269
-341
-264
-159
-72
-166
-237
-189
-70
32
109
19
-121
-175
-292
-57
123
242
188
-45
-198
-271
-99
-11
-7
-285
-663
-1062
-1264
-1187
-1051
-1022
-1261
-1403
-1471
-1420
-1273
-1169
-1012
-811
-585
-305
-90
184
385
567
989
1379
1681
2038
2366
2547
2750
2766
2802
2973
2993
3038
2963
2882
2891
2952
2984
2963
2738
2396
2084
1815
1731
1562
1294
990
475
-17
-262
-314
-407
-714
-1257
-1717
-1799
-1599
-1359
-1320
-1372
-1528
-1604
-1496
-1239
-931
-742
-677
-683
-546
-331
-104
208
557
868
1094
1283
1492
1788
2044
2175
2259
2258
2201
2099
1943
1974
1899
1660
1444
1192
1031
844
615
392
181
-30
-385
-837
-1148
-1481
-1713
-1924
-2108
-2259
-2408
-2652
-2896
-2903
-2806
-2608
-2617
-2701
-2933
-3069
-3119
-3064
-2896
-2868
-2851
-2920
-2909
-2805
-2644
-2480
-2275
-2127
-2070
-2040
-1947
-1859
-1736
-1723
-1636
-1358
-1196
-1090
-1027
-937
-655
-348
-64
93
140
218
326
592
805
925
1115
1207
1299
1262
1238
1305
1297
1244
1094
1089
1079
1027
913
791
732
702
714
856
863
792
607
608
860
996
990
830
833
942
1159
1309
1498
1688
1761
1855
1963
2141
2190
2154
2128
2111
2138
2131
2240
2263
2157
2002
1971
1969
1929
1812
1599
1535
1323
1041
832
806
806
731
547
245
111
-59
-166
-283
-283
-267
-379
-545
-810
-1023
-1243
-1382
-1476
-1436
-1433
-1529
-1682
-1819
-1878
-1739
-1611
-1705
-1967
-2271
-2281
-2090
-1699
-1527
-1594
-1634
-1722
-1553
-1339
-1239
-1228
-1283
-1328
-1405
-1332
-1220
-1106
-1146
-1210
-1305
-1403
-1298
-1251
-1129
-1006
-1015
-963
-880
-846
-852
-735
-554
-358
-327
-525
-580
-541
-451
-319
-301
-238
-145
-139
-101
127
391
563
707
765
793
716
714
780
896
1018
951
953
1050
1152
1240
1272
1373
1422
1361
1334
1282
1455
1654
1750
1750
1657
1622
1632
1605
1495
1453
1510
1471
1419
1347
1323
1394
1436
1376
1293
1145
982
865
719
601
491
429
426
384
290
277
361
536
581
604
652
626
685
643
598
511
371
136
-36
-77
-87
-107
-106
-93
-105
-149
-202
-216
-318
-473
-705
-858
-983
-1096
-1205
-1332
-1384
-1471
-1516
-1605
-1475
-1228
-1067
-919
-946
-872
-836
-866
-809
-679
-574
-486
-520
-588
-586
-642
-641
-565
-498
-392
-392
-401
-315
-279
-167
-72
3
5
-167
-207
-137
-178
-209
-299
-236
-87
-69
-103
-229
-337
-343
-302
-167
-183
-375
-555
-614
-537
-487
-492
-453
-617
-705
-843
-940
-645
-533
-516
-599
-657
-573
-470
-405
-381
-367
-395
-382
-263
62
273
398
399
378
342
189
94
66
39
-136
-232
-315
-279
-248
-357
-339
-303
-212
-60
47
174
183
111
61
11
17
80
94
165
214
252
324
475
584
575
621
681
751
768
716
659
685
645
607
556
509
389
193
75
43
103
132
18
-134
-252
-328
-323
-240
-172
-140
-247
-338
-407
-285
-142
2
125
83
189
392
722
1036
1213
1258
1177
1177
1328
1447
1439
1304
1194
1093
1000
908
874
831
701
445
231
73
-91
-166
-301
-445
-717
-1139
-1390
-1437
-1362
-1292
-1415
-1647
-1813
-1849
-1801
-1665
-1498
-1346
-1304
-1346
-1245
-1044
-700
-347
-161
-14
55
200
390
714
1058
1307
1427
1428
1302
1358
1383
1386
1438
1302
1252
1158
1104
1079
1018
976
916
909
854
567
327
80
-83
-210
-471
-726
-1036
-1267
-1364
-1369
-1354
-1309
-1271
-1316
-1343
-1308
-1094
-967
-818
-739
-680
-382
-217
39
262
476
582
684
716
816
1005
1078
1257
1245
1187
1169
1118
1206
1249
1196
1050
808
706
566
538
563
486
399
273
128
58
110
55
-22
-150
-262
-334
-359
-408
-359
-412
-488
-480
-573
-521
-567
-606
-608
-650
-616
-593
-617
-636
-703
-804
-677
-507
-314
-227
-337
-387
-433
-283
-81
58
150
66
-1
13
236
514
718
771
765
731
746
868
960
1091
1120
1111
1092
1082
1056
926
903
875
891
837
599
403
335
298
247
105
0
-83
-258
-510
-647
-801
-809
-885
-1028
-1087
-1159
-1147
-1178
-1066
-948
-897
-871
-791
-713
-575
-457
-379
-325
-344
-316
-236
-84
13
99
158
179
220
195
165
179
201
318
261
258
188
154
239
160
122
-91
-364
-610
-790
-870
-835
-910
-1014
-1200
-1341
-1283
-1146
-961
-877
-875
-898
-864
-792
-634
-499
-437
-369
-324
-293
-97
86
237
366
346
401
535
674
853
978
929
934
995
1085
1149
1102
1070
1033
947
827
713
610
496
506
580
646
706
644
538
494
396
277
175
69
-26
-74
-84
-71
16
59
48
79
126
217
365
437
499
515
465
477
581
608
553
563
605
693
747
763
747
759
717
678
690
693
646
602
560
552
571
481
403
412
372
274
144
69
67
132
95
23
-71
-150
-219
-259
-294
-460
-613
-773
-867
-920
-1015
-1091
-1216
-1335
-1484
-1610
-1630
-1652
-1682
-1744
-1822
-1813
-1743
-1677
-1554
-1285
-1073
-899
-763
-602
-363
-213
74
344
492
626
680
850
1064
1212
1305
1315
1307
1297
1163
1056
1130
1093
945
690
425
319
213
70
-126
-299
-461
-601
-679
-604
-500
-466
-488
-492
-418
-335
-189
28
210
293
411
538
723
733
759
788
851
977
981
1065
1149
1307
1431
1478
1439
1398
1317
1187
1077
918
798
694
631
582
565
492
385
258
39
-56
-87
-227
-334
-395
-462
-488
-531
-626
-653
-620
-678
-639
-503
-428
-550
-731
-871
-855
-806
-745
-690
-681
-744
-782
-707
-579
-403
-351
-460
-563
-565
-494
-408
-353
-392
-410
-438
-416
-298
-243
-146
-186
-251
-152
-49
167
319
367
380
346
433
523
523
473
414
419
371
322
329
353
355
364
269
293
341
297
227
90
-43
-123
-210
-242
-316
-338
-310
-252
-163
-181
-146
-113
-54
62
150
179
183
141
188
258
322
454
549
561
555
515
611
811
918
933
804
649
549
528
557
496
357
188
56
-21
-41
-45
-140
-293
-479
-531
-491
-504
-548
-595
-662
-673
-764
-867
-879
-905
-886
-897
-808
-735
-600
-555
-542
-383
-266
-193
-222
-291
-334
-353
-304
-226
-117
-159
-265
-271
-225
-158
-117
-72
-56
-84
-72
-15
7
19
22
33
54
48
104
193
343
437
489
557
604
609
517
448
387
313
225
103
3
-49
-121
-159
-164
-168
-209
-281
-254
-255
-370
-377
-385
-322
-251
-254
-245
-210
-161
-29
140
263
369
388
455
650
761
840
899
922
939
901
956
979
991
1003
965
945
938
876
774
635
562
464
381
278
207
130
67
35
-48
-127
-179
-248
-306
-328
-392
-408
-418
-395
-436
-378
-210
-133
-47
11
31
55
45
69
187
306
460
537
564
560
518
624
751
809
823
768
764
800
700
580
600
587
568
462
357
280
158
82
-67
-128
-238
-348
-413
-435
-404
-466
-557
-583
-517
-486
-466
-365
-276
-221
-245
-308
-272
-171
-39
-15
-33
28
54
109
136
210
322
376
322
258
178
96
5
-134
-180
-243
-292
-377
-397
-392
-454
-559
-684
-730
-768
-797
-821
-784
-676
-638
-656
-633
-576
-610
-661
-675
-647
-582
-590
-560
-522
-532
-561
-517
-455
-378
-389
-374
-265
-186
-147
-185
-185
-197
-237
-245
-180
-80
-4
-5
16
96
110
141
236
317
368
338
287
253
242
265
422
521
553
439
269
286
295
318
251
121
4
-132
-130
-79
-53
-51
-125
-226
-352
-397
-303
-178
-164
-224
-354
-450
-474
-553
-613
-663
-677
-670
-702
-653
-500
-422
-393
-419
-387
-331
-398
-438
-477
-417
-307
-251
-208
-181
-136
-156
-128
-14
51
116
173
122
33
-42
-88
-154
-324
-410
-438
-499
-560
-565
-544
-544
-618
-708
-722
-735
-772
-858
-823
-771
-778
-799
-763
-717
-621
-576
-548
-431
-351
-208
-90
-14
72
178
232
299
348
346
340
340
395
479
561
548
497
458
420
477
518
510
555
639
650
628
630
709
805
754
740
697
702
765
782
868
1004
1116
1148
1143
1092
1052
1037
1014
1014
946
895
908
893
829
705
565
465
459
457
417
396
296
188
172
230
270
173
43
-28
21
47
53
118
170
185
204
271
358
421
382
333
316
335
370
340
271
201
125
70
16
35
40
11
-26
-136
-250
-312
-359
-327
-313
-390
-449
-520
-475
-400
-348
-305
-309
-351
-400
-380
-280
-186
-126
-144
-198
-120
-2
112
162
76
-27
-78
-87
8
84
125
84
14
8
15
104
87
-52
-106
-162
-196
-206
-221
-258
-299
-251
-220
-189
-229
-267
-308
-286
-277
-244
-237
-318
-372
-391
-319
-255
-266
-271
-263
-275
-189
-102
-52
-75
-190
-288
-342
-363
-406
-452
-501
-535
-583
-610
-627
-609
-609
-686
-714
-768
-826
-839
-830
-790
-800
-758
-694
-602
-554
-533
-534
-524
-451
-394
-368
-293
-195
-235
-254
-248
-238
-264
-295
-322
-335
-406
-404
-394
-352
-319
-364
-389
-374
-396
-445
-417
-380
-386
-449
-579
-573
-502
-460
-386
-321
-256
-181
-121
-78
-20
-17
48
124
190
263
335
364
479
567
619
724
778
822
839
837
866
918
898
878
874
825
740
585
498
418
335
211
32
-63
-155
-253
-287
-369
-423
-538
-651
-741
-872
-921
-961
-975
-1075
-1217
-1199
-1150
-1061
-977
-959
-882
-849
-706
-537
-387
-226
-189
-157
-65
91
238
325
407
507
564
624
662
686
710
696
683
683
666
640
715
752
741
682
565
485
391
339
277
217
118
6
-33
-84
-131
-167
-229
-264
-284
-368
-326
-248
-234
-207
-140
-83
-42
-87
-118
-17
92
145
122
96
109
136
213
288
320
385
478
652
782
839
940
1013
1020
1041
981
929
909
891
886
849
865
830
798
778
754
692
596
451
320
236
178
154
91
1
-79
-141
-234
-266
-304
-384
-399
-468
-436
-402
-393
-372
-377
-365
-370
-330
-319
-354
-383
-381
-313
-256
-235
-234
-235
-176
-117
-36
28
67
111
128
79
77
88
50
79
48
18
-48
-136
-162
-181
-167
-119
-71
-28
-76
-160
-242
-336
-390
-433
-420
-399
-407
-468
-459
-464
-414
-318
-253
-192
-143
-186
-211
-196
-87
-17
20
48
89
149
141
287
419
484
487
405
332
297
202
165
156
182
174
71
20
-23
-47
-91
-214
-355
-474
-531
-515
-475
-412
-367
-358
-390
-408
-472
-467
-484
-516
-522
-551
-555
-591
-597
-635
-639
-590
-568
-659
-716
-768
-797
-728
-665
-641
-701
-776
-859
-857
-812
-717
-593
-517
-514
-532
-467
-356
-345
-321
-259
-200
-144
-148
-56
58
141
195
271
349
437
451
438
478
462
402
384
439
460
429
386
398
420
411
379
363
295
159
50
0
-62
-101
-218
-353
-444
-494
-469
-451
-482
-459
-474
-445
-348
-298
-223
-126
-44
13
99
214
339
438
531
604
682
763
819
871
911
925
971
1014
1017
1020
965
910
857
796
643
493
433
389
320
215
98
-22
-194
-311
-358
-396
-491
-585
-651
-652
-608
-562
-570
-579
-547
-555
-507
-471
-419
-401
-365
-314
-238
-188
-136
-79
-4
24
101
198
242
354
394
465
555
584
655
677
660
693
636
601
611
613
579
500
427
419
445
463
486
471
415
376
395
456
406
333
285
256
285
329
304
327
359
335
332
328
310
298
280
271
321
421
452
432
401
467
582
705
779
806
832
823
790
772
760
698
689
667
620
567
524
472
422
382
398
376
287
241
206
122
54
-32
-62
-69
-155
-229
-362
-418
-466
-584
-682
-772
-821
-875
-860
-843
-805
-755
-709
-693
-654
-614
-589
-583
-549
-476
-454
-422
-396
-327
-229
-164
-118
-70
-20
1
-7
-40
-126
-261
-331
-372
-388
-399
-396
-294
-280
-324
-380
-437
-434
-513
-596
-607
-633
-652
-679
-750
-820
-857
-821
-755
-637
-526
-467
-445
-449
-401
-374
-335
-374
-438
-393
-382
-337
-323
-367
-342
-283
-245
-257
-247
-181
-103
-105
-99
-44
38
123
215
300
283
217
171
146
202
212
184
136
134
222
251
205
155
107
11
-109
-223
-293
-385
-478
-558
-588
-598
-664
-645
-610
-563
-542
-564
-544
-530
-471
-483
-485
-433
-421
-369
-250
-132
-95
-77
-32
4
59
86
172
282
331
374
381
418
457
446
424
436
468
469
450
412
402
461
500
497
457
453
423
424
415
387
391
343
342
285
277
313
282
197
112
19
-1
-88
-140
-135
-148
-93
-137
-127
-33
19
93
123
169
233
283
421
562
691
781
858
971
1043
1085
1073
1077
1096
1082
1056
1036
1005
975
983
949
969
884
783
729
647
546
464
401
332
258
142
76
127
176
188
217
195
178
139
97
97
121
99
92
128
185
218
231
230
221
252
219
228
222
253
274
275
281
212
251
274
231
137
47
49
112
146
194
200
178
186
167
178
142
70
2
-69
-136
-168
-182
-213
-236
-276
-291
-307
-285
-257
-247
-232
-300
-350
-286
-203
-182
-174
-138
-76
-26
14
23
69
88
121
223
274
358
359
330
342
339
328
311
256
231
216
203
238
219
119
-2
-82
-148
-190
-248
-319
-365
-440
-471
-517
-569
-609
-703
-771
-819
-812
-779
-796
-744
-759
-786
-769
-790
-731
-641
-582
-578
-582
-602
-594
-532
-508
-450
-391
-353
-254
-203
-193
-128
-106
-115
-139
-161
-137
-128
-151
-128
-168
-212
-254
-322
-273
-261
-203
-115
-129
-58
-18
-31
48
84
51
30
56
81
103
110
85
-4
-104
-158
-191
-199
-248
-315
-354
-373
-431
-476
-470
-465
-571
-692
-731
-762
-746
-696
-630
-523
-419
-373
-263
-144
-28
51
104
126
124
128
128
144
156
188
192
221
221
193
198
218
205
106
-20
-89
-129
-108
-86
-83
-81
-135
-192
-288
-337
-300
-261
-291
-363
-452
-470
-388
-406
-379
-379
-329
-298
-327
-333
-360
-358
-326
-285
-211
-124
-120
-66
17
94
164
227
323
414
520
596
720
794
815
861
911
938
954
988
989
991
960
878
832
755
698
640
557
485
409
345
270
180
101
-46
-171
-188
-158
-73
-43
-72
-60
-54
2
124
260
340
396
469
503
579
631
672
684
741
730
661
604
560
536
549
485
437
377
296
256
163
173
160
170
202
125
46
6
12
36
47
45
-36
-143
-175
-236
-204
-168
-159
-131
-215
-291
-265
-259
-277
-286
-347
-379
-332
-345
-375
-369
-369
-353
-335
-311
-347
-321
-305
-282
-205
-161
-128
-154
-201
-239
-165
-38
-1
-13
10
71
169
218
213
236
292
300
318
372
465
454
406
356
358
402
350
278
282
293
218
207
224
226
118
-14
-81
-127
-150
-208
-205
-228
-311
-381
-459
-424
-417
-539
-641
-656
-613
-562
-572
-563
-568
-588
-549
-535
-445
-398
-348
-290
-283
-243
-204
-166
-151
-147
-188
-193
-159
-122
-122
-109
-103
-76
-57
-112
-109
-141
-220
-335
-389
-401
-348
-348
-376
-359
-349
-287
-268
-253
-310
-291
-271
-249
-211
-259
-253
-273
-216
-209
-163
-115
-106
-86
-62
23
84
153
198
194
190
186
181
223
235
287
269
256
189
166
260
262
271
223
185
187
124
78
70
19
8
-36
-16
41
19
9
77
124
143
65
70
170
229
332
350
322
291
272
258
306
298
247
130
-9
-69
-112
-54
-68
-114
-186
-202
-170
-178
-179
-204
-249
-343
-314
-258
-181
-171
-191
-147
-67
7
48
66
127
211
243
315
359
392
438
472
467
452
435
357
259
187
120
30
-36
-85
-134
-149
-203
-246
-273
-298
-298
-262
-229
-160
-74
-30
54
87
170
268
354
454
502
593
619
635
686
730
751
708
660
638
642
656
645
608
536
449
419
394
335
312
262
255
218
181
190
146
79
2
26
52
69
59
-9
-77
-97
-13
77
135
97
76
49
50
80
101
149
161
147
134
147
126
144
243
270
235
199
226
252
264
284
262
272
238
196
173
149
70
34
-31
-86
-70
-73
-116
-169
-195
-221
-257
-302
-341
-430
-493
-525
-544
-512
-440
-437
-471
-478
-442
-434
-450
-370
-333
-318
-335
-376
-354
-277
-211
-210
-177
-197
-193
-230
-250
-208
-187
-118
-91
-70
-48
-10
16
48
128
216
260
314
346
368
396
353
368
400
387
363
294
237
116
28
28
14
-11
-129
-266
-352
-408
-456
-472
-521
-551
-601
-647
-678
-695
-620
-601
-591
-589
-591
-586
-580
-585
-574
-526
-440
-362
-249
-129
-84
-62
-60
-40
-53
0
6
52
143
207
238
246
313
369
392
381
388
373
351
353
383
341
276
267
236
230
186
90
24
-53
-72
-90
-154
-206
-331
-393
-406
-500
-562
-583
-584
-565
-572
-569
-549
-507
-446
-380
-312
-281
-193
-97
-42
11
81
127
165
190
232
281
265
309
337
398
485
500
473
447
449
396
365
326
272
222
237
257
258
234
212
223
198
212
203
197
219
261
247
275
309
287
208
188
143
102
38
-20
13
-15
21
37
23
21
71
99
80
112
127
185
216
214
255
279
299
333
332
398
485
545
577
580
636
643
624
587
580
557
501
437
376
295
177
92
12
9
1
-54
-131
-151
-201
-254
-281
-298
-295
-262
-196
-200
-197
-238
-253
-231
-174
-115
-90
-87
-35
31
116
219
264
262
275
300
313
320
309
316
329
369
370
425
406
373
362
337
368
386
390
361
323
274
254
229
225
237
260
269
258
206
99
43
11
-86
-126
-136
-215
-223
-246
-250
-254
-273
-273
-297
-294
-295
-259
-215
-221
-259
-290
-332
-338
-286
-278
-315
-350
-304
-271
-261
-296
-359
-335
-281
-254
-275
-293
-297
-308
-308
-251
-256
-220
-245
-242
-187
-174
-181
-172
-100
-91
-105
-94
-105
-76
-76
-68
-83
-56
-50
-20
6
10
14
5
74
53
-23
-32
-42
-58
-75
-105
-119
-126
-134
-147
-168
-203
-249
-245
-247
-239
-220
-204
-154
-93
-53
-16
-11
-44
-68
-21
20
7
-7
10
45
79
28
-12
-56
-86
-100
-124
-115
-163
-221
-284
-318
-289
-283
-325
-341
-384
-374
-379
-423
-434
-441
-436
-399
-338
-334
-338
-347
-276
-220
-211
-150
-188
-225
-166
-84
-1
32
61
144
127
65
59
25
-11
-87
-93
-65
-94
-135
-158
-199
-270
-308
-293
-293
-266
-283
-329
-288
-227
-153
-125
-77
-109
-134
-83
-31
26
92
129
82
39
20
71
137
150
181
186
210
218
166
203
265
289
242
169
191
247
284
337
365
417
438
384
353
365
335
290
258
243
286
282
221
186
207
251
246
207
161
135
190
219
231
282
284
283
225
163
156
113
57
27
-25
-60
-122
-171
-207
-204
-187
-180
-191
-177
-161
-191
-191
-186
-174
-85
16
66
88
116
186
251
294
363
380
416
467
382
332
285
306
301
250
223
221
234
261
275
282
291
264
247
232
228
244
194
115
125
70
55
51
12
11
-21
3
50
76
78
-4
17
54
70
123
104
104
86
41
-4
-30
-54
-102
-202
-215
-273
-304
-363
-447
-408
-404
-402
-370
-305
-244
-219
-254
-273
-249
-270
-268
-291
-273
-236
-241
-211
-174
-127
-116
-82
-39
-44
-69
-108
-136
-162
-209
-285
-315
-327
-312
-325
-388
-437
-511
-519
-522
-549
-483
-505
-520
-501
-502
-465
-412
-384
-383
-398
-350
-303
-298
-221
-165
-84
68
129
145
146
125
174
210
188
176
160
173
168
155
160
80
60
64
16
19
18
4
-36
-76
-66
-24
-62
-101
-105
-125
-86
-57
-59
-28
-51
-39
-58
-15
39
26
103
120
101
113
132
143
180
187
215
234
187
129
85
75
31
15
56
79
57
-3
14
41
60
69
33
48
8
4
27
53
101
81
85
91
121
95
68
45
-5
-46
-97
-171
-204
-222
-268
-258
-246
-268
-322
-330
-306
-289
-300
-329
-272
-230
-235
-233
-242
-216
-203
-230
-241
-262
-262
-239
-160
-80
28
51
64
78
61
168
204
240
232
203
191
162
159
168
133
78
73
45
39
-33
-125
-137
-73
5
41
43
72
149
141
138
164
196
236
231
266
306
341
344
351
402
434
474
492
542
542
482
428
409
446
462
428
399
377
381
366
360
332
358
397
398
413
402
357
292
271
267
309
293
211
169
163
129
69
-16
-56
-99
-130
-205
-183
-132
-139
-196
-238
-259
-309
-337
-360
-311
-261
-214
-215
-221
-241
-271
-260
-248
-203
-215
-240
-188
-149
-132
-134
-105
-70
-18
32
79
71
68
44
55
113
121
129
160
156
176
186
185
156
116
115
139
157
82
-4
-1
26
20
12
4
-29
-66
-150
-179
-126
-153
-237
-282
-309
-296
-279
-303
-238
-187
-214
-189
-188
-173
-133
-148
-148
-106
-109
-88
-74
-90
-62
-40
-25
-58
-40
-1
-47
10
44
93
175
156
111
110
85
39
40
1
-53
-131
-175
-182
-181
-219
-239
-251
-286
-305
-288
-257
-267
-244
-246
-227
-178
-266
-286
-301
-306
-285
-267
-207
-225
-198
