7
-10
12
8
35
85
111
141
156
163
228
283
290
339
310
335
106
-26
15
-10
7
-6
4
-3
3
-2
2
-1
0
-1
1
0
1
0
0
0
0
0
0
0
0
0
0
1
0
0
0
0
0
0
0
0
0
0
-1
0
0
0
0
0
0
0
0
0
0
0
0
0
1
0
0
0
0
0
0
0
1
0
0
0
1
1
0
0
0
-1
1
1
0
0
0
0
0
0
0
1
0
0
0
1
0
0
0
0
0
-1
0
0
0
0
0
0
0
0
0
0
-1
-1
-1
0
0
0
0
-1
0
0
0
0
0
0
0
0
0
1
0
1
0
0
0
0
0
0
1
-1
0
1
-1
0
0
0
0
0
0
0
-1
0
0
0
-1
0
0
0
0
0
0
-1
0
0
0
1
0
1
-1
1
-4
8
-73
-91
-66
-67
-112
-146
-143
-122
-62
-64
-80
-107
-107
-96
-46
-2
14
41
91
139
133
139
183
231
234
205
204
179
177
161
151
162
187
231
186
144
121
105
115
125
164
190
184
210
281
315
375
394
397
406
406
399
412
376
296
253
262
287
316
322
292
286
277
216
178
173
114
56
38
12
-8
-23
-44
-61
-75
-61
-26
5
10
-6
-16
-8
-14
2
-6
-8
-1
-7
2
-4
-2
-17
-16
-1
9
10
1
-1
-18
12
11
3
-5
-16
-11
-4
3
1
-12
-12
2
3
1
6
-5
-15
-7
-6
1
1
12
20
13
-6
-10
-7
4
11
9
1
13
13
9
-8
-5
0
-2
3
-14
8
-1
-1
-15
13
-22
30
-103
114
35
-57
65
-129
78
41
-14
23
-7
31
15
-18
45
-5
-22
0
23
4
-5
24
-17
18
1
4
33
10
-3
5
-9
6
19
3
9
-6
14
17
1
0
12
15
-2
2
2
10
15
16
5
6
-6
1
21
6
7
3
7
14
6
-4
-6
13
5
8
11
14
13
19
2
19
25
10
9
12
6
11
8
3
12
-5
0
-15
-5
-2
8
18
1
-1
-8
-5
0
-9
-12
-11
-9
9
15
4
14
7
1
1
7
11
13
5
-3
-9
8
-2
-3
12
-1
-5
3
-1
1
14
-15
-4
-3
-10
4
-3
-9
10
13
-1
-14
-17
-17
-4
-1
0
4
-2
-6
-4
4
-1
7
-1
-19
4
5
-7
0
13
0
5
-4
-14
-1
-5
2
1
-3
-6
0
-7
6
-1
-1
-6
-7
4
-5
-6
-6
-1
-15
-11
-6
-11
-17
-7
-1
-10
-11
-5
4
-9
-4
0
4
0
-3
-5
-20
-13
-12
2
17
-2
-2
-2
-2
7
-4
-12
-17
-12
-4
-1
-6
-12
-10
-6
-11
-5
-3
-5
-14
-17
-6
-5
-9
4
8
3
-6
-5
-9
-9
-4
-10
-4
-4
-6
-3
-6
-10
-8
-7
-9
-1
-8
-5
8
1
-9
2
7
-3
1
-3
5
1
-6
-9
-4
-3
-7
-15
-8
-6
-4
-5
-2
17
1
-1
0
-11
-12
-14
0
-2
-6
-4
-9
-2
9
5
-2
-5
-5
-2
-9
7
15
16
23
1
7
3
-3
11
7
13
15
-2
0
-14
-3
4
5
22
4
-6
-7
-2
10
6
11
-8
12
15
35
30
24
44
34
11
-14
-9
-11
-6
-15
0
20
15
30
24
28
47
21
7
33
42
44
30
18
36
-11
-19
2
7
19
32
-4
-14
-16
-46
-31
-1
5
-6
-19
-16
-11
-20
18
40
33
38
12
8
20
20
11
31
17
-10
11
-1
-10
15
1
30
42
16
36
12
35
14
17
10
-5
29
-4
14
6
-23
20
13
8
17
11
-4
8
9
6
-13
-21
-25
16
38
0
-4
-21
-20
6
-4
-7
-2
-23
-14
-18
-12
-8
-17
-18
-1
2
-4
1
14
9
-32
-31
0
4
2
19
11
-6
-3
8
11
31
2
-30
-35
-14
-44
-53
-10
-5
27
-9
-36
-20
-12
-20
-10
-3
5
-10
-29
-46
-27
-5
17
27
8
-4
-5
-5
-68
133
-21
-62
30
6
66
-29
-36
0
-16
4
-35
-36
-1
-11
-55
7
58
-47
-41
-7
-19
-28
-31
-11
-3
12
-16
-2
11
-24
-11
-11
-8
28
39
6
1
-4
1
-19
-25
-21
-35
-43
-39
-6
1
-14
-9
-33
-14
12
17
0
-7
-31
-13
15
28
21
-12
4
-35
3
11
22
-13
-23
-4
-34
-25
-1
-10
-1
-15
-23
-14
9
14
-30
-16
16
23
30
5
2
26
22
14
9
9
16
-3
9
25
35
51
23
39
40
-3
-4
24
41
31
-6
-15
16
0
10
26
6
50
53
53
46
11
-4
8
18
43
47
8
-6
8
38
64
31
21
14
9
-3
2
0
17
20
-6
20
10
6
20
25
73
112
97
103
110
96
65
2
-13
48
57
31
12
36
42
33
27
-37
-61
-26
-10
11
36
19
-9
-6
-26
3
15
12
17
1
31
34
57
54
86
78
33
28
10
15
25
17
-6
-24
-51
-36
8
25
38
30
22
16
18
11
11
24
-11
-3
14
1
13
4
-6
-17
-26
-34
-54
-42
-8
-9
-15
17
10
18
36
20
4
37
37
37
35
18
-21
-41
-57
-50
-39
-41
-54
-60
-57
-66
-53
-30
-1
-2
16
12
14
-2
-31
-45
-78
-56
-35
-43
-11
-1
-25
-33
-16
-13
-42
-25
-16
-24
-57
-55
-22
3
-26
-26
-7
-44
-38
-60
-37
-37
-56
-70
-28
-40
-82
-27
-39
-76
-65
-51
-32
0
14
19
-1
-24
-24
-28
8
10
-20
-13
-27
-8
-6
-13
16
-14
-23
-19
-8
9
-9
-37
-54
-60
-88
-73
-50
-28
23
22
3
-10
-11
-14
-43
-52
-45
-29
-56
-72
-75
-78
-57
-39
-16
-41
-52
-44
-43
-32
-14
9
18
26
-31
-25
-24
-60
-53
-25
19
24
3
29
28
-2
4
25
18
31
32
1
-3
5
4
23
30
55
65
46
14
-23
-26
1
54
61
60
34
-3
14
37
71
91
82
59
59
68
98
103
85
91
67
40
56
43
32
63
38
25
43
56
84
117
88
68
52
10
32
36
42
48
55
59
40
60
63
64
65
51
57
96
140
133
90
40
28
63
87
146
159
115
117
110
70
70
86
64
60
78
63
61
33
11
-4
-7
31
51
61
36
50
47
41
73
28
13
9
39
74
112
122
93
96
64
67
94
94
112
94
49
37
39
69
69
53
59
53
42
48
54
31
5
-22
-13
7
-18
-4
18
-2
5
6
-6
-1
14
-11
-25
-27
-15
2
16
20
-10
-15
-5
-15
-87
-111
-96
-74
-69
-69
-73
-76
-50
-32
-60
-82
-70
-88
-82
-70
-51
-27
-30
-15
-7
-1
-7
-9
0
-30
-62
-58
-59
-53
-6
-20
-19
-7
-22
7
10
-27
-16
-3
-37
3
38
-19
-50
-56
-40
-2
37
47
34
32
-10
-22
-15
-17
20
19
24
26
3
-14
-24
-20
-44
-39
-72
-86
-77
-94
-79
-52
-46
-54
-48
-50
-94
-99
-77
-41
-5
-33
-49
-46
-39
-34
-25
-45
-66
-81
-114
-130
-98
-50
-35
-39
-69
-114
-164
-170
-135
-114
-77
-99
-89
-60
-63
-56
-59
-57
-64
-52
-15
-15
1
-22
-43
-57
-41
8
-19
-6
-24
-37
-12
-10
-33
-36
-2
45
58
63
55
47
46
43
20
-20
-14
22
31
-2
-14
-4
-14
-6
14
16
43
60
56
39
25
36
22
39
79
118
112
104
100
106
110
87
64
51
41
34
24
26
47
57
65
77
65
32
31
42
32
23
85
128
128
128
115
111
55
11
4
38
70
65
40
41
60
79
88
90
105
93
103
106
97
128
162
113
65
57
57
112
83
141
91
30
98
46
82
-10
-62
-44
-49
-47
-20
-34
-27
-79
-118
-41
-71
-71
-49
-31
-46
-45
-44
-40
-44
-25
5
35
40
80
110
102
158
182
226
216
201
196
170
199
137
151
160
142
123
61
31
12
7
-16
-32
-66
-98
-137
-115
-108
-97
-89
-71
-24
-59
-50
-43
-13
12
23
58
65
40
45
24
-11
-16
-17
-22
-25
-29
-32
-11
-49
-59
-53
-68
-58
-63
-85
-63
-32
-21
16
64
68
31
1
-10
-10
-4
-17
-30
-38
-15
-15
-8
51
76
-20
92
119
-57
68
-3
30
215
13
-13
89
-7
153
12
12
127
-48
83
35
-87
-4
-64
-24
-4
-75
-13
-10
-8
-37
-32
0
-8
-25
-87
-104
-110
-104
-28
-34
-62
-85
-97
-61
-93
-97
-64
-79
-55
-30
-34
-21
-65
-97
-80
-80
-51
-56
-72
-62
-87
-142
-186
-192
-190
-163
-155
-146
-160
-144
-130
-126
-89
-100
-114
-102
-91
-61
-52
-81
-85
-76
-103
-126
-137
-73
-44
-29
0
-11
14
42
38
27
36
46
64
55
43
27
32
77
101
67
56
4
-17
-2
-20
-4
4
6
-6
-28
-22
-24
8
25
5
-58
-90
-41
-24
-16
-85
-69
-20
15
17
22
-5
35
24
9
65
33
0
-1
-52
-66
-43
-71
-39
-41
-55
-58
-50
-29
7
23
-4
-8
-23
15
13
28
71
85
91
105
126
125
116
126
159
193
214
178
154
115
113
142
149
145
98
102
100
101
144
133
139
158
151
148
143
178
219
214
207
201
238
284
313
331
332
353
344
349
342
295
265
261
226
193
171
171
202
180
210
215
191
214
189
144
105
81
67
65
79
73
56
33
21
0
10
21
-40
-65
-76
-80
-103
-128
-111
-87
-57
-51
-80
-95
-105
-89
-68
-52
-76
-89
-108
-79
-70
-109
-75
-85
-79
-45
-8
4
-29
-65
-93
-100
-76
-36
-32
-27
-80
-108
-85
-86
-83
-73
-83
-103
-93
-88
-112
-142
-117
-109
-119
-96
-119
-105
-113
-113
-82
-123
-175
-199
-184
-164
-156
-162
-142
-154
-167
-171
-184
-185
-215
-227
-233
-216
-194
-187
-182
-189
-202
-189
-178
-173
-182
-195
-222
-225
-207
-199
-205
-219
-219
-221
-240
-219
-202
-169
-146
-146
-135
-159
-180
-171
-150
-130
-96
-88
-70
-62
-48
-70
-93
-88
-119
-175
-175
-152
-127
-130
-156
-131
-139
-151
-169
-177
-150
-127
-97
-111
-134
-149
-155
-121
-97
-61
-40
-31
-44
-17
51
80
42
51
41
43
22
10
23
-6
22
8
33
72
41
49
77
96
129
135
149
102
80
89
77
84
66
70
97
103
101
117
97
70
60
46
82
95
50
18
0
22
23
26
53
77
81
80
68
52
32
9
35
55
36
79
95
79
90
70
81
79
64
81
75
102
136
135
150
133
105
72
47
66
51
27
24
21
50
79
93
98
111
83
71
78
86
132
160
145
80
14
34
60
79
102
127
175
158
164
189
201
227
214
202
222
255
262
286
296
299
331
335
338
310
259
211
228
254
290
276
262
308
290
296
248
210
217
210
206
176
186
189
180
154
143
167
194
196
150
102
85
121
91
81
57
48
122
146
134
129
108
107
76
29
34
70
117
128
154
165
139
138
113
93
82
46
29
8
-17
-1
-2
-51
-51
-2
10
20
7
3
-4
-26
-42
-78
-99
-82
-64
-63
-84
-147
-185
-192
-164
-153
-179
-201
-249
-262
-267
-249
-209
-174
-152
-174
-196
-201
-206
-229
-234
-265
-296
-300
-317
-286
-243
-271
-281
-306
-309
-297
-299
-241
-210
-226
-258
-299
-295
-274
-277
-255
-255
-248
-247
-216
-175
-185
-239
-224
-203
-159
-164
-228
-215
-240
-254
-225
-221
-204
-220
-232
-212
-179
-194
-169
-153
-150
-120
-122
-118
-76
-48
-53
-51
-62
-56
-61
-95
-137
-134
-117
-111
-108
-139
-179
-167
-183
-195
-160
-182
-202
-220
-230
-198
-182
-212
-247
-251
-266
-240
-226
-239
-223
-241
-253
-253
-198
-198
-174
-182
-214
-193
-213
-235
-221
-224
-248
-243
-272
-282
-288
-276
-259
-248
-256
-257
-204
-146
-125
-114
-122
-155
-159
-135
-101
-101
-75
-82
-95
-74
-51
-45
-44
-56
-78
-100
-132
-122
-116
-122
-166
-192
-203
-218
-222
-210
-215
-225
-212
-227
-237
-197
-186
-197
-187
-185
-185
-200
-190
-157
-147
-106
-55
42
20
-34
-31
-44
-21
-2
-64
-36
-18
96
109
36
73
-6
81
19
-37
40
44
136
127
55
18
-4
68
71
62
39
77
147
109
96
66
52
57
1
-50
-30
38
70
67
68
42
65
97
99
105
131
175
152
144
161
151
147
158
195
246
243
231
236
240
279
306
289
309
301
291
300
296
294
288
309
285
272
300
313
324
302
272
275
259
255
230
241
229
180
198
202
185
147
120
106
116
94
65
74
70
39
-55
-61
-39
-25
-15
-14
-49
-64
-19
53
104
137
174
188
221
223
254
263
265
259
248
217
233
293
312
323
299
254
249
237
202
216
205
191
241
280
232
218
219
227
228
204
229
210
197
197
208
188
186
208
221
216
203
226
217
187
168
147
148
157
128
111
85
71
43
61
101
110
123
160
150
115
89
73
74
38
13
-21
0
25
8
5
-30
-64
-106
-96
-101
-124
-161
-182
-158
-222
-261
-288
-321
-321
-323
-313
-288
-270
-261
-257
-258
-278
-291
-287
-261
-266
-302
-326
-300
-267
-260
-260
-295
-298
-268
-289
-312
-297
-325
-310
-275
-306
-325
-345
-352
-348
-308
-261
-248
-233
-232
-201
-176
-169
-153
-182
-207
-218
-219
-263
-237
-232
-194
-154
-179
-181
-173
-196
-157
-95
-105
-111
-137
-147
-117
-91
-74
-77
-82
-85
-83
-57
-16
25
60
108
173
196
155
133
108
113
128
137
163
208
217
210
210
194
220
242
239
215
215
180
183
170
195
211
173
207
223
216
216
184
167
159
143
160
114
112
110
83
34
-10
-12
-40
-11
25
-4
-21
-38
-69
-45
-55
-77
-90
-108
-98
-42
-10
-22
-14
3
-3
36
47
42
65
13
15
31
43
97
89
79
58
61
97
103
121
106
110
96
62
39
40
30
13
26
40
65
79
48
1
-17
-26
-2
-8
-47
-59
-78
-67
-40
26
19
6
12
-27
-65
-98
-58
-30
54
14
13
21
14
18
19
34
63
89
60
65
101
126
144
141
97
102
100
125
133
99
91
82
70
83
116
65
26
2
-1
-6
7
51
38
46
52
68
73
77
89
33
16
25
34
56
75
67
75
56
3
-12
-2
4
1
-18
-58
-44
-11
2
11
-46
-107
-89
-65
-34
-48
-61
-79
-121
-134
-147
-150
-132
-148
-135
-134
-143
-124
-118
-90
-88
-82
-138
-169
-166
-164
-166
-175
-167
-160
-193
-205
-203
-235
-211
-165
-105
-87
-102
-138
-169
-139
-126
-76
-13
-1
-18
-17
-42
-25
-3
-19
21
29
16
24
77
82
96
44
43
64
110
162
154
199
193
199
179
151
145
182
171
170
122
61
55
73
91
65
62
48
52
59
38
29
-1
-30
-18
0
18
21
-44
-58
-41
-53
-38
-35
-75
-120
-168
-201
-121
-54
-47
-58
-76
-82
-72
-38
-11
8
12
4
38
79
56
26
16
26
47
78
92
86
116
110
126
150
147
128
76
40
57
68
78
51
-1
-24
1
14
-14
-46
-39
-26
-22
-5
-41
-49
-12
18
9
19
41
18
1
9
2
12
33
22
3
30
67
88
115
165
162
182
223
184
146
121
98
83
102
105
113
161
127
121
113
74
88
105
96
87
57
-3
11
11
-15
0
-5
25
34
38
17
40
50
-10
-67
-98
-114
-129
-127
-130
-106
-98
-105
-85
-94
-123
-107
-90
-108
-129
-124
-94
-54
-10
-53
-2
23
87
149
127
159
74
160
121
157
174
142
158
127
130
178
124
72
150
67
57
-26
-38
7
2
-3
-21
-53
-3
-17
-1
-14
-31
14
16
15
-18
-9
-11
-15
-20
5
36
45
45
2
-14
-30
-48
-14
-20
-85
-131
-135
-67
-58
-82
-107
-133
-116
-88
-52
-7
-25
-41
-50
-74
-74
-59
-35
-29
-29
-45
-22
0
-11
-1
23
15
27
9
-18
-87
-123
-133
-153
-102
-78
-61
-62
-31
-28
-22
7
27
57
50
54
61
68
50
27
19
18
64
114
105
109
100
96
91
93
118
110
115
125
101
133
155
119
124
107
65
56
65
87
124
134
125
111
65
42
34
33
9
-8
-9
-31
-74
-106
-106
-89
-76
-63
-71
-72
-81
-97
-130
-145
-124
-145
-179
-186
-215
-185
-145
-138
-138
-150
-144
-123
-119
-126
-136
-157
-170
-158
-128
-125
-118
-112
-115
-122
-119
-136
-188
-247
-293
-292
-289
-274
-244
-269
-285
-273
-263
-241
-223
-221
-190
-158
-159
-170
-159
-94
-53
-69
-68
-62
6
24
30
9
-82
-69
-38
-2
8
-9
-1
-28
-9
-15
-42
-10
-57
-98
-131
-152
-125
-104
-108
-130
-134
-98
-117
-122
-155
-204
-176
-162
-148
-160
-153
-147
-121
-93
-149
-173
-181
-200
-154
-146
-158
-167
-129
-71
-50
-48
-77
-89
-116
-130
-104
-95
-108
-134
-113
-94
-103
-111
-122
-125
-105
-96
-99
-95
-89
-99
-118
-126
-131
-94
-61
-54
-44
-46
-46
-37
-26
-3
-11
-21
-7
-9
-18
-29
-51
-60
-72
-67
-95
-130
-139
-139
-140
-140
-135
-148
-118
-118
-115
-95
-67
-77
-95
-113
-99
-51
-44
-13
8
51
52
60
100
68
32
2
-12
14
-4
-1
27
77
104
119
106
72
56
61
74
86
74
79
-20
-30
-28
8
69
8
7
-28
-25
-26
-43
-28
7
-17
-13
0
12
7
-8
31
14
34
68
83
117
128
154
166
147
181
193
227
252
276
302
277
257
274
303
266
237
237
217
205
182
181
170
134
124
82
60
52
21
-6
-18
-27
-28
-31
-32
-48
-83
-88
-99
-86
-54
-31
-25
-15
18
60
105
105
82
104
134
133
108
99
84
59
60
69
34
38
46
86
96
44
53
56
18
3
-7
-11
14
-2
-20
-5
6
30
-9
-13
-17
-5
50
59
53
32
4
-1
18
66
73
73
53
31
10
-14
5
-13
-54
-57
-75
-86
-102
-126
-95
-91
-146
-163
-181
-211
-228
-244
-247
-219
-204
-231
-227
-222
-198
-168
-165
-172
-188
-207
-244
-219
-203
-188
-172
-175
-182
-210
-223
-184
-153
-141
-148
-149
-122
-115
-99
-81
-84
-80
-86
-98
-94
-87
-95
-141
-147
-161
-161
-157
-163
-147
-168
-221
-261
-253
-233
-192
-217
-210
-294
-254
-167
-163
-128
-204
-200
-147
-132
-134
-163
-159
-149
-189
-179
-166
-139
-108
-102
-30
0
12
4
24
42
36
45
69
77
52
47
79
134
148
153
151
140
154
179
198
200
169
142
157
163
118
107
113
147
170
187
228
224
222
237
227
221
253
273
305
341
330
318
327
285
305
357
339
331
332
347
357
342
386
402
414
418
422
420
390
383
378
371
345
329
331
366
394
385
414
413
415
408
387
342
301
250
212
185
160
165
117
115
126
140
164
128
91
49
40
44
71
70
74
61
70
94
109
121
134
153
160
160
167
160
133
126
117
108
123
155
153
128
96
82
80
59
70
100
85
77
88
108
115
129
120
98
139
175
180
164
121
128
121
136
168
145
134
95
106
114
95
84
52
18
-3
-30
-43
-62
-99
-110
-98
-77
-64
-66
-70
-77
-78
-60
-78
-88
-82
-66
-34
-16
-33
-21
-28
-10
4
-31
-13
13
4
17
-9
-38
-22
-42
-57
-85
-94
-82
-51
0
-6
-28
-78
-109
-88
-113
-122
-163
-216
-232
-218
-218
-266
-272
-298
-320
-292
-268
-285
-269
-266
-263
-258
-276
-286
-280
-335
-363
-331
-309
-236
-212
-155
-112
-97
-114
-140
-117
-86
-49
-52
-58
-85
-114
-147
-138
-147
-168
-201
-235
-234
-230
-268
-301
-243
-221
-227
-230
-254
-242
-217
-220
-213
-206
-193
-156
-149
-137
-120
-82
-39
-25
10
33
55
62
40
41
39
78
105
117
105
100
149
202
218
212
182
121
124
148
163
187
183
215
228
230
260
296
303
276
274
316
325
328
339
314
258
178
143
154
143
117
93
79
78
94
158
158
158
151
144
165
174
183
190
203
215
214
248
287
340
346
317
322
295
285
280
272
258
264
250
239
209
207
210
232
261
223
234
258
274
291
271
247
269
300
333
320
321
343
339
358
320
324
343
372
400
374
364
378
440
462
464
465
486
496
475
467
465
466
454
423
394
388
362
385
430
411
384
369
373
401
389
370
393
403
407
410
410
420
437
423
355
315
315
305
300
294
296
298
293
237
207
174
136
151
158
154
165
176
170
169
163
166
186
187
192
187
163
159
189
178
157
151
104
85
86
83
74
11
-57
-77
-116
-104
-98
-92
-119
-166
-167
-170
-143
-164
-180
-189
-216
-237
-281
-274
-272
-222
-180
-183
-209
-212
-179
-203
-237
-267
-268
-250
-196
-152
-147
-175
-234
-251
-250
-240
-258
-277
-258
-293
-311
-302
-314
-294
-269
-267
-245
-247
-260
-234
-227
-249
-236
-258
-242
-236
-251
-219
-204
-199
-220
-235
-217
-207
-232
-276
-315
-304
-293
-309
-319
-379
-428
-414
-416
-402
-362
-333
-300
-326
-375
-380
-343
-304
-282
-271
-262
-261
-238
-204
-155
-129
-140
-111
-87
-93
-100
-136
-172
-180
-175
-140
-124
-85
-133
-158
-162
-194
-144
-140
-191
-214
-205
-189
-136
-135
-133
-113
-101
-84
-86
-69
-51
-44
-5
52
38
22
-22
-28
-5
-35
0
25
17
-14
-89
-117
-92
-47
4
24
15
5
-12
-13
-15
15
26
16
22
30
56
63
79
84
123
167
202
227
231
251
236
229
210
217
252
257
242
209
205
235
258
215
199
157
113
145
145
158
180
158
201
223
184
266
305
353
354
343
394
403
395
379
375
349
317
294
269
268
276
308
324
304
290
263
231
194
209
246
250
239
204
230
269
269
275
292
287
271
276
274
283
252
252
270
281
279
277
322
333
311
284
272
252
263
273
278
248
250
258
220
186
123
106
114
101
97
91
73
88
93
117
73
29
33
30
62
47
31
-23
-64
-82
-79
-75
-39
-31
-82
-137
-158
-135
-125
-124
-170
-181
-235
-290
-284
-306
-325
-357
-364
-375
-395
-442
-471
-439
-436
-442
-455
-453
-461
-454
-445
-429
-427
-404
-384
-387
-421
-454
-444
-442
-410
-415
-419
-444
-417
-375
-390
-389
-406
-436
-441
-438
-422
-420
-415
-402
-398
-415
-454
-454
-427
-434
-429
-441
-466
-438
-446
-444
-439
-426
-444
-430
-413
-397
-371
-362
-340
-328
-351
-352
-337
-351
-336
-347
-324
-313
-303
-293
-267
-254
-265
-256
-254
-236
-194
-173
-182
-183
-211
-223
-224
-218
-181
-156
-167
-204
-190
-140
-106
-97
-119
-138
-124
-130
-125
-116
-115
-111
-125
-97
-62
-68
-76
-13
-11
7
25
11
81
93
78
81
106
119
132
168
145
121
114
116
158
200
209
219
213
222
221
194
187
211
219
187
220
230
221
250
288
302
349
339
324
326
312
328
310
291
278
296
337
349
357
354
364
364
341
358
350
344
349
325
335
385
401
407
413
383
391
411
427
476
496
467
450
470
494
480
484
499
466
441
428
406
431
443
450
440
426
440
427
387
377
345
312
311
300
312
282
249
240
232
248
228
197
221
185
138
128
78
66
53
27
17
20
-34
-72
-49
-59
-37
-57
-93
-112
-144
-126
-95
-94
-119
-139
-173
-218
-253
-275
-248
-224
-215
-241
-256
-262
-240
-246
-291
-333
-362
-402
-422
-411
-433
-449
-478
-487
-473
-465
-474
-493
-520
-502
-460
-464
-445
-471
-460
-434
-427
-400
-417
-438
-433
-427
-445
-418
-414
-412
-414
-433
-428
-411
-360
-359
-360
-369
-382
-354
-377
-398
-395
-381
-331
-279
-269
-301
-326
-327
-332
-309
-312
-263
-248
-267
-295
-358
-395
-384
-407
-421
-394
-382
-371
-403
-387
-389
-395
-362
-345
-311
-314
-334
-348
-379
-417
-384
-334
-292
-249
-253
-232
-194
-189
-229
-231
-217
-223
-193
-187
-194
-186
-216
-224
-185
-178
-156
-167
-179
-156
-152
-134
-135
-108
-111
-141
-155
-124
-84
-86
-78
-98
-89
-79
-66
-75
-121
-158
-153
-129
-129
-145
-167
-170
-146
-141
-157
-187
-217
-193
-167
-155
-171
-178
-153
-120
-78
-46
-7
6
23
68
97
98
123
151
173
158
105
121
128
136
163
121
124
152
152
171
188
210
261
282
306
328
319
335
314
313
324
326
361
373
358
395
409
416
444
449
500
498
491
512
498
500
519
565
591
578
567
563
569
569
555
524
532
594
603
570
527
486
455
456
469
431
446
474
445
446
466
435
417
422
435
424
424
433
419
408
370
334
298
316
327
353
334
311
333
325
332
344
328
368
359
337
318
296
280
262
240
203
143
138
170
164
135
105
59
46
81
63
74
61
32
31
35
-25
-50
-60
-46
-11
-24
-32
-49
-42
-49
-61
-100
-151
-162
-176
-182
-189
-213
-198
-214
-241
-267
-297
-276
-274
-265
-287
-333
-329
-316
-305
-291
-298
-328
-353
-353
-366
-365
-343
-339
-337
-387
-385
-363
-361
-321
-317
-295
-308
-332
-297
-315
-335
-346
-341
-299
-279
-239
-239
-215
-199
-227
-240
-246
-261
-276
-274
-292
-298
-318
-287
-289
-319
-348
-403
-389
-423
-475
-459
-473
-467
-472
-489
-462
-425
-452
-454
-429
-438
-422
-445
-451
-442
-432
-428
-414
-381
-349
-335
-312
-325
-329
-300
-298
-244
-215
-205
-164
-166
-187
-212
-224
-224
-230
-211
-213
-213
-180
-159
-151
-179
-186
-182
-178
-172
-157
-125
-75
-71
-83
-88
-68
-30
-29
8
29
15
-2
-7
29
16
4
24
31
36
47
51
73
79
95
126
83
84
97
103
110
81
50
52
77
59
97
119
115
120
113
132
112
99
106
130
135
130
135
143
156
129
128
125
147
174
178
216
205
217
246
221
243
273
301
325
295
266
262
304
303
294
270
266
262
256
264
272
297
271
302
332
335
335
337
366
381
365
376
381
346
327
319
346
361
347
337
351
356
343
367
325
314
350
341
355
356
343
350
338
320
342
328
324
330
312
283
289
322
351
378
353
346
313
289
308
288
268
260
260
251
224
219
178
149
131
133
143
115
104
82
94
100
72
77
73
71
65
73
72
41
26
7
-10
11
40
39
57
97
109
93
74
36
13
28
-13
-43
-72
-71
-44
-56
-47
-52
-35
-28
-40
-62
-82
-88
-112
-109
-110
-93
-106
-123
-111
-85
-79
-87
-130
-142
-125
-129
-116
-127
-162
-177
-195
-197
-198
-224
-206
-190
-183
-219
-278
-329
-325
-275
-279
-304
-336
-320
-284
-243
-211
-205
-213
-253
-280
-293
-270
-243
-232
-238
-232
-253
-243
-265
-295
-310
-333
-326
-323
-330
-352
-365
-360
-381
-367
-302
-263
-257
-240
-218
-189
-186
-210
-179
-118
-132
-158
-175
-176
-150
-162
-139
-105
-98
-80
-36
-16
9
52
48
7
9
33
55
64
17
20
-16
-42
-30
-2
-10
28
44
53
55
23
13
3
29
13
35
17
-15
-24
-18
17
3
-3
50
62
67
63
42
5
3
11
16
20
23
22
-1
-5
5
62
134
157
164
127
132
155
196
202
182
192
180
192
182
196
188
197
218
203
204
220
246
242
185
182
170
173
173
160
149
160
172
184
179
148
182
185
181
200
206
170
102
56
68
71
100
122
111
142
122
115
139
107
108
123
128
130
126
101
90
112
124
120
134
106
128
161
163
152
115
110
88
91
91
85
48
16
28
1
-9
-1
0
25
33
29
56
80
91
92
60
74
84
80
82
64
70
48
67
56
29
47
59
27
-10
-20
-41
-24
2
-9
-16
17
-32
-41
-45
-36
0
-39
-42
-41
-43
-39
-52
-66
-100
-131
-122
-86
-74
-93
-120
-128
-137
-149
-139
-141
-157
-166
-152
-131
-141
-101
-106
-97
-53
-56
-53
-66
-67
-98
-137
-147
-151
-157
-155
-128
-139
-141
-164
-129
-90
-93
-93
-106
-97
-69
-57
-59
-94
-128
-116
-85
-74
-81
-104
-146
-123
-98
-73
-34
-16
-20
-55
-87
-126
-128
-97
-114
-116
-116
-82
-52
-47
-81
-78
-62
-60
-25
-25
-31
-45
-37
-15
-17
-51
-82
-100
-112
-95
-63
2
33
27
8
-8
-12
22
53
106
111
52
44
26
69
71
44
6
-9
-24
-43
-50
-51
-31
-14
-5
-12
-87
-137
-122
-108
-102
-114
-132
-179
-178
-181
-189
-222
-258
-268
-257
-282
-288
-275
-278
-249
-219
-181
-157
-137
-94
-76
-67
-54
-48
-35
-40
-26
-13
3
14
55
73
60
88
75
81
95
96
102
72
48
32
50
42
50
60
49
86
80
94
97
72
68
58
85
93
80
77
87
70
91
128
118
122
94
62
69
93
94
124
121
100
98
102
149
189
161
130
181
210
191
177
181
175
149
142
128
141
128
104
86
58
59
49
44
30
-3
-44
-46
-28
-19
-38
-65
-55
-40
-43
-33
1
10
48
58
81
95
110
92
73
94
106
77
6
-25
-8
34
36
5
-18
-28
-15
35
49
55
25
10
26
22
50
65
23
20
19
34
32
19
22
17
17
5
-30
-39
-56
-85
-103
-138
-154
-151
-162
-148
-114
-117
-85
-92
-126
-139
-140
-147
-123
-119
-136
-78
-86
-67
-13
13
-7
-10
-8
-21
-13
-29
5
16
2
8
30
36
33
52
34
27
15
25
65
108
137
140
157
136
104
86
91
81
65
35
14
3
-19
40
34
-16
-34
-39
-19
34
37
44
51
46
37
42
36
58
89
75
86
96
103
111
248
256
253
205
152
266
215
157
93
50
79
55
21
17
26
76
69
20
-26
-40
-30
-59
-48
-73
-63
-27
-96
-118
-124
-125
-57
-99
-164
-166
-155
-85
-111
-168
-152
-153
-152
-199
-250
-264
-213
-192
-235
-248
-240
-205
-134
-158
-199
-210
-222
-152
-129
-163
-146
-154
-168
-180
-161
-107
-99
-104
-178
-229
-212
-164
-157
-218
-242
-238
-236
-238
-246
-254
-282
-296
-285
-277
-261
-260
-236
-235
-252
-240
-259
-280
-250
-231
-213
-211
-205
-197
-217
-242
-254
-269
-279
-280
-298
-289
-269
-257
-240
-226
-209
-204
-179
-181
-202
-187
-185
-161
-137
-126
-130
-120
-137
-155
-126
-111
-68
-48
-75
-77
-100
-115
-132
-143
-152
-175
-191
-194
-146
-149
-156
-128
-124
-112
-82
-53
-53
-68
-83
-106
-102
-91
-68
-28
-6
19
58
76
114
166
193
170
157
158
156
171
187
188
190
199
203
197
176
176
183
184
172
151
135
116
133
114
93
133
122
102
114
109
125
136
141
197
215
249
266
245
245
272
299
313
345
382
385
360
359
353
403
410
405
380
374
396
406
397
380
378
354
300
247
221
206
222
202
218
239
202
188
175
156
178
179
178
198
215
213
215
193
162
179
209
226
244
295
318
344
360
350
350
311
271
237
223
250
279
281
263
248
247
267
279
286
276
261
225
186
203
200
170
169
166
172
161
149
159
128
122
114
95
106
159
171
132
127
125
129
98
87
88
74
75
63
48
24
-43
-104
-108
-126
-125
-142
-172
-170
-163
-140
-188
-224
-169
-147
-121
-113
-144
-118
-121
-130
-136
-146
-152
-124
-75
-68
-77
-70
-61
-71
-66
-70
-93
-135
-134
-129
-120
-86
-98
-128
-148
-202
-206
-195
-171
-114
-120
-104
-117
-135
-155
-220
-221
-213
-158
-169
-172
-141
-190
-177
-183
-226
-173
-157
-205
-169
-165
-162
-171
-155
-151
-178
-159
-118
-89
-129
-115
-122
-140
-128
-186
-204
-177
-242
-274
-305
-312
-280
-278
-309
-344
-377
-423
-431
-462
-407
-387
-420
-443
-474
-470
-456
-403
-393
-424
-439
-384
-303
-261
-247
-279
-316
-306
-323
-281
-273
-213
-145
-179
-175
-179
-177
-155
-153
-164
-158
-132
-113
-112
-87
-65
-100
-132
-133
-120
-69
-77
-48
-25
4
34
19
14
-21
-4
53
131
241
279
220
217
200
240
266
293
383
345
347
365
323
324
304
314
308
270
312
294
314
325
302
315
313
324
331
295
234
239
247
287
323
286
224
210
226
259
319
328
320
352
337
279
298
284
318
353
326
267
289
301
307
376
284
343
327
250
334
307
307
401
368
339
353
283
410
371
270
266
214
231
261
210
289
290
271
378
253
245
200
199
224
221
254
293
266
236
186
113
138
87
138
147
112
143
116
126
67
59
57
-2
58
-43
-11
65
77
136
19
-39
-72
-96
-50
-64
-88
-84
-146
-94
-89
-85
-111
-179
-162
-135
-197
-118
-110
-91
-50
-141
-48
-98
-55
-33
-32
-24
-6
-88
4
0
10
78
-72
5
-11
-47
-18
-71
-105
-67
-61
-26
-63
-92
-99
-71
-3
-37
-7
-77
-22
29
-15
5
-11
-41
30
-6
63
48
-108
-128
-150
-148
-152
-136
-204
-177
-193
-199
-214
-279
-306
-272
-163
-241
-230
-214
-266
-217
-269
-264
-183
-297
-196
-266
-193
-87
-201
-168
-218
-204
-163
-147
-165
-219
-229
-216
-193
-173
-193
-245
-291
-270
-222
-215
-308
-356
-358
-257
-283
-290
-252
-278
-291
-291
-213
-201
-261
-290
-345
-326
-173
-141
-136
-281
-158
-40
8
82
13
-32
-25
-17
-4
126
23
-79
-95
25
188
123
93
-158
-137
10
-21
66
-44
-42
-44
-111
-38
1
62
-117
-222
-187
-185
-208
-204
-206
-191
-117
-105
-24
-33
-47
-37
36
0
69
62
42
111
36
63
103
66
21
116
65
85
77
-8
208
85
101
143
-62
48
101
102
146
99
137
119
133
115
-14
85
26
78
132
121
225
269
346
296
215
180
118
82
170
176
187
238
183
164
131
162
170
194
70
110
144
205
233
122
267
148
175
176
235
294
188
270
252
324
329
196
143
284
241
336
427
425
387
422
318
313
444
309
501
422
420
609
549
523
449
178
247
141
133
296
255
307
191
151
193
115
121
50
104
133
30
253
154
47
89
-69
17
99
85
113
132
227
175
204
21
-94
-147
-74
-27
1
170
77
216
104
43
42
-6
76
101
142
261
139
178
180
-39
15
-158
-111
23
26
187
64
19
15
-1
-34
-122
-203
-91
-24
138
83
-39
-146
-300
-229
-164
-158
-119
-33
-53
87
-57
-3
-101
-170
-121
-188
15
54
63
106
-144
-34
-126
-253
65
-228
2
-54
-149
16
-171
-50
-218
-371
-334
-287
-129
-175
-148
-209
-264
-210
-208
-358
-284
-387
-381
-68
-386
-125
-390
-318
-286
-484
-319
-448
-260
-357
-186
-293
-241
-381
-381
-402
-207
-402
-298
-174
-408
-128
-451
-495
-357
-482
-307
-342
-413
-187
-492
-296
-423
-569
-350
-665
-330
-384
-490
-241
-459
-285
-324
-492
-299
-456
-396
-172
-497
-219
-284
-364
-167
-369
-373
-123
-203
-35
-88
-163
-47
-154
-89
0
-182
1
58
-11
280
66
187
170
184
270
240
269
309
337
452
512
549
608
605
594
551
615
543
640
679
723
840
763
754
775
761
813
927
941
985
932
944
883
971
980
829
978
736
856
844
892
803
843
785
708
663
674
639
419
811
299
421
337
199
234
219
-30
275
26
21
-7
-150
-175
-164
-92
-505
98
-291
-330
116
-658
-323
-147
-850
-17
-443
-382
-387
-614
-809
-561
-810
-782
-707
-846
-824
-569
-746
-922
-633
-1188
-907
-807
-1068
-663
-842
-1083
-863
-1285
-1179
-1308
-1438
-1430
-1266
-1310
-1201
-898
-1173
-773
-1050
-931
-812
-863
-469
-440
26
197
259
616
595
802
1031
1067
1393
1512
1642
1918
1916
2047
2010
1846
1836
1697
1789
1651
1662
1674
1338
1373
1057
934
921
719
756
618
462
328
398
246
338
125
54
183
80
121
115
123
32
322
77
311
296
76
375
308
367
639
430
791
688
743
736
765
825
504
879
816
592
986
556
534
1048
398
827
253
580
159
366
394
-295
198
-212
-436
187
-675
-335
-80
-1119
-189
-1185
-1070
-717
-1434
-897
-971
-1468
-963
-1436
-1831
-979
-1924
-1374
-1396
-1549
-1673
-1316
-1751
-1693
-1838
-1869
-1887
-1683
-1605
-2086
-1629
-2192
-1749
-2065
-1863
-1900
-1802
-1648
-1509
-1578
-1559
-1399
-1573
-1148
-1087
-766
-537
-211
-199
85
182
378
496
686
880
1014
1374
1418
1729
1715
1638
1628
1500
1515
1503
1436
1529
1495
1278
1151
850
928
871
936
971
913
812
837
459
725
629
455
840
109
842
382
367
647
411
329
793
258
650
555
180
468
237
399
551
493
663
921
423
839
452
615
804
691
1111
988
1191
1014
1010
850
1029
1203
679
1307
818
1000
682
808
849
403
741
378
-1
407
5
-66
327
125
-517
41
-704
-308
-587
-1159
-42
-1580
-506
-618
-1518
-769
-798
-1904
-546
-1469
-1574
-919
-1960
-726
-1851
-1190
-1688
-1956
-1516
-2069
-1840
-1927
-1883
-2015
-2232
-2127
-2134
-2214
-2179
-1914
-2108
-1830
-1814
-2222
-1677
-1818
-1805
-1183
-1407
-707
-584
-596
-76
-193
19
340
354
725
1103
1164
1489
1521
1783
1546
1581
1736
1512
1866
1523
1803
1723
1510
1626
1322
1464
1433
1325
1237
1227
1072
1174
1130
1441
1039
1215
858
619
835
568
840
791
863
459
881
315
278
637
74
638
710
779
611
735
504
548
855
222
1066
583
1069
1211
698
855
1074
621
1301
1332
492
1974
608
1532
801
816
994
643
908
403
1071
234
653
353
237
61
157
-96
-108
389
-650
-82
-650
-959
-836
-849
-1428
-511
-1298
-1506
-558
-1763
-1184
-1421
-1776
-1750
-1419
-2196
-1454
-1861
-1665
-1939
-2234
-1939
-2293
-1828
-1940
-2139
-2017
-2453
-2182
-2212
-2269
-1914
-2176
-1818
-1648
-1980
-1740
-1752
-1880
-1493
-1362
-952
-662
-355
-458
-5
-7
133
588
662
1092
1241
1616
1500
1895
1621
1647
1694
1505
1770
1622
1751
1645
1639
1444
1408
1091
970
803
643
784
302
949
463
512
407
-40
10
240
-142
426
277
-90
534
52
-82
390
-86
-296
553
-432
1016
-79
839
579
265
757
107
1188
475
1478
670
853
1129
306
1256
835
931
1294
783
1310
1358
598
1487
608
841
641
456
486
699
-18
312
274
-717
507
-1023
41
-551
-338
-923
-750
-766
-1587
-381
-2321
-653
-1578
-1538
-1245
-1780
-756
-2308
-834
-2846
-1888
-1958
-2086
-1467
-2273
-2027
-2421
-2744
-2028
-3077
-2034
-2426
-2648
-2356
-2970
-2229
-2908
-2525
-2442
-2747
-2261
-1880
-2189
-1888
-1988
-2269
-1683
-1575
-1386
-768
-402
-10
190
301
411
855
831
1326
1767
1794
2315
2204
2372
2367
2267
2145
2147
2281
2173
2486
2225
2264
2019
1649
1585
1302
1361
896
1275
959
1226
1048
375
786
336
326
512
477
733
601
657
403
375
49
654
88
755
642
308
1178
705
891
827
645
585
1130
1248
1272
1634
1263
1014
1719
392
1957
1258
1278
2242
1166
1732
2142
752
935
1375
327
2366
4
1351
256
270
387
-127
401
-546
855
-1943
1179
-1895
-646
-316
-2645
649
-2965
179
-1861
-1540
-1360
-2856
-668
-2126
-1734
-1650
-2120
-1407
-1790
-2020
-1622
-2443
-1904
-2171
-1140
-2315
-1659
-2469
-2354
-2331
-2852
-2642
-2479
-1573
-2471
-1652
-2127
-1648
-1790
-2188
-2008
-1701
-1442
-1025
-492
-586
380
-144
-125
768
79
1337
1557
1771
2489
2263
2483
2193
2692
1919
2730
2326
2557
2838
2357
2598
1966
2018
1155
1418
863
1170
1239
952
815
384
246
376
260
318
126
278
-147
-162
267
-414
207
-121
-267
-22
-584
-48
-332
-20
493
-584
777
768
55
1400
6
1156
1117
712
1862
923
1113
1555
629
1858
1559
233
1808
996
663
1654
762
795
1472
-568
1110
167
315
251
-1240
-324
-719
-1566
15
-606
-1212
-835
-2427
-468
-3723
278
-2925
-2147
473
-5188
53
-4346
-2103
-1878
-4233
267
-4289
-2420
-2101
-4219
-2093
-3101
-3181
-3777
-1294
-4566
-3039
-2545
-5306
-2273
-5480
-3363
-2746
-3953
-2201
-3035
-2702
-2166
-3005
-3284
-2075
-2024
-1248
-148
195
-35
505
473
139
1830
1182
2545
3378
2679
4140
3023
3478
3455
3044
3280
3564
3919
3491
4151
2919
2937
2387
1830
2272
1707
2139
1409
1294
900
252
628
-236
1139
-246
-61
679
-1131
460
-876
-154
-420
-841
53
-811
152
72
-539
-171
-142
320
478
1199
1204
1389
1606
1287
2717
1337
2660
2557
1992
3620
2381
2596
2963
2122
2669
2858
2308
1567
2802
2056
950
2737
601
-598
3521
-2060
-210
3141
-5984
3358
-2753
-3332
3657
-5582
386
-1720
-5490
534
-2455
-3874
1431
-5200
-3805
467
-6879
-1424
-1822
-7740
-361
-4837
-4353
-257
-6092
-2971
-4214
-5498
-1996
-3987
-4098
-3251
-5035
-5311
-3384
-3690
-2715
-845
-2978
-2825
-1666
-3537
-1413
300
-224
1845
1675
1176
2123
1848
2591
3468
3949
4614
5608
5145
5935
5686
4286
5775
4061
5145
5980
5298
5595
4598
3065
2539
2561
2013
2688
2225
1773
1178
145
-561
-915
-765
-853
-918
-909
-1062
-1396
-2216
-1884
-2634
-1916
-994
-1733
-961
-1207
-2046
-1135
-1280
-755
167
144
825
1153
1651
1809
1860
2000
2940
3545
3862
4593
4080
3449
4031
3264
4111
4987
3966
3801
3163
2715
2233
2047
1402
1703
338
277
74
-1888
-693
-2073
-2827
-3118
-3192
-4454
-3529
-4309
-5458
-5010
-5719
-4700
-5963
-4571
-6082
-5240
-4944
-5793
-4932
-5828
-4928
-5673
-4328
-4870
-4333
-4248
-4960
-4475
-5112
-5025
-4920
-5327
-5247
-4888
-4312
-2143
-984
-2719
-3014
-4210
-4741
-1942
-544
1779
3188
2444
1523
424
965
2998
4465
6927
7118
6844
6175
5165
5177
5792
6346
6907
7316
6667
6092
4757
4051
3084
2951
2836
3266
3052
2649
1277
-557
-1121
-1949
-1157
-426
-349
-832
-1944
-2946
-3616
-3119
-2958
-2025
-1391
-1722
-1663
-1962
-2033
-1893
-1331
107
1432
2338
2106
1742
1302
2047
3078
4476
5968
5891
5951
5271
5049
5347
5772
6065
6741
6308
5986
5086
4027
3922
2893
2940
2394
1753
1309
-207
-773
-2197
-2662
-3180
-3477
-2765
-4546
-4822
-6079
-7172
-5826
-6701
-5617
-5754
-6590
-6543
-6683
-6844
-6178
-6117
-6619
-4718
-5649
-5835
-4757
-6053
-5203
-4636
-4954
-4502
-5078
-4907
-6268
-4853
-2773
-843
383
-1821
-3475
-4719
-3074
44
2244
4491
4854
2206
1762
973
3291
6221
7636
8843
7392
7317
6354
6634
7374
7756
8184
7797
7619
7163
6235
5266
3946
3593
3651
3894
3772
3104
1373
-761
-1561
-1954
-750
342
-582
-1431
-3145
-4446
-3952
-3543
-2167
-1783
-2218
-2615
-3559
-2767
-1989
-739
650
744
1729
1412
1447
2475
3067
4361
5630
6232
6489
6465
5917
5687
6683
7056
7599
7923
6359
6276
4632
3869
4478
3745
3875
2675
969
-476
-1689
-2307
-2347
-2494
-3206
-4197
-5542
-7317
-7591
-7374
-7320
-6347
-7081
-7962
-8422
-8147
-8429
-7510
-7977
-7559
-7249
-7726
-6508
-8148
-7419
-7239
-7187
-6324
-5760
-6751
-7604
-7319
-6042
-2530
174
-1551
-3746
-6047
-5321
-933
1669
4623
4379
2418
372
213
3231
6989
8707
8624
6671
6330
6334
6337
8311
7942
8298
7616
6456
6274
5732
4325
3206
3105
3095
3670
2365
739
-785
-2887
-2654
-1856
-648
-281
-2225
-4266
-5668
-5220
-3808
-2174
-1605
-2048
-3378
-4645
-3859
-1976
926
2091
1481
1084
-13
1350
3111
5228
6307
6243
5830
5305
6050
7216
7420
8030
7803
7461
7605
6307
6190
5408
4612
4698
4007
3741
2370
405
-1081
-2414
-2067
-2018
-2685
-3966
-6002
-7049
-7728
-7347
-6401
-6301
-6942
-8587
-9295
-9089
-8596
-7392
-7359
-7332
-7623
-7588
-7251
-7454
-6729
-7282
-7008
-6404
-6228
-6032
-3842
-2046
-1569
-3237
-4893
-5236
-2535
1159
2017
2854
2183
929
169
1991
4576
7026
7928
6660
5627
6137
6611
7226
7924
8330
7961
7056
6448
5619
5278
4451
3862
4157
3982
2476
720
-952
-1590
-1116
-1284
-1088
-1735
-3485
-4932
-5795
-4824
-3699
-3099
-3379
-4241
-4329
-4013
-2858
-1236
54
892
1373
1343
1825
2664
3847
5808
7165
8127
8087
7332
7544
7905
9011
10228
10386
10086
8721
7020
6525
6398
6657
6499
5056
3443
1662
239
-700
-1215
-1967
-2585
-3798
-5547
-6407
-7349
-7342
-7728
-8048
-8732
-9308
-9777
-9618
-9458
-8775
-8475
-9171
-8602
-8889
-7940
-7237
-6500
-6804
-6920
-6431
-3115
343
474
-943
-3971
-3071
715
4633
6150
6535
4896
3060
3670
5597
8933
11060
9178
7519
6815
7196
8756
8687
8220
7702
6339
5142
5009
4348
3342
1726
875
1342
1008
-828
-3050
-4603
-5009
-4742
-4402
-4263
-5183
-7199
-9097
-8610
-6779
-5471
-4952
-6046
-6699
-6716
-6117
-3630
-1974
-446
-569
-820
-186
1240
2740
4218
5954
6560
6959
6731
7012
7899
9135
9801
10586
10252
9253
8350
7203
7598
7921
7401
6557
4691
2973
1388
353
-311
-940
-1965
-3723
-4907
-6935
-7546
-8467
-9113
-9540
-10090
-10988
-11512
-11730
-12387
-11598
-12226
-11273
-11586
-10889
-10705
-11008
-10864
-10310
-7844
-3824
-1400
-1917
-4159
-5634
-2544
1982
6241
7666
7277
6054
5337
6895
10299
13591
14992
13620
11839
11717
12705
13822
13895
13302
12406
10667
9324
8261
7412
6322
4948
3683
2441
410
-2377
-4398
-5145
-5317
-6030
-7386
-9257
-11037
-12448
-12512
-11494
-10913
-11205
-12564
-12783
-12053
-10424
-9163
-8306
-6773
-6094
-5015
-3888
-2323
-293
1051
2901
4489
5852
6575
6824
7767
9155
11019
11885
12102
11773
10721
10204
10207
10564
11000
9656
7780
5885
4459
3875
3213
2025
429
-1597
-3347
-4732
-5762
-6420
-7403
-8641
-9688
-11114
-11275
-11556
-11849
-11892
-12490
-12948
-13134
-12562
-12184
-11420
-11536
-11470
-10172
-6016
-3894
-3821
-6202
-6640
-3759
1248
5382
5501
5607
4998
5225
7769
11487
14477
15376
13586
13111
13883
16568
17703
17234
16553
15327
14387
13687
13642
12928
11189
9117
7878
6975
5473
2860
153
-802
-1763
-3083
-4631
-6543
-8374
-10215
-11023
-10531
-9945
-11115
-12724
-13701
-13791
-11958
-11020
-10012
-8995
-8944
-8698
-7854
-6117
-3810
-2090
-505
766
1529
1909
2551
4498
6387
8168
8486
8438
8423
8616
8856
9756
10183
9922
9000
7135
6567
6195
6154
5202
3666
2198
83
-1020
-2189
-2791
-3734
-5603
-6859
-8556
-9321
-9919
-10715
-10674
-11739
-11987
-13162
-14006
-13237
-13802
-13102
-13062
-13766
-11113
-8488
-6809
-7229
-9502
-8527
-5862
-390
1872
2394
2697
2290
3739
6847
10809
13634
13705
12325
12048
13882
16709
17585
17964
17390
16320
15385
14579
14710
14632
13367
12101
10858
9532
7208
3975
2659
2173
1699
478
-2262
-4496
-7183
-9027
-8803
-7959
-7629
-9619
-12025
-13252
-12790
-11207
-10447
-9417
-9074
-9333
-9449
-8279
-6119
-4067
-2137
-1615
-1058
-332
373
2276
4626
6532
7150
6797
6288
6548
7532
8382
9235
9075
7662
6317
5241
4889
4996
4602
3397
1807
-190
-2223
-3123
-3879
-3947
-4930
-6556
-8184
-10265
-10761
-11517
-10802
-10934
-11709
-12807
-14287
-14173
-14301
-13333
-13056
-12876
-10995
-8846
-8185
-8921
-10564
-9873
-6438
-1716
631
652
211
-720
701
4267
8496
11707
11570
9738
9092
10395
13461
15650
16797
16141
14529
13114
12450
13608
14040
13601
12450
11006
9203
6655
4862
3905
4313
3962
2015
-448
-3050
-5519
-6459
-5795
-4818
-4790
-7173
-9495
-10767
-10328
-8366
-6719
-6020
-6184
-7382
-7040
-5803
-3782
-1806
-754
324
1141
1772
1941
3312
4594
6334
7505
7461
7432
7019
6612
7550
8306
8657
8010
6314
4850
3958
3731
3567
3199
1872
-455
-2504
-4041
-4761
-4889
-5500
-6320
-7941
-10369
-11137
-12224
-11334
-10898
-11206
-12173
-13647
-14056
-14506
-13299
-12768
-12270
-10407
-7383
-6120
-7032
-9344
-9101
-5879
-97
2779
3497
2866
1487
1781
4331
9155
13282
13828
11534
9643
9942
12673
14688
15855
15777
13913
11428
10256
10241
10764
10271
9121
7873
6464
3773
1227
42
-83
-226
-1391
-2890
-4593
-6820
-8872
-8891
-7051
-6226
-7079
-9223
-10566
-10595
-9425
-6870
-4328
-3039
-4482
-5733
-4965
-1111
1830
3767
5104
4553
5131
5455
7118
10187
11912
12067
11306
10864
11102
11187
11397
11475
11431
10198
8561
7173
5511
4651
3264
2590
1597
-376
-2766
-5433
-7097
-8135
-8514
-8909
-9853
-12288
-14192
-15981
-15154
-14309
-13971
-14336
-15369
-16249
-16336
-15942
-14314
-13369
-12996
-12266
-9488
-4572
-4596
-5479
-7973
-6023
-16
4887
6676
6545
5625
5212
5959
10241
15341
17607
15784
11982
11645
13740
16125
16875
16319
15046
12252
9772
9103
9762
9002
6554
4360
3356
1961
-874
-3994
-5298
-5485
-6776
-7906
-9142
-10257
-12703
-14851
-13996
-12054
-10990
-11836
-13248
-13375
-12525
-11520
-9234
-6172
-4289
-2695
-2850
-1788
-265
1533
4674
7693
10383
10073
9274
9363
11451
14295
15587
15929
15207
13722
12436
12101
13020
13727
12470
10130
7403
5518
4385
3794
2514
1394
-1323
-3666
-6521
-8072
-8212
-10008
-9541
-11843
-12942
-14365
-15237
-15677
-14795
-15602
-14489
-16195
-15953
-16354
-15580
-14455
-13594
-12713
-13012
-11578
-9235
-2265
-2359
-2992
-6030
-5164
856
6193
9255
9143
8853
7542
7194
10816
16193
19335
18752
14196
13697
13871
15054
16339
16099
16573
13400
9829
7743
7610
6622
4527
3096
2634
898
-3039
-6800
-7951
-7256
-8207
-9061
-10158
-10985
-13626
-16104
-15231
-12833
-10997
-11313
-12063
-12019
-11334
-11365
-9474
-5750
-2487
-1233
-1056
1223
2107
3419
4717
7533
11694
13269
13408
12440
12226
12805
13586
16409
18457
17481
14050
10500
10298
10968
11926
11574
9726
6830
2894
594
16
439
-704
-3164
-5307
-7242
-9365
-10819
-11347
-11101
-11135
-12388
-13385
-13676
-14089
-14614
-14547
-13462
-12012
-11748
-12158
-12157
-12050
-11575
-10603
-8882
-7008
-3909
1013
907
-293
-3647
-3111
3334
9278
12305
11265
9631
7806
7580
10794
16005
19931
18608
13658
11254
11342
13553
14539
14076
13855
11021
7056
4597
4054
3777
1689
-511
-1217
-2086
-4679
-8553
-10300
-10029
-10598
-11226
-11729
-11041
-12280
-14897
-15467
-13660
-10577
-9538
-9295
-8960
-8290
-7965
-7396
-4226
-465
1352
1352
1684
3235
5811
7751
9872
11814
11909
11207
10432
12241
14530
15272
14237
13266
12281
10923
9948
9685
9408
8266
5757
4039
3075
1714
-467
-2625
-3798
-4777
-6114
-7663
-9060
-10458
-11942
-13133
-12925
-12120
-12447
-13153
-13903
-14164
-13339
-12949
-11623
-10251
-10101
-10219
-10477
-9634
-7623
-7031
-5990
-5167
-4867
-4246
-1398
3603
5707
5512
747
12
4265
9129
12101
12601
11821
10592
7977
8215
12240
16688
17504
13502
10098
9249
10454
9698
9248
9724
8206
5370
2130
802
743
-1027
-4003
-5125
-4648
-5180
-7986
-10001
-10782
-11330
-12238
-12351
-10310
-9264
-10262
-12014
-12011
-9804
-8235
-7186
-5315
-3331
-2733
-3397
-2747
-295
2563
4031
4567
6043
7262
7270
7792
9605
11588
12161
11047
10752
11426
11892
11149
10520
10399
9746
8204
6410
5749
5055
3619
1569
-197
-1181
-2487
-3984
-5258
-6253
-7756
-9151
-10530
-11020
-11133
-11296
-11145
-11186
-10647
-11456
-10785
-9806
-8743
-7475
-7173
-6181
-4604
-3471
-2750
-2506
-1813
-710
1110
2258
2626
2683
2215
2607
3080
3849
5843
7227
7945
6925
4357
3428
4101
5674
6315
6065
5931
5727
4912
3572
2822
3263
3772
3450
2301
1783
1430
1065
689
-139
-885
-1534
-2232
-2269
-1862
-1851
-2241
-2750
-3415
-4109
-3762
-2770
-1766
-1343
-2127
-2895
-2057
-593
836
1522
1762
1822
1503
2147
3079
4520
5237
4963
4456
3982
4161
4518
4823
5009
4743
3616
2624
2189
2641
2862
2379
1199
-265
-1113
-1577
-1602
-1549
-1810
-2657
-3705
-4542
-4632
-4200
-3607
-3506
-3918
-4408
-4653
-4209
-3397
-2556
-1894
-1821
-1832
-1619
-1069
-202
138
461
764
1117
2220
2709
2967
2651
2649
3188
3707
4553
4739
4554
3868
2991
2859
3394
3975
4087
3265
1772
330
-362
-46
289
102
-1087
-2588
-3917
-4899
-5219
-4997
-4323
-4575
-5692
-7090
-7782
-7598
-6865
-6281
-5857
-5338
-5105
-4671
-3964
-3121
-2297
-1837
-1384
-639
406
1286
1896
2757
3464
3619
3928
4530
5381
5791
5377
4875
5296
6063
6336
5965
5406
4733
4169
3650
3347
3610
3011
1922
1148
986
1115
614
-432
-1697
-2403
-2823
-3208
-2915
-2771
-3292
-4330
-5249
-5406
-5223
-5176
-5103
-4868
-4333
-4266
-4671
-4585
-3801
-2712
-2024
-2156
-1715
-956
-560
-26
456
1293
2252
2892
3170
3236
3122
3142
3438
4100
4843
5147
4772
3689
3160
3234
3555
4205
3829
2970
1820
1118
1268
1541
1206
115
-756
-1183
-813
-732
-1043
-2037
-3071
-3659
-3816
-3726
-3742
-4381
-5096
-5612
-6384
-6399
-5891
-5131
-4667
-4543
-4898
-4901
-4567
-4086
-3134
-2729
-2425
-1868
-890
466
1468
2208
2574
2928
3330
3781
4283
5302
6190
6528
6663
6740
7118
7013
6427
5723
5373
5028
4705
4381
4112
3567
2475
1203
230
-597
-1696
-2764
-3388
-3458
-3416
-3594
-4115
-4624
-5272
-5809
-5804
-5238
-4533
-4445
-4571
-4429
-3828
-2792
-2086
-1638
-1098
-898
-770
-279
579
1428
2183
2538
2782
3035
3594
4132
4403
4386
4433
4800
4984
4925
4515
4238
4162
4433
4379
4257
3839
3244
2257
1371
1076
964
1458
1299
755
-68
-396
-1303
-1007
-919
-1211
-1327
-2616
-2947
-2651
-2263
-1564
-1750
-2426
-2011
-2591
-2222
-2573
-2255
-2369
-1639
-938
-1276
-966
-1665
-2336
-2113
-2895
-2903
-3538
-3549
-3019
-3006
-2740
-2129
-793
402
380
-1112
-2436
-2763
-1621
414
2149
2914
3304
2971
3053
3069
3339
3456
3617
3798
3857
3584
3727
4179
4284
3405
1995
926
151
-214
-854
-1160
-985
-1474
-2134
-2659
-2826
-2911
-3653
-4219
-4382
-4082
-3730
-3346
-2258
-1300
-1177
-1455
-1741
-1173
-212
518
1171
1682
1877
2130
2678
3740
4322
4374
3764
3412
3478
3480
3674
3808
3518
3086
2638
2682
3180
3287
2588
1652
424
-207
-75
365
779
267
-983
-2004
-2145
-1871
-1309
-1114
-1269
-2058
-2623
-2665
-2095
-1247
-706
-705
-1158
-1621
-1815
-1727
-1027
-455
-231
-338
-570
-899
-1491
-1908
-1794
-1397
-1485
-1922
-2182
-2141
-2828
-3543
-4688
-4876
-5203
-5901
-6703
-7502
-7940
-7880
-6551
-4175
-1522
-1086
-2439
-4006
-3422
-1788
116
660
1573
2635
4139
5434
6573
7290
7647
7250
6633
6148
6027
6083
6649
7084
6701
5429
4113
3338
2631
1484
-338
-1605
-2227
-2889
-3149
-3087
-2905
-2734
-3354
-4380
-4912
-4791
-4457
-3625
-2910
-2081
-1388
-548
264
1093
1417
1844
2410
3027
3478
3818
4281
4854
5141
5184
5310
5511
5289
4557
3483
2694
2461
2375
2125
1665
1463
1086
883
212
-450
-1269
-1844
-2188
-2065
-1834
-1574
-1557
-1491
-1236
-1076
-891
-802
-814
-771
-819
-804
-404
449
1243
1625
1574
1309
1120
957
924
724
244
-601
-1465
-1669
-1735
-1402
-1997
-2799
-4061
-5551
-6215
-7059
-7046
-7734
-8476
-9299
-9867
-10215
-9793
-7975
-4979
-2415
-1525
-2005
-2424
-1505
-41
1375
2585
4022
5681
7368
8727
10176
11435
12230
12191
11318
9982
8989
8228
8153
7902
7152
6271
5223
4005
2315
306
-1442
-2633
-3863
-5757
-7360
-8039
-7652
-6966
-6780
-6964
-7099
-7012
-6650
-6316
-5507
-4473
-3229
-2170
-1322
-50
1636
3468
4929
5683
5819
5936
6246
6533
6546
6306
6041
6181
6114
5316
4226
3048
2319
1546
703
-229
-797
-1242
-2394
-3138
-3700
-3515
-3329
-3625
-3799
-3662
-3359
-3060
-2469
-1578
-756
-212
-132
84
963
1644
2182
2495
2464
2428
2266
2350
2500
2536
1769
765
145
-358
-565
-699
-1245
-1987
-3210
-4753
-5399
-5885
-6104
-6786
-7737
-8614
-9096
-9799
-10305
-10674
-10877
-9494
-7578
-4707
-2491
-1031
-213
770
1719
2697
3754
4950
6153
7270
7811
8910
10555
12201
13090
12504
11226
9805
8552
7397
5842
4308
2598
1163
-101
-1485
-2548
-3178
-3879
-5012
-6820
-8528
-9380
-9566
-9720
-9746
-9149
-7812
-6198
-4912
-4032
-2842
-1301
14
1236
2097
2937
3735
4329
4894
5701
6647
7545
8154
8050
7339
6551
5615
4665
3674
2419
1099
-257
-1211
-1653
-1816
-1573
-1906
-2577
-3229
-3920
-4076
-4023
-3803
-3693
-3778
-3198
-2009
-665
718
1813
2822
3538
3811
3961
4462
5173
5285
4920
4371
4323
4585
4420
3937
3532
3030
2223
1119
-183
-1171
-2459
-3866
-5265
-6167
-6824
-7429
-8169
-8513
-8914
-9236
-9667
-10307
-10380
-10862
-10959
-11008
-10863
-9494
-7391
-4315
-1195
1206
3454
5011
6802
7769
8451
8932
9253
9795
10247
10717
11561
12202
12752
12678
11883
11093
9953
8190
5755
2861
433
-1679
-3511
-5321
-6831
-7554
-8123
-8517
-9231
-9727
-9680
-9805
-10177
-10258
-9961
-9391
-8665
-7696
-6042
-3933
-1891
-95
1478
3206
4886
6546
7822
8485
8514
8193
7923
7796
7884
7676
7363
7043
6380
5647
4807
3823
2682
1035
-413
-1490
-2484
-2982
-3589
-3762
-3639
-3185
-2699
-2341
-1805
-1401
-1097
-700
-342
171
806
1485
2081
2584
3008
3414
3978
4336
4278
4135
3507
2545
1547
769
152
-461
-1296
-2360
-3211
-3590
-3849
-3995
-4127
-4534
-5315
-5999
-6801
-6707
-6335
-6325
-6045
-6089
-6111
-5804
-5975
-5352
-5232
-5191
-5431
-5049
-3385
-1006
1494
3122
4404
5397
6039
6446
6777
7008
7100
6520
5938
5367
5135
5330
5347
5318
4721
3463
2161
761
-461
-1595
-2804
-4203
-5728
-7294
-8546
-9321
-9360
-9320
-9055
-8594
-7937
-6991
-5732
-4180
-2553
-1443
-556
507
1682
2839
3791
4844
6217
7672
8919
9972
10932
11522
11469
10873
9952
9160
8048
6540
4714
2850
1226
-266
-1439
-2327
-3265
-4189
-5140
-5715
-6098
-6173
-6315
-6378
-6237
-6055
-5355
-4396
-3469
-2605
-1802
-957
525
2249
3895
5173
5923
6260
6638
7261
7888
8175
7735
6772
5811
5021
4734
4491
4040
3406
2522
1506
705
19
-838
-1787
-2953
-4075
-5026
-5767
-6072
-6413
-6713
-7090
-7518
-7609
-7600
-7548
-7942
-8471
-9227
-9622
-9910
-9818
-9978
-9744
-9215
-8018
-5927
-4374
-2324
-628
795
1881
2291
2931
3988
4645
4836
4248
4179
4571
5157
5802
6133
6442
6642
6637
6814
6887
6549
5520
4183
2826
1548
540
-225
-970
-1526
-2038
-1881
-1052
-91
788
1219
1467
1926
2243
2191
1956
1489
957
446
308
354
528
505
182
34
-103
-124
-83
-334
-1040
-2349
-3764
-4910
-5403
-5460
-5704
-5867
-5981
-5983
-5323
-4290
-2344
-225
1496
2938
3884
5020
6167
7280
8328
9197
9817
10111
10409
10799
11321
11877
11967
11804
11298
10549
9469
8064
6451
4599
2880
1138
-466
-1972
-3605
-5195
-6759
-7988
-9009
-9846
-10577
-11178
-11752
-12265
-12638
-12990
-12738
-12271
-11970
-11685
-11686
-11392
-10731
-9705
-8564
-7544
-6682
-6052
-5419
-4752
-3791
-2956
-2765
-2267
-1826
-219
1706
3523
5594
7022
8547
9881
11053
12462
13155
13210
12527
11554
11112
10636
10143
9537
8673
7829
6701
5808
5371
4670
3814
2279
381
-1202
-2768
-4289
-5919
-7540
-8876
-9914
-10530
-10799
-10619
-10231
-9890
-9377
-8474
-7299
-6070
-5255
-4506
-3656
-2962
-2329
-1645
-884
-51
543
1152
2016
3293
4562
5617
6653
7366
7637
7477
7456
7646
7804
7620
7010
6377
5720
4991
4602
4898
5492
6278
6513
6716
7045
7051
7043
6875
6490
5773
4298
2559
938
-557
-1838
-3136
-4125
-4889
-5684
-6381
-6966
-7184
-7234
-7346
-7681
-8018
-8258
-8548
-8922
-9348
-9452
-9288
-8842
-8169
-7358
-6327
-4933
-3641
-2247
-845
407
1435
1854
2214
2389
2627
2733
2704
2629
2271
1886
1595
1535
1737
1531
1233
725
458
420
222
543
811
1012
1147
846
745
875
942
1059
1340
1513
1418
766
-99
-676
-1096
-1266
-1525
-1690
-1931
-2325
-2511
-2524
-2248
-2080
-2172
-2478
-2865
-3116
-3327
-3210
-2878
-2488
-2138
-1872
-1361
-435
492
1420
2255
2985
3698
4213
4647
5191
5635
5942
6103
6107
6099
5871
5435
5127
4918
4775
4492
4044
3459
2588
1819
1266
861
472
-170
-1015
-1914
-2669
-3193
-3342
-3142
-3056
-3001
-2816
-2322
-1415
-462
462
1209
1649
1786
1715
1632
1646
1585
1440
1260
1155
1114
1376
1880
2363
2635
2706
2725
2790
2832
2686
2508
2146
1405
615
-147
-703
-1134
-1570
-2074
-2509
-2977
-3367
-3629
-3672
-3714
-3996
-4465
-5093
-5613
-6150
-6495
-6752
-6861
-7096
-7451
-7534
-7547
-7582
-7540
-7424
-7150
-6828
-6327
-5478
-4556
-3441
-2622
-1337
145
1599
2866
3697
4631
5473
6293
6974
7988
8703
8946
8694
8383
8138
7796
7346
6964
6452
5790
4836
4020
3439
2885
2068
931
-225
-1556
-2844
-4015
-4869
-5575
-6377
-7177
-7741
-7733
-7411
-6913
-6208
-5503
-4767
-4183
-3380
-2318
-1203
-147
615
1385
2184
3043
3795
4667
5628
6486
7081
7568
8063
8571
8893
8964
8968
8759
8433
7918
7363
6606
5767
4803
3932
3288
2786
2454
2255
1796
1353
802
401
161
-137
-478
-1029
-1742
-2591
-3213
-3662
-4006
-4425
-4839
-5100
-5093
-4944
-4765
-4340
-3930
-3615
-3446
-3419
-3403
-3500
-3621
-3727
-3759
-3676
-3670
-3552
-3313
-2903
-2544
-2123
-1547
-1030
-582
-340
-153
-67
-140
-343
-466
-504
-566
-892
-1238
-1483
-1814
-2252
-2709
-3018
-3171
-3309
-3777
-4233
-4552
-4446
-4214
-3705
-3383
-3010
-2629
-2386
-1785
-1238
-310
311
546
613
737
1215
1888
2417
2695
2700
2219
1788
1691
1902
2170
2208
1966
1944
1868
1893
1944
2048
2204
2251
2242
2347
2550
2567
2471
2461
2803
3290
3772
4170
4446
4565
4637
4772
5092
5445
5566
5305
4739
4054
3340
2832
2426
1905
1190
438
-358
-837
-1180
-1441
-1848
-2441
-3136
-3712
-4056
-4166
-4149
-3984
-3807
-3623
-3303
-2808
-2101
-1432
-993
-648
-158
368
800
1124
1530
1892
2130
2230
2410
2627
2859
2971
3036
3121
3071
2919
2722
2505
2081
1544
1053
632
225
-347
-984
-1427
-1875
-2408
-2977
-3535
-3874
-4231
-4844
-5377
-5882
-6300
-6613
-6885
-7160
-7406
-7665
-7819
-7872
-7913
-7628
-7148
-6561
-5985
-5531
-4878
-3974
-3130
-2350
-1757
-1263
-771
-405
32
561
1049
1522
1971
2332
2906
3371
4042
4711
5257
5659
5935
6356
6632
6750
6646
6391
6056
5626
5199
4779
4357
3918
3546
3280
3003
2718
2376
2044
1659
1117
685
424
224
-129
-740
-1324
-1649
-1767
-1921
-2024
-2036
-2194
-2441
-2525
-2421
-1958
-1425
-1201
-915
-658
-335
120
673
1343
1983
2492
2934
3374
3629
3733
3804
3884
3903
3824
3867
3728
3490
3322
3120
3254
3345
3291
3050
2652
2358
2100
1802
1494
934
159
-695
-1304
-1712
-2001
-2228
-2501
-2695
-2989
-3108
-3034
-2860
-2778
-2965
-3249
-3518
-3764
-4055
-4316
-4505
-4546
-4540
-4469
-4227
-3875
-3413
-2923
-2296
-1595
-1015
-626
-425
-208
-48
121
357
718
1024
1266
1485
1746
2064
2305
2406
2403
2294
1943
1474
899
333
-273
-899
-1701
-2466
-3287
-4047
-4572
-4832
-4716
-4728
-4840
-5045
-5223
-5136
-4988
-4763
-4453
-4134
-3592
-3052
-2318
-1531
-685
333
1211
2159
2995
3651
4312
4768
5234
5639
5878
5953
5771
5418
5064
4766
4588
4250
3758
3243
2710
2381
2072
1716
1363
1040
671
529
442
273
140
-232
-621
-818
-846
-693
-681
-635
-670
-628
-589
-549
-563
-606
-512
-599
-571
-607
-503
-282
-64
137
347
497
664
616
449
369
296
404
475
413
356
488
683
963
1103
1194
1278
1336
1256
1056
793
526
285
83
-245
-460
-569
-788
-905
-1188
-1459
-1546
-1467
-1442
-1586
-1911
-2279
-2523
-2660
-2775
-2798
-2760
-2766
-2769
-2826
-2742
-2447
-2045
-1609
-1217
-804
-515
-287
105
338
602
749
739
666
597
468
242
92
24
105
222
281
240
168
169
168
255
348
151
-208
-642
-1071
-1420
-1587
-1674
-1690
-1748
-1868
-1996
-1887
-1672
-1425
-1203
-1190
-1183
-1124
-1116
-988
-693
-444
-35
234
568
1000
1371
1802
2171
2531
2801
2931
2953
3043
3183
3332
3441
3480
3631
3658
3567
3509
3368
3286
3214
3034
2952
2791
2503
2118
1608
1296
1020
778
554
255
-52
-401
-724
-863
-792
-764
-941
-1219
-1536
-1746
-1767
-1725
-1608
-1479
-1440
-1539
-1676
-1621
-1484
-1349
-1325
-1345
-1262
-1030
-836
-701
-601
-641
-672
-685
-573
-347
-100
102
208
361
531
735
1057
1209
1195
996
745
663
657
748
812
905
937
889
837
851
999
1131
1161
1106
1052
1003
759
405
-75
-651
-1075
-1408
-1529
-1668
-1937
-2141
-2277
-2198
-2035
-1896
-1822
-1855
-2018
-2135
-2024
-1775
-1441
-1283
-1200
-1193
-1137
-941
-643
-77
380
772
1095
1314
1657
2033
2250
2413
2352
2132
1730
1267
1052
931
908
689
308
-52
-326
-444
-554
-640
-748
-944
-1257
-1617
-1876
-2061
-2258
-2512
-2694
-2792
-2760
-2763
-2709
-2399
-2009
-1521
-1194
-1069
-945
-917
-981
-974
-950
-930
-823
-824
-784
-795
-691
-486
-211
123
192
113
80
100
293
515
533
662
684
776
908
967
1195
1554
1773
1998
2104
2135
2263
2267
2350
2228
2195
2275
2204
2170
1988
1910
1935
1982
1963
1974
1829
1524
1215
929
987
1128
1165
1026
695
370
87
34
177
357
356
85
-154
-377
-481
-491
-522
-591
-727
-952
-1099
-927
-595
-233
97
289
453
716
875
1016
1059
1083
1184
1205
1232
1272
1322
1458
1631
1719
1798
1816
1881
1908
1825
1710
1492
1197
790
206
-334
-820
-1218
-1559
-1940
-2426
-2805
-3131
-3351
-3479
-3566
-3617
-3846
-4063
-4239
-4163
-3950
-3703
-3470
-3265
-3042
-2770
-2328
-1951
-1561
-1209
-1010
-764
-505
-286
-65
12
62
76
45
103
205
276
215
-1
-309
-458
-483
-536
-732
-935
-1207
-1491
-1614
-1592
-1263
-996
-840
-761
-736
-540
-209
167
519
849
1072
1293
1580
1915
2190
2434
2581
2772
2968
3018
3075
3081
3052
3052
2994
3047
3086
3112
3020
2808
2594
2463
2453
2386
2292
2088
1878
1669
1507
1337
1179
1082
897
640
439
346
317
258
118
-105
-291
-363
-422
-469
-552
-676
-705
-751
-749
-803
-834
-807
-745
-682
-542
-282
-81
7
34
153
325
443
459
418
435
521
493
516
519
592
611
552
475
391
236
-59
-234
-313
-400
-602
-862
-1087
-1325
-1503
-1591
-1667
-1724
-1943
-2314
-2551
-2710
-2730
-2729
-2766
-2805
-2936
-3136
-3343
-3445
-3423
-3305
-3264
-3284
-3314
-3249
-3065
-2815
-2613
-2420
-2171
-1950
-1616
-1308
-1029
-743
-468
-203
52
323
668
977
1236
1406
1604
1907
2197
2442
2564
2637
2599
2508
2478
2421
2287
2047
1799
1602
1312
950
580
346
178
-8
-228
-483
-526
-573
-639
-665
-701
-568
-442
-404
-393
-284
-182
-71
104
344
546
636
671
684
848
1066
1284
1518
1628
1679
1701
1734
1835
1831
1789
1719
1598
1538
1521
1595
1731
1850
1876
1851
1762
1633
1521
1373
1178
938
701
473
360
311
219
84
-126
-386
-551
-725
-822
-836
-906
-950
-991
-955
-939
-943
-940
-955
-990
-1087
-1147
-1108
-1054
-961
-781
-555
-328
-156
-80
-40
0
-12
-35
-139
-258
-392
-539
-668
-732
-721
-697
-643
-558
-522
-448
-360
-302
-243
-311
-364
-368
-326
-292
-331
-431
-587
-738
-836
-856
-807
-820
-874
-943
-980
-923
-892
-839
-847
-896
-934
-933
-935
-925
-874
-790
-728
-607
-525
-433
-298
-164
-35
74
218
380
527
653
797
995
1162
1223
1272
1338
1384
1386
1338
1284
1284
1199
1108
1056
987
858
625
505
384
340
213
134
110
67
83
96
169
198
195
133
89
104
135
233
388
416
456
498
524
613
646
541
445
356
279
222
161
137
148
191
228
356
427
368
230
45
-155
-225
-286
-379
-543
-778
-961
-1022
-911
-748
-552
-464
-426
-388
-352
-235
-119
-58
-141
-318
-461
-522
-552
-561
-558
-498
-464
-443
-375
-238
-133
-72
-82
-85
-49
-62
-132
-200
-294
-291
-280
-222
-98
-27
-12
-56
3
106
187
214
198
216
274
258
298
353
388
349
247
173
155
160
160
275
432
553
676
800
829
901
961
925
877
865
763
726
612
514
495
396
446
300
194
17
-182
-316
-472
-627
-834
-945
-957
-883
-894
-884
-888
-932
-865
-756
-666
-625
-617
-620
-477
-294
-48
287
485
618
651
655
791
957
1032
990
910
830
795
768
751
674
638
604
530
395
166
-48
-249
-432
-649
-804
-977
-1174
-1401
-1635
-1676
-1713
-1762
-1868
-1991
-2065
-2074
-1973
-1802
-1620
-1408
-1232
-993
-732
-491
-186
63
344
536
620
699
826
977
1129
1332
1532
1586
1552
1450
1389
1389
1349
1297
1172
924
683
554
430
332
253
105
-10
-118
-190
-202
-199
-224
-289
-322
-362
-385
-345
-325
-238
-160
-111
-45
61
168
268
383
517
635
729
775
844
885
989
1045
1014
1024
965
896
848
796
803
836
824
795
741
714
593
559
487
367
214
28
-190
-371
-442
-503
-525
-653
-775
-899
-949
-902
-850
-787
-779
-768
-830
-874
-825
-750
-682
-581
-567
-657
-737
-749
-673
-559
-476
-414
-393
-453
-537
-648
-606
-490
-386
-322
-320
-284
-211
-89
66
291
516
692
815
912
1011
1069
1170
1168
1135
1130
1081
1013
872
714
605
505
463
398
389
290
135
29
-152
-299
-492
-711
-849
-985
-1117
-1160
-1159
-1098
-1111
-1162
-1101
-1004
-882
-852
-781
-589
-388
-241
-85
139
386
555
718
895
1004
1029
1019
1170
1353
1509
1558
1571
1539
1499
1464
1498
1611
1642
1549
1407
1268
1178
1112
954
863
633
371
48
-274
-500
-685
-879
-1060
-1216
-1405
-1571
-1683
-1601
-1445
-1274
-1175
-1064
-1019
-980
-916
-871
-847
-882
-908
-899
-877
-775
-599
-444
-324
-293
-262
-162
46
221
244
247
323
369
427
474
543
583
512
381
240
187
160
158
84
72
122
47
7
-29
-6
7
25
101
93
66
-46
-17
68
159
129
82
61
38
-51
-174
-132
-154
-217
-401
-584
-590
-567
-446
-249
-126
-63
-144
-184
-115
-27
111
126
110
80
18
96
309
481
583
556
542
605
691
783
802
763
662
521
432
476
435
385
352
354
390
353
307
234
206
141
49
-75
-179
-271
-372
-485
-495
-462
-445
-431
-420
-371
-316
-239
-186
-148
-72
3
34
70
50
8
6
-59
-122
-162
-162
-145
-103
-124
-79
15
98
168
239
284
266
178
31
50
30
-13
-16
-19
-24
-89
-135
-110
-8
35
42
50
52
59
24
29
59
63
71
117
182
277
343
346
375
451
510
516
481
456
434
385
370
368
340
295
176
28
21
-13
-34
-46
-92
-89
-116
-65
88
196
200
162
154
257
399
470
576
665
768
887
1024
1203
1321
1341
1321
1288
1219
1201
1048
862
690
512
422
323
265
234
64
-77
-207
-324
-345
-405
-440
-509
-647
-771
-762
-652
-528
-380
-298
-261
-204
-68
134
361
568
628
586
524
496
609
705
743
716
632
606
578
551
527
483
451
308
145
-33
-177
-252
-421
-547
-695
-817
-911
-1056
-1102
-1093
-1167
-1171
-1207
-1173
-1090
-1079
-1079
-1117
-1149
-1246
-1239
-1204
-1125
-1061
-1082
-1023
-893
-729
-597
-497
-394
-255
-195
-126
-24
44
165
186
238
330
409
515
585
673
782
801
789
740
638
605
553
551
516
410
328
326
366
390
388
353
288
223
164
121
121
65
-72
-201
-289
-351
-345
-343
-251
-160
-115
17
100
155
124
97
151
171
199
158
166
176
140
105
141
244
416
545
563
626
701
813
880
957
960
885
803
707
658
590
524
464
379
242
147
108
50
-20
-160
-389
-611
-819
-987
-1147
-1317
-1486
-1695
-1834
-1864
-1808
-1700
-1667
-1616
-1559
-1481
-1425
-1364
-1222
-1084
-953
-881
-743
-514
-279
-72
120
301
547
714
831
930
1001
1045
1052
1005
943
885
780
708
584
400
213
82
10
-43
-188
-361
-457
-540
-597
-710
-765
-805
-807
-747
-691
-552
-429
-309
-180
-34
116
273
401
493
599
695
784
873
996
1080
1095
1136
1144
1180
1244
1273
1238
1190
1166
1196
1237
1223
1147
1056
960
920
874
818
808
792
719
659
675
694
696
693
601
504
460
372
327
244
176
143
112
90
51
-48
-131
-211
-255
-278
-344
-392
-484
-510
-525
-491
-480
-405
-391
-446
-421
-393
-281
-196
-152
-190
-241
-229
-220
-105
-6
31
2
-48
-12
105
186
255
241
263
277
273
309
366
398
286
151
53
-42
-83
-87
-144
-252
-427
-563
-668
-730
-782
-865
-928
-1039
-1090
-1064
-1022
-930
-878
-891
-935
-877
-801
-679
-607
-532
-516
-467
-336
-195
-2
180
272
328
389
455
595
637
709
751
763
703
610
545
522
507
500
449
394
313
254
229
139
107
0
-116
-276
-400
-413
-417
-422
-449
-456
-429
-391
-317
-245
-215
-232
-287
-327
-328
-318
-373
-398
-391
-384
-341
-378
-408
-368
-305
-215
-190
-162
-114
-127
-156
-176
-184
-179
-183
-193
-165
-118
-117
-140
-126
-138
-175
-173
-212
-242
-259
-329
-331
-291
-300
-377
-503
-611
-635
-622
-626
-637
-633
-630
-617
-631
-647
-583
-559
-527
-550
-599
-538
-508
-444
-429
-416
-406
-410
-351
-310
-255
-219
-194
-154
-79
28
113
167
176
188
261
359
454
510
513
471
452
529
639
687
705
654
581
571
600
648
756
820
789
669
504
395
260
155
62
-89
-188
-299
-312
-244
-263
-228
-251
-288
-282
-295
-233
-177
-158
-160
-162
-74
35
123
229
365
508
707
850
1059
1225
1299
1341
1332
1315
1327
1347
1304
1250
1132
1068
1040
1022
978
821
705
535
394
342
275
320
289
215
136
2
-27
-121
-187
-246
-336
-382
-426
-430
-436
-483
-503
-462
-423
-365
-335
-313
-263
-241
-188
-182
-160
-163
-169
-108
-82
-17
23
69
118
143
215
301
383
459
476
483
555
564
603
602
545
525
439
406
370
263
191
75
-31
-144
-283
-362
-423
-462
-556
-660
-744
-898
-1006
-1125
-1196
-1275
-1366
-1464
-1522
-1496
-1448
-1390
-1366
-1335
-1314
-1221
-1081
-953
-828
-723
-633
-471
-379
-262
-101
41
198
351
530
661
751
798
774
814
872
928
985
947
941
897
806
708
610
528
379
244
67
-65
-128
-233
-360
-480
-587
-683
-795
-916
-1032
-1102
-1133
-1143
-1138
-1108
-1087
-1057
-989
-946
-849
-731
-591
-477
-382
-341
-280
-194
-53
142
280
411
474
522
626
743
798
751
695
583
509
490
431
400
282
132
-10
-96
-148
-196
-354
-526
-668
-817
-921
-1005
-1083
-1164
-1204
-1204
-1157
-1188
-1135
-1114
-1094
-1005
-939
-876
-798
-715
-664
-550
-394
-201
10
133
252
393
489
623
674
738
758
780
852
852
855
873
825
789
783
763
747
753
684
581
448
349
344
326
279
194
80
-10
-49
-95
-160
-200
-234
-252
-246
-252
-169
-94
8
38
69
125
204
291
331
367
381
388
401
470
541
589
580
574
586
583
594
583
563
563
512
526
540
643
706
739
771
803
821
746
690
557
447
317
192
73
15
-32
-115
-153
-286
-368
-423
-475
-488
-576
-670
-754
-742
-722
-685
-649
-667
-652
-723
-765
-730
-717
-651
-639
-588
-513
-444
-339
-239
-106
22
98
237
349
393
480
463
528
593
660
698
712
704
680
709
731
705
668
625
541
467
374
336
270
248
239
230
243
163
129
118
42
13
-51
-132
-150
-232
-244
-261
-275
-309
-393
-474
-508
-477
-476
-461
-472
-495
-495
-465
-477
-434
-356
-294
-247
-219
-198
-145
-107
-111
-64
-50
1
38
106
200
243
315
314
305
317
287
246
195
137
56
-41
-149
-240
-304
-376
-408
-381
-407
-444
-491
-528
-542
-584
-633
-653
-649
-650
-589
-567
-611
-630
-700
-738
-735
-753
-755
-788
-768
-729
-711
-679
-668
-667
-691
-704
-704
-648
-612
-509
-404
-348
-246
-198
-88
21
95
119
141
139
111
153
213
288
280
238
201
139
116
152
172
184
90
-58
-187
-318
-399
-479
-530
-601
-704
-760
-793
-716
-676
-588
-517
-481
-400
-395
-288
-214
-112
18
116
245
363
467
573
683
781
844
888
909
961
1037
1066
1067
1022
1003
1013
1021
1034
1015
937
819
710
628
562
450
304
95
-108
-199
-275
-327
-343
-412
-490
-469
-503
-491
-481
-477
-441
-461
-446
-397
-320
-226
-146
-31
-37
-77
-58
-23
54
70
91
103
178
286
361
411
510
626
696
744
785
808
843
848
787
733
672
660
620
578
522
431
394
351
316
265
173
90
-19
-104
-207
-285
-355
-470
-520
-585
-614
-627
-617
-617
-644
-655
-670
-619
-513
-413
-308
-250
-206
-146
-116
-40
57
169
247
361
460
534
582
583
609
625
683
660
640
589
521
527
522
514
508
511
506
528
458
421
346
282
239
181
129
27
-71
-180
-239
-277
-316
-376
-404
-438
-402
-347
-302
-259
-216
-207
-178
-140
-147
-144
-181
-151
-56
-2
18
92
92
117
72
46
100
93
115
71
60
69
125
187
239
310
296
306
362
394
401
368
323
244
171
36
-76
-179
-262
-387
-499
-590
-690
-700
-720
-750
-786
-847
-868
-852
-872
-894
-932
-934
-895
-846
-779
-685
-570
-483
-443
-420
-371
-324
-278
-246
-184
-184
-167
-135
-137
-95
-106
-120
-105
-164
-209
-199
-211
-232
-247
-268
-341
-388
-438
-458
-451
-432
-388
-328
-335
-355
-350
-382
-341
-319
-347
-412
-463
-523
-547
-524
-583
-608
-616
-621
-594
-558
-505
-396
-247
-115
27
176
306
404
550
662
762
816
837
863
898
891
880
865
864
876
864
835
767
720
641
534
423
314
252
202
59
-84
-213
-273
-268
-305
-336
-388
-429
-425
-392
-349
-383
-403
-337
-314
-259
-160
-74
-5
70
123
160
215
188
203
221
237
217
187
166
125
154
216
285
304
307
262
280
355
452
537
532
494
457
437
455
467
431
419
361
299
197
125
93
51
-19
-106
-147
-227
-236
-296
-317
-325
-359
-402
-480
-520
-529
-534
-519
-525
-517
-432
-394
-321
-247
-141
10
124
226
301
386
492
593
696
796
877
922
937
983
1041
1051
1031
1023
960
885
785
712
691
687
603
542
544
514
490
460
440
381
327
277
229
203
123
11
-104
-208
-273
-353
-371
-402
-478
-548
-569
-547
-542
-548
-570
-636
-612
-613
-594
-551
-539
-474
-426
-335
-230
-166
-114
-54
-24
12
77
108
106
108
102
93
112
118
149
161
99
77
37
-16
-42
-96
-120
-175
-246
-291
-311
-328
-399
-430
-473
-522
-529
-491
-425
-350
-316
-356
-376
-315
-286
-272
-286
-328
-347
-429
-457
-469
-479
-470
-454
-450
-400
-326
-296
-248
-180
-176
-179
-167
-80
-43
-61
-93
-128
-106
-79
-28
23
86
147
193
192
230
296
376
426
380
354
329
311
350
346
347
312
263
228
133
68
-10
-100
-179
-312
-423
-474
-478
-460
-466
-480
-498
-516
-482
-455
-463
-470
-477
-456
-393
-297
-222
-121
-19
43
138
250
312
403
503
590
620
578
546
481
431
371
343
349
280
194
108
15
-55
-139
-201
-261
-313
-389
-510
-621
-684
-727
-701
-680
-646
-576
-552
-497
-427
-374
-333
-301
-284
-306
-262
-203
-132
-85
-71
-30
22
68
125
215
248
259
342
406
470
526
534
549
577
575
563
502
463
448
425
401
369
385
344
318
288
250
257
236
228
188
133
83
31
41
20
6
-2
-45
-82
-96
-157
-122
-26
37
94
122
159
208
296
327
358
365
418
492
563
603
621
667
707
699
690
664
629
618
593
552
529
541
520
481
395
375
354
322
312
248
203
149
117
116
129
134
148
83
0
-47
-53
-31
-32
-100
-210
-300
-325
-244
-206
-213
-270
-354
-366
-370
-360
-348
-352
-373
-409
-440
-439
-392
-314
-255
-222
-172
-100
-16
122
257
311
402
439
456
507
465
402
372
333
271
193
118
45
-51
-173
-297
-400
-433
-490
-542
-630
-688
-689
-726
-725
-722
-738
-720
-691
-716
-688
-656
-652
-619
-588
-568
-512
-415
-331
-224
-149
-102
-27
24
64
127
160
223
285
336
362
373
364
328
312
291
287
248
187
121
73
3
-86
-122
-166
-218
-221
-257
-288
-288
-348
-388
-401
-420
-453
-431
-399
-427
-446
-464
-449
-373
-284
-212
-139
-149
-93
-54
-20
31
106
181
200
177
125
91
78
111
154
193
175
125
89
71
48
96
161
235
272
308
327
370
420
453
516
519
499
472
425
353
310
298
305
262
175
70
-16
-73
-107
-120
-146
-176
-203
-244
-253
-230
-219
-257
-305
-327
-353
-366
-411
-431
-456
-478
-472
-458
-462
-449
-413
-385
-350
-312
-252
-208
-146
-67
3
26
62
106
138
154
170
196
192
207
196
171
158
158
175
111
72
57
39
-2
-14
-35
-70
-85
-158
-184
-212
-156
-115
-160
-214
-241
-304
-329
-334
-354
-338
-315
-232
-161
-78
-8
33
108
192
237
290
292
305
338
320
367
401
413
428
418
381
342
332
348
385
450
463
455
430
456
482
490
486
399
367
318
281
247
213
215
197
178
152
99
102
89
65
103
122
116
119
99
72
78
78
96
144
136
136
127
72
71
97
65
63
34
50
74
80
113
137
190
211
240
275
257
265
317
350
359
315
301
311
311
331
311
272
271
285
249
241
234
247
280
235
214
186
135
108
97
37
2
-19
-47
-62
-94
-116
-119
-138
-178
-241
-261
-221
-221
-190
-150
-163
-147
-144
-133
-130
-109
-90
-84
-76
-58
-11
-7
-5
-12
15
38
62
110
129
144
155
95
55
76
63
14
-12
-89
-185
-246
-300
-373
-442
-496
-525
-518
-572
-588
-552
-515
-467
-466
-417
-371
-313
-228
-169
-73
-11
49
74
81
122
155
191
226
221
193
219
244
248
238
193
173
195
209
250
241
172
99
59
74
57
46
-16
-35
-15
-23
-21
-8
13
5
-17
-64
-116
-101
-56
13
36
10
-26
-44
-47
-38
-11
-8
-35
-49
-48
-66
-52
-49
-32
40
115
175
186
206
265
316
355
309
260
253
256
276
258
214
164
124
94
86
57
24
31
70
108
100
100
93
137
159
159
155
116
112
49
18
-23
-80
-89
-119
-138
-125
-104
-57
-39
-44
-50
-59
-20
-2
-7
10
37
84
139
185
209
228
278
274
273
276
272
273
255
285
290
311
319
340
340
351
358
351
335
298
264
220
164
91
6
-72
-95
-154
-218
-284
-342
-395
-407
-450
-509
-507
-494
-424
-354
-336
-308
-258
-220
-152
-50
19
113
173
228
282
294
298
344
405
442
485
495
558
609
601
583
565
579
552
534
472
394
328
248
211
176
135
105
67
43
48
66
51
22
23
16
38
74
79
121
120
122
140
152
134
62
24
13
-22
-66
-151
-207
-192
-170
-149
-118
-86
-50
-7
-27
16
54
85
116
69
65
102
105
154
145
123
140
161
173
199
215
172
142
112
110
97
45
35
35
14
-16
-31
-31
-38
-62
-48
-63
-105
-189
-278
-306
-341
-363
-331
-321
-291
-269
-263
-226
-216
-199
-239
-228
-188
-204
-209
-188
-164
-125
-101
-105
-94
-83
-68
-4
17
49
86
84
117
133
111
53
37
15
-1
-13
-53
-96
-118
-150
-157
-156
-202
-224
-242
-255
-224
-230
-259
-298
-309
-295
-249
-243
-249
-227
-263
-251
-218
-240
-253
-210
-233
-261
-226
-229
-210
-173
-162
-133
-72
-25
-5
38
57
32
104
152
210
260
249
239
244
216
206
224
194
166
182
213
202
176
166
185
189
157
116
73
61
61
73
70
66
69
58
67
97
126
137
103
51
25
25
45
50
39
15
0
55
76
51
26
31
71
85
115
125
146
153
122
155
174
154
172
201
202
251
267
299
321
316
280
243
216
196
187
155
115
52
11
-39
-76
-105
-133
-161
-193
-240
-276
-289
-323
-334
-348
-372
-357
-355
-351
-309
-282
-271
-291
-310
-279
-237
-194
-189
-162
-121
-100
-33
1
37
104
137
189
250
263
262
227
236
256
286
280
218
209
183
155
137
87
54
-3
-83
-123
-133
-179
-201
-231
-251
-248
-196
-173
-189
-145
-157
-163
-158
-171
-157
-147
-151
-159
-174
-145
-145
-148
-87
-23
8
7
13
10
-10
5
31
44
79
90
91
106
124
142
126
120
93
101
110
112
120
83
76
63
22
-45
-100
-167
-234
-250
-257
-293
-309
-367
-409
-416
-436
-389
-365
-359
-354
-342
-361
-364
-321
-290
-259
-222
-201
-190
-158
-115
-75
-36
-35
-38
-12
38
100
134
151
193
253
297
335
371
366
368
384
383
385
366
348
317
259
195
157
93
51
17
-46
-70
-82
-142
-200
-246
-251
-212
-238
-270
-267
-290
-323
-316
-325
-323
-285
-294
-284
-253
-191
-141
-136
-142
-103
-99
-84
-9
29
60
86
124
158
179
199
240
277
294
303
298
297
269
256
241
185
138
23
-95
-101
-130
-164
-148
-150
-135
-179
-290
-359
-380
-401
-402
-388
-393
-369
-363
-365
-352
-335
-306
-264
-224
-188
-129
-95
-109
-99
-62
-57
-27
31
68
123
189
174
197
195
216
306
330
302
260
231
275
306
317
340
320
267
220
157
129
114
54
46
-3
-88
-167
-227
-228
-251
-281
-304
-350
-373
-387
-371
-341
-359
-359
-301
-313
-291
-226
-244
-244
-233
-225
-171
-142
-83
0
7
48
83
117
168
194
203
223
222
214
232
237
286
313
313
312
266
261
282
273
233
200
172
108
102
86
28
4
12
21
35
49
52
46
1
-36
-50
-43
-65
-88
-120
-115
-86
-49
-13
4
-20
-55
-66
-63
-75
-74
-52
5
38
42
57
58
37
51
77
94
107
103
92
55
77
102
127
142
125
90
93
107
144
169
140
159
191
164
157
147
67
-5
-48
-82
-104
-156
-238
-279
-269
-273
-254
-238
-221
-167
-115
-94
-92
-96
-99
-59
-19
8
20
73
101
113
135
150
162
134
131
125
126
133
143
166
172
160
161
198
212
212
236
224
185
167
135
113
97
61
28
-4
-26
-53
-56
-49
-76
-85
-111
-126
-145
-150
-149
-151
-169
-194
-202
-242
-216
-209
-234
-216
-220
-186
-111
-60
-27
-5
31
70
86
110
147
163
193
240
243
259
289
269
252
220
210
229
201
204
179
120
102
69
48
19
-29
-46
-16
3
-4
9
-7
-31
-41
-14
14
3
-41
-80
-120
-151
-136
-159
-205
-224
-243
-287
-273
-230
-220
-181
-175
-180
-137
-124
-109
-83
-108
-114
-118
-109
-99
-61
-21
-47
-62
-63
-14
38
73
38
-17
-56
-56
-6
-9
-7
19
10
-31
-38
-82
-121
-132
-152
-160
-158
-202
-232
-230
-207
-184
-179
-183
-191
-155
-135
-119
-107
-110
-82
-101
-95
-34
37
118
164
211
228
228
284
354
391
404
398
406
427
424
431
435
385
357
318
277
264
228
217
189
141
122
134
155
159
118
57
41
19
15
2
-31
-61
-88
-94
-120
-158
-194
-203
-237
-250
-280
-293
-290
-280
-233
-170
-85
-53
-36
-51
-1
69
79
115
106
74
51
55
98
127
127
124
155
159
184
170
130
169
174
156
152
162
187
202
180
137
97
52
34
9
-8
15
-1
-23
-36
-57
-71
-92
-89
-66
-114
-159
-164
-152
-102
-102
-108
-101
-106
-113
-96
-69
-65
-89
-67
-86
-92
-56
-33
77
143
155
160
170
194
205
227
226
246
263
221
214
243
240
278
263
195
159
136
106
86
56
2
-16
-25
-23
-50
-108
-125
-148
-148
-162
-154
-176
-228
-284
-311
-313
-290
-266
-317
-286
-247
-248
-241
-240
-184
-97
-39
-22
-26
11
28
47
75
104
158
221
222
190
156
137
168
142
125
75
7
-11
-12
-39
-79
-103
-143
-158
-179
-185
-166
-152
-134
-146
-140
-151
-175
-173
-184
-197
-176
-175
-160
-111
-45
14
50
114
104
109
180
202
231
227
202
205
218
268
294
333
354
369
396
388
363
345
310
255
233
229
194
211
235
226
236
210
212
219
164
135
113
93
68
40
7
-16
-15
-35
-54
-20
-85
-159
-191
-250
-265
-283
-300
-325
-384
-378
-375
-347
-267
-210
-184
-178
-163
-140
-95
-108
-105
-84
-44
11
36
79
93
104
147
165
187
198
181
167
135
98
68
24
-12
8
8
-21
6
6
-25
-20
-58
-55
-24
-46
-64
-78
-46
-12
-25
-39
-62
-67
-75
-55
-6
-13
-36
-48
-29
37
63
82
125
158
165
178
168
168
179
208
217
195
199
179
192
191
221
285
279
251
210
235
255
219
179
145
168
167
155
139
126
90
47
-29
-117
-150
-155
-189
-233
-247
-264
-257
-211
-172
-145
-106
-102
-98
-113
-97
-30
-32
-24
8
19
46
86
106
99
91
59
24
42
64
97
144
131
102
101
90
83
67
62
33
-1
-7
-17
8
27
-9
-37
-95
-166
-127
-120
-97
-91
-80
-88
-123
-111
-145
-119
-131
-184
-212
-199
-196
-236
-247
-263
-279
-259
-236
-203
-206
-221
-167
-125
-128
-90
-98
-83
-48
-9
33
52
75
67
74
76
102
118
124
124
140
145
108
83
49
59
85
71
74
78
71
51
44
23
4
6
-46
-79
-97
-146
-177
-211
-172
-128
-85
-57
-52
-54
-55
-45
-45
-11
-14
25
55
