-58
-95
-69
-34
-34
-58
-70
-115
-152
-173
-160
-133
-89
-118
-117
-96
-29
8
-5
3
-3
2
-2
1
-1
1
-1
0
-1
0
0
0
1
0
-1
0
0
0
0
0
0
0
0
0
0
0
0
0
0
0
0
0
0
0
-1
0
0
0
0
0
0
0
0
0
0
0
0
0
1
0
0
0
0
0
0
0
1
0
0
0
1
1
0
0
0
-1
1
1
0
0
0
0
0
0
0
1
0
0
0
1
0
0
0
0
0
-1
0
0
0
0
0
0
0
0
0
0
-1
-1
-1
0
0
0
0
-1
0
0
0
0
0
0
0
0
0
1
0
1
0
0
0
0
0
0
1
-1
0
1
-1
0
0
0
0
0
0
0
-1
0
0
0
-1
0
-1
1
0
0
0
0
-1
0
0
0
1
-1
2
-4
5
-11
99
157
156
196
203
215
222
242
238
254
298
293
260
203
137
133
143
164
135
122
82
30
10
-2
-29
-96
-163
-214
-229
-199
-161
-122
-109
-90
-95
-98
-102
-121
-138
-148
-120
-69
-25
24
42
10
44
60
65
70
60
98
92
98
120
133
121
99
117
147
168
152
126
99
79
90
63
38
26
11
11
10
12
18
10
-44
-91
-82
-116
-62
-7
-16
-15
-12
9
3
5
4
-15
-17
-6
7
11
10
2
0
-4
-5
-16
-7
-1
-2
-1
-4
-4
-2
-5
1
-2
-15
-4
-12
-7
-6
1
3
-7
-5
-5
1
3
9
-4
-12
-5
-6
6
4
-3
1
-9
-4
6
-17
-24
-24
-23
-23
-7
3
-15
-7
4
3
2
9
2
2
-5
-5
-8
-16
-8
3
-10
-7
13
-10
-4
-5
-21
-5
8
-2
1
-9
-8
-8
-12
3
10
10
13
3
-5
-1
7
7
-8
-1
-6
4
10
-8
3
7
1
2
8
9
4
1
-11
-6
6
9
2
-7
-8
-5
-26
-10
2
-1
-11
-13
5
-2
-6
-8
10
5
-4
1
0
2
11
10
3
15
6
5
0
-7
2
10
6
7
11
0
7
7
-9
3
6
4
5
-5
9
8
-4
3
-8
-5
-4
-2
-6
3
15
20
4
5
14
4
6
-7
-7
4
8
16
-1
-8
-3
-5
-5
-1
13
5
3
-9
-10
-3
-8
0
13
17
13
12
1
15
12
4
4
-1
-13
-15
5
2
1
8
-1
-2
3
-7
-8
-7
-6
4
20
1
-5
-2
-10
3
9
11
6
0
3
-9
7
2
-9
-9
-3
16
11
7
3
-1
-9
-2
9
6
-1
-5
-2
1
-8
-16
-2
0
-4
9
-2
2
5
-6
4
18
5
-3
4
6
5
9
11
6
6
-17
-19
-2
8
5
16
12
-5
2
-3
1
7
12
1
-6
2
2
-2
-4
-6
-8
-4
-17
-9
-13
-6
7
11
16
16
19
-5
2
-1
-1
7
3
8
6
-5
2
9
-5
-2
-3
-5
-3
2
-6
-16
-4
-16
-7
-3
1
0
-1
2
1
0
2
2
1
-5
-14
1
0
1
5
-11
-6
-11
4
3
2
-9
-9
-4
-11
-4
-3
-1
-4
5
-1
2
3
3
-6
-5
-3
-13
1
-8
-17
2
-5
-8
-3
-8
1
3
-4
1
-3
-10
-5
8
13
9
7
-8
-1
3
-22
-42
-15
4
10
-1
-15
-13
2
-8
-10
20
25
8
-10
-15
-20
12
-1
3
26
10
15
10
-29
-35
-20
-19
3
25
43
13
-2
-11
-3
13
7
10
23
19
21
20
30
4
13
13
-2
15
12
6
9
18
6
9
7
-28
-18
-15
-27
15
36
30
20
11
-7
-28
-26
-44
-57
-28
-23
-21
1
2
9
15
24
21
22
2
16
32
1
24
8
11
5
-13
0
-26
-26
-6
19
17
12
-1
-11
5
-5
19
18
12
8
-14
5
-5
-6
-11
-3
16
20
17
-15
-22
3
38
48
42
47
29
-4
-7
-15
-13
-8
-3
-20
-37
-6
-18
-2
16
-13
-3
-25
-26
-23
-25
-9
-23
-8
-3
13
11
13
21
8
-3
-8
-12
-23
12
16
10
10
-1
-3
5
3
14
30
36
16
13
-1
-15
6
19
24
5
-4
-14
-3
-16
-9
1
-11
-17
-25
-25
-33
-17
0
19
19
-3
-6
0
1
-13
-21
-6
-13
3
16
1
0
-18
-29
-21
-13
-22
-33
-24
-1
5
-10
-30
-32
-37
-16
21
17
13
-24
-28
-1
-18
-18
13
15
15
8
-10
-16
-8
-11
-5
-1
-13
5
5
-22
-34
-23
5
10
6
-16
-16
-20
-14
7
15
20
0
3
-22
-31
-44
-13
-1
-10
10
7
23
38
29
40
47
50
47
37
33
18
22
36
2
6
15
-20
-40
-41
-57
-57
-45
-38
-10
-38
-53
-15
0
-1
44
38
50
51
20
22
41
40
49
19
-14
-23
-37
-25
-12
-5
-10
-24
-3
11
-23
-6
-22
-38
-13
-29
-12
11
19
60
60
32
25
31
27
32
44
18
30
35
33
25
23
30
33
33
37
31
8
-5
-16
-27
-39
-27
-22
-38
-46
-36
-11
9
12
7
-1
-20
-12
2
9
4
19
37
38
51
28
6
-3
-6
17
30
48
53
35
29
73
86
76
52
2
13
40
44
26
-9
-6
55
60
53
1
-22
7
6
55
35
39
35
28
72
83
61
43
39
38
45
55
27
19
23
-17
-25
-18
3
11
-9
-16
-11
-15
-21
-14
3
19
33
56
88
93
79
55
52
64
56
19
30
16
6
9
-17
-5
-5
2
10
-8
-44
-39
-15
-5
-22
-51
-72
-79
-56
-59
-34
-8
27
60
45
-5
-39
-26
-29
-55
-40
-7
19
30
14
-7
-19
-18
-25
-58
-58
-52
-14
-10
-14
-11
-27
-13
-58
-82
-86
-118
-121
-118
-121
-97
-31
26
20
4
1
50
83
85
83
94
109
95
69
49
51
16
-15
-19
-6
17
7
-1
-22
-59
-74
-66
-45
-22
-38
-44
-51
-76
-109
-122
-90
-90
-101
-98
-101
-138
-153
-120
-87
-44
5
23
44
22
-20
-26
-53
-50
-69
-82
-58
-23
21
27
33
18
-16
-40
-52
-41
-28
-81
-100
-75
-57
-29
-21
-17
-21
-22
-15
-31
-45
-47
-58
-31
-14
-25
-20
-20
-30
-9
22
17
-7
-18
-23
-48
-65
-56
-49
-65
-80
-70
-82
-98
-83
-39
8
20
70
62
61
65
43
47
11
-16
-8
13
39
42
12
-12
-9
-18
-43
-46
-41
-57
-90
-121
-108
-76
-63
-51
-55
-81
-52
-21
-14
-11
-26
-31
25
79
66
94
129
138
157
145
106
69
64
63
61
56
64
62
23
4
13
22
17
27
46
36
30
-12
-14
24
23
35
36
63
91
107
102
91
88
100
89
67
79
85
83
78
41
18
57
49
31
9
-8
1
-8
0
23
-10
-28
-36
-19
-33
-44
-47
-50
-12
1
4
10
53
72
67
60
52
47
65
77
47
83
123
110
116
75
35
70
79
77
62
22
32
54
60
47
31
7
-17
-41
-36
-34
-2
38
31
46
27
5
47
58
63
69
71
60
58
23
7
33
41
34
8
-36
-15
-8
-22
-16
-22
-11
-35
-25
-62
-53
14
51
80
50
45
51
62
60
53
66
32
21
49
55
44
15
-31
-22
-5
-51
-66
-78
-75
-79
-82
-82
-105
-125
-135
-112
-97
-93
-79
-41
-46
-72
-61
-89
-77
-47
-46
24
10
26
77
29
13
-18
-51
0
42
18
72
93
85
101
50
25
7
-59
-114
-162
-189
-189
-200
-197
-203
-206
-170
-176
-163
-143
-135
-101
-129
-136
-93
-85
-107
-51
-6
-25
-82
-91
-64
-69
-105
-188
-233
-233
-234
-209
-209
-236
-215
-207
-191
-161
-141
-163
-122
-112
-83
-69
-19
-48
52
13
119
-249
-337
1093
40
66
-33
-783
913
8
-55
195
-282
611
-72
21
341
-221
114
-86
-35
38
-250
97
-66
-101
-28
-196
115
-91
-262
-18
-116
20
-27
-185
-99
-68
7
-30
-95
-88
1
-2
8
97
34
82
112
64
148
116
49
92
93
152
186
100
100
117
82
56
-29
10
-16
-73
-49
-107
16
37
29
115
68
132
152
100
127
96
108
67
59
116
86
61
25
53
82
48
65
36
1
34
36
8
27
47
31
51
38
29
32
14
-7
-51
-101
-54
-37
-39
-25
-37
-7
-13
3
40
53
14
-10
7
-12
-46
-55
-7
43
67
71
29
27
15
-31
19
10
11
45
73
111
89
78
133
146
128
80
30
53
14
-1
-19
-12
24
38
5
-11
45
-11
-47
0
23
107
70
-75
-32
-23
-26
2
-35
-28
-44
-46
-71
-103
-69
-91
-81
-85
-126
-84
-95
-57
-12
-25
-32
-44
-26
22
3
-116
-144
-116
-142
-149
-155
-140
-61
-104
-166
-173
-174
-103
-111
-145
-149
-126
-84
-75
-73
-85
-58
-31
-48
-13
3
-21
4
18
42
2
-31
-26
-10
0
-13
-56
-121
-101
-144
-201
-179
-176
-201
-226
-217
-233
-197
-120
-143
-158
-93
-85
-80
-17
-24
32
35
11
39
33
52
50
26
33
24
-5
5
4
12
16
-9
8
-19
-18
16
42
84
39
16
23
-30
-88
-51
-64
-53
-67
-27
12
-34
-3
-63
-23
24
-3
-6
-85
-108
-91
-92
-99
-143
-169
-169
-137
-120
-129
-113
-136
-110
-94
-77
-38
-66
-54
-56
-63
-65
-64
-18
-27
-28
24
-8
27
52
30
46
29
68
84
62
102
43
17
67
9
45
63
88
128
66
71
114
102
62
88
121
134
146
190
204
149
151
145
165
218
184
185
182
108
112
104
124
139
66
46
24
24
47
42
31
32
8
-7
31
40
138
161
174
190
123
145
127
146
113
88
173
125
100
151
127
147
131
98
116
91
55
22
-38
-70
-6
33
28
82
116
140
160
152
209
220
207
218
202
236
197
180
221
207
204
168
110
100
127
145
129
125
163
179
97
74
89
96
68
18
64
-23
-113
-94
-162
-155
-125
-104
-57
-125
-165
-178
-208
-177
-153
-134
-165
-193
-155
-156
-136
-125
-118
-99
-104
-91
-104
-104
-134
-161
-160
-243
-315
-324
-310
-271
-273
-306
-316
-260
-259
-246
-179
-221
-214
-186
-180
-137
-111
-21
43
48
50
93
164
111
121
125
89
103
83
100
138
142
192
193
173
179
113
88
43
67
66
21
39
27
6
22
17
-41
-42
-75
-90
-115
-124
-120
-161
-100
-80
-48
-14
-43
-55
-61
-87
-112
-158
-193
-151
-162
-204
-245
-254
-225
-219
-196
-224
-271
-243
-231
-225
-252
-230
-206
-202
-214
-258
-250
-230
-186
-148
-122
-160
-188
-166
-131
-59
-48
-78
-88
-94
-130
-112
-112
-107
-95
-116
-136
-189
-170
-167
-205
-204
-262
-273
-227
-208
-204
-233
-278
-284
-273
-244
-224
-182
-144
-170
-187
-182
-217
-271
-321
-325
-324
-370
-389
-355
-312
-305
-252
-210
-163
-114
-130
-130
-78
-65
-78
-56
-53
-62
-12
-39
-107
-92
-99
-71
-70
-80
-50
-80
-89
-84
-86
-34
-22
-56
-53
-70
-57
-67
-58
-12
-42
-33
-7
-11
33
53
25
55
88
107
39
-30
-19
-40
-96
-70
-56
-63
2
21
34
67
47
62
81
20
-20
-20
4
73
90
107
184
169
147
181
197
196
211
197
167
189
194
198
246
278
261
311
324
293
320
348
383
411
430
435
436
448
412
384
371
315
297
252
212
181
171
147
117
173
211
226
242
234
251
218
209
207
180
277
304
270
236
240
315
347
351
347
309
270
251
238
207
201
176
145
129
73
90
138
153
161
146
210
242
263
320
359
380
367
399
429
421
457
442
415
406
376
468
484
451
446
388
366
355
314
273
261
260
273
271
289
301
285
234
200
234
215
234
252
218
256
245
223
197
94
89
92
60
86
28
-39
29
31
15
17
11
21
-24
-27
-20
-17
20
47
59
62
46
25
2
1
40
57
95
96
54
95
64
51
82
39
68
-8
-23
-5
-8
-4
-17
-16
-35
-72
-90
-95
-102
-114
-175
-181
-197
-206
-220
-236
-264
-271
-273
-286
-243
-203
-210
-240
-247
-246
-224
-185
-158
-161
-167
-205
-174
-179
-188
-159
-180
-180
-192
-176
-159
-160
-112
-98
-115
-135
-118
-91
-90
-76
-76
-40
6
47
88
126
126
141
125
99
56
51
104
127
103
33
-31
-51
-70
-98
-185
-221
-198
-239
-249
-264
-235
-202
-187
-141
-102
-134
-151
-165
-169
-150
-192
-200
-164
-142
-131
-139
-166
-161
-213
-242
-315
-350
-334
-334
-302
-335
-348
-374
-384
-337
-313
-327
-352
-344
-301
-274
-228
-245
-237
-215
-207
-147
-121
-91
-77
-20
16
12
24
8
11
29
87
147
178
166
163
189
190
190
166
128
103
102
51
71
84
24
23
47
6
-43
-17
-4
43
25
-11
21
40
79
112
115
107
88
119
93
53
43
57
118
151
149
113
79
38
30
51
36
-10
-33
-6
15
3
-27
-39
-25
-59
-56
-44
-12
32
76
114
139
156
183
215
231
223
207
204
198
212
253
253
276
260
229
202
163
165
153
131
87
52
65
86
121
107
160
202
228
249
206
198
194
179
179
169
144
182
198
179
144
104
87
72
54
36
-13
-39
-85
-114
-122
-159
-130
-79
-80
-75
-101
-146
-80
-12
-3
-22
-34
-10
19
50
66
82
128
144
130
104
81
33
21
49
30
31
-26
-57
-62
-112
-112
-177
-184
-187
-250
-260
-282
-262
-292
-294
-261
-243
-189
-175
-161
-120
-131
-123
-97
-36
-7
-41
-38
2
44
14
65
70
17
39
41
13
-17
-3
-6
-31
-37
-34
-37
-41
-61
-30
9
-24
-40
12
12
8
-30
-86
-85
-118
-150
-156
-143
-145
-144
-153
-171
-152
-160
-183
-157
-173
-204
-256
-299
-238
-226
-247
-241
-229
-205
-223
-210
-171
-169
-159
-167
-185
-164
-149
-138
-110
-107
-121
-91
-107
-131
-164
-167
-151
-155
-139
-133
-97
-114
-124
-79
-84
-25
-16
-31
17
39
105
98
116
127
114
129
155
175
206
203
207
187
138
105
68
97
118
95
99
97
73
78
97
160
168
177
175
164
163
160
171
218
246
249
287
265
268
252
213
207
225
250
236
217
165
103
107
151
154
136
82
68
35
-2
24
-2
-6
15
-4
4
13
51
114
141
147
174
151
149
194
195
172
150
109
122
126
110
134
122
115
108
112
90
41
48
85
126
147
149
111
76
51
54
44
80
131
133
156
152
153
187
253
308
266
287
293
265
279
274
248
244
264
268
248
288
335
292
269
241
239
229
209
185
155
141
139
157
153
151
172
175
199
191
196
200
188
242
289
356
339
304
364
379
367
376
353
358
354
315
317
268
245
250
165
118
91
40
23
-5
-55
-80
-88
-89
-49
-19
-16
-24
-40
-66
-69
-67
-64
-36
-14
6
53
41
57
88
67
115
126
76
105
135
140
133
93
55
40
81
67
31
4
-64
-78
-123
-164
-149
-187
-214
-265
-238
-227
-222
-225
-277
-268
-239
-228
-229
-241
-224
-180
-226
-214
-219
-231
-233
-258
-260
-274
-301
-335
-382
-418
-421
-412
-425
-428
-426
-408
-354
-350
-338
-356
-410
-457
-395
-461
-430
-466
-492
-408
-410
-376
-431
-318
-336
-224
-281
-292
-266
-251
-211
-249
-223
-230
-196
-188
-201
-244
-257
-242
-251
-239
-254
-272
-249
-273
-287
-283
-255
-226
-245
-283
-375
-370
-371
-378
-384
-359
-325
-313
-264
-309
-317
-386
-335
-322
-322
-305
-311
-263
-244
-262
-254
-216
-242
-153
-155
-227
-139
-184
-136
-113
-189
-130
-171
-133
-142
-141
-140
-221
-249
-249
-277
-297
-273
-235
-235
-223
-192
-167
-116
-118
-146
-107
-35
19
18
-27
7
59
123
165
171
178
152
151
135
127
96
104
139
153
162
161
197
228
226
228
205
171
198
128
75
51
4
43
57
57
118
144
146
157
166
242
293
286
258
241
323
352
359
366
334
381
443
448
429
434
403
366
352
288
311
329
285
313
327
352
388
403
352
319
316
311
330
364
346
395
415
385
419
433
436
393
368
317
288
265
263
273
302
313
287
258
252
257
203
175
177
203
252
283
278
251
233
236
214
206
249
285
307
272
259
266
256
280
288
351
397
401
420
408
424
442
435
403
367
341
304
275
258
233
233
227
205
232
218
214
255
262
248
247
245
205
217
261
289
276
243
246
225
197
194
194
233
263
226
197
144
96
84
28
-33
-33
16
66
98
63
67
81
59
53
28
-18
-40
-56
-43
-12
50
120
130
120
73
39
3
-33
-92
-144
-114
-128
-155
-185
-204
-194
-223
-228
-252
-271
-280
-308
-324
-325
-326
-319
-263
-219
-268
-292
-311
-319
-320
-333
-352
-359
-356
-366
-360
-389
-368
-332
-351
-337
-329
-321
-328
-346
-377
-420
-449
-465
-439
-385
-359
-387
-396
-417
-420
-469
-475
-453
-438
-427
-395
-337
-275
-204
-178
-92
-34
-56
-97
-146
-134
-126
-140
-130
-140
-171
-176
-178
-188
-204
-209
-157
-138
-172
-166
-202
-205
-200
-214
-192
-187
-186
-144
-129
-140
-117
-127
-117
-129
-126
-123
-109
-69
-59
-57
-17
51
58
89
90
55
36
18
18
46
58
27
29
44
67
100
89
121
154
188
206
181
236
189
180
237
273
335
364
335
344
382
387
362
352
316
270
248
231
235
222
249
277
244
216
193
153
100
32
-5
-5
19
100
179
228
188
137
122
149
207
242
262
261
284
312
335
361
388
375
327
315
300
252
208
244
217
163
104
84
85
66
51
30
39
61
36
9
-4
-20
-2
48
108
135
153
162
177
227
240
267
306
313
390
401
345
340
335
322
344
313
262
227
169
130
101
91
97
74
41
27
55
64
59
95
82
68
53
53
84
80
59
72
92
107
127
100
139
126
120
106
95
119
107
134
96
26
-27
-40
-63
-68
-57
-59
-79
-99
-124
-99
-72
-85
-81
-62
-61
-74
-86
-103
-144
-166
-151
-142
-148
-166
-123
-73
-48
-67
-108
-117
-115
-111
-72
-34
12
18
-46
-69
-89
-96
-86
-133
-190
-212
-207
-209
-250
-257
-251
-236
-234
-248
-241
-235
-278
-306
-323
-295
-243
-211
-146
-142
-163
-200
-242
-224
-165
-175
-184
-218
-239
-214
-190
-160
-152
-178
-199
-192
-197
-151
-80
-105
-141
-131
-138
-122
-162
-227
-175
-166
-173
-176
-150
-135
-119
-152
-190
-231
-223
-210
-225
-192
-202
-172
-166
-137
-117
-104
-110
-114
-123
-135
-111
-74
-16
-5
12
-6
10
24
22
-12
-61
-96
-132
-95
-69
-36
-22
-7
25
14
5
-49
-30
-2
25
82
149
183
238
235
194
212
237
261
240
221
238
231
225
187
155
143
97
93
65
53
45
-2
7
4
25
43
10
22
-28
-38
-34
-44
33
43
23
38
72
114
140
170
179
169
182
151
146
157
167
157
170
164
160
138
101
82
34
71
117
174
189
207
188
167
49
14
75
115
219
179
175
183
220
254
306
369
413
497
584
670
624
496
453
451
428
443
407
515
445
498
386
393
387
235
260
88
124
160
125
153
148
129
124
135
112
60
6
23
40
82
77
54
16
-55
-50
-10
-21
-27
-66
-104
-122
-110
-89
-24
5
-57
-71
-158
-149
-109
-131
-162
-187
-177
-223
-237
-229
-220
-223
-241
-271
-270
-282
-293
-290
-269
-183
-128
-119
-109
-93
-92
-61
-74
-91
-41
-56
-19
15
37
6
-21
-25
-57
-115
-176
-195
-191
-165
-142
-134
-167
-174
-198
-254
-313
-346
-371
-382
-385
-399
-426
-468
-450
-445
-458
-472
-457
-412
-366
-387
-431
-459
-460
-450
-483
-474
-481
-524
-510
-466
-439
-443
-442
-449
-450
-451
-458
-423
-386
-369
-337
-311
-279
-264
-216
-219
-206
-163
-175
-133
-154
-137
-106
-82
-61
-43
-59
-79
-114
-105
-80
-62
-49
-44
-40
-64
-38
-37
-88
-146
-200
-239
-206
-199
-225
-271
-300
-288
-299
-309
-304
-305
-299
-295
-320
-323
-282
-268
-300
-347
-365
-338
-296
-271
-253
-209
-130
-102
-99
-83
-121
-107
-85
-34
0
25
18
8
1
-21
-56
-51
-16
14
37
37
53
15
7
34
59
14
0
55
74
93
78
59
59
85
128
120
158
162
146
202
206
220
190
174
194
198
220
216
249
236
236
214
174
205
211
189
129
53
2
-15
-5
26
31
68
114
162
228
247
261
295
277
263
248
254
310
398
467
510
534
552
573
521
473
415
359
336
311
351
353
347
353
365
377
347
352
357
370
354
335
308
328
325
364
425
441
448
433
433
387
365
395
387
363
345
309
305
280
230
180
181
182
161
142
104
112
86
61
-7
-109
-159
-146
-124
-115
-107
-150
-121
-100
-71
-52
-42
-24
9
20
37
2
-44
-43
-34
-14
14
79
106
119
138
160
124
87
47
20
27
29
44
23
10
-56
-104
-148
-196
-183
-188
-179
-196
-228
-209
-202
-243
-294
-362
-383
-399
-387
-373
-323
-303
-273
-244
-260
-262
-230
-175
-180
-228
-294
-293
-277
-282
-312
-339
-372
-392
-330
-345
-370
-417
-421
-405
-448
-450
-448
-450
-456
-457
-414
-417
-461
-433
-425
-401
-377
-366
-325
-298
-272
-245
-274
-320
-270
-235
-187
-157
-193
-224
-267
-232
-180
-207
-232
-275
-292
-241
-204
-170
-160
-178
-214
-245
-275
-313
-289
-229
-186
-190
-215
-238
-195
-180
-204
-174
-152
-150
-63
-13
-5
-42
-104
-81
-51
-33
-28
-35
-48
-48
-41
-1
30
47
68
37
37
34
25
15
37
33
37
78
46
60
33
24
10
-19
-5
36
65
49
29
24
4
-4
1
41
100
120
144
160
169
178
196
172
159
195
236
255
267
294
273
244
210
193
166
186
184
154
143
165
203
259
302
269
288
285
309
347
356
351
351
336
330
344
366
350
347
363
382
390
349
314
276
252
217
188
136
111
140
132
92
71
122
154
154
127
96
127
158
171
222
252
228
206
201
264
327
341
339
272
231
182
98
93
96
51
79
88
83
57
-18
-32
-23
-32
-42
-49
-42
-1
60
109
135
162
149
103
110
123
88
82
73
85
113
106
163
227
241
260
252
189
145
118
138
149
145
143
114
86
102
114
86
42
28
4
-34
-66
-62
-78
-50
17
28
55
13
8
0
-32
-76
-117
-151
-123
-70
-56
-52
-58
-84
-113
-95
-141
-174
-197
-220
-222
-201
-154
-134
-164
-247
-262
-251
-232
-215
-213
-176
-146
-144
-138
-125
-125
-129
-129
-109
-134
-197
-203
-186
-155
-80
-43
-45
-59
-71
-85
-101
-94
-114
-143
-170
-188
-214
-183
-154
-148
-138
-150
-152
-146
-127
-128
-136
-165
-158
-147
-150
-132
-120
-106
-111
-113
-79
-39
-43
-25
-34
-34
-46
-63
-32
-24
-64
-96
-127
-159
-172
-171
-127
-134
-149
-138
-145
-194
-224
-253
-232
-212
-221
-204
-208
-210
-244
-252
-229
-196
-158
-160
-117
-79
-85
-79
-62
-57
-33
-39
-54
-52
-88
-24
53
36
37
29
32
88
125
136
94
91
103
91
112
139
144
149
171
147
157
138
115
84
78
126
164
182
241
309
287
293
290
294
294
337
361
372
382
379
395
432
383
343
351
333
364
346
301
285
274
301
296
264
249
258
272
257
262
266
252
265
305
346
332
322
347
343
361
352
314
322
320
330
338
342
340
309
314
265
234
242
209
168
184
180
154
126
109
96
98
107
107
138
142
138
116
69
55
98
109
135
184
139
134
103
100
94
41
34
-11
12
52
37
35
25
-24
-38
-30
-4
34
10
0
-13
-70
-36
13
48
92
83
69
78
81
56
14
-34
-21
5
2
-5
-58
-94
-61
7
12
-5
-23
-59
-76
-57
-69
-30
-30
-59
-47
-31
-5
-3
63
74
59
23
50
59
67
53
3
-6
-51
-80
-86
-71
-31
-71
-143
-144
-180
-186
-173
-184
-199
-197
-156
-139
-139
-208
-288
-317
-339
-314
-281
-265
-210
-162
-139
-135
-116
-103
-105
-97
-124
-152
-166
-154
-100
-82
-29
-24
-59
-132
-146
-131
-155
-167
-165
-177
-203
-215
-208
-206
-210
-205
-208
-247
-279
-294
-310
-285
-265
-265
-269
-255
-195
-190
-192
-145
-142
-125
-86
-107
-115
-133
-163
-159
-188
-220
-221
-209
-186
-141
-118
-98
-68
-67
-73
-139
-201
-229
-215
-200
-189
-171
-161
-129
-138
-135
-87
-73
-90
-75
-51
-35
-35
-48
-46
-7
9
-14
-49
-123
-115
-119
-128
-167
-201
-205
-188
-149
-173
-199
-208
-225
-252
-227
-183
-120
-108
-110
-98
-76
-5
2
-2
-10
-11
35
55
67
57
59
48
76
127
121
139
152
120
109
88
133
173
169
127
87
67
78
106
144
196
216
214
220
261
306
367
362
320
274
227
196
165
139
109
124
153
247
316
268
247
196
155
148
148
178
159
161
186
162
151
149
189
197
165
131
143
132
95
94
93
142
134
152
157
151
131
111
87
71
69
55
65
59
101
122
115
199
242
253
280
254
262
260
299
347
391
424
418
419
420
407
368
376
373
397
450
433
400
333
287
292
332
321
314
326
295
305
313
285
256
247
180
157
182
157
137
119
53
-5
-32
-89
-123
-179
-257
-282
-306
-333
-327
-328
-320
-252
-208
-220
-207
-210
-250
-229
-184
-152
-134
-108
-117
-135
-176
-180
-183
-182
-171
-137
-89
-78
-27
-34
-88
-80
-119
-194
-212
-255
-267
-211
-178
-171
-154
-172
-173
-159
-173
-179
-171
-159
-166
-146
-129
-131
-118
-144
-195
-231
-276
-283
-289
-250
-215
-250
-263
-277
-226
-204
-189
-143
-163
-181
-146
-110
-76
-56
-103
-112
-113
-112
-121
-168
-183
-170
-138
-94
-102
-130
-152
-162
-117
-107
-123
-113
-120
-146
-178
-146
-57
-15
9
-13
-78
-92
-62
-89
-100
-143
-173
-145
-163
-146
-110
-98
-80
-67
-102
-106
-197
-193
-132
-168
-199
-206
-173
-113
-65
-35
22
32
69
85
69
69
58
43
20
20
18
-7
-19
-11
-29
-46
-83
-140
-167
-206
-269
-261
-218
-207
-224
-247
-268
-284
-247
-236
-265
-260
-241
-212
-176
-150
-131
-74
-97
-131
-161
-176
-169
-148
-127
-117
-109
-129
-146
-162
-176
-163
-100
-103
-74
-55
-38
-15
-46
-43
-14
-57
-81
-70
-42
-58
-91
-81
-42
-14
-19
36
58
94
120
126
114
118
141
155
125
107
118
163
206
237
242
233
237
246
301
307
303
293
267
253
208
167
186
164
173
206
192
173
181
201
199
209
212
234
258
226
234
265
313
326
355
354
315
277
222
227
185
200
267
305
277
262
216
163
104
11
-33
-97
-160
-201
-188
-177
-190
-215
-191
-189
-226
-213
-221
-175
-165
-179
-139
-138
-109
-45
-32
-54
-49
-11
9
18
26
51
69
82
86
122
178
232
274
246
217
167
167
190
180
167
141
148
141
145
184
173
147
102
48
21
15
34
30
28
11
-11
-35
-95
-92
-72
-59
-68
-132
-173
-217
-256
-262
-257
-258
-229
-237
-229
-255
-272
-300
-330
-340
-341
-309
-309
-298
-255
-183
-172
-168
-135
-114
-80
-71
-85
-77
-55
-27
7
19
41
68
65
53
57
7
-17
-15
-17
-46
-47
-57
-36
7
15
20
0
-21
-59
-100
-143
-166
-186
-199
-212
-205
-126
-62
-60
-94
-100
-137
-78
-44
-61
-65
-95
-117
-114
-100
-111
-79
-46
-47
-49
-27
-30
-50
-100
-117
-92
-15
16
8
17
-15
23
42
71
116
139
93
26
-6
-3
27
0
-4
-25
-22
5
11
8
-18
-42
-49
-60
-34
-8
25
62
59
82
120
146
164
145
102
140
131
133
156
157
181
214
206
192
182
186
200
207
220
181
176
175
178
174
151
138
139
138
110
114
75
77
103
80
92
80
70
95
97
121
166
167
194
202
181
192
172
151
149
147
173
202
245
244
236
258
272
289
313
268
222
210
192
200
167
125
149
177
158
177
164
98
97
101
96
103
118
65
42
50
19
53
50
40
26
-5
28
46
36
2
-33
-44
-33
-44
-60
-68
-85
-99
-89
-51
0
29
57
75
40
27
-17
4
79
127
185
200
200
254
325
381
370
332
363
379
391
389
368
377
341
313
314
274
266
283
245
216
216
167
167
190
161
150
146
153
168
161
141
95
67
44
61
60
91
120
134
146
117
113
85
21
13
-3
-16
24
-27
-49
-74
-96
-129
-153
-143
-85
-98
-122
-103
-150
-167
-168
-154
-130
-114
-108
-121
-140
-136
-128
-153
-134
-123
-135
-150
-144
-140
-148
-131
-136
-137
-123
-136
-144
-170
-230
-278
-266
-272
-264
-254
-282
-246
-193
-196
-211
-187
-206
-227
-236
-242
-249
-242
-233
-224
-211
-224
-251
-208
-195
-185
-130
-121
-116
-113
-119
-108
-104
-146
-161
-122
-83
-77
-110
-157
-160
-142
-137
-118
-105
-130
-93
-75
-99
-76
-69
-78
-57
-54
-33
-76
-71
-10
-24
30
84
84
70
68
74
94
82
62
65
55
41
26
8
-33
-25
6
24
18
-3
-14
-7
26
80
116
109
131
128
129
118
126
160
179
178
163
155
166
182
159
149
197
252
232
217
221
235
250
261
277
290
245
223
225
223
242
204
194
185
174
164
139
116
119
98
141
180
158
184
177
185
182
177
192
218
221
205
195
192
205
256
265
237
209
217
223
237
259
219
207
191
178
213
245
265
212
132
68
55
56
53
15
-37
-37
-30
-8
16
31
10
32
8
-16
-21
-17
-11
-10
10
33
62
94
129
166
238
251
267
288
278
296
295
303
349
394
404
370
332
332
329
299
292
267
251
199
200
170
129
173
185
195
209
186
160
153
162
170
135
118
129
173
188
184
156
113
113
86
86
91
30
15
4
-36
-32
-75
-27
27
11
34
22
8
-44
-78
-105
-148
-153
-152
-147
-136
-165
-181
-177
-166
-162
-188
-213
-212
-171
-165
-208
-205
-184
-167
-150
-122
-96
-65
-52
-93
-119
-150
-149
-109
-117
-134
-89
-38
-14
4
15
24
17
12
-9
-22
-30
-35
-62
-95
-89
-77
-92
-89
-118
-121
-131
-156
-185
-212
-181
-166
-173
-238
-266
-252
-216
-187
-198
-193
-207
-252
-264
-241
-217
-178
-195
-199
-197
-204
-182
-158
-161
-139
-168
-199
-194
-184
-160
-138
-127
-113
-125
-183
-170
-211
-257
-281
-282
-242
-238
-209
-184
-162
-145
-108
-74
-61
-86
-139
-155
-138
-115
-99
-114
-95
-68
-76
-67
-78
-99
-103
-82
-98
-63
-40
-27
6
46
57
48
22
12
-5
-52
-55
-35
41
114
123
104
99
71
89
83
56
51
0
-30
-50
-42
36
55
41
27
14
-17
-39
-39
-49
-38
-45
-27
-16
-38
-48
-84
-94
-89
-117
-153
-149
-99
-40
-14
-16
-20
-46
-47
-46
-46
-50
-67
-74
-65
-37
-17
-3
47
107
106
74
78
84
109
114
107
96
124
143
136
116
105
74
64
54
44
35
32
57
91
85
34
47
41
24
40
36
20
35
60
84
110
105
87
101
99
108
110
82
102
100
82
59
33
2
-26
-38
-53
-68
-66
-92
-130
-148
-152
-150
-133
-150
-147
-129
-154
-150
-138
-176
-178
-147
-112
-84
-96
-70
-22
-24
-38
-90
-117
-109
-130
-137
-134
-157
-195
-213
-194
-143
-141
-108
-89
-93
-46
-20
-10
12
52
71
90
94
84
47
39
57
52
1
-3
54
51
49
42
12
25
26
39
53
32
47
26
9
22
4
48
64
26
35
16
3
23
34
28
29
-10
-18
-11
-7
-29
-49
-55
-81
-58
-43
-3
36
59
85
62
24
19
25
47
70
92
105
146
211
221
211
185
168
140
108
100
100
72
56
65
42
9
-23
-33
-39
-27
-19
-13
-26
-66
-120
-153
-139
-137
-131
-154
-169
-170
-166
-155
-159
-163
-179
-183
-176
-144
-113
-127
-119
-131
-148
-127
-143
-169
-186
-201
-180
-149
-131
-99
-51
-41
-45
-24
-11
-42
-85
-100
-103
-126
-119
-145
-130
-134
-179
-184
-209
-213
-229
-282
-310
-341
-342
-296
-294
-262
-225
-257
-279
-258
-207
-183
-171
-122
-99
-105
-103
-77
-39
-30
-52
-72
-58
-68
-57
-18
-66
-88
-101
-113
-79
-86
-97
-110
-133
-148
-116
-67
-13
2
-14
-14
-24
-35
3
31
36
8
-15
14
22
57
79
59
31
13
44
75
53
37
10
31
4
-34
-61
-80
-70
-78
-51
-63
-12
60
87
88
102
79
68
73
118
126
92
133
146
166
166
165
180
196
187
194
164
131
151
137
149
151
146
151
165
143
116
102
79
93
101
87
83
62
46
36
42
99
89
91
54
55
61
43
23
-53
-41
-41
-26
-10
3
35
49
59
69
109
106
73
58
61
91
139
172
195
213
212
237
241
228
206
192
177
143
192
213
226
228
224
216
202
189
162
163
154
129
123
131
139
117
107
110
135
173
188
201
169
171
170
174
168
175
192
186
179
178
136
91
100
111
115
96
60
45
60
61
51
39
39
22
20
23
18
-18
-37
-28
-32
-40
-53
-70
-83
-74
-78
-66
-45
-56
-60
-49
-47
-28
-42
-43
-58
-82
-89
-93
-107
-107
-98
-91
-100
-94
-119
-161
-144
-154
-171
-181
-203
-212
-219
-245
-218
-215
-195
-160
-146
-128
-132
-128
-87
-62
-47
-20
-22
-20
-8
8
24
-18
-36
-85
-129
-130
-109
-75
-10
26
19
27
-9
-20
-25
-51
-59
-69
-134
-137
-124
-86
-70
-68
-41
-26
-3
-20
-50
-98
-123
-169
-181
-162
-182
-183
-203
-214
-225
-224
-233
-231
-230
-249
-209
-175
-176
-165
-160
-164
-147
-150
-155
-128
-112
-102
-120
-106
-89
-53
-77
-79
-66
-68
-55
-74
-69
-49
-78
-86
-54
-32
1
-36
-61
-70
-46
-3
16
23
10
3
3
55
82
101
117
101
92
47
45
104
111
90
72
46
48
39
72
81
47
16
62
83
85
80
89
134
125
125
117
119
146
162
154
136
102
87
141
182
195
186
159
160
172
145
132
142
153
158
135
124
128
155
146
100
65
93
134
178
207
197
231
288
321
307
290
305
325
338
347
348
359
354
358
374
344
349
399
408
414
413
445
438
421
417
403
413
415
445
428
377
331
337
290
286
287
242
263
255
254
245
222
190
159
163
142
108
87
97
105
105
100
75
41
28
17
7
9
29
20
-18
-59
-103
-80
-42
-26
13
15
-9
-6
-42
-13
19
57
68
20
-26
-48
-23
-29
-48
-69
-86
-75
-47
-32
-39
-75
-117
-133
-157
-174
-183
-157
-109
-70
-80
-114
-148
-153
-127
-98
-73
-32
37
49
59
55
69
74
98
109
95
130
121
99
72
1
-4
0
-26
-18
-5
5
-8
-31
-65
-89
-108
-102
-120
-147
-186
-238
-251
-263
-250
-238
-260
-256
-237
-286
-277
-256
-238
-221
-241
-283
-255
-271
-211
-144
-127
-107
-161
-201
-260
-258
-244
-267
-298
-291
-273
-223
-205
-195
-192
-216
-199
-181
-205
-216
-218
-211
-115
-89
-61
-32
-6
-24
-44
-60
-73
-92
-129
-152
-173
-146
-127
-96
-59
-41
-45
-73
-150
-169
-234
-269
-249
-239
-211
-175
-152
-147
-136
-178
-216
-206
-206
-231
-190
-169
-190
-189
-211
-194
-157
-130
-99
-127
-167
-152
-127
-113
-132
-147
-134
-140
-133
-152
-143
-86
-72
-122
-137
-139
-110
-61
-36
-9
-15
-30
15
48
50
18
-23
-15
11
57
91
164
146
76
43
2
19
60
70
66
102
98
125
120
111
71
58
40
26
84
67
64
115
120
174
211
217
222
222
208
179
167
158
177
207
222
272
272
233
218
220
201
248
319
-55
206
308
-14
267
129
91
298
188
146
235
276
183
177
245
254
197
194
280
203
175
261
242
216
228
182
219
282
226
257
298
250
201
222
222
163
201
173
138
154
123
144
106
161
180
129
174
143
158
221
284
281
238
240
222
219
240
241
252
276
241
256
232
212
223
161
146
133
137
159
169
187
144
112
188
100
150
128
15
16
5
-2
-1
-4
-33
-25
-93
-94
-159
-151
-91
-83
-80
-83
-53
-80
-113
-110
-64
-35
-14
-32
-51
-82
-36
-74
-54
-13
-45
-74
-90
-104
-107
-152
-234
-193
-214
-231
-223
-230
-187
-204
-246
-215
-233
-306
-390
-395
-395
-367
-344
-341
-306
-305
-266
-240
-237
-257
-322
-393
-369
-410
-380
-405
-520
-439
-426
-390
-355
-355
-274
-332
-372
-269
-387
-322
-356
-415
-273
-360
-343
-346
-319
-257
-291
-261
-318
-351
-281
-384
-309
-302
-351
-199
-253
-257
-217
-264
-227
-294
-352
-336
-283
-255
-280
-286
-318
-342
-324
-287
-226
-272
-227
-200
-262
-232
-306
-332
-328
-279
-235
-143
-123
-125
-78
-174
-147
-133
-142
-157
-151
-129
-92
65
60
48
19
-54
-36
-72
-107
-117
-104
-102
-65
-43
-13
-7
13
-27
-49
51
-42
-91
-28
-40
-50
82
92
93
48
21
35
39
116
8
50
59
-25
71
9
-19
6
-51
56
37
5
23
-51
-39
-7
31
47
8
-37
-48
29
95
101
175
192
44
115
85
102
202
149
242
170
278
234
128
222
157
125
303
267
300
488
372
397
515
402
398
431
247
431
396
396
512
425
598
434
427
526
422
361
387
464
347
376
532
259
337
432
73
282
247
160
361
189
319
154
110
444
151
320
259
163
274
251
362
125
371
167
294
400
208
383
202
372
438
300
414
264
186
288
313
347
330
291
103
200
208
-64
346
120
182
226
107
-19
34
-66
-159
123
-170
35
-5
-239
-135
-201
-438
-127
-229
-347
-212
-371
-230
-212
-418
-375
-479
-480
-249
-385
-385
-377
-549
-518
-411
-423
-433
-544
-488
-502
-470
-390
-447
-393
-473
-395
-298
-271
-174
-301
-309
-256
-154
-187
-176
-144
-206
-32
27
123
74
-5
41
-37
-18
120
-86
105
22
-14
224
71
204
71
26
78
116
220
384
245
249
328
12
388
287
380
464
326
592
329
505
310
108
479
175
317
328
-46
276
-68
27
176
-378
91
-193
-191
-80
-289
-220
-243
-432
-314
-152
-523
-246
-521
-296
-402
-780
-807
-587
-770
-407
-746
-528
-438
-826
-399
-833
-744
-540
-802
-622
-463
-984
-658
-612
-693
-763
-566
-746
-955
-523
-942
-772
-867
-787
-994
-937
-827
-1058
-732
-879
-767
-1108
-1111
-917
-1128
-1127
-1003
-1021
-1284
-936
-1196
-1025
-653
-859
-430
-519
-655
-423
-660
-255
-140
-6
345
445
679
741
831
970
1122
1226
1423
1473
1740
1737
1801
2010
1754
1832
1620
1629
1740
1646
1793
1685
1516
1457
1306
1268
1343
1168
1299
1220
1325
1289
1240
1236
1230
1204
1187
1135
1042
1272
1088
1106
1096
972
1243
855
1345
1248
843
1490
790
1058
1511
271
1127
583
651
900
248
1088
340
444
135
146
459
-84
358
-30
302
0
-565
8
-414
9
-792
-497
-16
-416
-722
-400
-730
-1061
-196
-1095
-805
-669
-854
-558
-821
-719
-1217
-729
-992
-1232
-1172
-1045
-872
-1157
-1010
-1266
-1056
-1141
-1383
-1180
-1373
-1071
-1405
-1055
-1081
-1819
-1217
-1548
-1341
-1512
-1267
-1236
-1085
-934
-1268
-655
-891
-690
-783
-719
-137
-250
-42
267
205
432
533
665
939
1004
991
1354
1444
1347
1450
1477
1509
1467
1386
1411
1395
1448
1405
1448
1244
1045
879
750
805
741
887
914
703
680
715
502
779
616
323
1126
353
808
900
476
626
880
986
664
1137
252
1209
353
1043
969
924
1357
630
409
1382
646
450
1105
612
660
166
724
-562
627
565
-923
1033
-384
-510
124
-182
-112
-449
-557
-566
-919
-431
-1071
-1356
-737
-1226
-1197
-1563
-867
-1751
-1709
-709
-2040
-707
-1306
-1839
-1777
-1464
-1350
-2098
-961
-2005
-1422
-1439
-1711
-1027
-2300
-1099
-1351
-2105
-1116
-1605
-2188
-1177
-1588
-2009
-1406
-1667
-1980
-1721
-1709
-1529
-1740
-1578
-1552
-1699
-1360
-1398
-1368
-1163
-953
-902
-603
-457
-438
-342
-115
37
141
507
479
706
872
884
1144
1152
1435
1469
1580
1616
1586
1548
1495
1611
1460
1695
1661
1783
1619
1676
1565
1266
1622
1505
1401
1479
1203
1430
1038
1321
1011
1053
1682
1198
1576
1178
1367
843
1116
1207
918
1355
1110
1082
1353
1209
1592
1223
1101
1585
868
1833
1580
1246
1080
1673
1086
787
1033
1199
616
1504
985
-449
1142
-247
378
842
-116
360
-117
-31
750
-570
166
-266
-469
-882
-433
-162
-1028
28
-1227
-706
-212
-1982
-238
-1305
-1010
-528
-1589
-830
-1539
-1683
-1193
-1463
-1104
-1630
-1314
-877
-1453
-1623
-1891
-1606
-1412
-1570
-1447
-1595
-1104
-2219
-2136
-1580
-2094
-1200
-1599
-1422
-1496
-1881
-1280
-1535
-1210
-1010
-1214
-992
-764
-708
-803
-222
-344
-377
51
361
422
739
1009
846
1231
1066
1309
1675
1378
1806
1683
1828
2026
1524
1827
1659
1565
1426
1505
1767
1373
1557
1464
1124
1564
899
886
1413
671
1029
787
823
1078
1083
758
1568
528
1075
1141
344
994
527
890
1301
935
1587
765
378
1579
-13
1767
1623
325
1360
754
-168
1444
512
128
912
-141
-17
836
143
-159
500
-877
-76
-255
-889
-663
-247
-1410
-296
-759
-1021
-818
-1114
-1566
-1303
-1332
-1693
-316
-2389
-1032
-1967
-1907
-1076
-2218
-1423
-1651
-2023
-1516
-1519
-1959
-1866
-1646
-1738
-1431
-1600
-2393
-1658
-1777
-1510
-2041
-1805
-1418
-2469
-2052
-1988
-1469
-1504
-1586
-2234
-2101
-1945
-1942
-1336
-1738
-1545
-1604
-1528
-853
-1478
-1030
-1271
-1209
-547
-678
22
-33
177
175
78
923
716
698
1170
938
1324
1588
1591
1381
1798
1134
1726
1984
1616
2117
1523
2160
1298
1539
1644
1426
1634
1382
1438
1342
1556
710
1716
878
1100
1433
441
1632
1315
1163
1340
1509
1105
619
1214
855
1574
1020
1428
2038
892
1449
1374
596
1671
1218
797
2088
999
719
984
578
778
811
272
329
861
-131
550
121
124
-1000
425
-491
-474
111
-986
8
-1351
-384
-458
-802
-901
-1058
-1454
-783
-197
-1138
-989
-463
-1546
-1521
-530
-1333
-451
-1094
-1482
-815
-1266
-1632
-1120
-736
-1513
-1136
-1408
-1016
-1830
-1315
-1137
-1968
-363
-2090
-1498
-1235
-1832
-1324
-1678
-1421
-1288
-1826
-973
-734
-1880
-1164
-1701
-1486
-440
-1032
-505
-491
-784
-590
-423
296
94
166
1238
942
1100
803
1249
1137
1273
1533
1792
2277
1756
2278
1147
2619
1388
1247
2400
1360
2536
1927
1486
1947
953
1340
1794
1176
1752
1142
1049
1609
1014
739
1516
305
783
1324
749
1676
1434
146
919
586
507
624
492
927
-272
1181
514
448
517
-58
605
198
730
122
252
-63
-311
316
-654
-290
-76
-507
-246
-359
-618
-860
-897
-431
-1876
-453
-1388
-888
-1449
-754
-803
-1843
-321
-2038
-1018
-1806
-1140
-1501
-1955
-834
-1698
-1220
-1917
-1189
-2955
-926
-1432
-2227
-1176
-2253
-2059
-716
-2188
-1675
-2805
-1514
-1633
-1536
-1738
-2396
-1758
-2605
-1353
-2378
-1545
-2057
-2078
-1508
-1432
-1788
-2146
-1253
-2281
-1233
-1629
-1645
-439
-665
-818
-740
-1100
-167
-194
-3
345
459
410
971
837
1076
1359
1355
1859
1453
1860
1770
2246
1946
1868
1946
1500
1851
2109
1676
2076
2251
1736
1342
1385
1802
1581
2026
680
1805
467
1080
1236
144
1955
328
1163
990
901
1024
1735
100
1076
636
-26
1586
1278
1025
830
308
490
719
1635
1307
959
1509
-359
1226
715
1078
1703
-627
2087
-1088
988
533
-422
906
183
-738
482
-534
204
-1226
70
-669
-234
384
-1399
-573
-1952
229
-1948
-1088
-1109
-1562
-1330
-55
-2009
-759
-2207
-1765
-722
-1118
-880
-762
-2481
-2141
-1400
-2472
-221
-2227
-1209
-1012
-2180
-2032
-2152
-1967
-2067
-1124
-2029
-2110
-1233
-2759
-1657
-1160
-3257
-516
-2448
-1341
282
-1625
-558
-401
-1206
-712
-379
27
1043
1073
837
934
942
866
1767
1461
2676
2724
1599
2964
1783
2604
2207
1857
1995
2735
2112
2253
2500
2331
1448
1577
1309
1033
1718
1628
2097
706
1802
73
483
1041
903
1479
443
1550
-415
1183
1127
793
1088
279
739
1562
567
685
1417
474
1122
222
1743
500
872
1088
-232
1428
1168
466
491
2511
-31
504
-488
805
1468
-3257
2467
-1220
80
1189
-1484
-1084
-53
-1901
-1941
74
-1082
-740
-1552
-1879
-419
-3445
-2189
-785
-3832
729
-3892
-728
-1503
-2708
-1602
-3009
-1220
-3004
-778
-2278
136
-3657
-2346
-2229
-2399
-2208
-2508
-1332
-2154
-1777
-2863
-3584
-2739
-2452
-3303
-1545
-2283
-1440
-2764
-2440
-1920
-2493
-2579
-1229
-808
-1308
123
-351
-288
115
171
141
1640
1754
1586
2121
2431
2575
1959
2358
2671
2314
3410
3170
2831
3800
2442
2616
1530
2552
1705
2012
2965
1518
1731
1118
624
876
916
80
1379
1336
-71
476
558
-1201
320
383
-676
2493
145
598
-62
415
656
-58
1336
866
1430
834
993
1011
1092
1046
1388
1364
2453
988
1770
1635
262
460
1298
-305
1857
989
735
142
-940
1079
-2372
1071
-631
-1493
505
-2754
227
-2498
-1359
-1063
-2630
-309
-2755
-1315
-3310
-1113
-3727
-1666
-1502
-3304
-1151
-2867
-2912
-1729
-2393
-4973
-597
-2253
-2491
-1742
-3321
-2624
-4435
-2289
-2924
-3113
-1663
-3466
-3325
-3277
-1910
-2610
-2114
-1151
-3066
-1658
-1201
-1228
-929
-494
-388
467
1398
1075
2401
2111
2751
2970
3101
3903
4045
4738
4616
4741
4725
4695
4364
4526
4981
4452
4295
4163
3364
3289
2824
2266
2333
2016
1345
1509
971
376
1146
16
-77
82
-388
-287
-212
-628
223
299
-437
608
-153
311
910
-62
1813
1159
1455
2384
1624
2046
2441
2196
1898
2801
1958
2403
2850
2725
2783
2341
1450
870
1032
1965
1836
450
964
-776
1616
-1952
-291
-923
-3013
-431
-2122
-1767
-3247
-2117
-5398
-2663
-4224
-4078
-1003
-4490
-1654
-6266
-5290
-3227
-5477
-2324
-3424
-3968
-4008
-3770
-4777
-5033
-3256
-4482
-3504
-3658
-3391
-4907
-3805
-3618
-6330
-2578
-3317
-2149
-1063
-2316
-2254
-3295
-2282
-1216
-47
1610
2580
850
1251
1683
1419
3832
4221
5340
5561
5480
4948
5212
5635
5354
5990
5702
5962
5638
5365
4914
3847
3358
2690
3194
3224
2951
2725
1208
491
-627
-902
80
-202
159
-901
-1318
-1856
-1900
-1892
-2135
-1026
-313
258
239
313
-597
-570
-225
1121
2152
3127
3290
2445
2168
1943
2327
3066
4456
3617
3974
4120
2817
2634
1039
1913
2022
2039
2434
655
-246
372
-1715
-1158
-2040
-2589
-1977
-2832
-2802
-4512
-4688
-4688
-5259
-5116
-5674
-5514
-6116
-5848
-6046
-6313
-5633
-6349
-6792
-6616
-5935
-5544
-5541
-5864
-6314
-5921
-5711
-6303
-5727
-5852
-5895
-3609
-2786
-1376
-2273
-3643
-3737
-3067
-1120
735
2599
2775
2384
1542
1528
2939
4596
6032
6821
7328
6430
6374
6263
6705
7106
7553
7100
6973
6876
5962
5127
4414
3972
3370
3493
3237
3045
1921
654
-479
-1197
-657
-82
-10
-471
-1655
-2407
-3079
-2943
-1884
-846
-419
-224
-31
-915
97
981
1270
2461
3362
3952
4302
4297
4687
4999
4939
5363
6043
6564
6724
6712
5710
4872
4983
5079
4760
4327
3224
2431
1136
748
1296
-747
-1917
-2741
-3735
-3370
-3374
-4682
-4999
-5890
-7108
-6147
-7447
-6932
-7133
-8170
-7264
-7298
-7366
-7607
-7977
-7691
-7167
-7235
-6142
-5923
-6163
-6676
-6540
-7164
-5769
-2792
-2314
-879
-2520
-4114
-4574
-3030
-102
2429
3363
3185
1679
768
1715
3010
6099
6969
7301
6479
6234
6226
5965
6673
6993
6700
7211
6641
5947
5097
3626
2919
2556
2893
2925
2292
942
-952
-2533
-2445
-1978
-1304
-1328
-2166
-3487
-4466
-4683
-3530
-2512
-1694
-2127
-2442
-2135
-1245
-480
471
1773
2187
3008
3409
4128
4539
4823
5816
6573
7508
7706
7573
6949
6724
6583
6640
7593
6985
5801
4910
3999
2758
1951
1537
956
282
-2202
-3021
-4114
-4793
-4945
-6023
-6791
-6765
-8598
-8104
-8544
-9011
-8576
-9325
-9428
-9543
-9103
-9738
-8783
-8404
-8154
-8028
-7858
-7235
-7913
-6001
-4030
-2677
-914
-2757
-3219
-3188
-1476
1770
3630
5340
4405
2930
2940
4123
6403
8431
8950
8375
7696
6941
6994
7961
8014
8097
7223
6749
5759
5065
3648
2922
2132
1660
1333
441
-593
-2331
-3748
-4645
-4516
-4098
-4162
-5202
-6006
-7261
-7234
-6136
-4833
-4947
-4465
-4759
-4596
-3666
-2705
-1234
-481
607
1055
1766
2698
3323
4316
4936
5906
6875
6725
6928
6922
7173
7315
7776
7504
7504
6312
5288
4699
3900
3822
3531
2696
997
-263
-1706
-2830
-2927
-3139
-3430
-5039
-6454
-8049
-8623
-8572
-8274
-8057
-9916
-9845
-10962
-10619
-9807
-9674
-10092
-10413
-10314
-9719
-6992
-4911
-3590
-5071
-6360
-6039
-2858
1001
4003
4541
3790
3420
3920
6624
9518
11728
12245
11989
11117
11578
12522
13594
13823
13394
12722
12042
11447
9883
9013
7654
7032
6420
5576
4033
1230
-1217
-2766
-2880
-2962
-3509
-4882
-6934
-9059
-9631
-9286
-8109
-7727
-8555
-9109
-9600
-9001
-7760
-6437
-5154
-4587
-4314
-3774
-2749
-1481
-188
1022
2056
3144
3517
3829
4034
4894
6137
6247
6854
6824
5969
5203
5282
5048
5153
4707
3826
2465
1466
992
-175
-595
-1698
-2922
-3872
-5086
-5597
-6440
-6757
-8111
-8979
-9061
-10099
-10009
-10354
-11123
-10822
-11332
-9857
-8584
-6997
-6757
-8720
-8568
-7100
-3641
-324
863
416
43
586
2804
5950
9477
10464
10298
9811
9772
11984
13661
15107
15435
14594
14204
13437
12974
12850
12341
12165
11716
10790
8691
6671
4756
3325
3063
2876
2128
58
-2178
-4238
-5370
-5013
-5236
-5386
-6647
-7631
-8559
-8521
-8150
-7884
-7466
-7188
-6945
-6648
-6161
-5578
-4804
-4231
-3266
-2144
-1411
-861
-529
-171
614
1371
2230
2106
2259
1844
1871
1730
1487
2070
1772
841
-224
-628
-1349
-1699
-2282
-2932
-3638
-4501
-5243
-6242
-6621
-7083
-7808
-8724
-9228
-9706
-10078
-9210
-8621
-7969
-7518
-8766
-8911
-8111
-6607
-4014
-2598
-2147
-2217
-1642
-807
1064
3788
4834
5786
6437
6740
7998
9052
9949
10719
11328
11409
11266
11426
11058
10941
10985
10925
10674
9681
8313
6892
6420
6088
5681
4800
3696
2410
1082
382
363
-225
-959
-2132
-3026
-3348
-3683
-3750
-3639
-3566
-3855
-3774
-3595
-3572
-3389
-3014
-2511
-1726
-1449
-883
-959
-786
-404
268
1291
1256
1457
975
601
562
1109
1333
697
-90
-850
-1155
-1715
-1631
-2459
-3285
-3806
-5055
-6127
-5798
-7220
-7245
-7772
-9209
-8982
-10099
-10242
-10918
-9655
-8515
-7761
-7515
-9297
-10045
-8985
-6385
-3287
-1054
-1589
-2323
-2758
-1397
1718
4861
7258
7079
6525
5845
7196
9197
11094
12461
12031
11152
10086
9864
9972
10447
10616
10132
9045
7856
5798
4629
3972
3763
3406
2424
1288
-654
-2031
-3196
-3113
-2673
-2519
-3307
-4635
-5618
-6075
-5554
-4119
-2778
-2332
-2624
-3142
-3136
-2295
-457
1139
2427
2805
2652
2374
2961
4453
5544
6778
6841
6405
5426
5051
5620
6013
6405
5685
4612
3134
1948
1193
835
189
-850
-2316
-3724
-5084
-5943
-6421
-7162
-7803
-9446
-9723
-11298
-11296
-11687
-12065
-12191
-12020
-10266
-9402
-8096
-10205
-10924
-10216
-6701
-3319
-1674
-1666
-2737
-1870
-444
2468
5926
7880
7725
6613
6750
8298
10345
12473
12565
12463
11830
11258
10653
10788
10987
10817
10226
8947
7653
5686
4154
3564
3470
3359
1897
-274
-2388
-4119
-5015
-4527
-4371
-4424
-5552
-8019
-9107
-8835
-7866
-6484
-5781
-5661
-6347
-6623
-6135
-4372
-2021
-1205
-437
-299
218
877
2094
3535
4857
5986
5393
5387
5807
6028
6419
6493
6495
6129
5276
4148
3200
2924
2321
1393
-121
-800
-2302
-3435
-4662
-5658
-5999
-6907
-7718
-9059
-9725
-10514
-10868
-11396
-11384
-12135
-10421
-9033
-7100
-7718
-10059
-10173
-8891
-4056
-1396
-44
-454
-979
-1014
966
4213
7564
8708
8211
7268
7448
9230
10658
11942
12124
11449
10534
9806
9791
9579
9162
8669
7751
6862
5256
3530
2254
1745
1336
881
-532
-2000
-3856
-4844
-5485
-4952
-4998
-5621
-6686
-7312
-7108
-7233
-6479
-5990
-5085
-4637
-4552
-4334
-3609
-2832
-1561
-39
979
1718
2032
1901
2769
4195
5406
6593
6419
5796
5221
4800
5006
5820
5919
5059
3560
2008
966
728
302
-304
-1288
-3313
-4725
-5682
-5957
-6580
-7296
-8088
-9156
-9637
-10400
-10201
-10482
-10549
-11193
-12138
-11141
-8441
-4687
-4556
-7272
-9063
-8360
-3554
1131
3258
3644
2301
1293
1653
4946
9804
12533
12488
10560
9249
10256
11685
13560
14733
14508
13451
11348
10366
9742
9364
9142
8401
8320
6709
3834
1507
272
278
55
-473
-1546
-3456
-5778
-7755
-7302
-5919
-5390
-5884
-7644
-8476
-8662
-7671
-6045
-4481
-2358
-4038
-4641
-3806
-2307
696
2224
3491
3844
3652
3441
4238
6571
7969
8465
8007
7090
7184
6620
6033
6208
6248
5625
4305
2809
1251
-107
-1126
-1948
-2157
-3052
-4876
-6843
-8952
-9142
-9556
-9077
-9634
-10424
-11761
-13401
-12882
-12497
-11246
-11176
-12006
-12252
-10856
-6492
-3940
-5468
-6486
-7809
-4647
-222
3320
4765
4451
3562
2616
5089
8867
12463
13735
12551
10341
10439
11373
13107
14545
14341
13166
11155
9662
9131
8959
8608
7801
6862
4990
2710
800
-486
-638
-1360
-2424
-3147
-4520
-5988
-7669
-8083
-7636
-7109
-7405
-8016
-8182
-8463
-8490
-7776
-5682
-3877
-2587
-2539
-2856
-1869
-413
1229
3660
5534
6216
5962
5510
6229
7981
9423
10054
9991
9349
8159
6782
6029
6601
6984
5807
3849
1181
-458
-1817
-2647
-3294
-4385
-5754
-8158
-9562
-10803
-11422
-11482
-12103
-12327
-12837
-13524
-13714
-14106
-13737
-12936
-12367
-11648
-11902
-11758
-11046
-5738
-2635
-3126
-4634
-7028
-3995
968
4621
6859
7171
6308
4483
4558
8562
12628
15561
14379
11852
11000
10513
11677
12940
14024
13688
11274
9021
6762
6142
5991
5227
5247
4117
1542
-1361
-3494
-3672
-4074
-4194
-4543
-5677
-6767
-9195
-10526
-9794
-8580
-7846
-7499
-7541
-7868
-8642
-8749
-7213
-3895
-1336
-25
497
602
913
1735
3987
7436
10197
10721
9515
8825
9148
10302
12101
13150
13526
11955
9623
8113
7772
8170
7853
6407
4942
2756
275
-1882
-3204
-3498
-4411
-5764
-7537
-9292
-10898
-12040
-12493
-12150
-11390
-12210
-12877
-13608
-13748
-13420
-12444
-11354
-10527
-10174
-11489
-11564
-10631
-4952
628
-3
-1383
-5713
-4782
25
5024
9784
10731
9327
5716
3698
6789
12100
16352
17360
14849
12546
10054
10045
11818
13907
14495
12798
9685
7059
5084
4204
3719
4495
4469
1779
-1503
-4746
-5974
-6490
-6899
-6553
-6747
-7935
-10468
-12430
-11778
-10446
-9719
-9456
-9292
-8731
-9021
-8986
-7819
-5831
-3712
-2738
-893
1042
3226
3065
3208
4887
6996
9543
10839
11520
11779
11171
10500
10996
12687
14029
13587
12175
10219
8964
8096
7604
7601
6739
4998
2717
474
-909
-2010
-2834
-3920
-4984
-6300
-7808
-9237
-9828
-10718
-11272
-11372
-11138
-10587
-11314
-11795
-12816
-12879
-12482
-11634
-10304
-9601
-10424
-11216
-11807
-8358
-2169
-1417
-726
-4169
-6234
-4077
-20
5059
8702
9713
7054
3761
4033
6906
11421
15779
16259
15268
12288
9925
9880
11697
13689
14378
13169
10784
7472
5355
3690
3338
3670
2376
882
-1599
-3844
-6290
-8408
-9353
-9662
-8948
-8826
-9803
-11402
-13558
-14980
-14488
-12934
-10377
-9094
-9094
-10011
-10724
-10135
-7934
-4780
-1137
972
1439
990
646
2755
5288
8659
11227
12050
11683
11391
11478
12452
13770
14608
14496
14463
13674
12388
11683
10633
9843
8860
7812
6395
4724
2495
425
-1113
-2576
-3402
-4749
-6303
-7735
-9092
-10323
-10951
-11289
-11732
-12443
-13163
-13941
-13952
-13430
-13335
-13224
-13650
-13754
-13309
-12369
-11470
-10891
-9408
-6311
-4516
-2747
-3740
-5224
-3266
-815
3328
7187
8176
8390
7222
6297
8054
11302
15046
16079
15566
13956
12600
12985
13127
13260
13150
11943
10897
9051
7633
6314
4713
2977
641
-944
-2505
-3834
-4912
-6321
-7952
-9407
-10840
-11785
-12081
-11981
-11817
-11372
-11241
-11644
-11349
-10820
-10041
-8588
-6756
-5123
-3772
-3337
-2716
-1861
377
2556
4528
6218
7060
7953
8385
9562
10981
12164
12385
12326
11955
11885
12191
11810
11056
10620
10536
10369
9780
8640
7475
6030
4697
3845
3064
2729
1577
-319
-1803
-3009
-4072
-5197
-6037
-6509
-7515
-8357
-8863
-8758
-8235
-8885
-9614
-10170
-10027
-9628
-9104
-8097
-7179
-6592
-6503
-6376
-5724
-4344
-3163
-2536
-2217
-1829
-1018
106
1312
2231
2644
2649
3028
3298
3838
4373
4532
4658
4506
4498
4467
4472
3927
3078
2521
2371
2229
1545
663
-219
-641
-887
-953
-1497
-2553
-3356
-3815
-3896
-3440
-2923
-3094
-3971
-4690
-4680
-3889
-2525
-1625
-1407
-1734
-2102
-1797
-514
1135
2346
2575
2653
2914
3421
4199
4914
5560
6059
6193
6013
5880
6383
7032
6962
6724
6450
6277
6061
5606
5173
4903
4452
3743
2882
2009
1237
225
-296
-679
-962
-1904
-3320
-4469
-5191
-5405
-5561
-5638
-5784
-6274
-7003
-7537
-7382
-6949
-6795
-6731
-6616
-6593
-6213
-5886
-5311
-4709
-4161
-3524
-2885
-2288
-1835
-1650
-1361
-954
-254
-112
-214
179
298
397
864
1469
1852
2179
1680
1061
651
714
633
979
1312
1398
1251
967
1028
1051
1135
595
193
-359
-274
312
876
1038
486
-311
-1064
-1051
-178
847
1445
1294
110
-805
-549
370
1614
2201
1786
717
-138
5
1014
2488
3052
2383
1456
638
1101
2300
3189
3847
3667
2746
1843
1645
1912
2388
2904
2403
1697
1030
317
298
734
860
699
64
-1007
-1702
-1722
-1272
-850
-1289
-2397
-3308
-3490
-2973
-2284
-1994
-2608
-3348
-3836
-3708
-2940
-2038
-1819
-2526
-2974
-3039
-2475
-1589
-1385
-472
-868
-928
-900
-231
537
1233
1161
568
965
1363
1968
2180
2633
2105
2063
1858
2250
3085
3326
3013
2144
1311
1238
1511
1727
1392
169
-1082
-2465
-2731
-2054
-735
-179
-772
-2156
-3758
-4058
-3628
-2467
-1559
-1357
-1818
-2083
-1955
-1202
-145
876
1147
1109
1294
1399
2174
2823
3534
3917
3890
4011
3949
4185
4522
4758
4633
3961
3385
2867
2766
2750
2524
2014
1378
547
-1
-182
-248
-575
-1301
-2178
-2856
-3147
-2894
-2460
-2225
-2603
-3719
-4457
-4651
-4034
-3581
-3689
-3769
-3827
-4004
-3822
-3247
-2328
-1710
-1509
-1735
-1949
-1579
-890
-153
483
932
963
852
1097
1801
2653
3114
2947
2610
2511
2529
2550
2952
3429
3524
3518
3073
2326
2602
2432
2390
2670
2126
2071
1122
978
1437
1626
2011
1176
184
-228
-408
-406
-475
-1255
-961
-1306
-2078
-1621
-2629
-2461
-2671
-2627
-2385
-3148
-4193
-4645
-4647
-4445
-4548
-4914
-4286
-2585
-991
-883
-1657
-2658
-2853
-2331
-1073
169
1360
1840
2080
2225
2885
3377
3969
4515
5027
5371
4790
4246
3351
3183
3352
3321
2987
2279
1089
395
-474
-1525
-2502
-3584
-4308
-4692
-4746
-4767
-5198
-5712
-6290
-6801
-6784
-6417
-5879
-5472
-5279
-4736
-4370
-3814
-3136
-2297
-1388
-493
150
487
863
1517
2270
2874
3567
3961
4455
4771
5445
6275
7211
7288
7114
6712
6462
6754
6992
7271
7156
6377
5474
4637
4572
4542
4100
3446
2150
1277
710
110
-77
-427
-1006
-1512
-2176
-2522
-2852
-2857
-2860
-2854
-2762
-2978
-3177
-3266
-2993
-2172
-1760
-1520
-1805
-2279
-2276
-2148
-1497
-1313
-1538
-1876
-2317
-2792
-3074
-3191
-3464
-3815
-5175
-6357
-6872
-5183
-2496
-404
-107
-2321
-4076
-4471
-3179
-746
488
712
168
-501
17
992
2745
4306
4765
4608
3320
2397
2136
2328
3047
3040
2350
1602
987
1141
1337
1061
324
-1154
-2507
-3431
-3356
-2571
-1829
-1539
-1666
-2635
-3227
-3175
-2292
-801
24
124
-449
-541
-236
756
2195
3458
4365
4551
4205
3799
3667
3856
4123
4730
5106
4737
4139
3875
4433
4860
5103
4713
3959
3053
2218
1854
1673
1654
1463
1081
963
868
675
765
1106
1029
792
214
-110
126
637
724
494
481
458
480
394
422
654
372
-361
-1009
-1229
-1121
-1005
-1226
-1885
-2663
-3514
-4283
-4750
-5386
-6239
-7505
-8322
-9172
-9550
-10022
-11044
-11158
-12420
-12238
-10519
-7979
-5231
-4490
-5540
-5564
-4850
-2815
-762
839
2575
3585
4483
5398
6836
8843
10576
11739
12059
11158
9972
8708
8292
8580
8367
7805
6711
5700
4550
3007
1844
723
-416
-2017
-3877
-5057
-5486
-5604
-5679
-6116
-6415
-6589
-6607
-6162
-5440
-4572
-4165
-4062
-3826
-3380
-2148
-437
1429
2851
3358
3404
3447
4401
5714
6668
6925
6583
6282
6308
6769
7307
7950
8123
7529
6653
5415
4635
4226
3405
2929
2186
1204
427
-402
-763
-670
-699
-878
-1493
-2306
-3076
-3550
-3612
-3559
-3377
-3634
-3874
-3906
-4035
-3888
-3688
-3552
-3788
-3989
-4540
-4738
-4775
-4963
-5099
-5452
-5263
-5351
-4944
-4907
-5036
-5153
-5858
-6269
-6494
-6874
-6971
-7639
-6814
-5310
-2598
-429
644
1166
1654
2375
3532
4319
5079
5434
5687
6178
6741
8283
9840
11303
11884
11176
9729
8287
7394
6984
5899
4199
2312
692
-444
-1306
-1775
-2144
-2662
-3860
-5767
-7376
-8254
-8774
-8995
-9104
-8863
-8027
-7108
-6075
-4934
-3521
-2044
-596
666
1617
2184
2900
3798
5180
6275
7056
7806
8388
8856
8873
8881
8774
8371
7468
6113
4878
4077
3549
3201
2189
1043
191
-842
-1303
-1957
-2611
-3291
-4411
-5132
-5520
-5551
-5211
-4785
-4492
-4471
-4177
-3567
-2795
-1993
-1690
-1427
-1226
-1114
-738
-437
-125
301
378
366
541
777
866
755
204
-256
-792
-1135
-1843
-2435
-3079
-3920
-4473
-5150
-5877
-6362
-6696
-7156
-7599
-8499
-8270
-7862
-5738
-4378
-2666
-1276
-298
1253
2168
3040
4372
5202
6354
6983
7165
7592
8283
9378
10028
10555
10303
9520
8661
7519
6312
5255
3559
1841
-174
-2199
-3209
-3835
-4135
-4574
-5447
-6140
-6811
-6987
-6958
-6841
-6638
-6580
-6430
-6225
-5418
-3856
-1831
-235
767
1629
2627
3676
4678
5193
5556
5753
5660
5718
5796
5946
5972
5592
4885
4326
3836
3081
2229
1413
455
-386
-1249
-1811
-2057
-2615
-3026
-3316
-3320
-2896
-2781
-2647
-2466
-2200
-1510
-879
-281
240
656
1140
1765
2627
3374
3831
3947
3873
4026
4031
3841
3544
2994
2248
1381
756
192
-156
-745
-1609
-2351
-2919
-3459
-3984
-4874
-5676
-6551
-7099
-7446
-7502
-7450
-7692
-8419
-8860
-8859
-7829
-6399
-3978
-2336
-1232
19
815
2381
4331
5717
6913
7360
7047
6600
6443
6827
7477
8151
8081
7518
6939
6119
5518
4988
3989
3007
1163
-1333
-3466
-5314
-6291
-6853
-7274
-7628
-8142
-8373
-8494
-7907
-6926
-6090
-5543
-5671
-5504
-4822
-3634
-2080
-555
643
1541
2603
3950
5310
6605
7354
7461
7364
7049
6744
6485
6192
5491
4307
3170
2055
1227
488
-244
-908
-1614
-2060
-2437
-2578
-2410
-2518
-2627
-2873
-2999
-2768
-2344
-1829
-1148
-458
84
750
1461
2307
3380
4196
4652
5030
5264
5312
5297
5054
4847
4585
3947
3204
2481
1940
1467
881
299
-180
-665
-1521
-2384
-3157
-4126
-4688
-5314
-5909
-6185
-6424
-6596
-6838
-6611
-6732
-6511
-6706
-6899
-7300
-7325
-7320
-6837
-5738
-5081
-3720
-2601
-1134
594
2160
3460
4359
4417
4399
4231
4412
4561
4687
4519
3984
3424
3097
3078
3347
3557
3244
2577
1607
785
-42
-642
-1203
-2020
-2977
-4000
-4792
-4773
-4219
-3631
-3115
-2882
-2406
-1584
-394
757
1583
2134
2256
2155
2386
2826
3502
4006
3991
3803
3733
3833
4269
4684
4541
3985
2768
1382
424
-447
-1260
-1969
-2676
-3336
-3838
-4124
-3800
-2994
-2261
-1617
-718
238
1157
1786
2175
2583
2981
3548
4173
5088
5810
6365
6721
7144
7904
8650
9037
9052
8795
8138
7392
6449
5662
4806
3639
2449
1305
275
-706
-1720
-2471
-3115
-3867
-4743
-5467
-6021
-6509
-7131
-8046
-8718
-9214
-9706
-10021
-10424
-10415
-10544
-10358
-10089
-9835
-9273
-9076
-8772
-8353
-8120
-7794
-7190
-6732
-5580
-4485
-2928
-1294
547
2141
3590
5017
6191
7206
8030
8370
8702
8834
8567
8663
8651
8621
8570
8277
7868
7705
7415
7190
6392
5332
3788
2418
1227
201
-724
-1989
-3345
-4520
-5406
-5964
-6116
-6193
-6185
-6057
-6069
-6001
-5640
-5235
-4804
-4474
-4209
-3949
-3622
-3409
-3099
-2564
-1878
-1041
-207
731
1717
2460
3144
3684
4350
4937
5441
5639
5692
5800
5646
5671
6058
6693
7522
8029
8298
8692
8878
9195
9440
9318
8896
8170
7241
6016
5050
3918
2719
1618
558
-289
-972
-1595
-2266
-3256
-4498
-5710
-6838
-7650
-8248
-8836
-9717
-10643
-11452
-11923
-11812
-11252
-10490
-9921
-9354
-9119
-8411
-7524
-6430
-5306
-4506
-3982
-3915
-3663
-3115
-2236
-1509
-933
-662
-260
142
805
1422
2194
2564
2242
1804
1458
1570
1804
2186
2271
2691
2897
3005
3416
3914
4611
5053
4992
4663
4120
3412
2627
1973
1497
935
128
-759
-1517
-1888
-2052
-2014
-1841
-1927
-2178
-2584
-2882
-3017
-3116
-3479
-3821
-4060
-4030
-3864
-3450
-2963
-2346
-1661
-636
638
1953
3060
3938
4644
5361
5930
6558
7042
7231
7365
7193
7113
7134
7179
7105
6801
6476
6096
5792
5711
5443
5035
4216
3135
2169
1471
954
383
-377
-1068
-1826
-2255
-2310
-2300
-2080
-2078
-2201
-2512
-2688
-2768
-2718
-2769
-2998
-3138
-3260
-3086
-2719
-2286
-1847
-1480
-1223
-943
-463
9
379
470
350
118
61
101
377
628
558
345
5
-186
-215
-82
42
-31
-399
-1178
-1860
-2097
-2177
-2234
-2666
-3203
-3786
-4372
-4631
-4644
-4535
-4568
-4562
-4816
-4829
-4884
-4767
-4479
-4132
-3674
-3441
-3220
-2871
-2396
-1772
-840
180
1302
2392
3225
4005
4566
4909
5316
5668
5999
6002
5869
5320
4774
4312
4079
3958
3827
3516
3087
2637
2045
1566
1109
549
-119
-934
-1793
-2546
-3035
-3301
-3527
-3591
-3616
-3546
-3314
-3006
-2460
-1697
-1059
-507
22
518
1031
1600
2091
2576
3199
3691
3928
3907
3807
3927
4107
4336
4510
4500
4281
3885
3449
2942
2519
2178
1868
1332
1009
640
374
298
41
-70
-272
-407
-544
-576
-574
-702
-762
-939
-1059
-1253
-1282
-1115
-878
-712
-628
-689
-771
-650
-451
-363
-426
-740
-1097
-1370
-1491
-1504
-1543
-1595
-1749
-1863
-1932
-1836
-1723
-1648
-1762
-1995
-2189
-2334
-2410
-2492
-2657
-2781
-2964
-3055
-3092
-3084
-3038
-3142
-3263
-3400
-3415
-3265
-3162
-3004
-2833
-2737
-2751
-2857
-2890
-3009
-3049
-2918
-2814
-2546
-2167
-1970
-1743
-1410
-766
-51
755
1293
1638
1844
1768
1837
1787
1834
1773
1556
1279
1045
958
956
1083
1255
1501
1670
1762
1810
1839
1942
2099
2290
2584
2761
2797
2622
2391
2255
2353
2667
3126
3406
3382
3261
3145
3362
3762
4087
4197
3943
3459
3004
2745
2713
2714
2496
2135
1560
984
515
126
-168
-510
-733
-1021
-1160
-1170
-1006
-806
-722
-696
-634
-517
-306
-195
-210
-258
-317
-61
157
500
746
828
1095
1334
1742
2127
2458
2645
2664
2543
2332
2139
2020
1815
1504
1175
743
208
-463
-1129
-1590
-1704
-1914
-2215
-2677
-3271
-3816
-4139
-4341
-4330
-4433
-4863
-5330
-5791
-5984
-5930
-5781
-5583
-5400
-5345
-5105
-4879
-4421
-4053
-3814
-3411
-3052
-2662
-2383
-2201
-1922
-1584
-1292
-961
-690
-410
-123
206
493
867
1315
1770
2157
2527
2889
3211
3724
4102
4785
5277
5738
6098
6220
6459
6409
6407
6265
6193
5955
5512
4932
4374
3848
3197
2627
2012
1558
1046
414
-272
-888
-1433
-1845
-2238
-2734
-3206
-3760
-4148
-4231
-4208
-4075
-3903
-3686
-3309
-2812
-2169
-1392
-606
102
580
1043
1515
1866
2306
2642
2885
3061
3303
3454
3782
4103
4147
4090
3885
3862
3790
3625
3383
3079
2619
1933
1229
612
135
-242
-667
-1021
-1513
-2098
-2781
-3501
-4028
-4356
-4636
-4975
-5433
-5907
-6295
-6433
-6291
-6072
-5858
-5776
-5845
-5789
-5427
-4828
-4224
-3470
-2919
-2424
-1864
-1328
-650
176
1012
1716
2335
2860
3290
3675
4062
4354
4632
4763
4734
4522
4168
3756
3310
2806
2391
1943
1420
860
207
-377
-1005
-1481
-1819
-2152
-2505
-3036
-3555
-3879
-4039
-3906
-3963
-3907
-3822
-3703
-3429
-3095
-2612
-2161
-1831
-1621
-1495
-1259
-852
-416
207
646
1099
1402
1699
2149
2644
3291
3601
3866
3891
3755
3661
3593
3540
3467
3358
3047
2695
2305
2060
1974
2105
2137
1989
1746
1437
1123
943
895
767
489
-12
-560
-1055
-1312
-1533
-1610
-1654
-1689
-1699
-1700
-1713
-1634
-1441
-1209
-957
-854
-745
-805
-853
-839
-645
-310
-16
366
564
814
981
1177
1448
1600
1646
1532
1468
1367
1390
1449
1424
1444
1386
1323
1359
1479
1657
1799
1782
1535
1207
784
434
296
158
-106
-487
-835
-1130
-1122
-998
-828
-651
-564
-645
-870
-940
-892
-662
-415
-418
-734
-1106
-1306
-1326
-1047
-679
-522
-391
-412
-383
-104
329
668
800
605
305
22
-93
-203
-374
-475
-631
-713
-843
-865
-840
-656
-524
-525
-556
-633
-715
-809
-964
-1030
-1200
-1381
-1518
-1573
-1613
-1600
-1656
-1645
-1547
-1403
-1246
-1048
-768
-516
-247
-42
224
483
768
987
1236
1376
1399
1390
1449
1683
1842
1923
1908
1770
1571
1369
1339
1351
1336
1163
771
472
373
371
366
288
132
-87
-295
-584
-736
-789
-808
-947
-1147
-1212
-1184
-936
-706
-491
-425
-354
-245
-60
251
457
627
600
559
533
511
661
605
568
482
323
308
259
353
373
395
341
224
209
177
302
410
515
546
477
463
563
669
777
828
688
468
279
150
52
-44
-134
-416
-753
-1053
-1189
-1246
-1328
-1421
-1576
-1622
-1629
-1642
-1696
-1694
-1624
-1501
-1426
-1406
-1460
-1527
-1485
-1306
-937
-585
-216
100
388
718
989
1384
1733
1975
2071
2046
1975
1793
1595
1352
1130
901
644
552
472
308
135
-49
-227
-356
-516
-726
-902
-1201
-1560
-1909
-2132
-2245
-2344
-2392
-2369
-2254
-2136
-2079
-1986
-1836
-1658
-1500
-1410
-1368
-1300
-1227
-1211
-1109
-958
-797
-605
-468
-309
-158
-30
90
7
23
20
-65
-53
-78
43
64
80
158
309
572
778
890
1019
1059
1116
1167
1214
1269
1300
1389
1411
1555
1750
1838
1985
2112
2340
2518
2527
2610
2557
2468
2417
2364
2275
2142
1883
1612
1395
1117
981
846
788
685
524
439
264
189
91
0
-106
-202
-283
-387
-491
-591
-530
-396
-156
68
147
170
248
389
697
1057
1400
1665
1783
1851
2030
2300
2548
2707
2700
2555
2323
2062
1733
1593
1435
1333
1113
773
480
225
137
-66
-259
-608
-1046
-1491
-1886
-2171
-2486
-2864
-3255
-3579
-3828
-3925
-3920
-3956
-3983
-3964
-3914
-3737
-3567
-3468
-3382
-3304
-3115
-2945
-2826
-2726
-2619
-2505
-2287
-2084
-1835
-1585
-1376
-1239
-1173
-1072
-1052
-933
-813
-717
-749
-757
-775
-759
-686
-645
-571
-474
-314
-179
-62
63
241
460
636
734
892
1023
1184
1291
1438
1579
1713
1863
1832
1880
1886
1965
2044
2153
2198
2159
2170
2099
2162
2114
2100
2086
2039
2002
1915
1818
1689
1630
1541
1536
1451
1368
1314
1215
1120
1042
1117
1168
1165
1076
996
946
900
800
759
773
728
586
358
205
161
236
302
351
349
275
150
51
110
178
184
149
39
-141
-403
-612
-690
-771
-892
-1022
-1110
-1193
-1259
-1391
-1436
-1497
-1580
-1742
-1816
-1751
-1719
-1701
-1833
-1905
-2004
-1916
-1798
-1725
-1660
-1788
-1989
-2141
-2227
-2207
-2120
-2086
-2028
-2069
-2191
-2266
-2240
-2086
-1967
-1967
-2009
-2031
-2055
-2126
-2091
-1968
-1798
-1665
-1550
-1429
-1341
-1147
-994
-823
-582
-336
-146
38
311
666
1003
1181
1350
1485
1636
1773
1868
1996
2032
1977
1826
1770
1870
1951
1985
1839
1687
1573
1473
1359
1355
1316
1212
1098
970
911
878
898
874
896
943
939
958
927
916
974
1021
1104
1282
1318
1235
1136
1133
1131
1148
1135
1102
1106
1077
1144
1242
1437
1573
1695
1700
1696
1676
1700
1770
1733
1731
1528
1338
1168
1088
1042
1026
972
839
639
378
215
45
30
-10
-192
-459
-758
-1000
-1184
-1305
-1379
-1479
-1591
-1738
-1835
-1790
-1689
-1552
-1449
-1388
-1427
-1416
-1370
-1288
-1267
-1266
-1266
-1269
-1239
-1302
-1369
-1303
-1225
-1189
-1068
-909
-761
-686
-564
-550
-463
-413
-368
-288
-299
-239
-230
-189
-154
-134
-32
-26
6
105
169
203
134
26
-102
-143
-135
-67
-30
-146
-324
-537
-648
-656
-665
-712
-837
-912
-1056
-1086
-1039
-957
-857
-853
-834
-842
-766
-552
-316
4
197
288
355
427
594
627
714
674
587
524
458
474
562
622
574
580
531
557
647
751
780
770
749
715
728
733
724
699
720
686
671
591
621
730
754
713
640
584
502
433
388
337
211
81
-72
-147
-108
-48
-63
-138
-311
-424
-519
-529
-451
-424
-532
-771
-1040
-1175
-1099
-986
-832
-745
-644
-572
-503
-338
-150
65
222
305
315
272
251
266
320
468
584
577
540
522
512
514
556
550
477
390
243
88
-50
-212
-371
-554
-783
-925
-1019
-1053
-1069
-1135
-1219
-1291
-1283
-1269
-1220
-1122
-1001
-869
-848
-772
-692
-571
-421
-318
-161
-30
87
226
382
581
761
798
847
883
852
885
907
955
994
980
993
1049
1076
1034
883
719
541
433
341
164
16
-210
-390
-576
-690
-733
-783
-776
-822
-711
-624
-581
-642
-702
-547
-399
-192
-45
8
33
5
45
181
402
609
758
798
803
830
851
972
1156
1334
1371
1366
1299
1168
1086
961
957
910
862
654
417
211
97
94
55
5
-137
-298
-489
-629
-738
-822
-872
-946
-996
-1033
-1082
-1040
-919
-855
-780
-712
-641
-524
-423
-328
-221
-144
-33
156
281
398
490
568
636
767
876
905
923
864
795
825
823
769
776
752
704
653
591
573
533
433
309
236
201
154
91
93
113
99
90
130
163
129
103
52
24
111
183
264
316
333
257
190
235
356
455
442
359
241
116
61
79
138
204
153
8
-158
-263
-328
-379
-432
-501
-595
-780
-831
-846
-875
-917
-969
-993
-999
-1098
-1145
-1152
-1142
-1119
-1117
-1114
-1183
-1195
-1210
-1196
-1140
-1089
-1067
-1019
-989
-955
-1006
-1051
-1043
-1018
-902
-895
-851
-832
-891
-909
-892
-813
-745
-628
-500
-402
-251
-50
104
320
479
543
642
760
937
1088
1080
1045
978
945
1009
1075
1152
1113
953
769
688
659
573
510
388
201
38
-131
-235
-121
-73
-153
-288
-395
-446
-443
-398
-399
-344
-371
-373
-268
-72
181
343
530
715
881
1045
1151
1336
1423
1427
1499
1586
1728
1782
1793
1772
1672
1629
1545
1545
1523
1441
1359
1218
1032
882
776
635
473
250
-29
-332
-577
-863
-1114
-1289
-1454
-1521
-1585
-1624
-1617
-1558
-1546
-1548
-1512
-1511
-1529
-1565
-1543
-1488
-1507
-1469
-1378
-1251
-1159
-1148
-1074
-938
-773
-655
-597
-548
-451
-384
-292
-172
-138
-105
-99
-159
-152
-155
-120
-49
-101
-203
-251
-226
-129
13
150
249
251
226
239
253
322
349
362
420
375
350
289
230
295
366
350
231
111
22
23
73
165
260
350
391
421
507
619
696
766
726
698
665
668
762
818
914
1035
1098
1194
1293
1297
1355
1448
1460
1443
1380
1245
1220
1232
1238
1172
1096
1101
1045
1047
899
698
590
416
230
121
67
22
-24
-140
-263
-354
-386
-340
-394
-480
-599
-756
-860
-859
-810
-750
-768
-779
-743
-667
-500
-343
-252
-185
-128
-153
-131
-56
75
176
148
45
-94
-126
-154
-162
-189
-223
-314
-414
-456
-503
-455
-393
-390
-438
-494
-490
-450
-447
-529
-649
-746
-792
-812
-730
-640
-610
-546
-451
-330
-170
-8
100
74
31
39
36
112
122
102
61
-3
-16
-7
42
73
133
120
54
68
46
70
85
12
-13
-87
-165
-175
-150
-105
-25
67
101
181
272
365
470
520
571
601
542
443
320
205
74
34
40
44
6
-108
-199
-331
-340
-328
-333
-325
-409
-547
-652
-751
-743
-705
-756
-738
-714
-688
-599
-526
-442
-352
-268
-204
-188
-170
-150
-122
-73
-30
31
69
96
143
210
259
244
282
256
305
304
287
308
231
180
91
-44
-66
-67
-65
-69
-118
-182
-236
-259
-283
-318
-410
-465
-505
-566
-644
-660
-658
-626
-547
-482
-421
-314
-215
-152
-66
1
141
258
297
317
303
324
357
415
471
533
590
634
697
683
655
653
579
534
453
353
276
181
117
44
-5
-63
-102
-110
-101
-72
-98
-102
-148
-173
-149
-163
-127
-144
-178
-232
-288
-276
-178
-81
-91
-54
-112
-148
-102
-61
8
15
-2
-61
-74
26
163
296
396
461
492
502
562
673
793
891
850
777
738
735
865
967
1029
1039
952
927
957
1093
1146
1099
1005
814
684
550
419
316
162
-37
-217
-346
-444
-505
-550
-529
-578
-649
-668
-691
-644
-597
-575
-578
-546
-537
-550
-515
-440
-307
-172
-38
88
229
317
354
392
444
489
525
554
492
449
390
339
363
272
150
39
-101
-210
-347
-483
-567
-569
-572
-670
-840
-965
-1017
-963
-848
-769
-669
-679
-665
-570
-416
-203
-28
18
16
-3
-21
82
230
387
497
543
570
623
674
726
766
770
732
714
677
590
535
475
402
370
331
292
284
306
263
192
126
122
147
169
127
32
-41
-89
-73
-25
-57
-59
-20
-53
-100
-145
-144
-94
-35
-23
-46
-88
-126
-211
-245
-272
-266
-282
-410
-517
-671
-761
-779
-810
-828
-910
-1038
-1133
-1177
-1182
-1135
-1005
-878
-788
-716
-720
-697
-638
-460
-288
-190
-172
-190
-185
-188
-112
-9
0
-30
-91
-217
-260
-280
-306
-309
-347
-429
-535
-637
-646
-674
-696
-755
-816
-825
-871
-910
-860
-731
-645
-564
-518
-421
-294
-163
2
163
253
318
404
457
559
589
583
569
573
554
539
573
622
659
660
688
665
712
785
799
760
685
671
705
706
687
600
528
483
478
549
605
585
572
531
514
600
658
671
675
593
515
462
411
435
404
351
240
158
61
-4
-25
-71
-90
-174
-245
-332
-411
-464
-458
-363
-345
-335
-354
-345
-258
-127
-31
-13
-8
-68
-81
-26
-21
3
18
26
50
98
118
164
203
208
255
311
393
407
417
361
270
225
198
234
221
158
50
-43
-78
-91
-79
-126
-236
-349
-444
-470
-401
-297
-285
-309
-317
-368
-422
-385
-319
-316
-259
-205
-152
-58
5
134
265
376
427
428
476
529
613
685
762
829
882
875
822
799
816
845
798
732
636
537
473
455
414
383
300
199
92
-11
-53
-93
-187
-307
-416
-443
-446
-427
-453
-457
-399
-345
-275
-249
-286
-332
-355
-343
-292
-242
-190
-165
-136
-76
-26
17
91
124
114
81
1
-15
-43
-41
10
46
72
108
138
125
160
169
189
195
178
127
46
-5
-103
-212
-311
-375
-426
-524
-598
-660
-698
-756
-778
-751
-696
-677
-715
-734
-748
-680
-621
-583
-575
-549
-496
-473
-438
-325
-147
-22
76
132
182
331
445
603
740
796
841
769
762
802
851
867
821
788
750
723
629
483
342
214
29
-154
-281
-386
-430
-529
-618
-694
-817
-905
-972
-1028
-1069
-1146
-1173
-1191
-1128
-1135
-1163
-1128
-1088
-955
-833
-705
-516
-332
-211
-68
71
192
354
428
451
489
556
623
695
756
750
708
630
535
504
519
521
521
432
312
202
142
60
-30
-106
-252
-322
-396
-485
-518
-579
-689
-773
-850
-897
-842
-819
-784
-755
-828
-796
-686
-572
-390
-269
-142
-60
-47
22
165
330
490
549
576
662
680
777
855
936
1022
1054
1087
1096
1117
1154
1101
1073
1071
955
834
688
570
495
447
407
335
247
135
29
8
-65
-176
-237
-308
-328
-353
-357
-285
-194
-194
-193
-175
-143
-57
26
95
160
145
107
142
258
335
334
306
287
251
233
261
277
299
290
279
242
232
245
235
202
113
111
143
127
141
120
92
112
138
157
210
258
293
283
212
165
145
129
118
111
77
98
79
79
58
30
44
-22
-2
13
5
40
29
61
89
122
204
237
242
312
286
294
320
335
419
473
483
416
369
334
352
332
274
257
131
44
-36
-69
-114
-144
-187
-248
-296
-378
-423
-460
-520
-604
-651
-703
-712
-704
-734
-701
-681
-656
-634
-573
-500
-492
-429
-381
-336
-300
-328
-296
-260
-177
-154
-137
-111
-134
-162
-206
-182
-140
-92
-63
-38
-28
-45
-75
-66
-12
38
40
25
35
43
91
125
115
148
180
161
180
207
210
230
203
150
110
49
46
59
10
-35
-111
-112
-71
-39
12
-34
-96
-107
-128
-119
-135
-165
-128
-127
-117
-58
-77
-106
-142
-169
-154
-147
-135
-135
-110
-56
19
-23
-57
-92
-116
-79
-63
-38
-47
-98
-106
-125
-124
-140
-188
-178
-223
-284
-264
-258
-267
-252
-338
-377
-401
-421
-410
-432
-460
-447
-409
-490
-519
-532
-589
-586
-643
-716
-727
-747
-746
-712
-676
-646
-566
-505
-460
-386
-306
-249
-178
-80
17
109
157
170
205
207
279
401
487
538
572
567
616
649
656
629
612
572
494
437
388
308
282
264
220
196
139
149
92
28
33
44
85
74
62
111
163
237
295
308
396
518
614
716
807
860
868
863
850
865
939
987
956
909
874
856
880
911
900
884
847
817
724
610
570
539
553
463
292
133
32
17
24
-1
-60
-115
-194
-225
-186
-158
-151
-123
-118
-90
-94
-140
-137
-141
-92
-58
-66
-70
-137
-111
-85
-65
15
-22
-33
24
43
78
123
130
177
164
158
149
178
241
259
231
174
125
136
134
118
53
-12
-36
-134
-146
-198
-170
-178
-259
-271
-243
-267
-299
-303
-325
-321
-359
-351
-334
-369
-385
-358
-378
-335
-293
-252
-190
-145
-112
-58
-33
-23
35
44
89
60
45
89
130
182
219
265
312
357
359
363
316
329
262
224
255
209
194
127
41
-25
-72
-64
-25
-80
-118
-172
-198
-168
-235
-288
-387
-457
-510
-509
-497
-511
-552
-572
-561
-585
-553
-549
-523
-483
-480
-460
-457
-488
-454
-428
-399
-286
-237
-176
-105
-76
-4
91
148
185
179
182
129
38
-49
-85
-64
-17
1
-29
-70
-113
-120
-138
-129
-117
-145
-157
-197
-269
-329
-386
-360
-349
-377
-416
-424
-346
-271
-232
-271
-303
-301
-299
-259
-264
-314
-354
-357
-348
-278
-240
-222
-142
-61
-16
-7
70
154
259
311
313
361
395
431
443
463
476
438
430
441
453
446
428
397
360
325
282
248
160
55
-27
-123
-168
-234
-317
-346
-380
-411
-405
-387
-363
-353
-335
-284
-162
-89
39
149
200
253
270
348
449
512
556
594
632
622
615
622
631
628
618
564
425
334
269
261
263
251
216
151
125
87
41
15
-3
-4
-56
-112
-154
-182
-182
-167
-145
-112
-61
-31
12
40
74
89
82
77
51
71
127
218
299
315
289
288
332
355
444
502
511
526
536
555
563
656
711
768
745
630
586
536
551
525
453
370
293
196
162
138
103
32
-46
-97
-197
-314
-390
-387
-421
-490
-502
-499
-432
-406
-391
-350
-331
-326
-330
-323
-269
-185
-127
-138
-131
-98
-75
4
72
119
144
146
154
158
212
255
249
254
234
237
295
304
341
369
297
261
158
148
169
140
114
96
34
37
4
-48
-16
-53
-140
-209
-241
-299
-369
-441
-466
-480
-482
-469
-459
-488
-522
-577
-616
-599
-593
-599
-604
-576
-519
-484
-416
-355
-286
-259
-285
-296
-327
-388
-415
-427
-412
-374
-362
-332
-292
-201
-173
-135
-105
-141
-154
-187
-243
-225
-270
-324
-355
-408
-443
-438
-440
-447
-434
-492
-530
-584
-599
-597
-584
-573
-585
-512
-560
-602
-591
-592
-534
-484
-463
-475
-464
-463
-431
-353
-260
-248
-215
-215
-229
-220
-189
-143
-147
-121
-89
-96
-103
-67
-47
58
103
148
196
236
320
392
457
477
522
490
504
493
470
476
469
453
430
376
276
275
230
185
92
1
-69
-174
-211
-241
-258
-258
-237
-272
-311
-312
-300
-217
-149
-92
-27
-10
90
205
322
393
369
360
411
489
541
561
545
537
517
542
551
525
495
428
366
334
285
264
156
98
54
-42
-88
-162
-127
-108
-121
-184
-220
-178
-186
-119
-99
-134
-190
-184
-111
-67
-33
-45
-68
-63
-66
-29
44
55
78
2
-50
-6
35
77
118
98
86
100
150
196
190
190
249
296
323
317
327
356
393
419
385
366
374
376
404
397
350
331
269
258
227
228
261
251
283
241
185
173
145
155
181
178
164
158
110
114
120
90
102
148
209
203
132
110
86
87
90
106
124
91
63
54
28
17
-9
-54
-57
-61
13
53
63
39
20
-30
-60
-50
-6
-28
-96
-123
-146
-96
-83
-124
-160
-232
-279
-328
-387
-455
-534
-563
-571
-575
-580
-630
-671
-697
-736
-712
-707
-677
-608
-594
-563
-548
-518
-456
-378
-276
-185
-100
-45
-38
-11
-48
-62
-8
36
59
35
16
-5
-46
-38
-20
-24
-52
-98
-97
-105
-188
-249
-312
-357
-378
-445
-454
-501
-535
-538
-514
-499
-557
-555
-509
-473
-420
-444
-457
-382
-355
-286
-317
-333
-314
-301
-267
-207
-132
-60
-20
-31
-28
-85
-155
-217
-201
-159
-151
-186
-224
-269
-274
-244
-203
-188
-195
-267
-289
-279
-256
-178
-221
-234
-272
-239
-228
-214
-176
-133
-78
-43
-65
-38
8
34
133
133
100
58
49
65
58
66
18
-28
-22
-66
-48
-72
-113
-92
-131
-68
18
71
132
170
189
232
291
338
404
501
575
631
695
724
774
824
832
853
808
765
743
738
734
700
630
588
557
542
504
373
318
284
268
275
230
155
63
29
-17
-61
-83
-85
-79
-86
-117
-157
-123
-79
-27
-46
-89
-73
-32
12
110
181
155
206
233
273
313
362
450
498
559
559
484
464
419
413
430
430
403
352
356
313
259
171
85
57
9
3
-14
-53
-69
-134
-158
-192
-270
-313
-368
-382
-340
-260
-208
-237
-228
-230
-246
-183
-154
-138
-47
-31
-17
14
30
71
106
157
226
269
236
189
179
200
189
218
237
217
201
203
233
311
349
367
334
273
258
247
247
282
217
154
102
15
-13
-41
-56
-91
-144
-266
-309
-360
-359
-367
-444
-436
-466
-483
-507
-533
-559
-621
-676
-726
-695
-658
-608
-565
-546
-447
-321
-261
-216
-212
-228
-239
-236
-230
-193
-145
-87
-17
-6
12
2
5
30
44
48
24
-43
-95
-136
-201
-218
-238
-239
-256
-293
-337
-359
-379
-463
-492
-510
-491
-490
-521
-504
-466
-480
-597
-591
-545
-504
-388
-304
-201
-157
-121
-83
-11
47
150
233
213
195
208
254
232
273
261
226
205
130
145
184
174
171
121
60
-14
-142
-176
-209
-223
-254
-307
-294
-328
-322
-236
-244
-244
-274
-310
-277
-221
-226
-161
-131
-116
-120
-159
-142
-133
-106
-86
-40
-30
-21
-38
-64
-74
-96
-71
-81
-68
-80
-81
-67
-23
62
95
90
73
122
150
166
185
193
168
138
112
166
221
290
326
318
326
275
271
233
196
175
151
152
144
144
132
120
116
140
124
98
106
90
79
40
51
95
89
87
176
214
270
351
391
425
402
392
375
344
342
295
329
338
329
339
316
306
295
270
297
307
299
320
319
374
358
330
323
336
313
275
230
218
217
184
186
145
138
104
50
72
83
67
103
54
46
46
-11
56
66
89
101
118
142
126
131
123
110
115
104
73
88
38
96
64
-27
-37
-113
-79
-112
-169
-192
-252
-267
-297
-323
-358
-395
-406
-395
-433
-423
-418
-426
-329
-330
-309
-312
-341
-276
-248
-231
-223
-160
-91
-70
-45
-51
35
93
137
171
176
179
175
175
143
112
70
-5
-20
-14
4
49
69
91
64
2
-18
12
27
32
10
-41
-69
-65
-61
-48
-29
-49
-53
16
29
79
69
52
51
-3
-5
-21
8
3
-14
-39
-53
-64
-45
-84
-113
-102
-123
-189
-183
-225
-213
-231
-273
-267
-266
-186
-210
-166
-134
-121
-89
-90
-65
-13
7
-36
-3
-16
-11
-61
-97
-124
-144
-144
-166
-115
-144
-152
-103
-36
-33
-71
-108
-154
-175
-190
-182
-157
-127
-128
-134
-145
-168
-139
-130
-89
-31
-100
-96
-129
-139
-70
-94
-78
-96
-78
-37
31
84
89
77
38
55
114
201
251
256
233
185
180
168
215
249
265
312
293
301
299
205
144
112
78
69
91
117
152
132
96
101
70
79
65
20
14
22
23
35
1
-4
-20
3
38
11
39
27
-29
-36
-98
-100
-48
-23
23
48
68
103
181
180
207
204
183
210
226
276
265
211
208
189
249
271
300
321
292
255
232
205
221
272
252
240
203
227
232
239
286
219
188
168
157
202
122
66
2
8
19
46
40
28
4
-61
6
-40
-24
-78
-107
-131
-172
-148
-157
-135
-125
-111
-50
-27
-18
18
67
113
140
154
163
203
239
286
279
229
230
193
207
192
185
211
187
231
178
149
136
97
110
68
62
24
-8
-40
-60
-111
-91
-76
-43
-15
-74
-119
-193
-176
-159
-144
-160
-159
-150
-109
-92
-40
9
36
69
56
63
81
100
123
92
90
85
115
157
114
91
67
50
49
71
107
113
102
115
113
