-2
-19
-51
-68
-90
-92
-92
-80
-63
-91
-124
-122
-111
-134
-168
-174
-44
11
-5
4
-3
2
-2
2
-1
1
-1
0
-1
0
0
0
1
0
-1
0
0
0
0
0
0
0
0
0
0
0
0
0
0
0
0
0
0
0
-1
0
0
0
0
0
0
0
0
0
0
0
0
0
1
0
0
0
0
0
0
0
1
0
0
0
1
1
0
0
0
-1
1
1
0
0
0
0
0
0
0
1
0
0
0
1
0
0
0
0
0
-1
0
0
0
0
0
0
0
0
0
0
-1
-1
-1
0
0
0
0
-1
0
0
0
0
0
0
0
0
0
1
0
1
0
0
0
0
0
0
1
-1
0
1
-1
0
0
0
0
0
0
0
-1
0
0
0
-1
0
-1
0
0
0
0
0
0
0
1
-1
1
-2
3
-5
6
-11
71
130
109
111
88
75
87
114
123
134
147
159
164
162
201
187
139
113
132
174
194
202
196
203
205
171
139
116
109
123
129
123
80
60
39
35
17
-20
-31
-10
3
53
54
9
-17
-59
-67
-93
-106
-121
-149
-238
-285
-316
-286
-242
-220
-154
-164
-141
-123
-77
-32
23
57
96
98
116
112
68
77
74
79
88
84
62
67
30
-12
-9
-4
-3
-6
-8
-7
-6
5
10
7
8
6
6
1
-2
5
12
2
-6
-9
-12
-8
-5
-6
-3
-8
-10
-21
-17
-8
-8
-10
0
-1
3
11
-2
0
7
-4
8
14
-15
-10
-2
-2
3
1
-1
0
3
11
2
0
1
1
8
8
7
-1
-5
1
5
3
0
1
9
9
-2
-17
-13
1
8
3
7
14
9
4
6
-5
3
-3
-7
5
-5
-21
-18
-3
-1
14
5
5
7
-5
-7
-2
-3
-2
4
8
-4
-7
5
-6
4
3
-13
-12
-5
3
3
5
3
8
12
24
19
16
11
15
14
7
3
3
13
17
4
3
-3
-12
1
-1
-6
-11
-15
-13
13
12
-1
1
-2
-8
-6
-7
7
15
13
7
-7
-5
-4
0
10
-2
-10
-4
1
0
1
11
10
17
4
-6
12
17
11
10
0
-5
-7
0
11
12
11
-3
6
7
0
6
8
8
15
10
2
4
6
5
1
2
1
-5
-13
-4
-2
-3
3
-1
-4
-11
-11
0
2
5
5
2
3
8
5
-3
4
1
-13
-10
-7
0
-12
-18
-3
-2
2
-1
-8
-1
11
4
4
7
4
-2
5
3
-14
-9
-3
4
6
-1
8
2
-3
0
0
8
5
5
5
-5
-1
-1
1
-11
-10
-6
1
-10
-8
-5
-9
6
-6
-8
-2
-2
6
6
3
14
10
3
6
-2
-8
-2
-6
-4
-13
-22
-3
-6
-5
0
-6
-1
-7
-17
-17
-6
3
7
1
3
6
2
3
-8
-10
-14
-16
-11
1
1
-13
-17
-14
3
1
0
-3
7
5
1
0
3
8
13
14
-1
-5
-20
-17
-3
-8
-6
-9
-10
-3
-3
-10
5
-1
4
4
-14
4
9
6
1
-9
-14
6
0
3
13
-4
0
-7
-2
10
6
2
2
4
7
-1
-5
-3
-15
-12
-3
0
4
5
-2
8
6
8
18
20
18
9
-2
-5
9
26
21
0
-9
-4
-11
-21
-22
-38
-41
-36
-30
-48
-36
-3
-4
0
-18
-16
9
-9
-11
-16
-25
-11
-11
-25
-19
-19
-17
-10
-9
15
12
6
22
14
-1
-8
-5
13
13
-11
-22
-30
-14
31
19
10
7
-10
1
7
15
9
3
2
5
2
-3
9
-13
1
9
15
12
-6
3
12
8
5
6
15
28
12
6
23
30
39
22
9
-5
6
18
12
3
-15
-32
-19
-7
-20
-38
-28
-9
18
21
24
56
41
32
22
3
0
11
13
16
20
15
-3
-11
-16
-19
-12
-11
-20
-10
-26
-31
3
-5
3
-1
0
1
-5
28
14
9
6
-5
10
26
21
15
13
-5
-16
0
-10
-19
-6
5
57
52
34
16
14
1
10
11
14
23
20
9
-9
-17
-25
-19
-4
10
5
16
-13
-14
10
21
16
-12
-3
7
2
-2
2
-15
-20
-34
-46
-60
-37
-16
-25
-21
-24
-28
-6
-7
-11
-14
-4
19
36
35
14
8
6
4
20
30
37
44
8
-55
-34
-11
-13
8
-6
8
26
13
-1
1
6
-5
5
0
-22
-22
-27
18
36
28
15
38
42
22
9
10
34
43
40
15
-13
-16
10
11
7
-6
0
11
-17
-30
-36
-27
15
10
4
43
41
12
-8
-13
17
17
-5
-12
-25
-37
3
-6
-14
-22
-59
-31
-23
-17
-14
-36
-34
-14
-1
35
24
-8
-3
-6
26
7
13
34
13
15
14
-1
2
0
-21
-28
-41
-15
-8
-12
-5
-26
-17
-7
-24
-2
-8
-27
-33
-30
-24
19
32
12
15
-6
-8
11
28
23
10
4
13
4
22
8
6
19
-2
17
-12
-36
-5
7
23
28
-35
-24
1
10
53
49
29
-9
-27
-27
7
-32
-82
-33
-17
-8
-18
-14
-27
-34
16
13
8
3
-1
23
28
22
-1
-5
-10
10
15
0
4
-4
-5
-19
-15
-12
-11
9
11
7
-24
-30
-12
-25
-30
-16
-17
11
18
-20
-11
-47
-38
-4
3
-2
-18
-13
-19
-17
-17
-47
-63
-71
-65
-30
-24
-31
-27
-27
-24
-34
-41
-46
-29
-14
-11
8
-21
-30
-46
-74
-24
5
5
12
8
-21
-45
-33
-30
-14
-6
-19
5
16
20
24
26
63
75
65
38
10
4
-23
0
-5
-24
-47
-43
-12
-14
-11
-10
-17
-13
-1
10
9
20
-2
-23
8
11
6
10
7
14
5
4
2
27
15
11
19
-5
-20
-6
3
1
-10
-16
1
-12
-9
11
9
-8
-6
-18
-13
-10
-2
2
-3
8
8
10
4
8
30
33
39
21
1
-15
-4
23
17
17
-6
4
20
23
3
-16
18
-4
-37
-41
-49
-41
-33
-18
15
10
-23
-15
-5
6
43
47
56
75
41
12
-17
-21
-28
-35
-16
11
20
-18
-28
-17
13
31
47
49
61
85
34
14
43
65
97
86
56
70
49
8
-25
-4
23
18
18
-14
-53
-67
-68
-66
-42
-27
-13
-31
-51
-17
-4
26
53
50
29
5
-1
8
30
90
116
105
94
62
46
55
77
103
125
112
90
51
55
68
45
50
55
77
88
60
68
60
58
65
41
5
-15
16
49
39
62
82
18
-25
-43
-43
1
26
7
16
-22
-72
-85
-114
-87
-49
-48
-49
-45
-22
-6
-22
12
27
0
-19
-10
26
30
28
33
5
9
-27
-22
24
-10
-16
-33
-59
-47
-16
18
47
51
32
19
28
25
20
24
15
-29
-66
-40
-12
-9
-44
-58
-55
-49
-16
-19
-51
-37
-32
-41
-25
-20
30
49
45
34
6
7
8
47
62
72
36
45
54
47
54
17
15
26
58
57
16
0
-9
-24
-28
-47
-47
-70
-84
-71
-86
-84
-60
-43
-45
-19
-17
-24
-2
-14
-5
8
-15
-4
5
-6
9
20
32
35
17
22
20
13
1
-37
-31
-3
21
67
71
45
59
65
42
47
9
-5
21
0
0
-29
-60
-77
-81
-67
-58
-58
-95
-86
-70
-74
-77
-96
-112
-133
-137
-156
-160
-159
-131
-87
-59
-82
-114
-101
-94
-55
-40
-38
1
9
-5
-25
-58
-64
-60
-67
-54
-64
-48
-38
-41
-2
4
-7
13
21
79
88
69
67
44
41
53
39
-12
-14
-47
-49
-62
-110
-106
-93
-84
-58
-50
-56
-38
-41
-39
-6
39
59
22
10
-5
-1
29
46
50
29
50
19
13
15
-7
-8
8
31
46
34
-6
-14
-21
-13
-29
-53
-69
-72
-70
-41
-24
-51
-52
-66
-48
-19
-5
-4
4
18
38
49
40
60
66
39
35
53
56
66
54
-16
-56
-93
-95
-97
-109
-120
-131
-95
-85
-88
-59
-56
-67
-63
-56
-37
-31
-11
1
45
38
39
74
92
106
95
78
86
114
132
147
177
205
210
192
161
163
146
130
134
125
99
72
28
27
6
-28
-12
-9
4
18
64
96
93
128
137
126
100
68
78
113
91
53
23
39
90
93
82
77
62
46
55
43
27
33
45
34
9
-11
-46
-35
-46
-40
-13
-63
-61
-57
-52
-34
-5
49
57
53
22
-1
-22
-35
-4
47
29
15
27
18
21
47
29
-4
-23
-49
-36
-35
-15
-11
-4
-7
-11
36
47
51
63
58
51
62
60
49
18
-9
14
26
54
71
40
31
12
-12
33
61
85
87
55
28
-3
-3
21
25
0
-17
3
-13
-4
3
-5
-12
-34
-63
-102
-91
-78
-68
-55
-86
-87
-84
-96
-72
-92
-168
-193
-194
-161
-144
-140
-145
-169
-185
-183
-174
-154
-119
-85
-88
-83
-66
-30
0
26
40
12
-2
-28
-22
-35
-49
-58
-81
-61
-57
-42
-44
-34
-17
-19
-65
-81
-58
-40
-18
-42
-20
1
33
73
96
108
115
158
149
113
85
85
102
105
94
67
73
87
67
71
73
70
74
54
66
71
85
82
31
35
33
34
70
128
161
204
227
250
257
248
209
139
96
60
33
13
4
-22
-28
-54
-90
-74
-52
-40
-52
-99
-120
-116
-124
-117
-131
-158
-179
-218
-215
-209
-188
-127
-93
-95
-87
-80
-70
-62
-64
-49
-47
-48
-48
-70
-67
-31
-16
-15
-10
-15
5
7
-1
35
48
2
-32
-54
-66
16
55
38
41
48
52
98
85
109
142
135
150
148
119
85
78
78
58
36
43
36
-6
-53
-49
-73
-76
-66
-111
-113
-126
-167
-190
-233
-254
-228
-163
-120
-130
-143
-150
-151
-118
-80
-70
-70
-42
-39
-41
-38
-68
-72
-72
-75
-53
-62
-89
-82
-112
-154
-146
-155
-180
-188
-180
-111
-71
-95
-116
-75
-50
-72
-71
-81
-47
-17
29
67
76
91
107
88
109
158
187
200
202
173
104
119
147
165
162
117
73
42
31
43
43
66
81
90
75
50
66
100
107
110
121
131
117
89
65
73
27
-36
-82
-98
-72
-69
-39
-65
-122
-157
-199
-180
-138
-157
-171
-178
-161
-118
-85
-80
-94
-120
-118
-98
-70
-19
0
40
81
97
130
161
180
191
172
139
115
42
2
3
-23
-62
-93
-133
-129
-124
-138
-156
-199
-209
-199
-190
-172
-160
-115
-80
-68
-34
-21
-12
0
-15
-27
-32
-34
-11
20
11
11
32
40
80
100
132
119
58
28
5
-18
-35
-50
-63
-43
-37
-58
-58
-80
-85
-83
-66
-37
-38
-8
37
55
89
120
130
145
163
189
200
225
205
132
101
96
124
151
134
97
105
101
70
47
28
4
-32
-27
-53
-101
-88
-77
-73
-76
-60
-44
0
-1
1
24
0
1
-14
-2
22
23
47
72
101
107
28
-26
-48
-44
-20
-53
-90
-130
-155
-161
-143
-130
-132
-103
-108
-111
-86
-42
-51
-15
10
49
130
172
193
158
136
120
118
129
173
211
227
180
155
145
142
98
35
7
-24
-62
-65
-58
-82
-96
-100
-100
-88
-83
-91
-78
-80
-109
-126
-131
-82
-28
-45
-72
-84
-90
-77
-62
-46
-65
-97
-87
-89
-75
-98
-111
-120
-144
-161
-154
-158
-186
-165
-146
-111
-73
-93
-48
7
41
63
52
77
98
110
116
158
215
224
272
290
266
293
295
300
336
352
340
296
258
208
208
197
146
135
114
87
67
52
47
46
69
115
141
132
136
130
110
106
59
29
29
22
-14
-27
-12
-19
-3
-54
-105
-124
-161
-144
-110
-100
-91
-129
-151
-147
-143
-100
-61
-15
2
-20
12
29
43
71
2
-33
-50
-44
-21
-6
-2
27
24
4
22
13
15
-4
-16
-13
-24
-33
-62
-56
-75
-105
-122
-153
-155
-180
-221
-263
-267
-255
-233
-208
-188
-192
-194
-203
-213
-178
-177
-182
-181
-197
-216
-241
-266
-229
-187
-197
-197
-201
-211
-215
-231
-244
-255
-261
-242
-226
-239
-242
-259
-266
-240
-303
-328
-340
-341
-319
-321
-324
-291
-245
-244
-227
-243
-242
-253
-284
-299
-309
-285
-291
-296
-278
-253
-238
-206
-189
-184
-180
-178
-167
-180
-179
-181
-151
-130
-140
-142
-134
-145
-134
-131
-118
-100
-133
-134
-112
-71
-68
-92
-103
-107
-109
-106
-131
-150
-138
-114
-95
-108
-129
-131
-93
-101
-99
-51
-19
-12
-29
-36
-1
42
84
112
108
111
122
150
167
174
188
180
181
197
203
227
229
246
281
291
326
335
310
285
255
213
221
211
145
127
102
83
88
50
31
19
-2
-16
-42
-67
-74
-72
-62
-49
-58
-68
-51
-41
-49
-55
-72
-51
-46
-12
20
24
45
58
83
76
67
83
77
96
93
79
44
14
0
10
35
65
113
139
150
173
200
195
185
191
242
260
287
307
315
348
380
382
397
413
389
399
407
446
432
396
344
256
206
167
94
87
83
36
11
-42
-62
-85
-102
-106
-115
-129
-124
-113
-110
-88
-112
-110
-123
-109
-81
-39
13
-2
20
30
57
94
127
130
90
63
55
68
80
65
46
72
76
91
106
140
161
173
204
207
228
207
226
261
284
267
271
278
242
243
256
266
259
277
292
269
252
251
255
259
246
234
205
134
112
170
180
197
190
190
191
169
200
211
170
105
40
41
72
88
107
108
105
78
93
103
90
93
131
144
127
121
92
71
98
105
103
108
101
112
102
100
86
89
89
56
68
20
-8
22
30
23
18
5
48
80
80
97
75
91
100
97
99
97
78
46
33
32
25
18
48
63
98
102
72
40
66
103
97
102
106
104
107
113
95
92
110
121
127
120
109
121
105
92
108
70
13
-8
-39
-57
-88
-108
-78
-66
-52
-44
-19
-8
-40
-84
-88
-88
-80
-111
-159
-182
-163
-162
-175
-190
-240
-262
-239
-230
-242
-278
-321
-338
-309
-298
-300
-300
-315
-313
-280
-243
-223
-204
-195
-152
-129
-126
-141
-158
-180
-234
-247
-202
-173
-176
-206
-219
-232
-244
-224
-237
-231
-235
-231
-167
-116
-86
-55
-52
-53
1
38
73
123
148
182
194
182
190
215
223
210
211
218
226
252
268
261
251
269
248
229
259
235
229
223
220
240
248
248
214
160
98
66
38
16
27
42
59
43
47
37
21
28
26
36
32
31
30
34
39
58
93
140
170
161
184
209
213
177
135
110
111
137
130
143
108
108
110
69
34
-11
-12
-10
-20
-14
-16
-11
0
-14
-22
-22
-11
28
59
67
74
70
83
93
85
83
124
142
158
156
139
121
85
81
71
88
80
77
119
154
179
187
172
178
152
107
117
120
167
243
253
250
249
238
255
265
251
276
295
290
286
278
257
241
266
256
221
226
252
268
256
235
212
178
153
141
161
117
72
57
32
-7
-55
-68
-90
-104
-93
-87
-82
-51
-31
-44
-48
-32
-18
10
41
77
65
61
86
96
119
110
106
66
27
37
81
113
71
37
42
62
71
75
35
2
-29
-4
33
31
23
-12
5
13
2
1
-10
-13
-19
-35
-71
-97
-92
-74
-57
-78
-87
-89
-128
-159
-162
-170
-149
-109
-117
-125
-148
-166
-176
-133
-105
-118
-113
-118
-114
-82
-57
-27
-29
-83
-130
-115
-56
-22
-30
-48
-63
-64
-32
-5
25
7
-36
-41
-43
-65
-86
-118
-153
-160
-160
-147
-144
-140
-145
-157
-189
-168
-114
-108
-104
-88
-64
-38
-9
-9
11
37
43
44
39
77
130
160
186
182
206
240
236
252
245
230
230
241
257
278
279
278
256
253
218
188
178
149
135
126
142
117
137
158
171
165
135
144
147
140
99
61
39
41
48
33
35
4
10
35
66
70
81
101
129
131
122
131
135
153
129
115
101
82
86
73
48
37
17
27
86
150
205
237
259
236
213
219
202
176
165
143
163
188
222
246
219
200
216
209
208
183
163
172
127
117
135
138
161
169
170
186
235
235
206
168
149
160
166
173
165
157
138
88
94
95
77
89
67
85
81
103
124
119
116
121
135
128
103
64
33
45
44
67
34
4
-38
-92
-87
-126
-129
-119
-138
-147
-151
-205
-211
-202
-207
-231
-250
-266
-284
-268
-255
-274
-261
-249
-272
-296
-314
-325
-303
-311
-329
-304
-296
-293
-321
-360
-373
-333
-300
-278
-274
-280
-276
-272
-242
-226
-203
-192
-176
-114
-138
-156
-124
-121
-104
-97
-101
-146
-172
-189
-230
-255
-299
-320
-301
-323
-341
-323
-352
-391
-381
-351
-341
-341
-317
-269
-254
-263
-308
-325
-323
-289
-254
-243
-245
-239
-218
-203
-180
-147
-94
-97
-81
-63
-81
-103
-104
-104
-133
-99
-75
-95
-94
-99
-85
-74
-80
-89
-79
-59
-33
-33
-59
-90
-121
-94
-78
-62
-50
-25
-4
-9
-30
-42
-25
-26
6
51
17
-15
-44
-64
-64
-66
-63
-104
-127
-132
-151
-155
-145
-118
-111
-152
-146
-91
-54
-29
3
-6
-7
21
58
96
102
90
118
134
139
118
66
40
6
-30
-37
-43
-76
-68
-71
-87
-109
-148
-163
-150
-165
-160
-136
-95
-67
-36
-18
-27
-24
-13
1
8
11
14
40
62
78
122
99
91
99
74
83
61
71
97
100
89
70
61
77
95
123
167
168
173
160
172
219
251
280
289
340
344
351
331
314
342
327
336
333
295
264
245
239
236
218
186
170
142
118
92
85
67
89
102
85
87
56
45
39
60
86
120
113
83
92
119
138
168
183
178
207
188
192
216
156
129
124
109
121
92
50
38
18
-34
-66
-90
-97
-72
-72
-126
-153
-171
-160
-124
-119
-127
-106
-78
-79
-33
-24
-5
-14
-48
-40
-39
-48
-43
-10
-17
-45
-68
-77
-77
-97
-134
-163
-160
-184
-165
-115
-108
-120
-154
-174
-170
-181
-207
-181
-145
-129
-125
-165
-226
-234
-226
-202
-147
-126
-131
-154
-146
-112
-78
-46
-43
-45
-72
-58
-2
8
-39
-93
-116
-115
-115
-120
-96
-88
-108
-119
-120
-125
-133
-159
-192
-175
-187
-162
-138
-153
-76
-35
-35
-56
-98
-138
-126
-112
-117
-96
-91
-72
-34
-50
-55
-40
-23
-43
-79
-75
-93
-83
-64
-119
-153
-190
-218
-141
-111
-103
-103
-130
-129
-78
-67
-86
-86
-96
-117
-109
-82
-57
-30
-54
-52
-55
-83
-82
-56
-41
-35
-23
-25
-6
38
24
12
8
-36
-58
-49
-73
-75
-61
-89
-72
-50
-27
-14
-29
-33
-44
-66
-21
-17
14
7
-24
16
18
41
80
82
93
120
123
96
84
109
114
106
107
71
71
84
86
92
99
100
124
146
147
152
125
96
103
112
118
124
101
69
15
-9
-23
-44
-44
-96
-92
-89
-95
-58
-63
-59
-63
-71
-43
-43
-75
-68
-87
-130
-139
-126
-79
-57
-82
-102
-115
-111
-119
-141
-149
-133
-141
-187
-205
-178
-162
-135
-136
-162
-176
-155
-127
-111
-92
-91
-68
-44
-33
17
57
81
110
124
136
100
103
92
92
96
66
32
-16
-49
-56
-65
-75
-102
-114
-98
-83
-106
-146
-192
-222
-224
-249
-239
-217
-197
-171
-162
-123
-80
-63
-54
-82
-82
-56
-12
26
33
21
-16
-26
-23
-6
27
38
77
95
89
64
48
55
41
20
7
19
-3
-18
19
40
60
86
37
37
37
81
80
56
48
54
88
61
44
30
4
-3
-9
-54
-112
-129
-142
-142
-130
-145
-124
-116
-92
-66
-100
-112
-111
-107
-104
-92
-128
-164
-146
-145
-142
-124
-101
-76
-68
-60
-49
-47
-49
-43
-5
4
20
36
24
51
65
72
98
78
45
57
60
71
91
108
128
158
199
204
189
158
158
164
162
152
128
135
122
109
121
104
99
101
77
45
23
7
-4
27
45
43
23
-7
-30
-53
-60
-70
-94
-100
-121
-162
-168
-171
-168
-128
-149
-156
-161
-180
-151
-126
-112
-92
-89
-101
-96
-65
-67
-99
-79
-65
-36
-4
-11
-48
-66
-36
-61
-44
-31
-21
8
28
29
-14
-11
8
39
44
32
31
11
-2
14
37
60
101
91
82
123
122
126
139
121
92
110
144
167
181
177
146
86
41
47
58
57
57
47
22
-20
-46
-16
-1
6
-16
-31
-18
10
58
96
71
67
67
60
82
85
108
141
177
178
173
180
177
223
270
251
228
215
217
221
191
199
223
209
208
164
117
117
102
120
106
62
52
48
47
40
33
22
21
-14
-36
-49
-49
-58
-35
-18
-6
30
23
6
2
11
1
-26
19
31
11
-6
-20
-6
2
20
21
15
16
6
44
82
89
107
85
61
61
42
67
81
72
84
69
30
24
10
-1
-11
-52
-68
-72
-55
-56
-71
-99
-151
-176
-161
-166
-157
-120
-112
-77
-63
-55
-36
-47
-25
-7
-7
-40
-68
-47
-8
28
34
42
29
66
85
134
202
197
207
199
176
183
189
176
205
201
179
171
139
137
140
127
115
82
42
-1
-8
0
-4
-22
-53
-58
-64
-77
-86
-100
-108
-86
-78
-75
-104
-136
-143
-139
-141
-161
-158
-180
-184
-171
-170
-116
-45
-44
-37
-57
-85
-83
-72
-55
-93
-127
-128
-111
-91
-112
-142
-170
-189
-156
-128
-122
-151
-188
-205
-204
-203
-166
-171
-176
-229
-265
-255
-247
-253
-284
-311
-328
-324
-316
-270
-264
-263
-264
-218
-162
-156
-139
-132
-129
-98
-105
-109
-99
-101
-106
-94
-83
-90
-93
-92
-115
-149
-148
-124
-112
-117
-128
-168
-177
-165
-169
-182
-204
-210
-213
-230
-212
-196
-161
-150
-162
-135
-97
-78
-59
-84
-97
-60
-23
15
50
51
53
64
65
84
91
90
129
135
120
104
69
58
46
44
43
48
47
74
98
130
127
92
102
76
99
131
114
120
159
150
159
143
110
97
94
111
82
49
20
27
47
72
102
112
85
51
26
7
11
53
52
60
42
-14
-2
19
11
20
32
44
29
-14
-19
-21
13
27
12
-14
4
21
12
31
60
55
21
4
20
1
8
-2
11
35
-1
3
-7
-18
-5
14
55
68
105
101
93
67
21
31
64
90
54
-5
-58
-59
-28
-29
-10
-21
-36
-53
-78
-89
-115
-121
-109
-39
-24
-29
-30
-44
-49
-73
-42
-14
2
2
-17
-59
-67
-66
-73
-63
-54
-76
-117
-119
-117
-113
-107
-111
-137
-146
-126
-91
-71
-83
-98
-95
-76
-89
-118
-127
-104
-74
-36
11
2
11
43
64
77
79
98
109
118
105
104
112
99
107
115
88
71
56
42
35
37
15
-20
-39
-43
-41
-8
-9
-48
-31
-58
-87
-50
-44
-51
-67
-93
-108
-126
-116
-119
-147
-349
-147
195
-30
-122
-131
-198
-43
21
-83
-67
37
-32
-99
-32
13
-35
-5
78
91
49
77
78
23
21
7
-18
6
36
23
19
63
102
79
41
23
13
-7
17
32
39
52
61
85
119
93
47
19
1
-12
-31
-61
-86
-55
-47
-50
-71
-103
-91
-85
-74
-67
-92
-130
-149
-182
-174
-134
-126
-118
-135
-111
-76
-98
-98
-73
-95
-104
-149
-172
-117
-111
-114
-101
-92
-108
-97
-91
-121
-131
-117
-158
-216
-206
-185
-174
-136
-134
-155
-148
-159
-168
-161
-181
-178
-154
-128
-126
-163
-183
-173
-128
-114
-106
-109
-140
-161
-158
-200
-237
-239
-241
-214
-204
-224
-230
-221
-213
-191
-163
-199
-213
-197
-166
-171
-209
-193
-189
-181
-153
-131
-129
-132
-151
-148
-141
-117
-64
-43
-22
5
-1
4
42
65
108
139
141
170
205
208
207
214
215
268
322
348
356
362
356
304
290
220
156
166
171
190
191
166
141
114
133
157
118
79
58
70
93
77
75
50
36
37
27
58
73
50
31
2
-2
12
37
52
48
31
56
73
64
98
67
55
67
71
77
89
81
52
47
53
54
89
127
83
51
66
32
0
-19
-36
-36
0
22
30
43
49
29
-17
-24
-26
-18
-5
5
25
-2
-14
6
18
29
10
3
34
67
88
89
89
69
110
150
141
137
96
60
60
86
112
116
118
117
109
127
95
84
93
85
67
64
78
59
70
71
61
78
100
129
129
110
100
69
85
67
29
62
95
93
30
-34
-37
-63
-57
-29
-47
-37
-75
-80
-78
-87
-75
-58
-33
-8
-19
-30
-5
24
12
17
10
4
38
50
49
70
70
65
73
54
33
19
7
7
38
11
2
2
-43
-74
-100
-154
-173
-124
-109
-163
-167
-190
-196
-125
-104
-125
-110
-67
-67
-58
-32
-43
-64
-74
-76
-82
-85
-96
-109
-74
-103
-128
-122
-131
-128
-123
-146
-131
-99
-113
-93
-43
-1
11
34
10
32
70
57
86
70
76
79
94
134
171
196
163
183
228
206
223
204
149
149
166
224
263
253
206
186
227
234
224
201
182
209
259
279
232
194
154
193
214
265
323
284
227
213
212
204
196
169
107
57
28
36
62
61
72
71
29
3
10
35
26
6
25
15
28
-6
-34
-11
-10
25
65
80
112
83
59
52
37
33
6
-27
-30
-17
-27
-20
-20
-12
51
79
62
54
38
36
39
115
207
225
223
223
230
237
232
247
270
296
334
342
278
281
281
238
238
241
255
253
209
203
228
236
256
247
229
230
215
189
172
139
134
134
144
112
90
75
69
73
74
83
86
101
101
97
93
75
83
90
118
111
129
143
126
135
99
78
88
99
103
117
121
92
100
96
86
33
-2
-46
-58
-11
28
37
57
98
87
109
139
105
124
136
74
70
88
99
164
173
169
146
117
113
116
141
111
65
42
47
15
16
9
-15
-38
-91
-110
-119
-134
-106
-62
-44
-9
-7
-20
6
40
69
94
78
90
94
107
109
89
84
64
50
72
69
71
25
-50
-51
-58
-34
-21
-54
-57
-36
-27
14
28
26
38
61
117
170
188
160
184
233
234
251
260
225
246
255
254
249
234
204
200
224
230
245
207
158
108
57
48
80
89
70
78
58
38
28
26
36
54
55
44
61
99
87
88
99
89
106
127
129
114
117
121
92
66
46
18
13
17
-33
-65
-60
-65
-55
-4
11
5
3
-45
-49
-34
-22
-34
-49
-61
-55
-38
-51
-59
-78
-89
-114
-141
-185
-172
-148
-168
-189
-189
-151
-106
-106
-143
-155
-126
-103
-81
-54
-65
-59
-15
-14
-1
-14
-21
6
6
-25
-49
-32
-16
8
-3
-11
-9
20
24
5
2
8
42
29
12
47
45
52
60
71
78
37
13
-10
-66
-115
-126
-100
-107
-82
-22
4
39
90
115
131
138
146
149
171
205
237
225
186
139
100
95
82
72
78
69
47
9
-29
-28
16
33
31
51
22
22
8
2
40
75
60
52
78
93
126
145
175
199
193
191
139
95
86
69
50
87
108
112
119
120
113
79
60
41
44
49
57
52
60
90
85
106
94
101
116
121
155
143
127
122
91
115
141
144
136
117
72
69
102
85
54
24
13
13
30
60
64
78
82
113
164
193
216
229
216
208
206
221
216
208
230
223
268
275
228
180
86
87
114
104
83
0
7
67
86
59
-23
-67
-87
-100
-81
-85
-108
-157
-220
-216
-166
-91
-91
-107
-112
-132
-91
-85
-62
-108
-160
-143
-129
-74
-44
-75
-121
-67
26
53
-24
-141
-173
-114
-87
-122
-174
-214
-179
-128
-133
-161
-234
-294
-317
-283
-313
-290
-386
-328
-260
-316
-294
-368
-256
-199
-217
-226
-315
-297
-267
-281
-246
-264
-250
-250
-252
-234
-271
-271
-233
-208
-186
-173
-212
-226
-217
-193
-192
-151
-85
-92
-92
-110
-77
-46
-69
-67
-87
-88
-113
-143
-115
-94
-75
-101
-122
-129
-109
-88
-98
-115
-79
-89
-117
-115
-136
-141
-151
-173
-142
-154
-152
-169
-195
-157
-178
-146
-127
-115
-130
-167
-156
-101
-57
-51
-60
-84
-78
-52
-54
-90
-90
-97
-92
-46
-40
-92
-121
-132
-89
-68
-31
-25
-52
-58
-48
-27
-20
-50
-37
-45
-44
-10
-28
15
-7
-30
-48
-46
-12
-11
-4
-31
-23
32
63
67
52
64
-75
-78
226
218
4
-214
-183
186
294
47
-175
-114
109
147
11
-43
-72
-78
-31
26
32
-31
-46
-54
3
35
-31
-33
-6
-59
-19
32
-11
-48
-130
-170
-56
15
-28
-36
-75
-28
-8
-14
-25
71
76
149
105
169
167
112
181
48
196
164
176
136
123
155
167
120
139
133
91
134
115
95
72
67
30
17
3
-3
11
57
71
53
60
51
77
93
56
48
24
82
112
75
29
-22
30
43
28
-5
-51
-47
-36
-44
-38
-46
-62
-69
-76
-84
-62
-54
-52
22
-28
-3
-12
1
59
-17
4
-54
-9
-45
-136
-165
-171
-146
-168
-187
-223
-262
-227
-187
-123
-166
-249
-200
-173
-111
-94
-42
-10
-32
-40
-20
80
125
96
57
32
-2
-36
-43
-42
-100
-140
-139
-78
-11
-66
-54
-43
-50
-89
-183
-129
-164
-243
-169
-95
-12
-14
-119
-99
-92
-95
-91
-74
-93
-110
-89
-77
-27
-96
-169
-133
-71
-49
-90
-143
-218
-251
-228
-245
-225
-203
-211
-166
-182
-215
-163
-153
-151
-121
-125
-133
-131
-154
-162
-153
-139
-110
-124
-135
-170
-186
-189
-206
-192
-221
-249
-262
-247
-242
-235
-247
-238
-205
-233
-234
-234
-206
-184
-126
-56
-6
41
19
-42
-40
26
-18
-33
-54
-102
-100
-73
-20
19
0
-72
-172
-184
-103
-16
38
9
15
29
35
69
100
89
68
88
88
82
86
44
84
169
221
195
133
92
68
44
44
10
-16
-31
-33
8
17
10
0
9
16
8
20
30
22
12
6
-18
9
-86
-10
-10
-39
70
29
102
114
82
48
19
38
28
20
36
6
38
49
41
31
-4
18
73
66
118
145
200
240
207
216
249
245
245
142
127
175
106
339
262
165
-15
-31
61
25
-28
-104
-87
-36
-82
-69
-15
27
36
49
71
62
66
68
99
135
150
191
206
156
118
112
97
120
107
111
97
121
106
94
90
-64
31
42
2
-130
-191
-215
-28
-33
-160
-100
-161
-40
-97
-160
-166
-220
-262
-197
-154
-163
-190
-201
-152
-111
-84
-46
-11
23
48
76
135
104
19
83
50
133
107
98
169
73
32
44
129
176
59
40
55
161
176
34
40
90
178
168
170
163
109
92
85
148
140
110
87
38
6
16
-2
-4
-41
-60
-38
11
14
-42
-68
-109
-123
-145
-220
-235
-255
-259
-220
-210
-153
-151
-139
-130
-112
-74
-84
-89
-147
-215
-242
-211
-227
-216
-236
-256
-234
-216
-192
-261
-264
-216
-214
-168
-214
-170
-152
-187
-191
-182
-135
-144
-121
-50
-133
-169
-170
-65
14
-138
-123
-42
132
122
-20
-40
-48
-14
-88
4
184
190
72
-163
-106
20
196
256
70
68
-124
135
187
128
151
-29
141
143
179
217
174
209
66
57
89
75
172
44
147
117
107
109
54
119
-30
96
72
148
138
-4
29
139
122
55
76
46
153
50
49
44
-2
0
11
119
183
197
229
221
206
212
236
247
266
293
287
302
296
229
162
139
86
98
123
174
175
128
83
47
80
114
208
211
113
16
56
133
191
115
-40
-26
39
172
134
-46
-140
-63
163
128
73
164
278
351
264
-7
-18
287
363
217
-42
43
425
384
225
71
-7
125
37
0
38
157
190
99
116
-21
47
167
276
259
37
64
160
284
195
13
57
93
127
37
-30
8
48
166
222
88
-63
-20
43
166
109
-45
-13
34
155
156
87
60
11
14
38
92
128
106
45
-74
-97
-60
-26
-14
-47
-89
-134
-97
-21
19
-13
-95
-100
46
188
122
-54
-166
-50
146
167
37
-73
-32
18
46
39
12
-2
-73
-54
-24
-30
-62
-103
-65
-99
-128
-61
4
2
-87
-114
-68
37
0
-106
-129
-93
-5
-10
-34
-99
-156
-142
-30
14
-57
-95
-83
-50
-52
-87
-95
-80
-103
-140
-121
-133
-172
-201
-243
-259
-295
-318
-328
-318
-308
-321
-274
-233
-220
-214
-245
-216
-182
-169
-151
-133
-105
-100
-96
-54
-11
-20
-29
-21
37
80
85
68
42
45
11
-7
8
17
-11
-29
-40
-26
-45
-59
-32
-9
-32
-85
-131
-116
-49
-72
-115
-141
-175
-186
-183
-181
-167
-152
-140
-184
-212
-202
-202
-177
-165
-202
-232
-226
-210
-216
-296
-325
-309
-280
-281
-285
-295
-265
-193
-141
-112
-94
-139
-195
-181
-186
-195
-220
-196
-168
-128
-101
-96
-59
-63
-44
-31
-8
-14
-35
-43
-25
5
19
68
88
145
198
174
173
196
232
235
208
186
200
259
260
263
231
244
266
226
221
253
268
275
309
254
170
246
295
323
270
244
296
301
298
230
168
190
240
235
211
218
223
243
251
217
185
241
298
276
237
231
224
254
209
175
159
169
181
142
110
97
112
76
53
0
17
50
64
70
99
162
195
204
214
200
195
239
217
182
195
208
204
197
129
96
116
125
139
113
104
129
120
128
101
105
129
153
149
121
85
91
160
172
173
150
141
126
132
112
69
63
83
71
23
-11
-27
-34
-56
-55
-42
-27
-48
-74
-101
-103
-125
-101
-76
-118
-99
-113
-121
-95
-87
-93
-148
-165
-122
-125
-157
-194
-227
-203
-198
-207
-202
-200
-215
-237
-261
-259
-244
-231
-242
-259
-231
-223
-222
-214
-189
-158
-167
-188
-255
-265
-246
-262
-236
-265
-285
-270
-264
-226
-238
-282
-322
-330
-304
-290
-270
-292
-315
-319
-353
-373
-386
-333
-281
-277
-273
-287
-265
-255
-260
-244
-160
-94
-60
-80
-118
-125
-124
-75
-38
-56
-79
-58
-45
-56
-95
-130
-150
-153
-175
-245
-225
-206
-225
-242
-280
-300
-235
-207
-221
-208
-207
-135
-101
-96
-77
-89
-86
-64
-53
-78
-81
-79
-82
-32
-35
-28
15
32
52
28
22
55
22
-38
-75
-90
-58
-24
-15
-38
-36
-26
-48
-38
25
45
60
55
56
89
120
134
154
200
213
222
223
240
266
192
171
171
169
165
149
146
128
129
127
87
101
141
172
190
162
111
138
127
109
125
131
95
11
0
1
59
38
-13
-10
10
5
-47
-60
-74
-60
-61
-92
-124
-104
-82
-47
-11
-29
-31
-30
-39
-27
-50
-47
-23
-43
-42
-68
-59
8
-25
-61
-78
-59
-5
41
70
82
87
66
60
84
113
122
145
149
109
96
118
154
150
126
92
112
143
113
110
128
149
164
139
131
107
65
25
-19
7
12
-4
7
35
68
100
86
94
118
126
176
209
216
220
209
140
98
112
125
145
152
103
85
88
102
107
38
11
1
21
34
12
-25
-50
-79
-131
-155
-164
-153
-126
-171
-221
-237
-219
-236
-247
-276
-298
-285
-266
-290
-287
-307
-348
-316
-330
-309
-311
-331
-330
-338
-335
-315
-328
-319
-302
-318
-277
-252
-220
-152
-144
-164
-177
-152
-113
-122
-175
-226
-224
-176
-158
-166
-193
-216
-189
-165
-152
-153
-149
-132
-130
-114
-94
-69
-46
-43
-74
-84
-24
28
34
80
92
64
45
11
21
9
0
20
21
25
-2
-21
23
83
71
53
23
13
39
82
131
129
102
44
6
49
79
54
20
27
46
65
88
92
114
145
139
158
193
185
143
101
130
157
188
155
128
160
166
213
226
201
160
148
141
140
146
116
59
26
55
94
102
65
46
51
81
124
138
197
210
195
167
116
125
156
191
223
197
148
83
14
8
-28
-49
-26
23
11
-55
-86
-96
-57
-37
-42
-27
-26
-44
-32
17
80
91
66
53
58
50
10
1
-7
0
4
27
59
27
8
19
65
98
83
101
107
71
49
32
60
111
96
76
79
106
116
94
106
125
120
131
184
146
118
134
153
189
200
198
200
196
199
194
209
273
272
253
236
198
194
215
199
192
175
161
199
199
165
154
137
132
93
77
84
88
95
95
92
100
112
119
128
108
114
106
105
121
108
85
41
-20
-16
38
74
83
59
-5
-13
1
-24
-49
-46
-26
-42
-15
-23
-32
-6
7
3
49
83
67
86
72
87
126
143
143
158
173
171
197
182
154
149
126
99
61
49
51
40
24
-6
-3
63
55
46
32
20
37
40
40
40
75
82
65
61
46
67
95
65
69
95
91
109
89
42
33
19
31
73
103
108
89
87
92
105
110
109
121
130
125
98
41
35
49
58
47
17
-33
-59
-44
-41
-47
-51
-34
-24
-19
-13
-9
-24
-35
-51
-66
-69
-91
-111
-90
-47
-21
-9
-34
-80
-86
-78
-84
-108
-112
-117
-150
-167
-151
-154
-167
-168
-155
-130
-79
-80
-81
-50
-50
-14
-22
-34
-44
-52
-66
-62
-55
-62
-54
-90
-84
-35
0
-10
-20
-6
12
56
68
66
94
101
101
126
146
149
112
117
168
228
265
251
227
206
207
170
167
201
222
184
108
92
109
101
118
118
91
68
46
64
108
150
138
162
153
168
185
181
193
181
215
239
282
333
359
371
366
347
330
350
353
390
396
374
366
347
372
404
388
388
397
367
360
335
328
358
353
304
259
222
186
173
170
150
133
109
94
133
141
137
98
72
121
116
97
92
102
91
98
50
24
65
62
45
-1
-28
-11
-2
-31
-43
2
49
13
2
12
28
42
13
-24
-49
-33
-14
22
42
25
-60
-108
-120
-163
-141
-161
-141
-116
-131
-98
-100
-91
-120
-123
-119
-97
-52
-72
-91
-67
4
56
94
71
43
30
2
9
29
60
96
67
35
7
-53
-60
-48
-46
-17
14
30
31
21
9
-49
-65
-12
-1
46
83
19
44
34
-8
37
45
21
109
112
142
138
71
86
44
25
32
40
43
68
87
56
55
68
43
47
57
40
94
93
98
115
127
80
43
41
50
71
82
73
10
-25
-25
0
16
26
9
-12
9
40
24
-6
-11
-10
-16
-28
-36
-23
14
44
62
49
7
25
1
-16
1
9
19
35
-20
-30
-70
-110
-54
-22
-20
-45
-78
-146
-95
-79
-117
-71
-62
-22
12
-20
-22
39
68
89
98
79
112
111
112
134
145
127
115
157
178
173
158
123
114
144
106
76
103
124
200
182
137
181
152
121
88
77
160
151
74
27
-29
-7
-8
-37
-39
-65
-68
-28
-78
-104
-91
-127
-99
-126
-130
-115
-140
-148
-137
-153
-96
-83
-91
-91
-178
-197
-176
-178
-93
-44
-37
-32
-72
-80
-63
-73
-26
-34
-90
-37
-84
-96
-90
-140
-118
-144
-114
-83
-38
-82
-90
-88
-88
-104
-160
-185
-163
-106
-82
-66
-185
-238
-260
-315
-199
-207
-175
-194
-196
-146
-161
-213
-259
-316
-322
-273
-252
-188
-198
-172
-155
-196
-166
-231
-184
-112
-161
-121
-181
-236
-213
-218
-222
-149
-234
-208
-206
-181
-88
-85
-32
11
-31
-89
-1
3
72
80
52
60
78
59
82
16
-102
-16
-126
-11
13
-90
-86
-95
-106
-9
-22
-26
91
0
120
116
133
220
109
91
145
142
266
285
192
271
144
219
199
130
137
43
34
76
31
62
23
-28
-2
-25
20
-2
1
10
-37
-37
-45
-55
-113
-75
-23
62
23
33
15
-25
57
-27
-94
-58
-77
-56
28
-59
17
-69
-155
-72
-277
-170
-192
-230
-162
-150
-341
-145
-312
-439
-455
-697
-510
-504
-472
-494
-500
-578
-508
-460
-663
-547
-577
-686
-387
-501
-436
-334
-406
-361
-349
-419
-418
-402
-408
-338
-368
-296
-345
-381
-407
-378
-289
-402
-289
-308
-396
-323
-501
-408
-365
-365
-223
-171
-144
40
39
215
213
320
411
472
610
680
784
955
981
1166
1214
1236
1441
1340
1557
1619
1616
1739
1707
1700
1665
1493
1488
1332
1148
1082
883
840
634
452
379
275
187
243
-119
-124
-191
-460
-109
-491
-382
-313
-555
-426
-366
-667
-408
-430
-452
-241
-498
-453
-471
-372
-439
-421
-537
-368
-440
-456
-193
-616
-434
-647
-911
-553
-833
-790
-705
-901
-815
-1111
-1041
-1033
-1169
-1112
-1216
-1436
-1218
-1313
-1435
-1171
-1473
-1357
-1485
-1519
-1479
-1579
-1538
-1592
-1786
-1829
-1879
-1928
-1789
-1855
-1835
-1667
-1544
-1509
-1370
-1475
-1317
-1293
-1184
-919
-651
-377
1
49
373
577
633
1047
1021
1353
1638
1677
2075
2073
2102
2223
2033
2144
2163
2080
2218
2065
2006
2026
1724
1678
1304
1026
911
646
623
430
309
159
18
-84
-236
-216
-66
-197
-82
-108
-172
48
168
108
276
250
162
556
475
531
977
606
955
1003
785
1181
1025
1016
1166
1123
828
1464
761
837
1598
-20
1287
711
17
984
289
80
548
-45
117
-461
197
-896
-514
-200
-1175
-237
-1310
-941
-1129
-1537
-1104
-1401
-1564
-1045
-2000
-1090
-1719
-1340
-1646
-1481
-1382
-1987
-916
-2035
-1331
-1407
-1977
-1351
-1699
-1787
-1568
-1870
-1846
-1682
-1781
-1505
-1744
-1732
-1681
-1549
-1597
-1413
-1380
-1366
-1219
-1251
-971
-811
-482
-414
-196
-105
153
201
560
618
913
1120
1183
1464
1560
1641
1781
1885
1889
1976
1931
1972
1997
1905
1899
1616
1570
1352
1158
1121
811
777
678
607
964
673
561
585
134
512
140
341
269
379
438
495
495
543
527
887
506
1184
863
815
1277
786
935
1394
840
1193
1322
532
1349
652
1004
812
787
861
504
687
729
273
404
380
-135
459
-57
461
-779
608
-844
-144
-301
-829
-215
-1255
81
-1813
114
-1823
-435
-1216
-1405
-530
-2107
-647
-1632
-1256
-1341
-1225
-1435
-1232
-1293
-1606
-1278
-1385
-1727
-1096
-1850
-1589
-1145
-2069
-1339
-1782
-1967
-1672
-1950
-1882
-1880
-1983
-2029
-1744
-2040
-1591
-2002
-1670
-1778
-1613
-1394
-1341
-766
-999
-485
-528
-301
-36
202
304
681
837
889
1326
1317
1506
1623
1517
1714
1542
1672
1581
1554
1543
1439
1283
1163
1128
1251
1375
1165
1600
748
1666
881
1138
1475
692
1614
867
1393
1217
853
1754
671
1418
1368
431
1847
386
1816
607
1501
678
1006
1300
300
2186
-492
2334
-509
1723
287
742
906
350
1185
109
1018
74
560
616
193
258
525
-339
700
-258
464
-252
222
65
-464
243
-557
-601
99
-1395
-140
-481
-1425
269
-1895
-629
-894
-1590
-577
-1069
-1709
-1026
-1309
-2199
-535
-2018
-1728
-1039
-2192
-1039
-1939
-1395
-1833
-2100
-1547
-2769
-1475
-2604
-2054
-1863
-2656
-1521
-2726
-2082
-2014
-2220
-1774
-1713
-1692
-1556
-1243
-1506
-879
-839
-611
-334
-175
-18
337
639
691
1162
1002
1315
1458
1493
1751
1601
1736
1597
1784
1701
1763
1929
1725
1795
1685
1636
1557
1771
1415
1695
1437
1272
1837
898
1875
909
1620
1049
1568
1064
1356
1121
1067
1133
1166
1419
823
1973
211
2019
305
995
1611
139
1899
984
705
2033
299
1472
1000
430
1384
31
1719
-181
1471
396
400
1202
-617
1460
-609
813
278
-314
1053
-793
642
-661
-484
70
-1430
224
-977
-1190
-594
-1603
-1135
-1080
-1740
-1274
-1517
-1584
-1692
-1369
-1965
-1350
-1707
-1606
-1706
-1057
-2381
-943
-1990
-1869
-1701
-1607
-2137
-1642
-1964
-2773
-732
-3619
-1103
-2718
-2643
-1355
-3296
-1711
-2441
-2763
-1846
-2306
-2031
-1530
-1962
-1419
-1615
-1157
-1253
-807
-711
-448
-206
-96
470
195
900
585
1034
1122
1152
1536
1544
1585
1881
1643
1550
2054
1177
2344
1594
1865
2246
1161
2273
1468
1696
2136
1375
1872
1688
1618
1491
1695
1392
1572
1399
1381
1131
1468
1249
1090
1436
1104
1469
1452
1339
1276
1447
1087
1661
1375
1274
2111
1053
1877
1433
518
2592
85
2515
647
390
2644
-868
2308
282
180
1585
-193
1391
-286
704
-131
-339
518
-1314
688
-1182
-175
-510
-1445
-303
-1516
-1203
-967
-1377
-1768
-362
-2898
-947
-2157
-1950
-1316
-2025
-1698
-1699
-1861
-1642
-2619
-1560
-2454
-1672
-2089
-2270
-1736
-2509
-1661
-2357
-1918
-2152
-1896
-2280
-1996
-1963
-2037
-1671
-1914
-2007
-1883
-1884
-1792
-1469
-1472
-1326
-1080
-1253
-976
-777
-716
-221
-417
31
265
170
700
440
945
988
870
1336
1263
1697
1830
1793
1902
1887
1736
2181
1789
2286
1972
2019
2127
2071
1817
2172
1767
1684
2178
1280
2611
886
2617
938
2420
1722
1723
1932
694
2380
728
2664
1542
1551
2303
940
2377
912
2235
1114
1309
2658
-157
3639
-581
2646
245
670
1450
-63
1499
41
634
-89
45
196
-331
-131
-397
-469
-906
130
-1389
-705
-1400
-1472
-308
-1991
-452
-2184
-1155
-1358
-1340
-1821
-1202
-1997
-1943
-608
-3096
-765
-2032
-1946
-712
-2321
-1392
-1240
-1966
-1279
-1943
-2295
-1160
-2071
-1995
-1389
-2079
-1908
-1240
-2528
-1650
-2010
-2371
-1639
-2505
-1814
-2346
-1944
-2312
-2016
-2523
-1960
-2257
-1992
-1934
-1950
-1440
-1804
-1226
-1365
-1225
-558
-801
-122
90
2
594
630
706
1244
1122
1054
1781
1237
2230
1896
1986
2212
1639
1976
2249
1850
2304
2003
1888
2176
2186
2013
1569
2499
1021
2300
1911
1106
2704
716
1833
2358
585
2554
1043
1207
2066
1406
1322
1863
1394
1036
1590
910
1927
1044
1561
1499
655
1827
568
1087
1143
730
1022
647
703
314
563
-435
1153
-229
125
631
-1296
503
-466
-1069
198
-1487
-791
405
-1446
-462
-1249
-1867
-1337
-659
-1816
-487
-1335
-578
-1603
-1153
-1455
-1381
-685
-1849
-547
-2572
-254
-1149
-1750
-759
-1953
-1522
-1114
-1720
-1269
-1342
-2322
-1226
-2447
-1752
-2427
-2289
-2045
-2387
-1993
-2641
-2277
-2216
-2394
-2253
-2146
-2269
-2173
-1991
-1533
-1942
-751
-1841
-859
-770
-1138
483
-110
620
655
500
1099
1208
1231
1928
1810
1941
1919
2239
2118
2313
2458
1669
2837
1760
2420
2489
1861
2785
1656
1859
2185
911
2687
1142
1701
1890
1239
1512
1203
1844
828
1638
666
1859
1368
1591
1611
898
1322
464
1709
1009
1975
2278
-117
2516
812
-615
3455
-409
2221
2395
-778
2285
566
744
1141
-270
138
432
197
-150
1386
-2125
692
-478
-2209
1771
-3086
83
-888
-1769
-174
-1778
-1465
-1583
-1323
-1342
-1223
-1374
-2202
-1649
-1835
-2046
-2169
-2082
-2018
-1394
-2942
-2263
-1832
-3707
115
-3142
-1945
-906
-3723
-1351
-2920
-1961
-2052
-2151
-2237
-3074
-2176
-3462
-1557
-2950
-2709
-2064
-3546
-1252
-1785
-2512
-987
-2684
-964
-2028
-1048
-760
-682
145
70
-138
501
258
307
2541
527
2710
1877
1739
2625
1952
2466
2650
2488
2229
3313
2148
3400
2378
1431
3363
1173
3070
2241
1224
3243
1118
1996
1633
1005
2015
1064
1685
1348
711
1608
1045
1273
2213
1610
-617
1914
-148
1188
2066
1372
2163
205
1268
280
1366
1068
1160
666
542
1672
1627
688
2412
-711
-76
1938
-1201
3627
-1234
781
534
-2175
1849
-1191
-1062
812
-2848
871
-394
-1992
-1250
-470
-4442
581
-2157
-3487
2432
-5510
645
-3098
-3129
-1467
-1782
-3830
299
-4395
-1924
64
-5281
-813
-4208
-2816
-1101
-944
-4106
-139
-4989
-3060
-787
-5957
440
-4243
-3139
-1599
-4406
-2090
-1827
-4077
-1248
-2859
-2513
-844
-2216
-1068
-1592
-1014
-1126
661
-557
1270
1214
1559
2031
1505
2734
2693
3663
3527
3987
3712
4228
3528
4456
4117
3623
4033
3104
4015
3702
2669
3045
3533
1170
2618
2522
-474
4166
369
642
3240
171
441
1306
1891
-984
3817
200
427
3489
-2273
2009
719
1514
3090
-1030
2366
233
789
2476
756
1929
644
2679
865
2594
2099
-255
1800
52
3156
-777
3697
300
-1219
3364
-4365
3433
-326
-1249
1154
-1054
-673
-1645
-1779
-2454
267
-2338
-1532
-3113
-1939
-3579
-321
-4427
-3278
-2190
-5908
-1476
-4151
-3532
-2433
-4905
-3486
-3640
-4116
-2484
-6040
-3213
-5551
-2951
-2530
-4886
-3273
-5579
-4508
-6002
-2926
-5089
-3206
-2346
-4204
-1362
-4151
-2633
-3427
-2943
-1510
-122
-305
941
968
-715
859
1012
1646
3602
4320
4665
5154
4456
4324
3910
5060
4424
6054
6225
5566
5953
4259
3975
3785
3471
4191
4276
3005
3588
2820
1083
2072
-126
451
1597
515
1658
544
724
-485
-263
-237
-433
1267
850
1341
513
830
89
856
1933
907
2337
1936
2544
3015
1768
1665
1846
2486
3768
2045
3893
1775
2050
2144
800
2039
1775
1077
1269
2521
-1088
1565
-2551
-1586
432
-2352
-111
-1552
-1732
-2618
-3759
-4138
-3555
-3874
-3676
-3526
-3779
-4629
-5091
-5841
-4902
-3898
-5540
-5488
-4791
-6072
-5901
-4567
-7391
-4678
-6057
-6383
-4295
-5754
-6995
-5596
-4959
-4471
-949
-4142
-4003
-3504
-5341
-2381
-961
182
2200
1104
689
1481
1749
2485
4725
4819
6062
6194
5772
6229
5943
5564
5686
6863
7043
7027
6625
5322
4817
3771
3213
3793
3903
3901
3127
1664
1019
-37
-419
470
1128
796
232
270
-1286
-602
-731
-893
1448
757
674
596
906
881
599
1375
1805
2877
3372
4228
2948
2941
2168
2072
4392
4252
5165
4121
3906
2824
1390
2455
2964
3601
3030
1762
916
-481
55
-519
-1356
1028
-2524
-800
-1127
-4767
-3014
-4723
-5554
-2647
-3771
-4921
-3270
-7050
-6914
-6555
-6791
-3848
-6749
-5792
-5598
-7292
-6283
-6600
-7990
-7153
-6369
-7190
-5671
-6199
-6772
-5308
-3961
-3784
-4679
-4556
-4799
-3063
-804
-438
1696
1050
62
1111
1354
3947
5422
5397
6232
5972
5206
6729
6772
6510
7719
6377
6850
7300
5887
6097
4746
4747
4192
3670
3750
2824
1899
1145
248
12
85
-423
-347
-852
-1190
-1507
-1321
-1395
-746
-999
-526
-14
164
1320
703
1633
2380
2925
3640
3965
3255
3731
4413
4535
6137
6410
5439
4540
3998
3530
4292
4366
4374
3913
2357
2205
1752
1506
636
-443
-887
-1624
-1929
-1314
-2308
-4103
-4862
-5291
-5101
-3823
-3340
-5803
-6435
-6994
-8412
-5478
-5640
-5891
-6760
-8771
-8249
-7888
-6432
-6334
-7032
-7821
-7642
-6853
-4163
-2393
-3945
-4365
-6117
-5080
-1613
585
2623
1470
507
225
794
3736
5352
6299
6171
6124
5629
6431
6912
6809
7262
6672
7155
7015
7017
5701
4157
3681
3271
3852
3893
3289
1555
128
-1896
-1795
-1098
-917
-643
-1895
-3054
-4302
-4223
-3538
-2585
-1719
-2347
-2627
-2910
-2555
-2090
-810
213
547
939
1244
1098
1661
2209
3154
4516
4659
4684
3904
3648
3718
3953
4808
5075
5155
4306
2689
1612
1068
1694
1793
1666
586
-658
-1645
-2574
-3215
-3654
-3878
-4746
-4427
-4988
-6329
-6514
-7811
-8174
-7449
-8095
-7931
-8643
-9202
-8836
-9484
-7801
-6516
-5604
-4112
-5722
-6429
-5636
-3862
-994
1251
2047
1870
1295
2013
3826
5708
8094
9144
8849
8944
9263
8891
10404
10622
11062
11223
10583
9944
9019
7951
6821
7137
6105
6213
4867
2823
1332
-446
-457
-756
-928
-1734
-3269
-4882
-5975
-6087
-5461
-4682
-5117
-5960
-6677
-7075
-6427
-5147
-4339
-3810
-4010
-3835
-3915
-3028
-2305
-1458
-443
23
121
720
946
653
1833
1995
2601
2844
2582
2247
1915
1739
1402
1761
1644
1120
376
-392
-905
-1693
-1502
-1942
-2204
-3344
-4321
-5026
-4962
-5968
-5858
-6420
-7449
-7190
-8675
-7209
-6523
-5458
-5548
-6067
-6837
-6279
-4442
-2711
-526
-407
13
191
831
2656
4528
6172
7691
8439
8679
9231
10127
10585
11625
12334
12686
13081
12512
11890
10996
10588
10553
10691
10502
8997
7845
6182
5210
5023
3681
3528
2209
943
-294
-1398
-2229
-2709
-3053
-3943
-3996
-5206
-6003
-6104
-5919
-5617
-5420
-5919
-5948
-5970
-5489
-5151
-4725
-4165
-4460
-3643
-3654
-2494
-2066
-1905
-1970
-2060
-1654
-1266
-616
-1405
-1254
-1969
-1632
-1458
-2217
-1878
-2963
-3783
-3539
-3838
-3930
-4430
-5203
-6126
-6368
-6762
-6935
-7171
-7774
-8419
-7912
-6157
-5547
-5212
-7371
-7920
-6726
-4428
-2316
-755
-1189
-1695
-1083
-370
2433
4194
5536
5742
6261
6088
7670
8715
9699
10134
10290
10376
10293
10545
10161
10222
10326
10462
9699
9093
7692
7024
6641
6827
6458
5782
4196
2379
1414
1210
1516
1207
922
-819
-2239
-2701
-3128
-1956
-1803
-2204
-2574
-2684
-3346
-3283
-2763
-2622
-1692
-1488
-1274
-1625
-1734
-2184
-1340
-413
352
678
-144
-569
-938
-513
-62
237
-654
-1594
-2379
-2742
-2182
-2568
-2783
-4502
-5673
-6159
-6477
-6678
-7107
-7574
-9316
-8750
-9677
-10486
-10595
-10910
-8852
-7877
-7413
-9093
-9971
-9267
-7360
-4599
-3243
-2591
-2704
-2479
-1583
893
2909
4664
5488
5827
6441
7350
8504
10087
10555
10728
11341
10960
11324
10840
10348
10500
10342
10224
9446
7842
6669
5518
5208
5397
4839
3728
1580
143
-931
-960
-565
-1445
-1815
-3388
-4175
-4209
-4212
-3813
-3725
-3617
-3750
-3551
-3719
-3379
-2403
-1618
-759
-272
-84
-165
201
1165
2027
3269
3415
2948
2742
2557
3167
3356
4257
3372
2351
1548
713
1028
955
1114
-707
-1774
-3316
-4326
-4364
-4801
-5283
-6829
-7522
-9083
-9033
-9551
-9141
-8039
-7801
-8212
-10449
-10143
-9136
-6531
-5013
-4239
-4132
-4229
-3532
-2272
23
1893
3483
3765
4735
4954
5902
6794
8183
8734
9718
9882
9285
8918
8356
8719
9150
9979
9079
7857
6000
5008
4536
4816
4982
3896
2348
543
-539
-809
-428
-804
-1593
-2682
-4085
-4326
-4248
-4107
-4172
-4238
-4296
-4230
-4463
-4703
-4256
-3889
-2798
-1969
-1518
-1781
-1628
-1893
-915
941
1703
2019
1479
904
732
1949
2482
2974
3276
1551
464
469
449
898
754
-639
-1558
-2918
-2900
-3321
-4043
-4082
-5564
-5993
-6820
-7577
-8630
-8770
-6812
-5906
-5560
-6613
-8832
-8543
-6456
-3656
-1880
-1274
-1729
-2018
-920
715
3223
5086
6129
6246
6482
7152
8094
9188
10006
10652
10615
10608
9828
8809
9039
9028
9442
9179
7737
5751
4233
3374
3192
3790
2431
765
-1132
-2466
-2904
-3005
-2800
-3412
-4450
-5520
-6448
-6320
-5828
-5274
-5292
-4889
-5269
-5171
-4725
-4649
-3333
-2786
-1913
-1487
-1067
-1047
-979
-114
771
1909
2364
2024
1682
1479
1927
2253
2453
2295
1845
687
-354
-48
-438
-1222
-1493
-2888
-4045
-4406
-5650
-5674
-6383
-6854
-7893
-9168
-9421
-10719
-10946
-9823
-7841
-7249
-7840
-9760
-10340
-8714
-5654
-2743
-1756
-1344
-2351
-1390
503
3491
5980
7726
7805
7884
8654
9632
11872
12921
13603
13594
13481
13235
12696
12566
12486
12279
12605
11276
9998
7806
6277
5965
5595
5612
3734
1817
-1014
-1932
-2147
-1995
-2060
-3494
-5147
-6997
-7065
-6947
-6473
-6094
-5914
-6365
-6825
-6445
-5880
-4992
-3777
-2712
-2453
-1697
-1836
-1385
-276
860
2451
3137
3342
2699
2710
3216
3953
4592
4709
4162
3026
1830
1536
1293
1270
829
-1052
-2390
-3619
-5106
-5691
-5841
-6870
-7534
-8996
-10719
-11625
-12353
-12286
-10619
-9567
-9116
-10852
-12729
-12301
-10323
-6754
-4682
-3580
-4332
-4118
-3476
-459
2798
5289
6799
6769
6953
7960
10011
11704
13446
14227
14133
13839
13363
12768
13286
13345
13713
13457
12002
9879
7847
6901
6582
6774
5884
3945
1359
-871
-2214
-1972
-1797
-2058
-3455
-5615
-6979
-7519
-6682
-6060
-5728
-5972
-6375
-6691
-6387
-5598
-4352
-3100
-2458
-1665
-1591
-1013
-550
607
2017
3264
3848
3656
3725
3516
4211
4721
5435
5447
4577
3314
2085
2117
2212
1957
464
-711
-2959
-3414
-4606
-5323
-5550
-7227
-8001
-10279
-10734
-12335
-12973
-11736
-10599
-9770
-10640
-13018
-13982
-12271
-9635
-6650
-5529
-5303
-5920
-5371
-3348
-71
3038
5029
5073
5413
6236
8043
10508
12072
13211
13425
13422
13149
13029
12981
13225
13431
13272
12399
10758
8668
7247
6405
6173
5549
4311
1905
-430
-2253
-3129
-3097
-3232
-4136
-6473
-8063
-8965
-8938
-8079
-7450
-7413
-7535
-8309
-8442
-7901
-6497
-4815
-3740
-2816
-2633
-2209
-1555
-120
1410
2992
4112
3815
4068
3980
4649
5769
6302
6418
5979
4845
3853
3210
3336
3174
2516
984
-197
-1690
-3301
-3675
-5014
-5117
-6511
-7558
-9030
-10313
-11286
-12127
-11426
-9948
-8888
-9246
-11150
-12534
-11445
-8680
-5101
-3771
-3349
-3967
-3781
-1991
1183
4544
6791
6982
6891
7447
9035
11242
12891
14051
14071
13915
13606
13245
13155
13254
13069
13485
12783
11068
9196
7004
6150
5793
5413
4482
2360
-378
-2076
-3389
-3120
-2956
-3872
-5559
-7632
-8641
-9010
-7786
-6926
-6374
-6927
-7621
-8169
-7590
-5953
-4108
-2936
-2426
-2230
-1923
-1169
-114
1785
2950
3928
3705
3656
3592
4152
5096
5499
5900
5299
4204
2927
2232
2423
2031
1055
44
-1459
-3061
-3931
-5332
-5671
-6832
-7658
-9125
-9972
-10921
-12421
-12466
-13293
-10997
-10128
-9459
-10412
-11781
-11276
-9400
-5802
-3034
-1708
-1699
-1685
-663
2291
5563
9306
10177
10420
10414
11251
13230
15388
16939
17289
17175
15922
15707
15010
14701
14348
13948
13067
11495
9556
7360
5171
4010
3116
2115
883
-1544
-3840
-5697
-6587
-6557
-6569
-7285
-8897
-10462
-11167
-10815
-9540
-7978
-6827
-7763
-8215
-8233
-7017
-4307
-1973
-897
-507
-352
-350
1055
3297
5165
5959
5935
5370
5218
5494
6021
6563
6493
5695
4564
3093
1848
853
-101
-1492
-2248
-3535
-5045
-6448
-8827
-9994
-11585
-11973
-12456
-13091
-14489
-16458
-17453
-18437
-15846
-13278
-11554
-11845
-13729
-14893
-13008
-9011
-4754
-1738
-957
-1050
-1153
1445
5270
9839
12648
13484
13425
13509
14851
16979
19058
20599
20714
19933
18976
17409
16696
16125
15947
15624
14383
12142
8827
6489
4409
3058
2461
897
-857
-3671
-6413
-8475
-9018
-8818
-9035
-9754
-11472
-12898
-13183
-12793
-11243
-9572
-8544
-8156
-8008
-7661
-6140
-3834
-1537
559
1442
2414
2896
4070
5556
7545
8834
9442
9626
9180
8901
8635
8750
8606
8423
7008
5281
3775
1856
567
-958
-2257
-3603
-5278
-7711
-9965
-11547
-12748
-13425
-14407
-15379
-17049
-18487
-18944
-19759
-18701
-16555
-14248
-12622
-13630
-14527
-14606
-11109
-6658
-2890
-765
318
706
1822
4512
8417
12908
15177
15961
15169
15608
16934
19083
21079
21985
21487
20352
18410
17173
16652
16124
15326
13645
11513
9043
6756
4264
2529
965
-786
-2690
-4523
-6645
-8259
-9937
-11087
-11480
-11913
-11909
-12301
-12305
-12366
-12107
-11425
-10087
-8034
-6534
-5131
-3978
-3011
-1708
-140
1975
4610
6265
7214
7375
8147
8973
10054
11079
11503
11655
10825
9486
8229
7713
7370
6565
5167
3412
1341
-747
-3032
-4423
-5881
-7057
-8367
-10212
-11436
-13160
-14527
-15384
-15856
-16046
-15909
-16330
-16708
-17524
-17546
-15701
-11498
-7960
-7112
-8262
-9853
-8229
-4493
278
3525
6154
6793
6753
7138
9001
12211
15877
17768
17456
16747
15914
16811
17261
17627
17762
17319
16255
14417
11781
9973
8458
7343
6311
4716
2841
803
-1310
-3683
-5870
-7366
-8093
-8271
-8672
-9680
-11069
-12297
-12613
-12417
-11626
-10526
-9514
-8725
-8223
-7545
-6342
-4908
-3438
-1821
142
1896
2823
3498
4232
5298
6637
7286
8134
8619
8931
8476
7739
7363
6780
5924
4429
3457
2657
1758
630
-822
-1801
-3634
-5302
-5856
-6790
-6234
-7388
-8326
-9144
-9414
-9201
-9625
-9572
-9329
-8885
-8617
-8042
-8183
-7710
-7199
-5687
-4708
-4025
-3375
-1969
-36
1610
1853
1533
1928
2863
4436
5486
6219
6841
7638
8093
8310
8049
8109
8105
7936
7597
6920
6882
6725
6227
5148
3782
2480
1765
1393
1038
294
-287
-1001
-1649
-2460
-3293
-3554
-3315
-3188
-3584
-4124
-4815
-4474
-3650
-2650
-1535
-864
-641
-980
-1099
-353
979
2333
2934
2966
2985
2930
3111
3207
3409
4001
3910
3442
2676
2167
2007
2062
2050
1439
634
-750
-2223
-2736
-2482
-2383
-2616
-3518
-4586
-5042
-5469
-5428
-5456
-5297
-5436
-5797
-5851
-5306
-4693
-3697
-2892
-2488
-2219
-2263
-1727
-753
441
1758
2299
2675
2879
3174
3500
3830
4165
4168
4222
3987
3611
3340
3611
4057
3970
3214
2027
807
118
-533
-506
-343
-108
-330
-1138
-1830
-2577
-3024
-3346
-3515
-3731
-3767
-3669
-3357
-2971
-2512
-2148
-1922
-1824
-1824
-1449
-630
583
1769
2610
3092
3327
3500
3589
3939
4297
4743
5213
5337
5389
5238
5095
4959
5050
4781
4148
3173
2190
1414
981
675
460
-43
-881
-1946
-3554
-4946
-5706
-5595
-5069
-4994
-6081
-7349
-7905
-7413
-6442
-6081
-5967
-6527
-6417
-5649
-4922
-3742
-2727
-1633
-351
489
976
1276
2116
3585
4595
5402
5898
6633
7593
8084
8108
8149
8186
8281
8265
7695
6660
6088
6017
5967
5377
3679
1308
610
45
-712
-1785
-3777
-4811
-5853
-7284
-8395
-8870
-8248
-7374
-8019
-9772
-11029
-11354
-10210
-8771
-8036
-7238
-6401
-5222
-3987
-2722
-1378
-86
1196
2087
2719
3653
5458
7349
9004
9530
9289
8819
8492
8874
9374
9914
9827
8956
7490
6156
5260
4937
4520
3055
1157
-1051
-2828
-3619
-3830
-4193
-4970
-6309
-8005
-9409
-10060
-9955
-9805
-9667
-10129
-10704
-10353
-9798
-8503
-7135
-6600
-6404
-6761
-6494
-5103
-2605
565
2647
3768
3616
3539
4436
6045
8147
9581
10208
10451
10295
11045
11929
12432
12385
11162
10184
9328
9377
9361
8639
7396
6288
5077
4002
2345
1644
868
-491
-2356
-5217
-6451
-6436
-6049
-6286
-7536
-8599
-9095
-9275
-9427
-10149
-10744
-10702
-9845
-9194
-8549
-7897
-7040
-5877
-5629
-6210
-6590
-6266
-5433
-4269
-2776
-289
2384
3889
3116
1524
1163
1805
3174
3844
4726
6062
7254
8114
7338
6521
6253
5823
5714
5261
4508
4692
4485
4278
3842
2682
2049
1062
65
-1138
-2593
-3341
-3999
-4360
-4232
-4268
-4019
-4103
-4902
-5770
-6587
-6404
-5379
-4414
-3115
-2454
-1894
-1214
-859
-26
1062
1959
2555
2484
2976
3781
4919
6258
6840
7381
6999
6460
6158
7473
8407
9004
8016
6831
6859
6979
7543
7037
5858
4618
3131
2305
2391
2068
2457
1576
420
-574
-1627
-1740
-2041
-2385
-2743
-3563
-3946
-4503
-4644
-4747
-4769
-4524
-4458
-4447
-4655
-4796
-4845
-4754
-5414
-5705
-5660
-4591
-4265
-4215
-4499
-4871
-5285
-6241
-6912
-6768
-6569
-6185
-7238
-8352
-9174
-7950
-4332
-1568
-51
-2680
-5068
-5456
-3762
-350
1500
2680
3904
3980
5172
6142
7323
9556
9735
9920
9275
8528
9600
10667
11414
11656
10335
9817
8484
7447
6497
4994
4324
3016
1574
471
-979
-1160
-1295
-2112
-3391
-5467
-6430
-6678
-6638
-6485
-6536
-6296
-6046
-6176
-5752
-5012
-4033
-3277
-3164
-2850
-2362
-1368
30
1609
3205
4747
5965
6269
6835
6137
7182
8119
9411
10631
10137
9729
9428
9200
9490
8626
7323
6268
5003
4478
3358
2550
1672
594
-464
-1895
-3030
-3766
-5243
-6684
-8417
-9333
-9549
-9683
-10088
-10670
-11456
-11685
-11970
-12127
-12106
-12264
-11421
-11511
-10639
-10495
-9913
-9174
-9053
-8292
-8227
-7472
-6718
-6429
-6088
-5627
-2645
2011
5741
7592
5521
5302
6198
8213
10212
10401
11604
13488
14629
16018
16034
16800
17653
16652
15011
12194
10663
10402
9736
8762
6748
4805
3904
2152
429
-2652
-5356
-7408
-9359
-10989
-12236
-12610
-11928
-11913
-12503
-13466
-13390
-12410
-11456
-11140
-10617
-9546
-7411
-5184
-2952
-711
1206
2867
4145
5334
6693
8100
9696
10680
12566
13339
14296
15036
14388
14903
14148
13352
12734
10691
8869
7355
5850
5523
4046
2209
-121
-1960
-3477
-4916
-6042
-7519
-8755
-9824
-11266
-11693
-11451
-10916
-10616
-11220
-11914
-11962
-11685
-10688
-9664
-8699
-7868
-7259
-6482
-5635
-3859
-2780
-1446
-936
-1042
-683
-707
-66
570
1063
1128
1100
950
362
1553
4394
6409
8899
7151
5697
5850
6046
7213
7118
6345
7177
7573
7994
8126
8131
9020
8959
8279
6385
4668
3555
2531
1221
199
-815
-516
-1004
-2022
-3546
-5277
-5737
-6479
-7550
-8764
-9779
-9181
-8371
-7924
-7787
-7335
-6165
-4881
-4267
-3938
-3462
-2233
-1087
-275
950
2248
3889
5217
6111
6744
7497
7922
8512
9379
8880
9042
8007
7390
7909
7844
7756
7252
5551
4325
3010
1772
887
-172
-1206
-2208
-2797
-3427
-3899
-3950
-4137
-3993
-4207
-4920
-5177
-5391
-5400
-5420
-5486
-5126
-4403
-4005
-3933
-4101
-3722
-3471
-3360
-3520
-3756
-3496
-3511
-3023
-3503
-3493
-3693
-4344
-3950
-4323
-4432
-4704
-5699
-6267
-6955
-4848
-2114
837
3385
2603
2925
3876
4369
5602
5999
6029
7342
7615
8301
9158
10650
12139
12615
12183
11104
10025
8923
6622
4461
2597
1400
980
-189
-1874
-3268
-4915
-5767
-7063
-8335
-9513
-10711
-11671
-13054
-13962
-13688
-12517
-10843
-9557
-8720
-7731
-6422
-5095
-4137
-2823
-1334
108
1344
2498
3798
5877
7617
9032
10242
12157
12654
13062
12696
11629
12430
12061
11189
10425
8818
8148
7820
6911
6244
5164
3966
2512
1114
-224
-1279
-1653
-2619
-3722
-4720
-5832
-5993
-6097
-6681
-7065
-7764
-8384
-8670
-9311
-9577
-9594
-9376
-9216
-9579
-9515
-8968
-7880
-7132
-6616
-6828
-6918
-6807
-6774
-6158
-5132
-4848
-4115
-3961
-3782
-3699
-1791
695
3818
6882
7762
8528
9908
10833
11446
12109
11859
12463
12291
12037
11296
11437
11890
12134
11980
11070
9149
6895
3700
967
-1303
-3142
-4829
-7197
-9831
-11785
-12913
-12889
-12683
-12747
-13720
-15015
-15949
-16463
-15866
-14381
-12710
-11109
-9626
-7964
-5739
-3007
-102
2535
4951
6708
7883
8894
10240
11748
13599
14691
15361
15530
15930
16668
16355
16394
15586
14601
13529
11487
9503
7797
5834
3722
1352
-583
-1975
-2896
-3879
-5105
-5988
-6764
-7238
-7788
-8489
-8991
-9409
-9860
-9954
-9810
-9502
-8842
-8149
-7276
-6193
-5252
-4539
-4167
-4047
-4116
-3933
-3403
-2853
-2225
-1785
-1555
-1164
-977
-216
86
703
629
130
-658
-1807
-2407
-2897
-3078
-1956
-560
1119
3152
3632
5119
6666
7725
8046
7642
6638
6144
5625
5051
4619
4942
5402
5048
4790
4466
4323
4201
2949
1552
-350
-2162
-3925
-5927
-7194
-8282
-8986
-9371
-9601
-9386
-8581
-7688
-6639
-6101
-5718
-5283
-4779
-4028
-3232
-2348
-1051
410
2057
3624
5318
7085
8484
9744
10354
10467
10445
9922
9312
8802
8013
7309
6383
5534
4973
4520
4425
3894
3405
2519
1170
-208
-1409
-2449
-3143
-4141
-4833
-5027
-4779
-4307
-3854
-3190
-2165
-1124
-369
-440
-814
-1253
-1694
-1752
-2079
-2181
-2258
-2445
-2518
-2577
-2343
-2174
-2024
-2224
-2952
-3602
-4536
-5160
-5602
-5854
-6171
-6799
-7048
-7636
-7282
-6877
-6537
-5910
-5656
-5784
-5952
-6354
-6242
-4485
-3215
-647
832
2767
4716
6589
8262
9632
10792
11352
11511
11111
10661
10032
9554
8880
8740
8400
8078
7271
6190
4929
3777
1734
115
-1806
-3768
-5545
-8009
-10035
-11251
-11842
-11974
-11991
-11852
-11589
-10744
-9703
-8418
-6798
-5362
-4444
-3648
-2913
-1861
-210
1513
3047
4769
6266
7759
9330
10831
11995
12847
12913
12440
11662
10704
9633
8815
8148
6971
6314
5242
4244
3743
3181
2378
1750
706
-572
-1723
-2848
-3873
-4597
-5332
-5957
-6190
-6357
-6323
-6055
-5808
-5377
-5084
-5020
-5064
-5115
-5226
-5500
-5801
-5817
-5629
-5283
-4985
-4606
-4135
-3653
-2987
-2457
-1582
-873
-646
-447
-616
-558
-115
348
690
801
546
300
392
670
962
681
215
-142
640
1323
2657
3624
4488
5310
5817
5870
6101
6229
6169
5674
4883
4178
3626
3306
2544
1686
928
319
-477
-1079
-1874
-2526
-3277
-3621
-4549
-5388
-6170
-7024
-7493
-7895
-8065
-7823
-7143
-6186
-5491
-4287
-2882
-1098
792
2290
3732
4891
6167
7193
8164
9088
9778
10329
10663
10806
10799
10605
10049
9445
8628
7338
6102
4584
3298
1856
375
-1103
-2640
-3932
-5080
-6044
-6799
-7204
-7572
-7722
-7823
-7803
-7568
-7002
-6438
-5731
-4974
-4314
-3571
-2741
-1686
-447
708
1747
2760
3688
4587
5037
5256
5267
4923
4604
4233
3716
3241
2696
1937
1352
828
212
89
-430
-840
-1236
-2058
-2645
-3430
-4208
-5203
-6010
-6883
-7461
-8035
-8270
-8468
-8483
-8214
-8181
-7840
-6972
-6081
-4684
-3047
-1647
343
1972
3130
4358
5247
5893
6649
6694
6859
6906
6492
6068
5605
5405
5437
5206
4679
3875
2969
1917
780
-151
-1221
-2587
-3829
-5171
-6123
-6793
-7407
-7534
-7416
-7057
-6534
-5710
-4490
-2989
-1423
-118
923
2001
3173
4000
4585
4838
5054
5082
5119
5167
5217
5350
5335
5124
4802
4486
3813
3162
2002
1036
-44
-1099
-2202
-2840
-3245
-3868
-3682
-3700
-3149
-2432
-1761
-1446
-666
-75
537
1246
1606
2225
2354
2360
2431
2668
3041
3457
3561
3449
3382
3320
3159
3040
2661
2149
1472
872
22
-772
-1785
-2636
-3157
-3632
-3849
-3909
-3954
-3966
-4372
-4475
-4442
-4276
-3982
-4149
-4439
-4627
-4775
-4989
-4775
-4748
-4533
-4460
-4749
-4920
-5002
-4217
-3381
-2730
-1582
-328
626
1792
2446
2999
3897
4310
4393
4277
3891
3659
3082
2489
2475
2490
2616
2622
2301
2158
2123
2089
2116
1917
1720
1233
770
419
77
-13
-165
-343
-326
-313
-86
312
608
1031
1445
1765
1935
2045
2272
2445
2290
1882
1275
765
264
-554
-1150
-1607
-1925
-2015
-2211
-2322
-2308
-2151
-1967
-1644
-1176
-766
-589
-192
110
657
1538
2259
2823
3700
4490
5405
6374
7270
7934
8410
8602
8681
8551
8050
7366
6516
5832
5147
4319
3394
2431
1375
472
-419
-1241
-2031
-2977
-4253
-5713
-6920
-7622
-8241
-8502
-8785
-9140
-9019
-8851
-8354
-7624
-7111
-6309
-6087
-5657
-5350
-4962
-4525
-4116
-3792
-3356
-2816
-2530
-1855
-1446
-746
-347
-272
-322
-733
-507
-390
123
682
1564
2591
3381
4218
4782
5861
6362
6868
6630
6365
5764
5116
4164
3410
2756
2033
1177
324
-240
-599
-731
-981
-1135
-1544
-2271
-3300
-4194
-4890
-5217
-5641
-6024
-6444
-6508
-6229
-5673
-4651
-3591
-2356
-1278
-363
668
1900
3054
3977
4519
4922
5286
5794
6180
6398
6524
6584
6729
6783
6691
6234
5908
5533
5406
4854
4157
3564
2765
2157
1431
692
349
-374
-876
-1410
-1972
-2052
-2157
-2189
-2270
-2309
-2417
-2169
-2197
-1835
-1817
-1731
-1499
-1516
-1409
-1455
-1045
-612
-78
414
609
687
1008
1145
1097
1113
1027
991
788
426
65
-293
-528
-784
-1165
-1283
-1620
-1931
-2439
-3221
-3698
-4060
-4366
-4781
-5431
-5937
-6428
-6622
-6694
-6899
-6849
-6997
-6878
-6758
-6501
-6015
-5480
-4778
-4027
-3189
-2431
-1471
-511
475
1274
2262
3296
4288
5315
5800
6189
6311
6159
6061
5965
5753
5295
4755
4239
3931
3748
3468
3482
3439
3330
2888
2206
1686
1232
968
541
-69
-778
-1485
-2050
-2579
-2784
-2870
-2765
-2740
-2641
-2267
-1663
-737
166
1002
1387
1659
1737
1771
1853
1678
1672
1663
1672
1693
1748
1874
2143
2481
2789
3013
3239
3689
3979
4260
4485
4645
5053
5136
5053
4871
4598
4365
4086
3699
3300
3102
2831
2356
1725
1241
735
305
-116
-540
-779
-1198
-1686
-2196
-2702
-3000
-3222
-3384
-3552
-3753
-3933
-4017
-3872
-3633
-3324
-2979
-2782
-2795
-2767
-2677
-2496
-2148
-1875
-1571
-1508
-1451
-1517
-1784
-2167
-2658
-3105
-3480
-3892
-4358
-4562
-4676
-4600
-4577
-4510
-4488
-4411
-4515
-4701
-4933
-4852
-4551
-4013
-3484
-2830
-2062
-1345
-294
726
2039
3329
4560
5396
6035
6687
7192
7696
7846
7690
7261
6803
6259
5622
5048
4422
3900
3121
2453
1761
1174
756
-69
-931
-2069
-2996
-3709
-4299
-4694
-5125
-5205
-5367
-5260
-5106
-4672
-4070
-3287
-2556
-2001
-1337
-566
599
1661
2870
3850
4798
5439
5942
6288
6557
6903
6934
6731
6359
5888
5450
5206
5061
4960
4965
4743
4205
3646
3046
2396
1661
1088
386
-115
-603
-1259
-1769
-2287
-2448
-2525
-2591
-2793
-3234
-3512
-3804
-4016
-4125
-4196
-4183
-4270
-4351
-4592
-4689
-4657
-4630
-4495
-4440
-4382
-4499
-4566
-4460
-4113
-3596
-3103
-2643
-2280
-1911
-1402
-822
-169
266
582
724
848
1055
1202
1325
1308
1289
1125
1230
1160
1221
1073
715
311
-266
-655
-1059
-1467
-2046
-2560
-3084
-3699
-4251
-4722
-4694
-4618
-4346
-4176
-4062
-3531
-3221
-2652
-2317
-1845
-1422
-969
-392
211
864
1353
1967
2337
2772
3158
3476
3632
3699
3753
3892
4120
4543
4974
5367
5612
5637
5727
5749
5908
5827
5557
5132
4602
4019
3421
3032
2666
2268
1721
1179
764
628
529
394
200
-167
-430
-796
-1039
-1130
-1316
-1489
-1891
-2313
-2466
-2369
-2183
-1900
-1760
-1539
-1062
-744
-182
122
364
459
515
696
859
1169
1320
1431
1406
1565
1749
2086
2342
2279
2223
1952
1900
2028
2151
2359
2297
1978
1747
1442
1355
1341
1143
784
166
-507
-1123
-1558
-1801
-2015
-2266
-2516
-2944
-3299
-3536
-3680
-3777
-3926
-4109
-4465
-4854
-5037
-5144
-4980
-4691
-4547
-4288
-4119
-3802
-3368
-2809
-2256
-1780
-1241
-860
-621
-427
-247
-14
275
369
327
234
167
-90
-190
-314
-433
-506
-637
-811
-937
-840
-648
-317
-5
279
667
1186
1640
1988
2415
2657
3080
3125
2947
2917
2790
2999
3194
3310
3339
3383
3406
3364
3338
3305
3279
3109
2692
1985
1373
724
163
-218
-611
-844
-1112
-1283
-1486
-1547
-1474
-1465
-1357
-1406
-1475
-1468
-1493
-1080
-843
-499
-311
-219
-87
149
483
748
1255
1327
1552
1606
1673
1972
2200
2493
2409
2379
2229
2250
2341
2201
2037
1658
1416
1194
1054
930
778
511
65
-332
-668
-926
-1276
-1750
-2175
-2758
-3322
-3911
-4516
-5040
-5585
-5965
-6257
-6282
-6046
-5704
-5417
-5024
-4640
-4090
-3489
-3088
-2690
-2473
-2161
-1692
-1185
-431
240
819
1180
1338
1662
1998
2500
2737
2950
2904
2606
2326
2178
2197
2014
1796
1299
820
398
5
-90
-232
-369
-610
-894
-1202
-1434
-1591
-1697
-1622
-1712
-1688
-1815
-1762
-1690
-1594
-1526
-1587
-1607
-1527
-1491
-1348
-1130
-814
-366
41
394
648
1124
1445
1705
1882
1992
2138
2304
2429
2528
2701
2764
2882
2943
3196
3492
3742
3974
3949
3949
3862
3756
3598
3278
2880
2422
1950
1429
971
363
-157
-390
-667
-857
-1059
-1167
-1225
-1309
-1336
-1381
-1320
-1334
-1396
-1442
-1466
-1467
-1571
-1718
-1871
-1798
-1735
-1542
-1336
-1178
-950
-836
-522
-101
309
655
844
989
1110
1288
1423
1599
1833
1856
1850
1844
1851
1909
1863
1660
1472
1320
1226
974
659
467
272
75
-187
-284
-332
-395
-552
-807
-1062
-1191
-1292
-1465
-1602
-1835
-2035
-2123
-2182
-2215
-2173
-2084
-1892
-1794
-1793
-1713
-1640
-1456
-1332
-1242
-1165
-1001
-927
-937
-991
-1011
-850
-715
-479
-361
-216
-112
-60
28
148
358
411
351
111
76
63
175
242
262
127
-78
-92
-20
255
179
225
118
53
189
182
396
519
691
710
733
753
833
965
910
934
730
763
713
719
674
613
684
761
938
902
723
577
541
518
438
208
-2
-142
-313
-412
-399
-247
-74
-54
-86
-53
4
186
200
184
228
253
367
509
674
897
1100
1171
1242
1208
1182
1125
1073
996
952
865
718
683
608
515
339
148
-22
-202
-275
-340
-361
-416
-595
-727
-823
-860
-887
-886
-771
-683
-549
-467
-356
-236
-236
-380
-582
-729
-973
-1274
-1568
-1794
-1841
-1765
-1626
-1477
-1304
-1172
-1072
-977
-945
-869
-844
-904
-939
-982
-1003
-889
-659
-409
-40
344
634
947
1130
1322
1434
1441
1507
1603
1501
1359
1211
1137
1037
897
619
216
-71
-463
-781
-1021
-1324
-1532
-1762
-2025
-2231
-2262
-2242
-2169
-2130
-2221
-2197
-2137
-2006
-1849
-1641
-1463
-1253
-1149
-1040
-816
-361
162
576
993
1256
1499
1739
1986
2122
2259
2214
2031
1816
1556
1527
1468
1431
1390
1164
1039
926
873
824
780
650
609
520
323
186
18
25
137
147
248
381
484
641
693
749
833
950
1048
1141
1228
1332
1474
1684
1900
2040
2203
2249
2241
2238
2100
1890
1620
1383
1131
941
729
603
575
509
413
221
70
35
-19
-192
-403
-637
-835
-1001
-1075
-1177
-1173
-1212
-1282
-1172
-970
-721
-437
-196
9
273
425
561
759
996
1188
1306
1357
1384
1463
1562
1553
1586
1471
1332
1117
878
648
362
187
72
34
14
43
-4
-92
-215
-435
-724
-1000
-1305
-1576
-1794
-1919
-2098
-2172
-2148
-2103
-2015
-2018
-2032
-1981
-1921
-1758
-1592
-1571
-1672
-1817
-1971
-2055
-2140
-2228
-2245
-2250
-2210
-2051
-1790
-1458
-1144
-953
-899
-860
-710
-579
-312
-191
-96
61
194
401
528
741
953
1086
1256
1373
1515
1638
1746
1796
1843
1757
1654
1544
1303
1161
1018
981
887
806
693
605
642
680
678
678
707
743
841
949
1002
1031
1017
1000
966
968
1044
1064
1228
1285
1331
1397
1428
1541
1682
1802
1774
1635
1461
1343
1226
1123
1016
903
776
511
275
152
104
143
36
-133
-269
-360
-390
-432
-468
-419
-361
-403
-555
-737
-896
-972
-992
-1003
-1025
-1064
-1139
-1197
-1146
-1040
-891
-701
-651
-600
-635
-595
-521
-464
-489
-665
-775
-870
-939
-967
-1098
-1137
-1076
-1095
-1169
-1260
-1247
-1188
-1155
-1267
-1405
-1531
-1551
-1642
-1783
-1779
-1803
-1711
-1692
-1743
-1708
-1688
-1625
-1571
-1598
-1560
-1461
-1344
-1157
-981
-820
-644
-454
-230
7
248
539
689
838
974
1136
1398
1581
1722
1697
1752
1828
1874
1903
1821
1767
1635
1557
1434
1376
1373
1334
1272
1141
1080
1019
904
824
703
609
600
520
509
531
510
542
523
516
625
743
855
979
998
1027
1076
1183
1278
1408
1486
1436
1405
1395
1474
1628
1834
1983
2082
2160
2229
2284
2321
2313
2254
2107
1859
1626
1363
1188
1117
941
739
561
354
202
68
-78
-212
-358
-476
-709
-958
-1137
-1227
-1184
-1136
-1201
-1211
-1191
-1029
-870
-791
-636
-459
-262
-247
-262
-277
-255
-309
-381
-435
-518
-587
-714
-866
-939
-902
-898
-970
-1000
-1012
-928
-833
-778
-820
-880
-881
-905
-896
-881
-852
-758
-750
-802
-796
-822
-771
-748
-695
-717
-810
-773
-747
-723
-571
-566
-451
-300
-286
-339
-380
-336
-239
-74
11
158
283
412
487
621
816
936
1104
1177
1261
1361
1385
1398
1333
1235
1082
907
691
518
331
182
34
-209
-290
-467
-556
-594
-585
-556
-583
-528
-566
-596
-526
-414
-335
-206
-129
-77
64
240
539
838
1007
1157
1252
1336
1446
1492
1507
1476
1397
1373
1311
1199
1067
856
672
426
201
-15
-236
-389
-629
-858
-1147
-1499
-1744
-2003
-2207
-2415
-2625
-2851
-3008
-3025
-3021
-2929
-2793
-2596
-2435
-2279
-2132
-1916
-1653
-1402
-1143
-1001
-791
-613
-434
-159
41
341
571
753
958
1084
1281
1443
1597
1694
1663
1467
1244
1055
911
789
657
527
330
124
-57
-139
-179
-230
-313
-450
-564
-657
-633
-543
-464
-394
-443
-517
-578
-613
-558
-516
-482
-441
-388
-311
-219
-89
7
92
262
343
498
712
849
1065
1207
1371
1390
1329
1300
1234
1212
1142
1093
984
870
813
798
789
722
660
605
520
423
329
237
210
226
160
54
-45
-231
-371
-521
-622
-701
-796
-851
-923
-924
-960
-954
-875
-759
-706
-672
-588
-498
-393
-357
-256
-140
18
114
180
178
180
244
346
468
567
575
604
647
676
838
999
1081
987
871
778
736
733
611
521
322
165
-8
-183
-315
-402
-416
-418
-506
-636
-649
-616
-493
-486
-430
-398
-438
-460
-444
-371
-213
-80
30
65
65
164
290
408
445
483
522
597
616
675
709
756
767
735
714
698
771
841
867
875
848
839
849
841
835
772
743
658
566
444
355
348
340
302
250
131
27
-64
-168
-229
-269
-346
-415
-549
-716
-765
-828
-905
-987
-1001
-1050
-1069
-1090
-1162
-1148
-1132
-1100
-975
-941
-892
-794
-698
-602
-515
-419
-373
-358
-362
-370
-362
-331
-306
-290
-227
-249
-297
-337
-430
-471
-503
-592
-661
-792
-928
-982
-1042
-1084
-1089
-1158
-1187
-1228
-1251
-1207
-1116
-961
-861
-750
-624
-444
-290
-175
-47
30
109
198
218
243
286
343
384
419
409
390
301
224
167
0
-78
-158
-309
-433
-610
-701
-765
-859
-943
-1001
-969
-873
-791
-723
-710
-674
-647
-539
-373
-175
66
189
331
404
484
643
822
992
1142
1180
1181
1194
1183
1182
1229
1220
1206
1159
1089
1019
970
899
729
563
297
7
-219
-418
-577
-743
-938
-1118
-1280
-1403
-1459
-1450
-1378
-1335
-1316
-1308
-1273
-1185
-1056
-931
-814
-740
-671
-579
-479
-350
-236
-115
-26
29
134
278
437
553
644
661
690
734
755
804
843
816
751
598
428
223
9
-180
-318
-444
-498
-508
-535
-468
-452
-427
-348
-234
-160
-73
-20
-14
-80
-144
-127
-133
-84
-61
-40
18
68
127
198
269
296
392
463
519
579
643
714
776
808
771
760
754
821
927
1068
1135
1170
1207
1135
1116
1112
1147
1199
1144
1081
977
976
920
764
591
386
166
-27
-211
-309
-359
-433
-464
-547
-588
-557
-505
-429
-376
-355
-390
-426
-387
-373
-327
-222
-161
-52
51
68
71
105
138
241
314
412
529
593
699
704
749
748
700
651
547
469
407
294
129
-9
-201
-385
-581
-762
-912
-996
-1085
-1145
-1238
-1388
-1439
-1481
-1484
-1494
-1484
-1472
-1470
-1476
-1449
-1375
-1224
-1106
-989
-781
-544
-327
-123
45
231
400
561
693
818
853
847
878
893
884
845
759
639
557
435
292
115
-25
-106
-240
-397
-539
-723
-793
-777
-750
-708
-694
-689
-708
-680
-639
-626
-577
-471
-371
-265
-136
2
165
260
291
280
310
301
300
284
228
188
143
120
201
283
323
318
246
211
150
88
33
-26
-123
-196
-324
-449
-506
-495
-534
-615
-645
-692
-648
-556
-488
-403
-373
-408
-399
-458
-424
-516
-643
-677
-766
-775
-740
-656
-601
-582
-659
-702
-661
-560
-461
-426
-397
-403
-331
-288
-245
-176
-144
-98
-81
-79
-133
-141
-133
-171
-117
-64
-25
-10
-80
-103
-124
-215
-225
-257
-279
-285
-319
-277
-205
-169
-128
-135
-135
-86
-37
41
185
340
505
592
664
715
776
890
988
1064
1166
1230
1273
1273
1228
1226
1226
1252
1262
1216
1142
1117
1076
1041
1028
1028
1000
880
751
645
570
515
447
387
265
139
54
-40
-87
-132
-182
-219
-273
-324
-356
-387
-403
-363
-296
-223
-143
-76
27
103
214
358
457
526
583
643
757
845
882
899
952
977
987
976
933
869
833
735
607
477
276
98
-163
-393
-593
-681
-732
-822
-854
-841
-875
-887
-910
-908
-892
-916
-906
-880
-837
-804
-749
-714
-638
-535
-435
-291
-131
29
138
253
341
415
440
478
502
519
562
568
604
616
601
525
422
306
227
103
-39
-211
-361
-486
-661
-765
-862
-924
-931
-956
-925
-870
-822
-695
-606
-578
-513
-463
-357
-265
-211
-108
-49
6
37
95
183
269
374
433
472
512
579
648
719
765
772
759
733
700
671
674
640
605
531
505
522
486
464
470
430
365
326
244
297
289
281
252
188
163
101
45
-24
-44
-75
-150
-278
-360
-410
-442
-448
-512
-564
-596
-594
-604
-574
-534
-527
-569
-591
-553
-527
-455
-447
-446
-476
-474
-415
-312
-234
-173
-148
-140
-72
65
185
203
244
240
234
213
146
98
53
-25
-148
-300
-412
-477
-503
-550
-636
-735
-813
-849
-872
-888
-914
-972
-1022
-1065
-1046
-955
-889
-815
-762
-611
-404
-221
5
234
429
619
779
951
1102
1200
1259
1275
1259
1254
1235
1185
1102
988
943
851
757
690
576
529
450
417
420
395
341
287
273
287
286
270
258
262
215
213
255
305
361
416
494
592
709
778
804
849
889
908
902
840
746
642
522
400
329
237
200
197
194
158
79
40
-29
-121
-127
-139
-135
-118
-143
-108
-152
-239
-269
-312
-303
-303
-375
-396
-381
-339
-299
-339
-380
-362
-344
-320
-306
-278
-233
-177
-122
-99
-44
6
3
4
79
126
132
125
153
209
274
335
284
205
200
144
97
27
-48
-113
-190
-244
-240
-216
-213
-190
-239
-291
-349
-427
-420
-405
-401
-401
-435
-400
-371
-325
-246
-180
-101
-93
-81
-53
-19
57
100
124
126
145
185
270
358
427
493
517
536
550
566
581
584
578
602
581
549
587
582
582
526
433
374
289
291
319
261
212
151
99
83
27
-62
-136
-209
-302
-366
-384
-393
-370
-370
-406
-406
-334
-242
-144
-41
-8
30
90
135
206
216
229
265
313
306
368
385
399
404
309
301
292
249
171
36
-107
-226
-321
-388
-445
-444
-445
-441
-438
-460
-473
-463
-408
-370
-371
-412
-425
-401
-356
-351
-350
-332
-291
-160
-38
101
122
153
146
137
170
197
239
261
261
269
265
257
272
252
188
91
11
-70
-116
-141
-182
-207
-217
-172
-125
-137
-120
-102
-122
-150
-183
-210
-207
-194
-192
-255
-289
-308
-350
-362
-351
-301
-213
-143
-85
-15
-2
-1
-32
-25
30
86
130
184
252
295
310
289
276
254
258
274
258
200
184
204
213
242
274
312
272
203
148
61
-17
-103
-221
-327
-425
-489
-543
-528
-481
-462
-439
-503
-510
-513
-503
-480
-453
-434
-399
-320
-291
-260
-219
-128
-39
49
126
218
271
292
345
400
437
453
439
469
482
448
371
344
378
381
380
331
263
208
154
69
33
5
-51
-81
-105
-108
-69
-48
-4
64
90
116
158
196
218
256
296
343
389
441
445
478
572
621
617
585
519
481
434
319
283
220
181
158
127
106
56
-36
-132
-205
-258
-294
-318
-328
-357
-400
-423
-396
-386
-330
-253
-182
-99
-45
12
63
25
-37
-87
-128
-122
-72
-45
-33
-9
-27
-29
9
-9
-27
-25
-68
-75
-90
-95
-94
-126
-123
-106
-78
-18
51
138
165
155
136
115
167
179
184
186
137
45
-40
-49
-73
-85
-142
-189
-185
-133
-133
-153
-175
-239
-295
-336
-358
-379
-365
-378
-383
-355
-328
-278
-212
-169
-126
-115
-89
-37
17
55
122
167
186
218
170
165
159
146
66
23
-21
-11
55
55
59
21
18
-4
-46
-53
-84
-75
-111
-153
-138
-162
-119
-55
-2
38
35
26
30
76
152
192
190
151
162
217
277
345
367
361
379
411
424
406
390
406
391
403
334
285
276
218
162
140
63
-27
-96
-194
-219
-210
-180
-158
-166
-197
-239
-263
-235
-247
-274
-313
-340
-328
-343
-345
-303
-257
-205
-160
-106
-57
-51
-42
-56
-91
-57
-40
-36
0
-52
-59
-44
-82
-86
-98
-135
-176
-194
-226
-240
-265
-272
-232
-253
-309
-363
-376
-423
-459
-483
-533
-506
-511
-510
-484
-428
-434
-444
-409
-382
-345
-365
-342
-292
-234
-132
-77
-11
-11
-11
21
28
96
153
157
127
146
148
188
249
284
293
272
247
219
176
140
148
154
131
143
131
131
175
201
201
213
206
173
136
84
54
73
104
140
182
196
188
215
193
145
149
116
97
108
80
85
94
54
71
97
88
108
103
64
45
18
-18
-14
-17
-51
-50
-32
-44
12
50
62
108
127
91
73
-37
-88
-48
-16
58
40
-4
-26
-35
-45
-60
-70
-42
-27
-67
-80
-95
-76
-67
-67
-41
-44
-41
-10
21
21
27
28
58
107
143
140
110
71
34
3
6
43
102
148
166
152
148
139
97
27
-27
-51
-60
-33
-30
-32
-47
-59
-56
-80
-106
-90
-75
-66
-40
-81
-126
-131
-140
-129
-76
-29
-7
0
-38
-91
-117
-126
-123
-113
-58
-1
9
1
-13
44
139
188
238
292
277
313
317
305
346
352
338
368
385
411
438
447
426
406
397
399
447
464
479
457
405
343
266
207
172
147
96
61
5
-83
-186
-222
-225
-195
-132
-122
-146
-170
-171
-183
-133
-99
-79
-73
-60
-41
-40
-43
-55
-28
10
1
-18
-16
-29
-4
9
33
76
75
94
100
89
126
131
134
82
26
-8
-73
-105
-161
-201
-197
-190
-229
-302
-375
-386
-360
-316
-325
-371
-410
-490
-507
-499
-483
-437
-436
-465
-475
-451
-385
-298
-233
-183
-152
-140
-91
-56
-30
-11
-32
-38
-49
-51
4
24
26
51
102
126
120
90
82
114
100
67
59
59
57
68
88
83
73
52
57
118
143
219
254
240
247
226
248
307
317
259
239
272
271
259
207
114
27
-1
-41
-77
-92
-138
-204
-229
-249
-283
-268
-314
-320
-345
-380
-385
-369
-349
-285
-237
-241
-200
-159
-131
-130
-137
-146
-115
-76
-39
0
12
15
57
95
108
143
167
219
265
293
291
292
275
256
235
180
140
116
130
169
195
174
145
165
215
235
255
257
270
246
193
123
101
58
24
-29
-107
-121
-148
-193
-150
-68
-74
-28
-29
-5
56
84
109
140
170
192
254
321
405
454
523
584
591
615
655
689
716
707
703
681
662
638
616
632
595
507
462
458
428
380
318
226
178
115
47
34
43
47
31
13
-17
-32
-36
-25
-53
-94
-114
-99
-42
32
75
86
98
125
160
201
262
289
316
350
403
395
379
357
357
355
348
361
339
315
312
331
344
384
342
287
236
143
78
-24
-88
-129
-189
-250
-291
-336
-347
-378
-422
-428
-474
-439
-397
-421
-431
-448
-447
-416
-366
-266
-206
-201
-209
-238
-236
-256
-245
-196
-173
-175
-137
-76
-67
-57
-74
-78
-39
-7
2
7
-13
-37
-85
-152
-136
-97
-81
-92
-137
-138
-143
-141
-143
-167
-138
-146
-174
-152
-140
-86
-80
-104
-87
-41
34
85
109
149
160
183
199
229
224
190
159
119
142
144
166
153
160
188
168
137
100
77
95
63
20
-9
-29
-14
-3
-2
8
21
-12
-3
14
18
32
27
20
22
19
42
106
120
140
153
117
99
73
20
-31
-71
-135
-169
-212
-221
-226
-267
-234
-225
-284
-359
-442
-503
-540
-529
-528
-507
-472
-431
-402
-353
-298
-267
-210
-187
-166
-141
-111
-87
-90
-129
-129
-108
-116
-96
-77
-65
-30
-7
44
60
5
-15
0
18
1
-35
-55
-30
26
81
117
140
179
210
271
276
245
280
273
236
221
208
215
206
200
211
180
168
138
95
56
8
-11
-29
-78
-69
-84
-109
-93
-87
-42
13
28
36
54
81
142
181
210
239
274
300
300
332
375
411
464
454
433
422
381
380
389
391
362
308
269
245
232
261
246
264
288
289
298
305
331
309
258
188
138
141
151
108
56
-1
-29
-42
-63
-67
-70
-101
-116
-96
-93
-94
-58
-75
-39
46
