-126
-219
-207
-236
-183
-152
-103
-89
-89
-105
-72
-53
-51
-3
-16
13
16
-5
3
-2
1
-1
0
-1
1
-1
0
0
0
0
0
0
1
0
0
0
0
0
0
0
0
0
0
0
0
0
0
0
0
0
0
0
0
0
-1
0
0
0
0
0
0
0
0
0
0
0
0
0
1
0
0
0
0
0
0
0
1
0
0
0
1
1
0
0
0
-1
1
1
0
0
0
0
0
0
0
1
0
0
0
1
0
0
0
0
0
-1
0
0
0
0
0
0
0
0
0
0
-1
-1
-1
0
0
0
0
-1
0
0
0
0
0
0
0
0
0
1
0
1
0
0
0
0
0
0
1
-1
0
1
-1
0
0
0
0
0
0
0
-1
0
0
0
-1
0
-1
1
0
0
0
0
-1
0
0
0
1
-1
2
-3
4
-9
76
135
131
162
204
211
203
215
213
201
198
190
160
153
141
101
79
77
49
47
44
31
1
-59
-74
-102
-131
-129
-154
-134
-140
-152
-165
-173
-181
-194
-165
-147
-136
-147
-134
-111
-37
30
60
62
79
130
135
146
185
195
178
189
168
157
178
108
72
78
71
94
82
71
82
83
130
148
119
102
42
17
16
-2
-14
-31
-91
-100
-109
-43
2
-10
5
-4
16
3
-5
-2
2
13
6
8
10
-2
3
0
5
9
4
-8
-6
8
8
-3
-7
-6
0
5
-7
3
11
-9
-3
-13
-8
-3
-5
3
-1
7
-2
4
12
-8
9
11
7
33
10
0
10
0
3
6
2
-4
7
4
2
18
-2
3
3
-4
-4
4
8
5
-6
1
-9
-1
7
-1
11
10
4
-3
5
-14
1
6
4
4
-7
-8
0
5
-4
-10
-11
-5
17
-2
5
5
1
0
-7
10
5
4
-2
-5
4
3
-1
12
3
1
5
1
5
-4
-3
-4
-14
0
5
6
6
-3
6
6
1
-2
6
0
8
17
12
15
3
-4
2
-1
7
10
-10
4
-2
6
6
14
17
-2
4
0
-11
-13
3
18
-4
-14
-15
-12
5
-5
-7
-1
-20
-9
4
5
1
-8
3
12
-2
-16
-2
5
2
-9
-8
-10
-2
-7
10
0
-19
-29
-22
-12
-8
-3
0
10
-16
2
3
2
-5
-8
-14
-21
10
5
5
4
0
-5
-7
2
-2
14
7
5
5
-8
-10
-13
-14
-6
-1
1
6
-5
-6
-1
2
-5
-7
-1
8
13
-6
-17
-5
4
14
0
-8
2
6
4
1
2
15
-4
-4
11
-2
-6
-1
25
1
-12
-7
-8
-7
-17
-10
-8
-7
-10
-11
-3
-10
-1
9
-3
7
9
-15
-2
-9
-5
10
-4
0
1
-7
-16
-2
13
18
6
-6
-3
2
-9
11
1
13
16
-1
4
-13
-17
-1
-12
5
16
0
12
-2
-4
-7
12
7
-2
9
-14
-4
4
9
10
-2
-2
-14
-9
0
-1
-9
5
1
-7
4
2
7
-12
0
6
4
5
-5
7
3
-5
-5
-10
1
3
-8
-1
-1
6
13
4
-3
1
-1
7
2
-6
-1
-5
3
-5
-3
-4
-13
13
13
8
11
5
-8
-5
1
-16
3
-5
-2
9
-2
-2
-2
-2
7
8
-4
-1
0
2
7
4
12
-2
11
9
16
40
3
-15
11
16
45
30
8
-7
-5
3
20
33
23
4
-14
-5
-10
7
16
5
-5
-19
-19
17
-2
7
-21
-10
18
13
14
-30
-18
12
14
29
32
18
17
8
9
21
24
-6
-11
-3
-13
11
5
-26
-43
-25
-17
-14
10
-2
-15
13
-10
10
1
-29
-9
19
37
25
37
-11
-9
-5
-15
-5
3
19
19
16
-43
-30
2
-41
-18
7
6
11
0
-18
-19
-3
22
37
13
18
30
17
17
21
11
18
6
7
14
-17
-12
-9
-11
2
16
27
15
-11
1
1
19
44
33
-5
-13
-12
-1
-6
-38
-34
-27
-12
14
30
26
20
10
-3
-11
7
3
2
15
5
14
7
13
1
-3
-4
-34
-43
-41
-41
-39
-15
0
-18
-9
-1
-17
-12
-27
-38
-25
3
0
-30
-36
-52
-37
-12
-13
-5
-10
-9
-39
-37
-17
-28
-14
-32
-36
-15
-18
-5
-4
17
16
14
29
8
-1
-26
-13
-17
-16
7
16
37
40
45
7
0
-12
17
22
12
-9
-28
6
-11
1
3
-8
-10
-19
-4
0
2
12
4
-1
9
8
-20
-25
-8
-10
20
40
29
8
8
8
11
16
11
17
2
-19
-3
4
24
23
4
-27
-10
-16
-9
29
6
-14
-24
-16
17
38
36
8
-17
-29
-2
12
-16
-2
22
18
18
7
-12
8
0
-8
-21
13
15
27
47
20
1
-36
-15
24
24
21
36
10
-8
2
6
48
42
6
-33
-13
2
-10
17
20
2
3
-10
-27
-26
-27
-7
32
51
7
8
13
20
22
21
25
7
-22
-16
-16
-21
-8
-28
-48
-26
-36
-28
1
-15
-2
-6
0
-15
-5
16
13
3
-16
-42
-37
0
23
26
17
26
38
45
30
45
30
36
63
17
45
63
57
53
46
45
43
8
6
10
-12
-28
-45
-17
-5
11
8
-11
-44
-61
-17
-19
20
14
-2
-20
-53
-13
9
23
9
12
30
39
28
9
28
35
48
48
7
3
0
9
2
-28
-27
-38
-44
-58
-52
-30
-50
-39
-52
-58
-60
-62
-44
-50
-30
-12
5
-3
-9
-26
-54
-80
-35
0
3
20
-17
-52
-41
-42
-32
-13
-11
6
-19
-5
11
14
32
35
37
-21
-63
-34
-21
-10
20
27
19
11
-57
-58
-22
7
14
-36
-28
-7
-2
3
8
19
23
46
51
50
37
-24
-40
-14
27
-8
-16
-7
-30
-5
-6
-32
0
-7
-17
9
38
40
29
0
-24
2
-20
-20
8
46
66
43
36
43
9
-32
-58
-32
6
27
-1
-18
-7
-19
-36
-25
-4
-15
-6
1
-22
-6
-6
-10
-5
-19
-50
-43
-13
-24
-19
-40
-22
3
17
38
39
47
11
-12
-3
18
58
63
31
23
32
4
8
43
68
96
126
118
92
78
72
69
91
91
71
72
26
24
30
26
50
38
18
19
40
21
27
17
-10
-6
-1
40
80
34
27
49
29
40
23
41
73
46
27
31
-19
2
27
14
8
13
-6
2
38
39
30
4
21
-4
4
-5
10
35
17
-1
-6
-11
-14
-14
-23
-33
-37
-41
-29
-12
-24
41
27
6
38
43
49
63
39
48
37
11
18
13
31
48
98
120
65
25
-5
-15
-17
-40
-16
-30
-48
-58
-77
-60
-68
-69
-73
-26
-16
-37
-33
-40
-29
-9
8
44
41
13
1
6
18
16
-12
-17
-22
-13
-18
-16
-25
-60
-41
-39
-9
-30
-36
-74
-101
-75
-104
-129
-119
-122
-135
-117
-74
-20
-3
-4
-12
-29
-27
-18
-10
22
43
14
-9
-3
24
25
7
34
31
-10
-23
-29
-2
20
-3
-38
-17
-6
-5
18
10
24
34
45
80
96
139
114
77
61
12
8
-6
-4
61
45
11
2
-19
-45
-35
-76
-91
-72
-47
0
-30
-75
-82
-49
-38
-39
-37
-46
-53
-72
-66
-54
-60
-28
-43
-67
-81
-108
-92
-86
-80
-94
-80
-81
-114
-104
-102
-80
-83
-68
-41
-22
22
12
-6
-46
-65
-66
-49
-26
-40
-71
-106
-75
-67
-40
-29
-27
-22
2
46
15
36
90
62
22
15
51
65
75
84
98
111
92
120
130
148
143
113
125
99
112
130
123
124
114
120
55
21
-38
-54
-42
-52
-6
-12
-2
29
39
22
6
22
55
57
82
107
106
118
106
105
112
134
147
158
128
136
130
64
25
50
108
133
146
137
82
49
24
44
118
131
101
39
-9
-24
-1
-17
12
44
30
16
-22
-29
20
49
70
104
90
77
101
104
91
119
102
104
89
75
85
55
61
95
86
74
41
54
84
82
98
90
64
36
26
31
33
36
45
29
42
64
81
60
102
88
40
98
52
14
-1
-11
-24
-40
-38
-35
-52
-37
-24
9
10
-27
-35
-40
-73
-109
-77
-59
-63
-27
-43
-66
-86
-85
-51
-101
-112
-95
-40
-21
-13
22
-3
-7
19
42
55
85
102
102
61
31
-1
-4
-6
-14
31
70
72
60
30
30
51
63
51
32
15
-3
5
-17
-54
-68
-62
-68
-80
-87
-73
-66
-83
-93
-104
-108
-139
-166
-173
-140
-135
-134
-139
-120
-51
-31
-35
-44
-23
-45
-58
-27
-54
-45
-67
-93
-66
-66
-38
-15
2
-15
-23
-17
-61
-39
-78
-88
-85
-101
-105
-121
-133
-123
-96
-115
-116
-114
-127
-130
-126
-118
-123
-121
-132
-132
-113
-122
-57
-2
-24
-56
-90
-96
-20
26
1
-31
-43
-20
5
-19
-29
-39
-67
-24
-17
-43
-73
-99
-77
-27
-2
52
74
34
45
47
87
89
83
104
94
131
122
103
66
17
29
37
49
44
53
61
44
20
21
38
8
7
14
-15
9
27
-5
27
21
-36
-19
-39
-36
-13
-17
8
40
54
53
41
73
76
64
86
71
86
74
10
-3
2
7
21
10
-12
15
36
52
57
6
-8
9
-12
-36
-13
-11
-55
-12
10
13
59
66
51
28
18
27
69
108
115
112
92
93
79
55
67
99
166
182
149
124
142
197
194
219
201
174
162
142
137
115
71
36
42
27
46
119
150
137
106
92
71
70
64
55
52
60
53
36
47
66
68
72
17
-36
-13
1
8
-26
-45
-56
-65
-60
-63
-17
-15
-62
-67
-43
-25
-22
-19
-45
-30
-47
-53
-48
-24
9
-1
13
26
50
62
60
42
-5
-21
-39
-41
-16
-39
-60
-27
27
48
33
32
32
34
8
-64
-89
-63
-73
-76
-109
-103
-67
-78
-38
-30
-75
-63
-70
-94
-80
-60
-38
-57
-85
-104
-107
-130
-112
-54
-7
-24
-65
-24
-48
-79
-74
-129
-171
-172
-169
-119
-92
-88
-103
-147
-177
-204
-168
-158
-170
-176
-216
-259
-277
-270
-278
-286
-306
-288
-301
-332
-339
-326
-295
-249
-221
-221
-205
-202
-170
-182
-175
-165
-122
-64
-49
-53
-59
-59
-53
-3
34
31
34
6
7
18
-1
11
16
36
13
-22
-30
-26
17
48
51
51
57
80
72
37
12
22
24
14
37
25
17
41
98
113
137
154
189
208
180
216
204
176
170
158
199
242
226
212
189
150
131
101
47
51
59
69
50
70
114
61
60
68
68
68
62
64
65
31
45
95
93
101
112
130
151
178
195
214
201
216
219
229
220
227
267
277
289
303
319
335
278
246
279
291
331
357
348
319
301
272
280
293
253
227
208
173
127
129
128
94
79
28
-16
-38
-47
-44
-26
-7
-17
-27
-47
-61
-48
-25
20
26
29
33
25
40
76
41
-41
-87
-44
-5
-3
4
20
68
81
84
68
61
80
82
63
32
-14
-52
-80
-79
-86
-129
-150
-195
-185
-160
-125
-78
-79
-70
-86
-107
-82
-56
-61
-110
-142
-134
-135
-113
-132
-124
-93
-141
-108
-116
-119
-124
-159
-171
-199
-183
-174
-158
-143
-140
-95
-103
-151
-164
-163
-124
-110
-67
-91
-113
-141
-205
-174
-180
-193
-164
-172
-159
-131
-126
-136
-170
-151
-109
-71
-21
-25
-44
-36
-54
-62
-36
-54
-89
-121
-118
-101
-92
-57
-75
-130
-126
-137
-185
-177
-150
-106
-125
-155
-131
-134
-171
-181
-183
-200
-226
-228
-230
-237
-247
-255
-259
-254
-242
-217
-244
-260
-211
-147
-181
-218
-206
-237
-229
-256
-248
-219
-255
-255
-249
-201
-195
-188
-156
-123
-50
-26
-57
-90
-118
-135
-149
-117
-119
-97
-67
-93
-85
-126
-144
-139
-168
-221
-222
-227
-226
-185
-137
-82
-96
-111
-119
-122
-149
-120
-93
-61
-50
-82
-78
-98
-42
-42
-72
-59
-67
-48
-25
-19
-38
-77
-43
-59
-23
-10
-47
-39
-76
-107
-151
-168
-170
-138
-110
-115
-107
-120
-137
-102
-58
-24
-34
-18
13
55
96
77
94
115
102
147
184
205
229
208
208
202
237
278
297
303
267
269
263
213
182
171
176
218
271
255
244
255
273
305
301
298
348
359
339
350
377
435
481
470
426
366
379
403
413
419
366
384
395
345
286
284
283
264
290
266
274
239
240
267
229
195
135
121
113
136
133
144
190
228
224
198
194
164
120
133
165
167
139
80
103
132
155
169
164
138
163
177
182
143
65
83
147
183
198
223
250
240
243
218
224
238
236
256
228
190
160
167
153
160
175
160
151
163
176
157
144
134
109
109
106
116
118
86
87
100
115
120
129
150
174
223
242
217
162
156
144
140
152
135
127
122
109
63
56
63
88
89
54
13
-30
-73
-28
17
44
29
22
-4
-41
-78
-118
-93
-117
-72
-77
-118
-152
-180
-161
-181
-212
-207
-218
-181
-170
-131
-158
-180
-175
-166
-91
-70
-46
-82
-63
-57
-84
-90
-91
-71
-71
-122
-110
-83
-51
-56
-111
-137
-149
-158
-130
-96
-65
-11
-41
-86
-68
-75
-31
-8
-35
-58
-108
-110
-93
-74
-79
-96
-82
-35
9
-18
-21
-43
-73
-82
-151
-198
-242
-209
-159
-174
-190
-210
-275
-351
-365
-399
-422
-391
-366
-311
-343
-394
-392
-395
-360
-341
-332
-353
-395
-394
-401
-375
-329
-301
-309
-295
-254
-230
-201
-193
-191
-222
-238
-287
-306
-292
-299
-275
-279
-272
-251
-248
-213
-179
-174
-157
-144
-158
-190
-170
-117
-86
-86
-91
-92
-67
-37
-12
1
-29
-51
-58
-36
-41
-21
45
100
126
159
205
169
146
159
192
235
215
220
215
196
222
240
182
145
135
100
88
62
40
47
35
-3
-13
0
17
27
-16
-9
37
27
10
-4
27
29
29
54
60
35
8
20
82
123
117
120
123
136
147
201
211
181
148
148
157
150
132
141
161
128
143
131
123
179
187
225
254
285
344
320
305
306
314
335
296
286
302
294
307
264
226
204
210
196
154
140
125
157
178
172
170
142
152
186
166
203
240
216
250
223
217
208
197
182
131
127
161
205
232
242
191
154
117
85
73
63
65
50
33
74
99
98
100
48
11
8
19
42
40
24
13
-15
-34
-31
-5
-8
6
-6
-55
-94
-106
-95
-51
-24
-12
-16
-17
-28
-32
-25
0
-27
-86
-118
-86
-31
4
39
45
42
28
6
8
62
90
110
137
177
217
236
234
248
246
214
215
196
164
179
207
177
161
146
126
84
54
71
94
109
98
75
1
-45
-58
-57
-51
-80
-80
-85
-118
-95
-10
-2
-35
-53
-61
-47
-8
45
14
-16
-48
-49
1
6
-8
16
12
-6
4
5
34
72
100
132
139
112
82
71
113
130
133
171
144
130
117
92
79
114
161
168
158
107
75
86
86
135
146
129
138
115
102
107
92
101
155
147
109
88
59
54
99
128
181
144
143
180
181
160
116
107
110
144
104
92
60
51
70
26
44
45
45
63
18
-10
-9
-29
-34
-39
-48
-78
-78
-87
-116
-79
-30
-3
5
-43
-54
-60
-70
-49
-26
-28
-82
-48
-36
-5
57
66
83
61
25
21
-4
-28
-42
-20
3
-2
3
17
55
103
108
65
22
17
66
96
69
41
60
6
-17
-9
19
37
47
13
9
16
-9
-9
-26
-13
-8
-1
30
36
31
45
4
22
58
50
48
32
-15
-19
-10
-14
15
-39
-63
-56
-48
-27
-18
-13
-29
-74
-102
-84
-54
-27
-5
-24
-62
-95
-118
-106
-120
-129
-168
-205
-209
-206
-166
-144
-154
-183
-217
-194
-154
-164
-164
-156
-114
-106
-142
-137
-155
-162
-167
-152
-131
-147
-132
-102
-64
-97
-113
-90
-69
-55
-21
24
-9
-5
6
26
16
-4
-6
-32
-53
-44
-49
-71
-104
-84
-75
-78
-21
-21
-9
-32
-18
15
62
87
26
10
5
9
26
54
51
3
-9
-15
-24
-35
-44
-33
-38
-65
-69
-94
-125
-144
-153
-164
-178
-176
-223
-239
-256
-271
-267
-238
-198
-164
-160
-167
-199
-218
-204
-198
-153
-154
-116
-101
-80
-58
-83
-46
-21
-30
-29
-74
-115
-140
-130
-49
-46
-28
-56
-100
-121
-104
-151
-155
-168
-158
-121
-112
-172
-407
118
-300
-119
-137
-358
-46
-294
-143
-175
-170
-164
-221
-142
-74
-143
-115
-66
-48
-133
-110
-9
-33
-17
39
-6
49
87
-12
54
22
69
125
103
87
81
86
42
45
52
86
86
71
42
-9
-21
-4
-9
15
95
67
41
5
-32
-20
-35
20
33
-18
20
2
-2
-4
31
45
44
44
16
31
85
93
125
142
117
93
64
-3
-13
10
11
44
-3
-28
6
64
67
67
58
50
51
41
20
47
55
23
31
11
13
49
65
39
-2
-22
-34
-15
27
17
9
14
10
-10
-6
-67
-43
-17
-64
-33
-29
11
-30
-36
-41
-41
-6
30
62
55
0
4
-20
-20
-11
-45
-40
-40
-13
-1
-13
-41
-37
-27
-59
-86
-47
-4
13
31
10
36
66
30
62
100
93
92
104
134
161
144
181
223
192
177
170
187
203
169
143
151
115
122
112
67
94
104
89
70
46
-22
-38
-17
3
19
-11
-40
-68
-46
-23
14
36
60
97
88
115
80
54
80
91
98
87
89
68
59
90
91
92
95
118
157
139
163
146
105
80
49
34
-10
15
2
4
11
3
-3
2
17
-21
8
13
-71
-90
-130
-159
-155
-119
-109
-116
-59
-84
-64
-101
-177
-140
-97
-85
-128
-183
-256
-270
-223
-182
-124
-150
-182
-211
-248
-210
-212
-183
-172
-198
-234
-287
-285
-276
-265
-290
-327
-337
-315
-260
-252
-257
-223
-235
-241
-196
-177
-182
-209
-259
-228
-228
-207
-164
-178
-180
-198
-181
-162
-150
-69
-46
-93
-108
-141
-148
-127
-123
-149
-167
-238
-217
-198
-196
-162
-149
-95
-127
-130
-165
-169
-127
-124
-97
-126
-175
-173
-149
-134
-122
-88
-114
-115
-77
-66
-54
-71
-69
-66
-65
-55
-9
26
50
13
34
33
42
111
69
36
21
13
4
16
12
-46
-52
-24
21
62
52
34
35
48
10
7
1
29
66
44
45
32
47
99
178
206
153
136
158
158
139
141
127
89
93
102
149
168
135
102
46
38
90
67
48
69
77
103
113
100
96
119
117
127
141
108
94
107
63
87
106
109
89
95
145
140
178
178
215
219
179
195
201
200
192
155
132
102
122
85
64
82
59
30
-9
-34
-7
57
46
45
64
40
-3
29
74
79
90
140
175
194
195
181
193
206
220
240
226
194
172
168
148
118
137
115
130
118
59
42
66
85
115
61
28
-16
-4
6
-33
-4
-6
10
-41
-47
-42
-26
19
51
43
15
31
47
52
80
84
11
-34
-45
-55
-67
-107
-119
-137
-162
-143
-96
-61
-102
-148
-168
-135
-97
-73
-38
-36
-60
-115
-117
-80
-30
13
16
11
-10
-7
21
72
81
32
3
19
68
99
140
121
80
77
63
50
66
43
6
-2
5
6
12
4
-31
-62
-109
-138
-144
-132
-101
-61
-59
-81
-54
-68
-30
23
73
87
44
53
41
34
44
15
-15
-33
-34
-5
-12
-44
-66
-100
-123
-123
-131
-133
-126
-123
-133
-169
-183
-165
-171
-150
-142
-125
-113
-120
-124
-113
-80
-62
-100
-125
-130
-153
-192
-178
-179
-169
-133
-101
-119
-161
-218
-264
-230
-178
-157
-163
-187
-224
-211
-228
-189
-155
-151
-106
-64
-34
-20
-15
-18
-36
-36
-35
-16
29
-15
30
57
38
12
0
29
30
18
54
60
39
56
68
67
35
22
-17
-48
-24
5
1
39
78
52
48
58
80
86
35
19
79
167
202
169
138
99
100
134
210
203
157
157
114
119
102
104
113
134
144
145
132
71
91
147
129
150
165
196
204
159
196
220
227
226
262
317
315
286
285
293
322
344
363
385
380
362
374
401
393
375
325
278
283
293
286
285
216
184
159
127
134
113
102
65
49
57
21
3
3
6
15
27
40
56
59
41
25
6
-13
-11
-24
-48
-21
-27
-8
-19
-12
17
14
6
-32
-88
-123
-142
-163
-129
-101
-89
-103
-91
-101
-56
2
13
31
-1
-35
-61
-90
-102
-108
-111
-107
-68
-29
-41
-38
-62
-73
-124
-146
-154
-108
-76
-121
-137
-134
-145
-122
-116
-101
-77
-91
-78
-72
-33
-14
-36
-46
-85
-96
-81
-101
-64
-53
-81
-70
-72
-63
-59
-120
-116
-94
-141
-183
-171
-155
-155
-174
-173
-161
-169
-205
-222
-201
-189
-149
-108
-122
-161
-197
-212
-238
-244
-217
-179
-123
-128
-146
-138
-110
-72
-98
-132
-104
-82
-64
-32
-73
-114
-82
-34
-36
-69
-56
-66
-26
-26
-45
-30
-53
-54
-22
-74
-149
-164
-162
-137
-129
-122
-134
-140
-121
-78
-84
-114
-89
-80
-51
-83
-98
-68
-86
-86
-79
-53
-42
-29
-13
-31
-21
-19
58
81
20
4
9
62
100
83
80
105
134
113
115
124
110
131
110
77
40
39
43
26
-9
-35
-50
-95
-74
-37
9
34
12
-15
-33
-34
-22
9
-6
-7
-5
1
16
61
104
71
18
16
37
78
132
121
116
105
116
136
104
133
162
175
170
131
169
157
147
184
139
136
87
65
102
116
135
137
176
149
127
150
144
102
78
79
46
64
50
50
34
26
68
52
94
80
48
83
92
104
135
138
91
113
77
14
33
25
-7
-56
-96
-64
-57
-29
-54
-82
-103
-144
-110
-83
-58
-39
-53
-100
-118
-100
-71
-75
-94
-102
-119
-99
-90
-74
-30
-20
40
32
13
52
49
88
68
68
46
-2
18
12
38
76
111
128
104
40
49
78
82
79
12
4
-19
-56
-10
-33
-44
-9
-15
-51
-92
-100
-122
-118
-116
-153
-185
-178
-173
-197
-227
-285
-275
-224
-233
-243
-249
-261
-270
-298
-296
-268
-293
-328
-304
-293
-300
-283
-272
-282
-296
-325
-294
-248
-225
-198
-211
-248
-258
-258
-224
-238
-259
-232
-258
-210
-155
-156
-171
-180
-174
-155
-73
-71
-76
-126
-102
-61
-142
-120
-138
-165
-139
-122
-86
-91
-119
-116
-86
-47
-49
-50
-82
-90
-61
-52
-14
-33
-2
18
17
43
64
109
143
184
198
181
168
116
70
75
106
119
123
117
84
77
79
110
93
67
81
75
109
119
118
128
159
172
148
109
91
78
56
29
36
61
40
40
50
103
124
103
112
138
137
125
81
54
53
56
62
15
-36
-105
-90
-4
27
32
-9
-37
-33
-21
8
-11
20
10
46
116
84
19
3
18
20
52
41
-18
-66
-124
-137
-107
-98
-48
-24
-63
-97
-65
-53
-8
42
90
134
138
113
99
150
152
154
112
53
69
109
121
87
55
11
10
8
40
65
46
26
-9
-14
-11
66
127
128
132
155
174
226
246
229
275
289
274
222
182
129
137
109
100
115
109
112
94
90
83
26
6
-8
-41
-16
-38
-47
-67
-58
-35
-35
-48
-41
-65
-74
-73
-51
12
14
50
65
41
40
36
35
8
24
34
26
-3
13
29
27
-24
-134
-161
-148
-164
-170
-162
-161
-156
-162
-185
-184
-162
-121
-71
-72
-140
-163
-142
-124
-108
-93
-83
-93
-142
-141
-135
-138
-140
-170
-191
-211
-179
-151
-127
-123
-135
-141
-113
-86
-123
-141
-181
-191
-143
-152
-169
-155
-157
-157
-151
-140
-148
-198
-216
-192
-190
-177
-178
-206
-190
-158
-118
-124
-126
-104
-87
-91
-107
-89
-65
-58
-41
1
-13
-46
-15
26
36
61
57
21
-18
-63
-57
-60
-71
-86
-69
-77
-71
-71
-91
-85
-85
-84
-66
-82
-104
-89
-36
-5
9
3
27
58
42
78
64
64
37
41
56
42
58
13
41
80
97
119
121
87
108
107
65
34
17
28
42
22
28
0
-12
26
45
54
29
33
21
29
19
24
44
42
73
112
156
134
158
231
218
198
192
196
263
307
331
369
336
309
289
235
241
301
318
316
303
317
328
347
344
338
320
309
298
260
253
279
289
238
238
238
209
210
223
261
279
262
209
184
214
241
235
215
189
160
158
172
183
143
91
63
58
130
163
193
244
204
200
176
167
187
190
202
244
236
234
185
218
186
199
-74
-351
39
242
532
663
620
388
203
14
-256
-229
-180
-235
-145
65
85
81
176
123
-52
-125
-155
-248
-330
-356
-406
-285
-149
-168
-104
-30
-51
-99
-137
-243
-342
-415
-450
-431
-374
-288
-257
-238
-198
-161
-144
-136
-159
-283
-283
-303
-332
-326
-281
-296
-303
-246
-216
-147
-213
-233
-282
-291
-237
-197
-261
-264
-201
-170
-156
-92
-102
-131
-108
-192
-129
-112
-127
-136
-87
-67
-8
52
31
52
38
5
-79
-171
-144
-121
-98
-42
-35
-22
-27
-27
8
34
20
32
41
53
90
106
142
134
95
120
139
145
183
194
172
115
133
174
193
218
209
197
192
173
157
191
214
184
172
175
197
233
190
175
154
124
82
35
14
19
65
48
74
81
102
121
101
55
44
68
87
115
132
193
152
134
117
113
110
127
179
127
136
129
84
95
34
-6
36
52
86
121
149
99
92
89
51
156
164
198
199
168
137
174
174
174
187
176
183
247
312
308
285
246
219
182
168
151
160
152
123
122
107
98
135
202
182
107
84
121
120
105
80
101
151
154
181
211
271
247
237
242
213
194
176
215
208
186
195
206
218
232
215
192
177
145
99
36
-3
-38
-8
-188
-267
-167
-173
-110
-110
-88
-5
-24
-86
-78
-102
-50
-45
-20
86
60
57
157
188
162
90
71
77
-10
-41
22
43
-11
-58
-77
-50
-78
-131
-138
-144
-144
-163
-144
-90
-98
-120
-106
-143
-143
-129
-175
-100
-152
-209
-146
-103
-82
-50
-23
4
16
-42
-65
-93
-120
-120
-125
-135
-143
-172
-204
-216
-263
-238
-259
-251
-215
-225
-181
-191
-115
-70
-97
-128
-104
-68
-96
-116
-115
-49
-18
-49
-109
-151
-123
-136
-139
-129
-137
-160
-162
-234
-256
-238
-214
-206
-243
-242
-213
-123
-88
-90
-98
-137
-162
-166
-72
-2
7
2
-4
1
-16
-25
-13
-38
-16
-15
-34
16
25
17
79
128
83
36
21
65
130
158
138
145
134
134
148
149
181
197
199
190
138
170
174
178
192
163
186
172
154
231
272
212
138
98
124
147
209
237
200
225
231
236
238
228
267
257
247
250
233
186
201
237
244
248
216
227
256
219
207
220
218
224
267
299
250
209
188
204
194
187
203
227
216
182
185
172
183
189
173
167
148
129
148
157
200
227
256
267
276
285
254
205
151
153
125
113
150
175
148
163
175
138
107
82
65
25
25
58
111
111
87
96
98
50
74
84
89
130
157
146
103
75
41
21
5
1
-27
-71
-76
-88
-97
-109
-103
-122
-112
-36
-34
-36
-82
-144
-136
-93
-77
-121
-122
-122
-137
-102
-115
-83
-52
-80
-60
-39
-62
-74
-72
-83
-69
-14
-43
-87
-131
-187
-193
-194
-188
-200
-234
-246
-231
-227
-232
-250
-228
-233
-252
-281
-330
-375
-400
-397
-361
-332
-353
-354
-333
-282
-303
-320
-261
-282
-279
-263
-301
-306
-286
-245
-209
-211
-176
-178
-219
-242
-255
-299
-295
-289
-272
-267
-303
-307
-303
-255
-266
-247
-226
-223
-206
-227
-233
-291
-283
-293
-364
-326
-297
-228
-177
-202
-190
-197
-200
-207
-217
-213
-193
-160
-146
-129
-122
-111
-103
-122
-71
-75
-102
-83
-75
-29
-40
-74
-35
-55
-64
-58
-108
-128
-134
-139
-125
-93
-64
18
48
89
158
135
110
75
33
33
74
115
70
30
15
26
17
46
64
62
103
85
93
91
111
84
70
72
57
41
12
-18
-14
-8
-21
8
-18
-34
-29
-36
-18
8
2
-17
-6
-12
-8
0
46
107
159
199
233
234
210
194
180
184
180
132
175
188
217
230
221
236
191
175
161
170
153
170
220
246
248
253
289
315
349
375
376
391
372
387
446
441
466
503
488
455
438
440
457
450
446
454
463
493
501
482
472
460
456
453
452
446
419
382
344
347
336
316
331
360
344
278
260
243
269
272
203
213
244
266
260
276
264
233
210
160
145
121
110
76
20
25
31
-13
-3
1
-16
-51
-108
-130
-134
-129
-143
-148
-142
-149
-171
-227
-256
-253
-213
-212
-227
-207
-193
-208
-172
-138
-105
-48
-59
-66
-5
-11
-30
-70
-100
-89
-63
-56
-53
-45
-46
-57
-75
-63
-47
-66
-108
-127
-152
-218
-274
-349
-382
-337
-307
-287
-287
-342
-368
-375
-395
-403
-441
-455
-468
-499
-516
-558
-544
-541
-545
-494
-514
-479
-454
-472
-469
-415
-370
-345
-327
-370
-384
-393
-413
-403
-369
-367
-374
-349
-353
-357
-340
-349
-355
-394
-410
-398
-333
-299
-319
-328
-332
-310
-310
-277
-288
-313
-341
-386
-362
-313
-292
-282
-261
-233
-199
-173
-169
-152
-151
-120
-88
-45
-56
-43
-50
-87
-62
-57
-28
-7
1
36
57
44
30
46
85
83
61
41
27
67
56
38
43
2
-10
-28
-28
6
23
54
37
21
26
39
74
65
46
35
27
17
20
17
28
29
10
5
17
29
33
32
50
79
89
106
119
138
145
157
171
167
190
211
220
246
302
327
315
283
293
303
289
290
293
324
324
338
317
278
262
296
305
294
355
327
311
286
327
364
312
282
288
324
346
344
361
390
351
357
380
390
369
353
389
402
342
367
378
336
333
324
316
338
340
347
355
321
309
286
278
289
290
273
259
217
221
200
171
163
141
134
69
39
25
-7
-10
-39
-91
-89
-123
-145
-164
-205
-211
-191
-152
-168
-185
-228
-232
-191
-183
-159
-169
-185
-193
-214
-226
-219
-213
-220
-196
-176
-164
-164
-178
-218
-217
-205
-177
-161
-155
-125
-124
-116
-104
-98
-80
-57
-54
-94
-109
-70
-55
-77
-79
-80
-129
-166
-210
-250
-264
-256
-258
-212
-257
-285
-275
-276
-275
-301
-292
-292
-264
-202
-175
-219
-227
-242
-256
-238
-266
-310
-311
-327
-316
-286
-222
-198
-213
-181
-194
-215
-247
-247
-254
-287
-272
-230
-200
-242
-250
-262
-266
-240
-282
-246
-207
-228
-204
-200
-218
-239
-253
-272
-253
-262
-345
-367
-375
-361
-335
-325
-284
-289
-257
-274
-320
-261
-224
-184
-169
-174
-175
-155
-83
-36
-72
-55
19
27
-3
17
53
128
128
95
85
54
79
59
9
2
7
14
54
91
77
50
22
12
42
56
67
65
90
104
114
137
138
134
134
145
165
195
196
220
205
172
120
79
93
96
58
27
26
41
47
68
38
6
4
-4
15
22
48
39
77
142
155
179
199
248
260
260
284
286
283
283
257
255
241
270
319
348
372
387
350
343
351
361
389
385
394
423
430
426
433
385
368
381
358
317
304
315
384
384
343
331
303
306
306
334
344
273
159
116
123
135
110
81
37
43
69
56
64
71
56
71
72
22
28
24
15
24
9
-34
-65
-29
-10
3
-15
-23
-26
-49
-60
-59
-51
-83
-93
-107
-114
-137
-146
-117
-73
-21
7
23
26
21
26
-32
-50
-56
-49
-29
-25
-9
-33
-73
-110
-89
-62
-83
-103
-135
-146
-163
-152
-173
-171
-142
-149
-169
-185
-170
-172
-153
-189
-185
-127
-47
-22
-40
-53
-66
-72
-116
-161
-165
-149
-129
-127
-137
-120
-118
-159
-212
-248
-286
-286
-297
-301
-286
-292
-270
-281
-279
-302
-314
-323
-322
-305
-273
-264
-260
-316
-324
-274
-277
-286
-293
-279
-303
-283
-290
-285
-294
-335
-317
-327
-296
-295
-306
-297
-289
-257
-250
-186
-127
-160
-183
-210
-222
-163
-139
-144
-153
-145
-135
-126
-116
-63
-58
-91
-89
-85
-59
-48
-61
-92
-121
-129
-94
-64
-41
-51
-66
-23
52
103
158
138
104
124
135
137
133
120
144
161
150
164
156
120
101
103
110
66
31
7
-6
-40
-69
-57
-39
-35
-47
-98
-117
-68
-65
-74
-68
-54
-51
3
32
70
112
89
123
154
140
137
107
101
118
166
205
233
243
221
190
153
213
253
215
186
152
161
175
146
147
177
146
172
226
241
242
232
260
234
179
174
180
230
275
314
353
336
379
402
373
318
280
281
264
247
263
265
266
280
232
268
283
281
275
271
248
274
336
312
329
274
261
234
207
185
152
182
166
133
133
193
196
205
219
208
214
227
228
201
160
148
169
141
130
140
152
181
166
116
60
12
19
-3
-35
-34
-70
-90
-60
-63
-13
-10
-88
-83
-84
-31
-3
4
8
-40
-70
-103
-109
-64
-69
-48
-17
-59
-47
-8
11
30
-32
-71
-55
-48
-66
-80
-66
-68
-90
-137
-123
-154
-216
-226
-241
-255
-285
-277
-253
-265
-261
-273
-334
-319
-264
-278
-271
-298
-246
-219
-262
-243
-245
-214
-207
-303
-344
-362
-396
-420
-423
-440
-454
-438
-385
-372
-397
-409
-342
-321
-328
-355
-334
-344
-354
-283
-245
-178
-201
-277
-290
-300
-330
-276
-230
-184
-141
-127
-169
-200
-172
-183
-229
-258
-244
-226
-173
-166
-183
-155
-154
-158
-134
-129
-137
-87
-52
-69
-51
-12
-41
-25
-16
-68
-110
-115
-72
-13
-16
-95
-132
-155
-177
-123
-88
-86
-85
-80
-51
-5
-6
-36
22
38
48
76
72
101
101
65
119
133
113
60
11
16
-4
-1
-50
-39
13
-21
-47
-62
-58
-70
-110
-153
-126
-127
-152
-140
-143
-128
-127
-122
-82
-12
46
39
47
30
14
14
30
46
51
31
-11
7
39
47
22
21
26
54
42
25
-19
-40
11
42
45
29
47
85
132
166
161
159
139
107
81
102
102
71
54
88
66
12
11
53
86
72
82
103
106
81
126
112
31
-5
31
101
149
176
228
229
198
172
135
177
207
182
162
166
137
104
85
65
20
-37
-47
-56
-40
-39
-60
-42
-51
-90
-115
-133
-44
-10
-30
12
-27
-20
30
-13
-24
7
86
130
55
21
24
72
60
69
97
108
61
37
20
5
40
43
10
15
4
19
25
-23
-44
-54
-88
-135
-170
-170
-120
-48
-9
57
117
87
61
68
-5
-22
-15
4
45
27
-14
-58
-59
-4
52
77
115
60
2
-37
-54
-15
11
-14
-56
-57
-79
-51
-40
-79
-114
-171
-181
-165
-153
-111
-117
-142
-185
-218
-162
-121
-103
-101
-130
-109
-143
-205
-193
-201
-200
-271
-293
-284
-262
-238
-200
-189
-196
-187
-167
-112
-115
-127
-116
-114
-154
-175
-166
-100
-88
-111
-101
-117
-91
-43
-4
34
1
6
16
-37
-66
-108
-119
-113
-143
-144
-177
-228
-249
-228
-249
-264
-199
-184
-212
-281
-286
-285
-265
-285
-282
-267
-212
-164
-185
-152
-143
-152
-105
-105
-138
-114
-70
-106
-197
-241
-254
-223
-203
-196
-156
-150
-138
-118
-145
-181
-191
-182
-198
-199
-173
-126
-131
-139
-154
-149
-81
-56
-29
1
-38
-64
-29
-50
-60
-73
-60
17
70
132
197
225
259
271
257
235
250
247
262
300
287
256
244
161
180
177
176
194
127
157
172
163
164
155
207
266
245
182
92
44
39
24
82
128
146
112
78
68
19
7
-37
-14
23
25
8
19
32
-21
-85
-104
-91
-120
-145
-112
-99
-85
-81
-120
-133
-121
-82
-58
-24
-25
-96
-114
-103
-117
-100
-126
-123
-133
-141
-105
-108
-75
-58
-34
-34
8
48
35
82
83
39
10
38
61
41
-2
37
76
89
92
51
49
58
96
157
226
256
270
229
171
155
145
165
177
146
207
246
231
256
197
151
176
155
171
205
148
165
95
103
82
41
85
21
80
129
195
199
169
169
135
132
195
198
234
227
192
219
186
180
171
82
107
115
38
93
67
79
95
60
41
2
33
40
100
85
118
94
41
28
32
73
75
30
113
85
42
14
6
24
66
110
173
149
145
135
67
118
100
81
58
27
107
108
43
96
62
47
93
100
169
135
89
110
185
158
126
114
67
106
133
77
151
83
78
69
-5
104
89
149
176
112
167
166
171
213
159
205
133
148
171
186
241
253
226
232
207
197
173
106
212
199
193
267
146
173
183
69
170
154
159
233
145
170
182
53
5
-41
-103
-56
-66
-87
-19
-76
-79
-55
-123
-82
-163
-180
-51
-98
-44
-22
-86
-37
-123
-159
-111
-181
-139
-115
-97
-104
-102
-113
-102
-129
-77
-91
-104
-139
-115
-209
-228
-187
-234
-186
-243
-250
-302
-258
-255
-255
-238
-256
-170
-247
-233
-256
-265
-225
-249
-196
-212
-209
-209
-170
-123
-78
-47
-44
-52
0
-38
-16
-20
-13
11
22
57
168
199
202
157
107
172
245
263
301
301
322
283
284
315
252
262
262
298
332
336
358
381
327
281
214
198
191
269
285
282
256
237
234
297
300
311
340
250
324
315
415
444
385
389
400
295
449
379
435
383
316
304
380
293
355
275
249
336
275
317
262
188
247
261
226
211
105
100
82
58
12
-74
-179
-217
-293
-380
-356
-422
-442
-563
-642
-733
-786
-842
-887
-795
-798
-802
-799
-888
-880
-878
-889
-839
-805
-710
-633
-616
-545
-610
-571
-586
-640
-406
-526
-423
-335
-526
-254
-282
-263
147
-116
470
459
576
836
655
930
1073
986
1426
1433
1528
1777
1513
1820
1713
1654
1780
1723
1784
1865
1734
1847
1610
1437
1332
1161
1014
826
860
845
744
714
577
492
337
137
218
121
149
193
229
328
306
252
316
316
377
414
504
624
659
653
579
615
576
619
638
551
472
368
214
171
74
15
-21
-132
-116
-280
-256
-419
-494
-617
-653
-777
-874
-840
-1009
-864
-952
-1040
-1160
-1015
-1262
-1426
-1407
-1501
-1348
-1183
-1492
-1321
-1559
-1549
-1426
-1634
-1457
-1621
-1487
-1286
-1379
-1400
-1393
-1511
-1473
-1488
-1544
-1417
-1492
-1334
-1307
-1251
-1154
-1174
-1079
-834
-789
-588
-422
-464
-210
-172
12
211
303
430
564
605
880
1015
1151
1298
1305
1388
1457
1483
1569
1575
1409
1329
1122
1032
939
837
790
648
422
275
63
20
-200
-255
-337
-365
-412
-447
-416
-460
-367
-441
-351
-180
-126
134
257
337
535
436
573
646
706
898
950
1000
1148
1022
1170
1136
1019
1136
877
1040
838
897
916
640
807
368
669
312
470
439
224
491
179
154
139
-147
53
-199
31
84
-590
112
-696
-464
-105
-843
-396
-255
-841
-259
-733
-771
-231
-1382
-508
-650
-931
-304
-796
-717
-649
-910
-631
-737
-586
-928
-682
-684
-811
-688
-961
-695
-779
-867
-794
-841
-1034
-917
-948
-1037
-938
-1109
-917
-840
-742
-719
-645
-561
-611
-349
-458
-95
23
95
376
350
564
703
752
1047
1223
1374
1506
1608
1730
1737
1719
1653
1640
1577
1499
1450
1363
1255
1218
1147
1018
992
855
865
860
666
602
492
459
460
328
419
421
530
439
415
497
264
504
346
398
539
575
548
854
541
485
602
385
559
478
519
821
517
995
663
722
674
346
743
262
624
291
462
268
293
302
10
537
-134
247
153
-138
-145
129
-754
299
-822
-875
225
-1730
-231
-567
-1885
-71
-1590
-1580
-233
-2298
-677
-1100
-1981
-595
-1910
-1481
-1035
-1972
-1044
-1462
-1726
-1062
-1693
-1283
-1303
-1340
-1360
-1237
-1265
-1664
-1082
-1564
-1272
-1411
-1416
-1522
-1427
-1439
-1547
-1109
-1540
-1175
-1329
-1290
-1083
-1197
-999
-1028
-956
-920
-686
-635
-534
-297
-296
-29
-33
98
229
344
440
556
640
630
716
730
867
953
862
1065
956
1054
1103
861
1126
801
870
936
630
780
668
501
678
438
351
656
208
459
546
94
760
126
513
207
400
435
272
868
38
1182
185
1020
787
622
1158
478
1348
333
1374
571
949
929
816
402
1137
301
603
1004
-122
1033
-1
-135
542
-542
412
-423
-102
-198
-515
-215
-764
-196
-847
-818
36
-1553
34
-1074
-868
-452
-1043
-928
-657
-1263
-527
-1049
-571
-834
-866
-635
-875
-400
-1153
-235
-1182
-314
-1040
-375
-1016
-253
-902
-688
-247
-1219
161
-1214
-173
-895
-482
-594
-709
-430
-920
-330
-828
-513
-448
-920
-389
-636
-760
-162
-726
-190
-442
-361
-220
-154
-110
-101
203
57
375
423
629
521
765
703
955
1027
1046
956
1261
904
1265
1114
1037
1452
925
1511
1153
1291
1315
1172
1424
1202
1380
1223
1388
1082
1340
1093
1125
1431
1038
1606
1058
1102
1664
495
1932
749
977
1635
-14
1763
337
914
1327
81
1608
382
831
956
248
1059
181
698
237
245
349
-23
235
-189
-6
-241
-171
-142
-455
24
-1002
107
-895
-515
-521
-934
-363
-1293
-459
-1050
-791
-582
-1397
-582
-1334
-1007
-939
-1390
-754
-1469
-956
-1374
-1039
-1374
-1312
-1160
-1461
-843
-1759
-551
-1622
-867
-827
-1336
-386
-1419
-529
-905
-1026
-314
-1317
-444
-899
-981
-585
-951
-687
-939
-716
-1140
-503
-1240
-585
-1079
-632
-1014
-1006
-562
-1468
-365
-1408
-535
-1068
-798
-457
-997
-153
-876
-303
-516
-433
-181
-446
175
-312
296
17
12
615
-311
1043
-119
916
274
540
932
273
1316
475
1226
891
1144
892
1470
640
1385
949
933
1334
681
1219
858
970
967
924
848
996
642
748
911
207
1103
331
539
863
-319
1221
-265
519
547
-385
731
79
-181
458
-306
-271
212
-464
8
-51
-436
-60
-34
-368
233
-399
108
-232
-144
85
-321
384
-494
188
-217
-312
155
-463
-141
-229
-711
-67
-295
-830
-118
-806
-473
-277
-973
-286
-692
-784
-432
-978
-562
-632
-926
-329
-768
-557
-567
-531
-428
-313
-573
-199
-492
-313
6
-692
214
-342
-529
555
-806
506
-268
-267
684
-722
751
-283
170
98
-114
-149
4
-163
-223
295
-369
287
-93
-23
253
-19
93
548
-224
723
-166
582
536
203
1047
-26
1119
560
563
1315
385
1032
923
519
1306
580
1131
1046
566
1385
470
1138
929
641
1287
374
1262
506
489
1272
-189
1416
201
784
675
726
576
502
683
276
692
155
705
347
397
340
126
638
-35
856
187
138
855
-414
839
-49
119
-59
551
-405
374
371
-543
1422
-1343
1241
-609
-323
752
-1193
176
286
-1417
712
-683
-974
690
-1539
631
-663
-578
-235
-611
-491
-238
-840
-497
-360
-1173
67
-1051
-433
-63
-1190
378
-839
-574
12
-1220
-183
-558
-900
-437
-14
-1881
1014
-1641
-714
851
-2762
1602
-1954
-376
269
-1859
287
-1167
-976
-11
-1872
141
-1577
-843
-522
-1589
-129
-1208
-529
-818
-515
-1241
304
-1978
404
-1358
-940
-10
-1946
666
-1456
209
-1072
-135
-615
-278
-20
-692
739
-1213
1140
-644
282
455
-609
1363
-513
922
-7
195
873
-447
1324
-564
945
301
-305
1582
-696
868
334
-583
1175
-661
830
81
397
458
309
64
198
626
-232
1010
97
336
250
922
-296
997
902
-568
2294
-989
1904
272
186
1554
-1049
2097
-725
1043
526
-56
691
31
274
799
-233
-192
490
-347
1102
-417
193
-377
-498
418
-308
587
-656
396
-538
-208
414
-841
371
65
-964
788
-1165
186
-931
-148
215
-339
-7
-116
-827
550
-999
163
-140
-446
635
-994
852
-869
174
-474
327
-596
819
-531
496
495
-577
709
-774
808
-940
1127
-1530
1606
-881
-385
930
-2019
1668
-1188
278
-153
38
-685
152
-481
-303
620
-1354
1463
-1339
551
159
-436
498
-370
85
631
88
-80
291
284
140
671
-52
589
1047
-96
875
19
542
21
698
743
-17
1480
-398
940
969
179
637
532
152
650
958
71
1653
-631
977
222
-24
1044
-267
560
735
1231
76
578
612
-547
2954
-1894
2051
-97
-637
2692
-1881
2176
-616
511
702
559
644
603
519
51
1104
-163
1121
872
-506
1370
-567
608
-188
361
148
235
648
-1174
1477
-632
-399
778
-1270
451
-439
-390
-686
2
-50
-1128
336
-1890
-360
412
-1224
491
-2292
-735
-285
-2025
622
-1708
-1185
-583
-1561
-894
-425
-1565
-1395
-1688
-1535
-1070
-982
-1324
-1018
-1255
-1163
-885
-1713
-842
-1617
-717
-532
-655
-878
-1096
-1191
-560
-852
-623
-239
-943
183
-695
-286
238
-944
390
-214
-465
567
20
12
1251
-776
383
300
-411
751
-252
90
480
-63
758
319
81
348
96
300
-133
892
101
524
217
-692
301
750
242
1082
149
375
895
-265
1345
741
1214
387
1730
-166
998
1728
-1049
2774
128
1231
1695
1420
1431
906
289
1672
-80
1914
1344
-553
2525
-1139
1006
1053
-438
712
1829
-1321
2281
-461
-751
2192
-1792
885
-491
352
-321
810
-1260
-792
-599
-1258
549
-846
-264
-758
-1483
-539
-1469
-525
-1520
-128
-1446
-1513
-967
-1577
-590
-443
-2062
-1350
-1720
-1559
-807
-1813
-844
-2514
-426
-2284
-1225
-396
-2561
-126
-2115
-836
-939
-387
-1193
-443
-1106
-1603
449
-1598
1001
216
-1040
477
-222
-155
1155
-51
1133
675
347
1120
696
1233
480
1499
232
1428
846
973
1149
1433
525
410
1157
323
522
2189
-463
1739
1017
-1277
2996
-1630
2028
-16
129
1660
-69
1416
331
2013
-194
2610
-530
1221
1281
163
2316
899
866
1508
652
2118
1153
402
3186
-1051
3239
1143
-543
6000
-1986
1199
2342
-3205
4295
1558
-1248
3112
-213
-2025
3918
-1766
-426
2407
-4196
2421
-868
-1074
1664
-2797
-972
-859
-966
-892
1194
-3001
-866
-1097
-3768
911
-1529
-2021
-919
-2228
-2127
-449
-2883
-2562
-606
-3323
-2380
-496
-4476
-963
-1664
-4651
-808
-3323
-2827
-816
-2154
-2568
-1227
-2510
-2130
-1309
-1950
-699
-346
-837
-468
25
-545
740
1018
-160
2054
470
1061
2512
1157
2059
1849
1291
1135
2575
1126
1764
2922
211
2195
737
-485
1427
639
1346
670
384
82
401
174
223
-532
-468
975
-1736
1014
453
-1588
1104
-1062
-489
1335
244
915
1195
800
57
1151
847
2021
2014
627
3683
-707
2884
3440
-1337
4639
351
771
3800
1701
1195
1597
2041
-92
2856
445
623
1300
350
159
-728
649
-1698
-637
-1551
1173
294
-3193
1526
-5800
-1401
-914
-4924
-95
-1946
-2531
-3405
-1374
-4230
-3117
-912
-5601
-1404
-4289
-3282
-881
-4049
-2990
-5773
-4725
-3731
-2813
-3117
-2213
-3663
-3539
-2241
-4310
-1906
-1608
-2121
-243
-324
-619
499
482
-147
1215
1429
1743
3266
3274
3981
3190
3316
2834
2780
4561
4284
4872
4218
3053
2270
2023
2462
2322
2678
2228
980
623
287
-12
116
-372
-441
-414
-862
-576
-1262
-1816
-1200
-2691
-1323
-510
-511
-6
-845
-704
-691
37
150
1184
1737
2233
2808
2480
1934
2433
2680
3212
4733
3758
4518
3528
3776
3069
2704
3779
3221
4360
2945
1420
1295
776
1334
1429
703
76
-362
-1345
-929
-3105
-1242
-2527
-4631
-60
-4143
-2181
-2150
-5417
-3730
-4338
-4369
-4115
-2218
-4828
-3362
-3422
-6084
-2055
-5186
-4293
-3897
-4855
-3860
-4110
-4697
-4401
-2662
-3735
-1387
-1811
-3405
-2274
-3983
-2158
575
983
1747
1964
653
360
2018
2378
4469
5977
4798
5288
5439
3941
5085
5501
5343
6210
5322
4914
5305
3690
3505
2751
1953
2330
2063
1787
799
511
-1754
-903
-1417
-1900
-128
-1636
-1511
-2761
-3540
-3365
-2533
-1505
-1603
-811
-1184
-1166
-603
-245
232
970
1354
1624
3704
3135
3715
3447
2563
3874
4115
5041
5492
5175
4480
3642
3711
4186
4145
3947
2484
2206
1352
517
896
124
74
-1824
-2243
-2350
-3374
-3073
-4097
-4659
-4483
-5266
-5270
-4737
-5569
-5542
-7101
-5950
-6214
-6622
-5550
-7126
-6319
-5462
-6473
-5526
-5125
-6847
-6140
-6243
-5047
-3537
-2642
-1423
-3182
-3556
-3993
-3216
-292
1710
2338
2795
1814
726
1200
3515
5556
6677
7145
5572
5494
5594
5603
6914
7750
7169
6061
5761
4698
4650
4339
3235
3398
2389
1806
1517
-70
-517
-1668
-2648
-2020
-1913
-2171
-2767
-4037
-4927
-4668
-4479
-3348
-2848
-3214
-3285
-3818
-3502
-1564
91
1121
1592
1158
608
1672
3373
4485
5941
5522
5856
5714
5473
6290
6448
7071
6445
6381
6116
5565
5356
4037
3373
2258
2271
1666
1559
247
-2741
-3171
-3445
-2585
-3154
-5008
-5961
-7791
-6775
-6518
-6660
-6202
-7276
-8974
-8922
-7698
-7858
-7188
-7641
-8029
-7253
-7044
-6199
-6273
-6941
-6222
-4595
-493
10
-2122
-2960
-3964
-1385
1605
4128
5732
4937
2514
1601
3707
6542
9166
9567
8855
6836
6315
6705
8432
9241
8960
8124
6419
5933
4766
4540
4504
3976
3482
2483
1431
-197
-1593
-2672
-2557
-1872
-2381
-2608
-3802
-5497
-6698
-6634
-5151
-3777
-3477
-4057
-4438
-4762
-5134
-2760
-1042
-174
585
-404
559
1465
2729
4207
5068
5830
5368
6011
6750
7323
7851
7954
8425
7805
8103
7252
6831
6059
4958
4825
4410
3409
2025
754
-522
-622
-1510
-1923
-3554
-5029
-6752
-7219
-6624
-7565
-7612
-8378
-8986
-10012
-10247
-10738
-10204
-8900
-9245
-8517
-8932
-10020
-10087
-10175
-6647
-2697
-1902
-3573
-5408
-6530
-3463
1111
3967
5855
4414
2242
2434
5099
8358
11241
11737
9949
8790
8687
9875
11976
12193
11308
10153
9157
8018
7742
7229
6311
5864
4733
3714
2124
-111
-1804
-2334
-2606
-2600
-3353
-5006
-6614
-8022
-8567
-7581
-6744
-6571
-7083
-8030
-8629
-7898
-6712
-5199
-3648
-3862
-3213
-2996
-2336
-856
626
1770
2852
3435
3701
4088
4660
5583
6430
7291
7442
7139
6502
5606
5669
5742
6220
5806
4115
2858
1467
439
392
-107
-1170
-1829
-3773
-5373
-5984
-7248
-6822
-6889
-8017
-8956
-10005
-10578
-10890
-10159
-10255
-10500
-10938
-12158
-11518
-9279
-6868
-4631
-7180
-7975
-8552
-6603
-1032
906
2421
1377
368
640
3408
7189
9618
10644
9930
8842
9639
11319
12891
14106
13953
13167
12472
11853
11096
11037
10547
10407
9898
8981
6780
4630
2964
1942
2546
2022
945
-1612
-4268
-5792
-5804
-4643
-3782
-4418
-7333
-8759
-9397
-7624
-5545
-4949
-5348
-6892
-7415
-6262
-4020
-1860
-1108
-1359
-1902
-1077
182
1666
3153
3212
3438
3598
3841
3661
4208
4130
4076
5003
4184
4018
3317
1441
1747
1455
1941
1517
-75
-1380
-2998
-3429
-3470
-3197
-4427
-5078
-6806
-7790
-7774
-8275
-8508
-8394
-9223
-9590
-8039
-7687
-7647
-9223
-9986
-8582
-5547
-3088
-2857
-3188
-4331
-4029
-1082
2255
4880
5315
4159
4245
4831
7282
9857
11221
11509
10456
10000
10345
10983
11979
11881
12216
11478
10483
9789
8465
7995
7749
7573
7078
5816
3562
1995
1395
946
1335
486
-630
-2400
-4122
-4361
-3418
-2620
-3160
-4142
-5692
-5893
-5562
-4214
-2813
-2464
-3264
-4280
-3945
-3052
-1204
-475
236
-70
-715
-302
-55
1101
1306
1671
1221
1083
1117
715
851
522
284
695
232
-952
-1832
-2267
-2971
-2118
-2800
-3844
-4090
-5913
-6978
-6555
-6644
-7237
-7358
-8261
-7933
-6752
-6703
-7945
-8272
-8040
-6435
-4499
-3701
-3817
-4119
-3771
-2193
-114
1501
2374
2166
2194
2923
4518
6292
7129
7135
7063
6727
7064
7321
7861
8200
8166
7923
7486
7063
5942
5673
5403
5522
5479
3921
2677
1771
1369
1586
2100
1328
-27
-887
-1648
-1791
-1317
-1625
-1643
-1700
-2155
-2217
-2570
-2455
-2501
-1445
-1136
-778
-787
-1283
-1174
-684
218
946
1447
761
470
363
597
1247
1279
804
298
-99
80
447
153
-878
-1784
-2638
-3066
-1951
-2326
-3320
-3806
-5398
-5301
-5786
-5596
-5544
-6658
-7320
-8707
-9001
-7161
-6277
-5639
-7260
-9235
-8748
-7070
-3711
-3046
-2936
-4322
-4390
-2792
-398
1982
2879
2485
2178
2851
4314
6467
7698
7839
7357
7534
7681
8280
8420
8464
8379
8327
7836
7572
6472
5309
5126
5065
4928
4427
2578
1261
447
356
658
111
-786
-2250
-3336
-3525
-2558
-2389
-2712
-3582
-4134
-3978
-3507
-2466
-1859
-2255
-1980
-1656
-933
-67
590
835
1316
1850
2419
3028
3350
3340
3530
3828
4057
4021
3405
3166
2602
3023
3048
2360
1395
-339
-892
-1116
-762
-734
-1773
-3091
-4627
-5048
-5948
-5053
-5647
-6261
-7033
-8834
-9114
-8750
-6636
-4907
-5566
-7983
-9302
-8420
-5563
-2633
-1916
-2869
-3396
-3750
-2185
756
2794
3344
3011
3130
3537
5092
6408
7638
8134
7641
7877
7663
7948
8280
8323
8986
9082
8350
7213
6120
5629
6072
6719
5788
4490
2462
1291
1136
1217
1315
297
-1066
-2879
-3632
-3526
-2417
-2565
-3885
-5008
-5415
-4897
-4246
-3271
-3086
-3516
-3915
-3584
-2599
-1352
-806
-607
-361
-132
200
1039
1838
2394
2256
2189
1873
1743
2390
2679
2696
2216
1669
831
362
145
-96
302
-644
-1588
-3118
-3605
-3382
-4446
-3856
-4887
-6354
-6681
-7379
-8279
-8082
-7887
-6483
-4717
-6035
-8755
-9327
-8313
-5605
-2446
-2192
-2848
-3715
-4553
-2545
669
2904
3686
2993
2450
2496
4049
5928
7463
7919
7316
6445
6136
6182
6927
7822
8191
8002
6740
5106
4443
4464
5352
5783
4708
2916
1280
505
823
1508
1348
382
-1274
-3017
-3565
-2879
-2108
-1564
-2670
-3705
-4414
-4589
-3844
-2810
-2217
-2167
-2949
-3710
-2945
-1712
-763
96
321
-194
-482
-414
747
2187
2779
2221
1431
608
460
1063
1735
1843
993
-209
-1168
-1403
-1226
-821
-1309
-2479
-3225
-4482
-4417
-4217
-4653
-4709
-5429
-6577
-6946
-7098
-7951
-7767
-7098
-4597
-4202
-6182
-8273
-8580
-5968
-2274
-549
-1264
-2247
-4022
-3557
-503
3436
5253
5045
2893
1761
3073
5765
8039
9280
8362
6526
6018
6060
7258
8580
8890
8353
7034
5886
4736
4719
5330
5704
5922
4018
2045
341
545
1239
2018
2098
553
-1708
-3704
-3452
-1750
-135
580
-1588
-3559
-4233
-3545
-896
878
1158
-767
-2070
-2063
-266
2102
2547
2161
1364
770
801
1913
2974
3644
2752
1145
1026
947
1713
1743
1113
507
-530
-1557
-1493
-1834
-2329
-2287
-2904
-4019
-4373
-5483
-5131
-4733
-5351
-4959
-6351
-6690
-7339
-7058
-6603
-6871
-5142
-3390
-4161
-5995
-7086
-5996
-2683
119
-50
-546
-1616
-2181
-775
2591
5019
5517
4698
2759
3131
4376
6677
7965
8061
6646
5304
5202
5670
6505
7253
6869
5826
4717
3523
3290
3480
3711
3970
3076
1548
113
-350
-157
388
621
-102
-1485
-3018
-3584
-2914
-1380
-1317
-1123
-2438
-3159
-2715
-2077
-712
701
831
-211
-220
-169
1335
2628
3232
3436
2808
2306
2419
3410
4360
4431
3309
1898
1473
1479
1753
1449
384
-804
-2053
-2730
-3230
-3798
-4232
-5180
-6037
-6780
-7385
-7649
-7672
-8202
-8386
-8193
-8764
-9098
-9701
-9569
-9175
-6203
-3813
-4886
-6246
-7813
-6612
-2561
708
1664
1299
-143
-1086
708
4380
7383
8470
7258
5083
4889
6173
8718
10244
10183
8873
6657
5878
6176
7158
7691
7113
5615
3794
2090
1530
1690
1996
2136
1024
-1157
-2604
-3365
-3613
-2740
-2524
-2854
-4071
-5564
-6231
-5920
-4694
-3530
-2626
-2587
-3860
-4790
-3858
-2099
582
2299
1655
548
-83
660
2931
5503
6481
6112
4568
3520
4106
6194
7713
7639
6017
4032
3264
3128
3607
3927
2906
1064
-651
-2121
-2452
-3047
-3138
-4157
-5139
-6771
-8045
-8469
-8870
-8802
-8822
-9246
-10114
-10903
-11539
-11345
-10759
-7187
-4950
-5895
-7838
-9590
-7936
-3551
68
1732
1287
-271
-1114
478
4914
8405
10149
9066
7185
6685
7924
10674
12946
13296
12089
10117
9133
9019
9579
10144
9671
8514
6716
4799
3259
2626
2893
2767
1719
-488
-2665
-4159
-5425
-4908
-4295
-4525
-5828
-8385
-9887
-9412
-7980
-6280
-4583
-5492
-6971
-7868
-7347
-4169
-828
671
-75
-1104
-1655
-185
2697
5198
6520
5968
4832
4399
5503
7728
8665
8105
7143
6023
5659
5456
5251
5087
4172
2845
1574
610
-648
-1882
-2623
-3338
-3965
-4688
-6245
-7462
-8329
-9104
-8784
-8949
-9877
-10680
-11577
-12471
-12415
-8449
-5612
-6079
-8151
-10641
-9850
-5465
-1107
1178
1819
-32
-1919
-1076
3605
8181
10866
10371
8210
7146
7914
10635
13739
15175
14248
11920
10214
10039
10566
11375
11517
10774
8861
6355
4190
3213
3140
3469
2867
1044
-1415
-4022
-5513
-5590
-5072
-4902
-5909
-8156
-9907
-10261
-9975
-8752
-7662
-6332
-6494
-7641
-8151
-7665
-4750
-2402
-755
-515
-666
-1063
-130
2202
4567
6325
6186
5279
5185
5707
6339
7434
7552
7557
6564
5149
3986
3844
3894
3383
2601
1125
-214
-2109
-3295
-3538
-3952
-4187
-5241
-7325
-8444
-9360
-9906
-9534
-9613
-10129
-11307
-12528
-12982
-9632
-6259
-6098
-7764
-10282
-10184
-6374
-2402
298
1376
86
-1425
-1055
2574
6930
9694
9979
8496
7503
8108
10101
12432
13598
13348
11675
10538
10359
10154
10346
10099
9569
8790
6735
4461
3009
2531
2302
1651
349
-1287
-3075
-4901
-5820
-5858
-5841
-6303
-7692
-8542
-8706
-8539
-8467
-7987
-6850
-5424
-4768
-5227
-4472
-3998
-2744
-1270
448
2151
2903
2717
2795
3811
5199
6546
7608
8015
7494
6870
5928
6179
6776
6901
6184
4738
3165
2177
1307
568
92
-712
-1830
-3239
-4727
-5832
-6124
-6907
-7242
-7536
-8095
-8987
-10451
-10730
-10826
-10542
-10447
-10430
-9605
-6822
-5209
-5707
-6453
-7688
-6051
-2499
497
2202
2529
1578
886
2003
4959
8034
10450
10286
8881
7924
8165
9600
11271
12084
11256
10175
8659
7855
7402
7349
6890
6223
4777
2811
1550
299
-442
-1100
-2108
-3059
-3797
-4521
-5363
-6028
-7025
-7382
-7610
-7497
-6485
-5575
-5556
-6404
-7051
-6482
-3704
-979
1247
1616
295
-938
-539
2391
6435
8965
8695
6918
5037
5075
7143
9654
10970
10490
7794
5824
5238
5647
6033
4987
3456
1908
767
-362
-1543
-2605
-3782
-4835
-5646
-5844
-6241
-6812
-7943
-9655
-9731
-8899
-7946
-7398
-8184
-8876
-9192
-9141
-8485
-7861
-6966
-4401
-2637
-1640
-1935
-3430
-3586
-2192
243
2731
4880
5306
4547
3241
3035
4294
6925
8725
9486
8784
7484
6463
5598
5655
6169
6624
6622
5816
4287
3097
1535
436
-221
-569
-724
-960
-1690
-3016
-4343
-5720
-6082
-5724
-5371
-4862
-5004
-5437
-5570
-5749
-5428
-4672
-3863
-3270
-2550
-1717
-914
-214
336
1025
1703
2791
3780
4768
5459
5875
5783
5499
5797
6366
6643
6749
6511
6113
5503
4536
3773
3154
2685
2225
1637
1059
237
-1041
-2070
-2354
-1887
-1395
-1920
-1946
-2668
-2893
-3256
-3369
-2440
-2320
-2277
-2737
-2550
-1973
-1733
-1439
-1437
-1344
-1776
-2615
-2771
-2570
-2696
-2980
-2799
-1899
-1193
-1401
-2580
-3232
-3264
-3202
-2961
-2510
-2186
-1939
-2026
-1817
-1101
-722
-702
-1065
-1162
-933
-225
599
823
599
380
-185
-151
616
1330
1717
1715
1231
610
234
51
679
1439
1663
1180
695
642
1000
1126
1129
1156
715
458
217
320
1081
1344
1243
922
347
-27
-136
255
927
1680
1562
779
287
260
667
1014
1103
1109
1160
1051
1180
1676
2131
2372
2041
1745
2270
3127
3606
3825
3426
3015
2929
2730
3187
3577
3865
3329
2827
2772
2729
2455
2016
1693
1904
1615
962
229
-764
-1467
-2040
-2054
-1917
-2045
-3291
-4747
-5695
-6210
-6044
-6117
-6679
-7159
-7539
-7549
-7226
-6760
-6794
-7136
-7249
-7098
-6561
-5570
-4841
-3951
-3017
-2360
-1291
-490
343
916
1521
2087
3002
3794
4462
4837
4924
5198
5194
5332
5370
5694
5568
5140
4436
3864
3642
3130
2347
1669
974
697
444
-182
-1052
-2192
-3258
-3448
-3058
-2462
-2224
-2924
-3726
-3980
-3744
-3254
-2455
-1879
-1604
-1537
-1536
-1313
-706
129
865
1538
2349
2863
3626
4292
4347
4580
5034
5432
6043
6411
6453
6578
6406
6321
6396
6505
6442
5864
4934
4353
4163
3769
3173
1860
1253
213
-306
-557
-1468
-1699
-2868
-3995
-4480
-4983
-5108
-5175
-5987
-6272
-6611
-6747
-6493
-6727
-6838
-6293
-6235
-6624
-6558
-6530
-5577
-5006
-5038
-5369
-5774
-5336
-4396
-2788
-1382
-1090
-1437
-2054
-2103
-1244
-144
806
1337
1494
1402
1807
2376
2723
3379
3567
3595
3437
3299
3594
4004
3931
3670
3263
2559
2422
2531
2714
2749
2385
1493
392
-735
-971
-594
4
-52
-626
-1386
-2181
-2154
-1834
-1333
-1069
-1061
-1216
-1205
-774
-137
488
626
345
297
800
1449
2356
2862
2967
2675
2381
2648
2945
3200
3363
3588
3831
3976
4372
4290
3950
3344
2554
2350
2474
2527
2365
1705
938
442
85
152
158
77
-724
-1753
-2382
-2983
-2798
-2211
-2267
-3040
-3623
-3737
-2894
-2546
-3644
-4646
-5253
-5089
-4234
-3128
-2572
-2508
-2807
-3611
-3353
-3338
-3590
-3672
-4139
-3456
-3388
-3370
-3898
-4401
-4629
-4876
-5120
-5968
-6272
-4849
-2925
-1548
-1503
-2941
-3143
-2572
-1115
550
1563
2285
2575
2647
3282
4209
5682
7077
8046
8560
7997
7697
7490
7658
7938
7599
7271
7027
6628
6520
5823
4558
3285
1852
728
49
-301
-295
-550
-1830
-3446
-4315
-4266
-3903
-3782
-4168
-4882
-5396
-5602
-5077
-4294
-3862
-3648
-3434
-3025
-2498
-1568
-702
-73
-64
-211
-70
780
2190
3584
4289
4598
4405
5013
5835
6167
6845
6357
6153
5921
5359
5526
5046
4736
4405
3777
3510
2538
1896
1289
590
-58
-929
-1827
-2592
-3090
-3625
-4391
-4791
-5497
-6199
-6647
-7401
-6836
-6438
-6545
-7001
-7701
-7467
-6738
-5835
-5251
-5647
-5765
-5968
-6160
-5268
-4641
-3387
-2825
-3188
-4044
-5270
-4202
-1896
1742
4380
4533
3130
1931
2248
4294
6736
8685
9138
8684
8073
7617
8793
10256
11739
12129
11009
9415
7888
7023
6958
6396
5324
3460
1774
820
184
-592
-1820
-3448
-5636
-7459
-8553
-8569
-8165
-8163
-9006
-10124
-11004
-10760
-9220
-7752
-6407
-6075
-6423
-6233
-5515
-3878
-1636
151
1403
2061
2559
3217
4383
5757
6732
7046
6991
7074
7842
8165
8563
8590
8116
8398
7876
7798
7076
6051
5072
3753
2691
1851
1040
691
41
-738
-1345
-2141
-2584
-3161
-3388
-3626
-4106
-4482
-5098
-5156
-5134
-5217
-4899
-4837
-4643
-4503
-4539
-4108
-3882
-3850
-3429
-3290
-2865
-2265
-1969
-1765
-1897
-2130
-2395
-2367
-2159
-1939
-2056
-2645
-3556
-3957
-3234
-1604
1234
2906
3180
2296
1602
2473
3988
5581
6175
5843
5419
5193
5331
6411
7672
8982
9149
8119
6250
4470
3640
3235
2547
1434
-383
-2040
-3468
-4482
-5218
-5868
-6463
-7719
-9235
-10762
-11562
-11301
-10822
-10802
-10874
-10773
-10049
-8525
-6872
-5270
-4050
-3177
-2383
-1455
-96
1512
3426
5233
6318
6999
7242
7876
9140
10185
10809
10661
10034
9126
8163
7657
7652
7861
8062
7491
6395
5302
4130
3747
3289
2226
1092
-270
-1444
-2157
-2552
-2553
-2407
-2274
-2641
-2784
-3038
-3295
-3042
-3211
-3328
-3480
-3672
-3615
-3349
-2934
-2389
-1832
-1537
-1364
-1244
-1177
-1051
-1088
-1366
-1351
-1314
-1466
-1459
-1611
-1700
-1599
-1992
-2237
-2999
-3619
-4360
-4068
-2954
-1063
695
861
1227
1172
2235
3661
4698
5070
4666
3705
3003
2681
3584
4839
6000
5804
4779
3598
2475
1972
1343
206
-1270
-3169
-4890
-6009
-6843
-7481
-7727
-7809
-8133
-8413
-8536
-8602
-8195
-8042
-8149
-7867
-7053
-5630
-3946
-2510
-1073
319
2078
3922
5573
7071
8375
9396
10111
10585
10739
11000
11390
11877
11979
11680
10921
10035
9290
8549
7755
6483
5413
3893
2526
1129
-273
-1170
-2290
-3105
-3940
-4700
-5198
-5739
-5880
-5927
-5994
-5747
-5208
-4253
-3343
-2938
-2706
-2503
-1939
-918
0
697
1060
1172
1257
1353
1833
2391
3276
3354
2972
2499
1765
1164
680
270
-108
-547
-1617
-2406
-3325
-4184
-5032
-5778
-6916
-7888
-9475
-9212
-9015
-7579
-6624
-6538
-5551
-5099
-3683
-2824
-1873
-1287
-1135
-881
-951
-522
656
1658
2923
3602
3861
4002
4090
4227
4226
3912
3055
2080
921
-279
-1093
-1265
-1299
-1174
-1658
-2365
-2715
-2627
-2131
-1811
-1477
-1654
-1529
-1449
-1310
-552
469
1619
2673
3286
3671
4216
4917
5789
6502
6622
6503
6130
5555
4957
4351
4088
3750
3565
2841
1959
1330
933
994
781
261
-586
-1688
-2075
-2254
-2042
-1888
-1953
-2068
-2207
-2024
-1448
-490
600
1280
1801
1969
1995
2146
2383
2844
3221
3101
2770
2437
2058
1967
1791
1533
1054
228
-801
-1751
-2598
-3172
-3823
-4594
-5581
-6415
-7147
-7642
-7812
-8215
-8537
-9037
-9481
-9723
-9774
-9823
-9565
-9616
-8632
-7681
-6290
-4291
-3021
-1101
427
1777
3159
4524
6026
6972
7704
7759
7568
7824
8032
8482
8698
8543
8268
7595
7036
6518
6025
5246
4036
2504
764
-789
-2073
-3282
-4529
-5555
-6124
-6262
-6110
-6017
-5587
-5106
-4483
-3768
-3071
-2277
-1467
-709
-52
471
1207
2231
3388
4582
5400
6468
7175
7933
8329
8127
7745
7286
6745
5998
5413
4202
3278
2193
1370
842
441
476
-111
-414
-1078
-1854
-2024
-2168
-1883
-2062
-2330
-2580
-2867
-2614
-2112
-1276
-613
-184
50
152
418
829
1436
1775
1859
1663
1246
962
602
285
165
-58
-415
-573
-751
-1014
-1209
-1656
-1902
-2270
-2794
-3214
-3655
-4217
-4640
-5082
-5491
-5867
-5709
-5632
-5191
-5007
-5046
-5258
-5796
-6040
-5564
-4943
-4068
-3356
-2643
-1745
-526
971
2290
3339
4000
4348
4648
4852
4937
4821
4725
4349
3985
3830
3846
3988
3723
3367
2996
2534
2307
1925
1316
429
-468
-1245
-1707
-1864
-2020
-1984
-2219
-2120
-1751
-1056
-448
17
394
580
942
1170
1384
1503
1356
1247
1052
1043
1105
1052
1003
796
639
582
535
414
118
-422
-1099
-1855
-2346
-2562
-2650
-2949
-3029
-2837
-2437
-1472
-618
65
613
901
1385
1930
2462
2976
3063
3252
3242
3474
3976
4594
5161
5406
5402
5344
5283
5136
4766
4085
3263
2237
1394
322
-568
-1365
-2063
-2680
-3198
-3701
-4224
-4534
-5084
-5644
-6103
-6494
-6853
-6954
-7084
-7041
-6853
-6627
-6350
-6283
-6082
-5613
-5055
-4196
-3917
-3600
-3616
-3337
-3284
-2571
-1814
-946
49
122
1052
1717
3110
4184
5205
5771
6180
6198
6152
6087
6070
5755
5340
4677
3899
3512
3096
2926
2787
2569
2190
1769
1298
739
20
-894
-1742
-2400
-2892
-3369
-3958
-4360
-4744
-4655
-4370
-4107
-3636
-3240
-2919
-2555
-2126
-1831
-1517
-1419
-1110
-577
-165
310
438
732
907
1320
1846
2442
2957
3035
3174
3147
3435
3739
4099
4096
4022
3992
3831
3837
3806
3742
3768
3762
3831
3873
3938
3887
3735
3724
3630
3577
3349
3030
2468
1793
1303
950
945
764
449
4
-353
-695
-775
-971
-1333
-1637
-2232
-2704
-3108
-3415
-3499
-3748
-3901
-3956
-3994
-3869
-3747
-3475
-3459
-3388
-3546
-3495
-3463
-3443
-3407
-3541
-3551
-3798
-3846
-3907
-3837
-3780
-3663
-3739
-3806
-3970
-3706
-3335
-2722
-2141
-1767
-1099
-617
66
513
1314
2017
2730
3274
3519
3710
3944
4113
4162
3969
3675
3181
2925
2672
2669
2580
2184
1673
1211
959
769
656
158
-465
-1274
-2046
-2519
-2731
-3034
-3259
-3646
-3904
-3864
-3384
-2824
-2107
-1733
-1283
-683
-261
480
948
1502
1657
1893
1995
2289
2694
3004
3330
3404
3712
3913
4183
4421
4433
4565
4623
4568
4657
4510
4474
4328
4267
4198
3930
3969
3708
3724
3586
3281
2932
2610
2394
2260
2086
1750
1161
537
90
-264
-466
-717
-1023
-1541
-2273
-2887
-3292
-3426
-3512
-3743
-4096
-4742
-5203
-5517
-5445
-5242
-5053
-5022
-5337
-5412
-5455
-5249
-4636
-4368
-4189
-4411
-4542
-4611
-4381
-4136
-4089
-4091
-4125
-3940
-3690
-3352
-3060
-2839
-2824
-2870
-2903
-2700
-2362
-1937
-1688
-1449
-1383
-889
-181
714
1558
2111
2529
2983
3517
3931
4362
4441
4392
4167
3808
3593
3437
3328
3111
2617
2151
1782
1355
1140
838
443
111
-244
-591
-1071
-1433
-1815
-2255
-2489
-2814
-2873
-2726
-2508
-2204
-1716
-1298
-792
-145
453
1316
1996
2701
3294
3800
4345
4922
5235
5678
5850
5887
6198
6283
6702
6925
6808
6583
6254
6158
6088
6353
6170
5511
4665
3608
2904
2210
1846
1221
386
-640
-1790
-2494
-2970
-3134
-3344
-3672
-4168
-4604
-4792
-4862
-4748
-4808
-4856
-4915
-5044
-4947
-4959
-4738
-4538
-4283
-3844
-3483
-3077
-2708
-2278
-1847
-1344
-914
-558
-351
-76
46
199
423
556
659
665
572
524
559
542
380
72
-138
-395
-489
-626
-594
-887
-1260
-1571
-2064
-2320
-2701
-3092
-3357
-3783
-4078
-4221
-4260
-3894
-3628
-3098
-2761
-2268
-1704
-1267
-576
-204
271
836
1126
1605
1855
2134
2405
2583
2846
3030
3174
3232
3371
3466
3682
3738
3781
3725
3602
3681
3729
3920
3981
3843
3567
3185
2957
2838
2802
2824
2902
2801
2535
2302
2101
2106
2135
2195
2147
1747
1268
738
427
316
258
98
-280
-842
-1671
-2120
-2385
-2219
-1841
-1871
-1937
-2218
-2122
-1850
-1533
-1195
-993
-1031
-1125
-1076
-928
-612
-363
-176
-89
113
373
753
1171
1349
1279
1276
1352
1549
1817
1744
1495
1139
902
752
814
763
612
393
-55
-376
-600
-605
-669
-974
-1402
-1789
-2085
-2186
-2245
-2409
-2751
-3105
-3369
-3534
-3785
-4169
-4379
-4503
-4412
-4444
-4265
-4150
-4165
-4150
-4182
-3764
-3402
-2936
-2775
-2586
-2449
-2199
-1889
-1452
-1054
-826
-681
-596
-290
-28
566
941
1417
1600
1848
1983
2163
2462
2722
3029
3077
3093
2903
2887
2840
2746
2698
2592
2503
2320
2058
1966
2119
2222
2127
1974
1798
1823
1808
1627
1504
1187
813
531
303
184
15
-125
-459
-618
-751
-754
-586
-414
-140
16
93
106
154
163
282
342
485
643
698
826
904
1280
1539
1824
2084
2101
2205
2234
2406
2547
2657
2610
2415
2320
2301
2403
2467
2564
2498
2323
2126
1948
1857
1682
1622
1413
987
560
203
-36
-288
-555
-935
-1349
-1906
-2488
-2979
-3442
-3703
-4024
-4391
-4738
-5046
-5058
-4922
-4791
-4637
-4590
-4490
-4379
-4202
-3952
-3551
-3327
-3057
-2777
-2377
-1813
-1293
-700
-433
-129
74
551
1111
1470
1566
1345
1133
1032
970
1008
1017
782
367
-290
-759
-1027
-1183
-1246
-1365
-1537
-1695
-1705
-1598
-1344
-970
-707
-498
-311
48
352
812
1279
1498
1765
2022
2225
2484
2675
2707
2685
2710
2710
2890
3038
3159
3228
3204
3133
3025
3051
2883
2733
2547
2291
2023
1759
1594
1527
1537
1528
1477
1558
1577
1584
1520
1454
1449
1369
1279
1029
918
599
431
250
274
278
139
98
-31
150
112
146
137
16
-33
-216
-287
-367
-510
-733
-859
-976
-1107
-1115
-1170
-1227
-1140
-1114
-1113
-1171
-1298
-1364
-1432
-1467
-1643
-1763
-1976
-2157
-2359
-2435
-2392
-2378
-2289
-2301
-2229
-2146
-2103
-2016
-1949
-1941
-1975
-1971
-2010
-1965
-1854
-1771
-1577
-1408
-1196
-1113
-901
-623
-444
-248
-93
-44
-20
74
159
238
278
145
14
50
84
289
442
565
568
534
620
643
691
595
524
396
309
187
94
98
64
91
87
213
209
233
365
455
560
690
726
648
583
548
606
866
917
887
766
737
779
1043
1348
1512
1506
1419
1458
1531
1752
1885
1927
1880
1904
1908
1935
1811
1744
1609
1397
1300
1092
986
755
411
93
-158
-334
-418
-523
-727
-924
-1232
-1453
-1506
-1677
-1631
-1785
-1923
-2040
-2199
-2279
-2414
-2473
-2534
-2533
-2539
-2460
-2276
-1988
-1729
-1383
-1036
-640
-212
216
534
724
819
990
1235
1567
1769
1840
1866
1783
1769
1826
1993
2070
2050
1859
1683
1573
1459
1285
1081
985
918
861
678
458
175
-146
-369
-471
-576
-710
-923
-1239
-1481
-1690
-1863
-1946
-2011
-2059
-2148
-2246
-2374
-2394
-2392
-2385
-2272
-2035
-1725
-1478
-1318
-1177
-989
-702
-431
-127
220
389
565
716
954
1241
1464
1687
1800
1838
2022
2094
2235
2202
2127
2102
1998
1982
1768
1694
1355
1107
892
663
478
179
-153
-470
-668
-937
-1171
-1414
-1678
-1742
-1754
-1899
-1881
-1995
-1994
-1888
-1757
-1552
-1191
-811
-521
-240
-46
142
435
697
946
1150
1184
1237
1255
1464
1638
1820
2018
2158
2203
2255
2192
2164
2080
1946
1832
1636
1487
1258
1070
669
447
195
117
95
-56
-101
-309
-534
-737
-874
-990
-950
-908
-953
-881
-832
-768
-601
-489
-240
9
148
215
271
284
209
274
388
532
531
509
342
210
171
114
122
25
-184
-513
-827
-1078
-1240
-1366
-1565
-1668
-1771
-1927
-2004
-2042
-1956
-1947
-1957
-2030
-2018
-1969
-2007
-1939
-1865
-1666
-1413
-1205
-1029
-847
-552
-200
132
356
454
405
361
370
430
446
305
147
-54
-95
-101
45
162
204
93
-41
-68
-51
-10
-63
-144
-379
-494
-532
-483
-311
-223
-215
-337
-327
-292
-176
-50
31
45
-122
-260
-321
-209
-44
20
-9
-1
-29
14
21
-61
-151
-253
-278
-316
-385
-432
-511
-559
-551
-477
-325
-131
88
311
487
665
810
946
1107
1214
1376
1501
1522
1498
1427
1459
1498
1584
1592
1504
1402
1266
1166
1105
1075
941
842
585
337
253
204
225
210
94
-35
-124
-175
-166
-133
-192
-348
-433
-470
-444
-293
-187
-104
21
-3
61
181
246
332
339
277
297
322
388
488
579
663
692
723
659
627
585
574
633
600
531
451
348
276
249
184
81
-61
-204
-303
-377
-428
-446
-377
-359
-388
-407
-478
-515
-636
-760
-902
-1043
-1214
-1351
-1488
-1629
-1682
-1669
-1658
-1677
-1644
-1637
-1572
-1521
-1385
-1300
-1270
-1360
-1440
-1528
-1516
-1458
-1368
-1251
-1287
-1310
-1383
-1229
-1030
-767
-608
-473
-435
-332
-207
34
344
455
483
399
472
568
830
1009
1205
1295
1363
1482
1571
1789
1896
1980
1915
1784
1714
1726
1773
1877
1900
1903
1844
1786
1796
1860
1958
1972
1908
1731
1529
1347
1286
1225
1244
1240
1179
1039
890
808
830
987
994
922
721
557
598
721
873
905
740
485
317
299
376
397
408
405
388
378
371
367
483
580
570
509
420
263
95
-37
-135
-239
-347
-519
-731
-850
-940
-996
-1168
-1384
-1569
-1711
-1856
-2005
-2141
-2310
-2477
-2655
-2817
-2890
-2883
-2905
-2951
-3016
-3045
-3030
-3075
-2968
-2835
-2772
-2793
-2843
-2869
-2933
-2949
-2920
-2830
-2761
-2719
-2657
-2498
-2285
-2021
-1751
-1463
-1218
-975
-778
-567
-245
-67
199
295
390
544
599
702
792
874
1009
1152
1254
1335
1359
1422
1482
1613
1712
1765
1865
1886
1947
1962
1893
1857
1854
1829
1851
1818
1854
1842
1786
1770
1745
1754
1764
1820
1860
1924
1933
1983
1970
2065
2107
2153
2120
2020
2004
1919
1850
1801
1715
1574
1466
1327
1296
1221
1132
1104
1048
991
942
906
875
817
732
620
414
313
249
191
161
77
20
55
-1
-114
-175
-244
-364
-477
-554
-681
-862
-1068
-1260
-1421
-1477
-1573
-1711
-1856
-1965
-2059
-2152
-2223
-2239
-2291
-2389
-2464
-2536
-2528
-2526
-2462
-2404
-2263
-2091
-1966
-1764
-1597
-1502
-1378
-1228
-1136
-961
-852
-796
-722
-684
-591
-511
-414
-264
-212
-206
-113
-29
157
183
189
186
137
163
106
161
275
322
445
490
514
615
704
801
909
937
917
934
927
940
976
1011
1097
1147
1223
1229
1234
1436
1561
1642
1669
1590
1571
1589
1628
1696
1712
1697
1661
1668
1701
1770
1782
1722
1597
1424
1405
1395
1481
1459
1318
1141
947
889
904
955
959
882
663
516
473
439
453
441
313
239
123
81
58
17
-43
-108
-196
-322
-403
-441
-348
-327
-326
-368
-454
-484
-551
-580
-575
-588
-582
-659
-866
-998
-1024
-1007
-992
-1135
-1311
-1436
-1507
-1555
-1642
-1690
-1791
-1882
-1891
-1838
-1701
-1466
-1342
-1308
-1253
-1255
-1142
-1086
-1001
-865
-803
-806
-791
-726
-648
-517
-394
-324
-258
-249
-232
-148
-138
-38
6
-92
-152
-243
-267
-234
-201
-225
-296
-453
-649
-703
-649
-573
-484
-542
-553
-611
-587
-433
-244
-39
66
103
59
74
60
217
366
486
594
624
745
808
937
1084
1136
1200
1227
1227
1263
1355
1441
1563
1613
1532
1456
1364
1317
1359
1327
1273
1106
943
785
681
635
534
482
321
169
19
-40
8
54
30
-51
-102
-99
21
123
207
222
161
56
24
73
153
231
191
166
169
260
397
511
636
635
586
476
352
361
385
336
225
99
-60
-148
-197
-239
-251
-307
-358
-408
-426
-462
-498
-500
-479
-449
-432
-408
-374
-310
-276
-280
-257
-217
-144
-183
-262
-278
-285
-260
-271
-264
-343
-427
-556
-662
-673
-757
-828
-861
-893
-885
-824
-762
-750
-744
-757
-766
-715
-645
-562
-472
-397
-329
-274
-215
-102
105
284
397
460
501
564
699
811
944
1047
1046
1120
1190
1239
1341
1341
1295
1265
1168
1121
1044
934
914
891
765
653
566
450
379
297
261
204
97
48
-3
28
56
120
217
217
260
257
324
409
404
364
286
269
243
302
397
434
506
640
755
851
969
1057
1093
1130
1046
922
844
730
669
565
386
187
41
-40
-120
-241
-356
-513
-616
-614
-591
-575
-599
-634
-658
-655
-607
-562
-571
-603
-694
-713
-642
-593
-570
-611
-666
-717
-709
-698
-719
-788
-842
-851
-803
-710
-685
-713
-775
-843
-819
-737
-660
-649
-687
-777
-803
-705
-561
-453
-370
-362
-380
-310
-206
-114
-23
-36
-43
-97
-199
-171
-169
-124
-47
15
16
25
78
85
81
39
15
-3
13
-91
-165
-131
-180
-203
-198
-196
-158
-124
-173
-168
-142
-128
-94
-99
-64
-19
-23
14
19
60
115
173
193
225
268
267
213
198
163
103
99
103
79
65
21
-54
-108
-201
-285
-360
-390
-397
-416
-469
-494
-531
-552
-567
-511
-443
-361
-293
-204
-123
-32
108
247
430
537
590
652
685
661
710
767
836
850
793
742
706
696
785
772
646
543
360
206
143
108
98
86
-19
-86
-91
-63
11
97
141
131
130
172
216
281
313
295
289
269
293
386
519
549
582
549
482
448
458
435
429
339
176
97
35
-18
-39
-127
-258
-370
-515
-556
-583
-579
-593
-621
-574
-569
-550
-473
-441
-390
-378
-364
-276
-268
-270
-242
-251
-251
-275
-329
-319
-315
-267
-176
-147
-135
-163
-199
-193
-183
-129
-42
-62
-116
-196
-310
-361
-378
-409
-391
-433
-464
-508
-518
-473
-422
-335
-277
-230
-238
-245
-247
-154
-18
73
112
84
142
211
257
341
409
463
586
617
611
611
665
767
858
919
902
865
872
890
890
929
907
857
791
655
609
600
547
491
406
387
377
389
377
343
338
327
309
293
303
285
250
220
199
233
279
285
228
160
113
87
55
15
-58
-114
-158
-241
-269
-319
-453
-597
-674
-695
-644
-637
-694
-694
-685
-675
-676
-684
-732
-778
-792
-816
-852
-865
-822
-788
-733
-683
-747
-799
-846
-852
-834
-894
-947
-994
-1065
-1127
-1204
-1327
-1326
-1305
-1307
-1287
-1351
-1359
-1323
-1268
-1195
-1122
-1083
-1072
-1009
-869
-685
-524
-406
-289
-157
-32
139
309
395
402
419
440
461
493
495
498
523
463
403
430
423
457
447
383
287
158
81
8
-81
-180
-243
-266
-233
-205
-158
-32
111
229
300
356
361
398
469
552
639
632
636
639
691
767
768
777
766
769
817
860
853
843
785
736
683
599
497
439
429
370
322
272
204
162
85
4
-26
-37
16
37
10
-73
-165
-185
-175
-145
-94
-86
-131
-191
-261
-257
-237
-206
-203
-205
-239
-299
-352
-317
-292
-334
-355
-369
-359
-308
-275
-233
-241
-292
-346
-417
-475
-531
-601
-682
-737
-772
-713
-677
-617
-558
-515
-460
-381
-346
-301
-226
-156
-124
-137
-135
-120
-60
-10
48
105
122
116
144
182
197
190
197
241
241
200
169
146
59
-11
-95
-203
-233
-237
-272
-321
-393
-428
-408
-311
-222
-186
-123
-65
-43
-8
110
202
243
232
270
284
344
379
393
399
364
362
318
356
419
517
569
565
524
451
467
508
534
534
489
440
427
468
525
542
603
663
690
738
719
727
728
694
662
600
525
478
444
442
398
345
351
305
256
220
199
189
183
149
63
42
3
1
53
59
55
-4
-81
-124
-170
-190
-196
-207
-212
-203
-271
-336
-355
-329
-245
-245
-280
-358
-348
-287
-242
-172
-176
-236
-327
-374
-325
-244
-232
-285
-366
-401
-420
-442
-403
-391
-479
-589
-698
-826
-868
-954
-1001
-995
-1013
-1070
-1148
-1182
-1198
-1165
-1130
-1156
-1135
-1098
-1077
-999
-917
-838
-760
-713
-658
-545
-450
-332
-212
-127
-90
-70
-29
2
23
6
-47
-125
-112
-33
23
36
49
43
54
127
162
205
253
266
238
231
290
290
359
405
421
457
485
524
522
536
571
656
683
705
746
700
672
710
752
752
690
605
594
616
631
610
580
550
515
459
429
413
397
379
325
308
300
301
336
318
276
241
198
221
221
168
87
-1
-76
-149
-176
-186
-251
-351
-410
-429
-400
-381
-400
-459
-506
-567
-629
-646
-654
-637
-608
-577
-578
-580
-561
-494
-389
-303
-267
-217
-186
-144
-50
30
86
104
117
108
117
150
140
148
141
119
113
55
34
8
21
35
10
-32
-80
-104
-122
-142
-174
-224
-208
-179
-95
-30
-15
-26
-9
95
190
265
293
263
290
348
392
508
565
601
612
588
617
696
778
827
836
823
857
890
965
1007
1003
990
950
904
892
869
855
777
677
628
611
606
557
476
379
258
151
73
-11
-70
-133
-171
-216
-295
-325
-296
-216
-180
-170
-223
-267
-281
-267
-224
-176
-123
-53
0
47
96
146
253
289
348
381
356
348
296
259
232
228
217
165
140
112
49
-35
-77
-122
-192
-273
-358
-446
-524
-558
-576
-539
-569
-573
-552
-555
-458
-433
-436
-415
-375
-296
-206
-127
-69
22
60
106
111
120
139
180
226
139
101
113
169
202
197
153
126
152
134
80
24
-34
-115
-182
-262
-321
-401
-491
-574
-651
-688
-703
-685
-691
-685
-681
-678
-616
-579
-513
-443
-442
-426
-385
-345
-287
-243
-199
-156
-92
-5
77
128
172
186
245
358
375
331
308
253
194
178
153
159
182
144
121
134
164
116
47
-29
-38
-3
-42
-93
-186
-216
-209
-216
-204
-192
-208
-159
-125
-118
-118
-145
-164
-189
-159
-119
-52
-33
-50
-36
-33
23
69
83
110
167
246
334
354
397
404
435
468
486
542
538
569
633
676
655
680
690
676
652
603
576
577
575
523
434
347
303
307
267
191
160
132
122
95
80
98
86
31
-14
-51
-82
-87
-81
-71
-91
-154
-155
-117
-49
52
113
104
110
133
175
244
272
261
231
185
170
211
267
327
329
319
279
263
292
272
255
216
153
26
-38
-29
-24
9
50
68
31
60
55
71
124
158
161
110
113
162
199
192
200
239
258
288
333
401
455
424
362
331
348
401
418
410
352
309
336
392
456
510
501
438
379
288
208
176
173
187
163
109
106
71
59
73
68
149
152
127
73
52
86
68
98
135
116
134
131
132
172
177
184
154
111
72
49
20
-28
-80
-206
-306
-335
-327
-323
-367
-426
-486
-493
-493
-490
-444
-436
-445
-398
-381
-336
-284
-249
-216
-214
-194
-154
-104
-22
34
58
74
107
125
98
108
95
96
105
67
44
-58
-111
-145
-122
-118
-189
-243
-250
-264
-320
-324
-331
-271
-236
-234
-258
-205
-173
-141
-71
-79
-96
-95
-101
-66
-22
39
78
64
27
-22
-8
23
50
93
91
86
109
106
84
86
98
111
79
-3
-33
-85
-85
-9
-60
-94
-116
-141
-151
-189
-247
-267
-329
-380
-378
-414
-448
-488
-516
-564
-609
-661
-657
-628
-650
-672
-650
-606
-586
-541
-517
-452
-413
-383
-326
-287
-251
-216
-163
-135
-150
-147
-163
-98
-20
16
41
59
69
48
122
192
251
294
328
286
276
363
455
477
415
342
309
365
419
472
526
487
453
450
458
444
451
426
420
366
346
340
338
394
395
393
361
363
328
304
301
294
288
293
297
275
239
206
167
140
77
2
6
39
67
71
48
44
73
86
75
80
106
126
130
105
57
4
-16
-72
-99
-111
-186
-257
-337
-340
-294
-294
-287
-341
-340
-328
-257
-124
-96
-83
-154
-206
-230
-208
-153
-147
-133
-111
-109
-106
-77
-25
12
49
45
-43
-93
-44
18
70
65
57
43
5
-25
-7
45
87
116
76
43
75
108
147
208
189
244
271
291
320
286
294
324
291
233
198
162
130
172
143
114
144
153
154
134
123
102
143
150
97
45
56
101
139
218
228
224
213
204
226
198
178
244
226
201
236
223
212
183
166
100
64
16
-32
-61
-111
-181
-248
-293
-372
-436
-464
-457
-381
-380
-424
-486
-537
-536
-524
-514
-514
-505
-498
-489
-491
-493
-523
-576
-602
-608
-619
-585
-551
-525
-455
-476
-468
-430
-423
-393
-371
-322
-247
-234
-231
-233
-214
-147
-126
-92
-71
-80
-49
-10
0
-42
-74
-74
-104
-169
-230
-299
-283
-257
-313
-363
-384
-434
-484
-489
-458
-407
-367
-283
-235
-207
-182
-147
-68
12
43
91
120
176
248
328
393
395
423
403
439
440
406
425
406
370
333
304
304
326
280
241
221
191
173
136
155
137
73
51
-7
-30
46
8
-37
-113
-170
-136
-183
-172
-151
-190
-199
-262
-322
-330
-367
-395
-363
-365
-421
-412
-381
-361
-323
-313
-340
-348
-330
-245
-237
-241
-245
-237
-210
-141
-88
-82
-23
19
70
70
39
-7
-38
-21
-9
-52
-97
-138
-137
-126
-59
-68
-102
-110
-131
-89
-62
-65
-64
-43
-43
-34
-4
10
52
128
189
260
291
305
339
344
308
316
347
360
441
438
375
319
273
281
261
281
313
335
353
336
315
295
306
345
335
285
248
211
236
267
298
325
330
287
210
207
230
233
229
189
143
149
183
168
119
96
65
62
113
177
190
152
100
102
104
143
150
165
171
167
203
126
43
6
23
69
72
106
82
60
78
59
68
70
107
163
196
212
236
219
232
212
202
177
141
163
122
152
141
75
26
-4
-9
-4
-15
-27
-15
-47
-75
-112
-133
-177
-211
-243
-256
-255
-257
-288
-293
-273
-293
-318
-338
-366
-308
-229
-186
-128
-124
-103
-55
-31
-45
-59
12
43
24
-8
-66
-122
-183
-238
-271
-290
-330
-360
-366
-373
-388
-419
-446
-488
-458
-437
-410
-431
-462
-510
-579
-591
-585
-560
-546
-527
-476
-389
-323
-274
-309
-309
-285
-260
-215
-147
-132
-113
-28
-6
16
6
22
43
101
189
230
226
196
180
164
138
133
137
133
109
75
68
51
50
24
-33
-62
-88
-85
-80
-86
-59
-81
-99
-49
-54
-34
14
49
124
202
212
164
129
149
182
147
119
65
16
0
19
62
46
53
35
-34
-94
-115
-147
-149
-143
-156
-185
-209
-245
-273
-215
-173
-120
-162
-199
-177
-169
-127
-77
-21
22
64
76
104
89
61
3
-27
-26
-58
-71
-70
-96
-135
-178
-190
-196
-168
-194
-204
-226
-247
-186
-217
-246
-278
-299
-240
-232
-227
-194
-217
-147
-47
27
87
117
137
164
218
260
314
306
339
372
426
504
525
556
616
628
619
602
570
576
564
565
510
446
430
403
396
359
313
256
236
239
253
248
198
148
137
173
126
90
104
124
100
72
39
3
-21
-34
-79
-172
-245
-279
-225
-130
-130
-134
-137
-135
-92
-39
-54
-43
-1
54
116
129
118
99
109
150
188
147
117
165
245
283
261
214
187
229
232
192
201
197
227
249
266
205
161
97
42
104
151
97
7
-28
-26
5
-1
-10
-66
-61
-62
-85
-149
-179
-138
-157
-157
-200
-273
-291
-270
-212
-184
-219
-238
-230
-213
-164
-113
-56
8
107
175
227
245
253
310
347
414
409
344
316
309
349
366
291
250
173
142
83
6
-24
-60
-99
-167
-245
-293
-335
-412
-465
-525
-570
-585
-618
-627
-603
-580
-556
-547
-521
-498
-451
-435
-468
-440
-369
-264
-236
-191
-151
-145
-91
-85
-64
-54
-46
-8
33
35
71
83
105
111
84
72
46
59
88
108
87
69
65
82
88
60
12
10
9
-16
-87
-140
-152
-156
-155
-154
-134
-154
-178
-157
-178
-166
-175
-174
-155
-172
-157
-149
-160
-129
-127
-96
-75
-56
-42
-54
-10
32
32
9
21
75
125
167
181
170
134
134
159
159
157
225
265
312
335
294
242
249
287
298
315
247
183
198
191
180
152
31
-28
-29
-28
-51
-132
-192
-208
-206
-219
-252
-264
-187
-195
-204
-240
-277
-280
-247
-208
-159
-188
-192
-138
-139
-114
-151
-149
-142
-121
-105
-107
-114
-127
-139
-114
-71
-42
-30
-93
-108
-104
-144
-190
-217
-262
-253
-240
-258
-257
-247
-181
-131
-121
-150
-177
-180
-111
44
103
148
160
205
306
363
359
353
358
383
460
471
428
409
486
515
538
520
496
485
436
407
403
412
417
439
414
396
388
340
345
355
395
391
372
372
320
286
263
240
215
157
103
125
159
115
90
85
93
149
87
52
56
61
88
90
30
34
55
59
50
19
0
-37
-14
-18
-26
23
28
-8
5
-22
-40
-42
-75
-87
-113
-131
-121
-184
-204
-193
-225
-198
-162
-125
-145
-170
-134
-131
-112
-48
-22
19
56
39
44
49
79
95
122
102
98
61
21
48
69
79
80
109
110
149
221
248
234
228
225
219
220
149
105
109
96
138
158
125
79
32
-35
-55
-56
-61
-55
-64
-102
-109
-132
-158
-134
-121
-126
-120
-136
-215
-246
-263
-243
-179
-220
-253
-224
-280
-281
-233
-226
-171
-142
-206
-235
-220
-207
