21
16
3
26
23
1
-24
-37
-54
-69
-97
-127
-114
-98
-92
-91
-28
8
-4
3
-2
1
-2
1
0
1
-1
0
-1
0
0
0
1
0
-1
0
0
0
0
0
0
0
0
0
0
0
0
0
0
0
0
0
0
0
-1
0
0
0
0
0
0
0
0
0
0
0
0
0
1
0
0
0
0
0
0
0
1
0
0
0
1
1
0
0
0
-1
1
1
0
0
0
0
0
0
0
1
0
0
0
1
0
0
0
0
0
-1
0
0
0
0
0
0
0
0
0
0
-1
-1
-1
0
0
0
0
-1
0
0
0
0
0
0
0
0
0
1
0
1
0
0
0
0
0
0
1
-1
0
1
-1
0
0
0
0
0
0
0
-1
0
0
0
-1
0
-1
1
0
0
0
0
-1
0
0
0
1
-1
3
-5
7
-13
100
129
61
53
49
50
31
14
1
-14
-45
-56
-82
-71
-56
-28
-19
-47
-59
-34
-19
-7
6
10
26
53
73
53
74
98
163
224
255
270
225
268
290
298
321
367
384
384
374
358
346
336
329
277
286
251
250
209
106
60
37
17
12
-34
-71
-91
-111
-116
-113
-90
-57
-64
-79
-94
-110
-73
-54
-51
-53
-65
-69
-54
-42
-41
-20
-13
7
14
15
31
19
14
13
4
2
-2
-13
-11
-16
-9
8
-4
-4
-4
-5
7
10
15
16
18
14
7
-4
0
13
8
17
16
12
5
2
-3
-5
-2
-2
-14
-9
5
4
2
1
9
-4
-2
-5
-17
-5
2
10
-3
5
8
8
-7
-4
14
6
2
3
3
12
13
-1
-10
-14
3
-2
-1
4
-2
13
3
-3
-5
-7
-1
7
2
-4
-6
-14
-4
-3
6
9
5
-1
-2
1
7
7
12
-9
-12
6
-2
3
-5
-1
-1
-9
2
-2
5
8
3
9
4
6
2
-12
-1
-8
-7
8
7
-6
0
9
10
12
0
-18
-9
-15
-23
-2
7
5
-5
0
-4
-7
2
0
-11
-10
-5
5
4
2
16
3
1
11
7
5
13
13
3
-3
-4
-2
1
-6
-5
3
5
3
0
-1
-14
-18
-14
-11
-1
-3
2
12
6
15
10
-4
11
15
4
-8
1
-10
-7
-13
-14
-9
-11
0
2
7
9
9
12
11
2
0
-5
-12
-13
-18
-11
-5
-1
-2
-7
-6
-7
-9
-10
-9
-17
3
3
3
25
10
10
8
3
4
-7
-3
-4
-19
-22
-17
-10
3
4
-6
-9
-9
13
16
26
16
1
3
4
6
12
1
-23
-19
-9
0
3
13
1
-10
12
15
4
-3
-12
-8
-2
5
19
13
-4
-2
-4
-4
8
12
-2
3
9
5
10
-4
-2
-9
-6
19
17
8
0
12
17
1
-11
-8
1
2
-11
-15
-22
-26
-20
1
-3
-2
-8
1
19
-2
3
2
8
10
0
-2
5
-9
3
1
-12
-13
-19
-18
-6
0
3
-3
-8
-2
-7
3
3
-8
-4
7
5
5
-10
-5
4
-5
-1
-4
-6
-9
-21
-23
-10
-12
0
4
-14
-9
-10
-9
-5
-3
12
16
-2
12
-3
2
15
5
5
-9
-6
-2
-10
-18
-10
-10
11
10
-4
12
5
15
24
15
17
11
16
9
-6
-16
-18
-27
-13
-19
-25
-1
-4
1
15
26
1
-12
-13
-3
2
4
10
-3
-19
-18
3
7
5
-9
-8
-21
-34
7
1
-13
0
-17
-12
-12
-15
-40
-22
7
10
3
5
43
57
35
6
-3
8
19
16
-2
-5
8
-12
-62
-72
-43
-21
-7
5
25
33
18
37
25
-8
4
5
7
10
-27
-59
-35
-14
-3
5
30
45
64
68
42
49
28
11
20
5
27
36
-8
-61
-54
-49
-44
-4
-17
-2
11
2
6
22
16
8
11
32
37
38
18
16
33
37
35
13
18
14
-7
-15
4
20
25
10
17
19
25
31
28
44
19
20
27
20
23
16
-2
-9
-18
-20
-23
-12
0
-11
-14
-17
-19
-1
13
10
15
10
20
39
40
48
42
17
-6
-25
-18
-17
-12
-11
-30
-30
-30
-9
4
21
38
24
25
33
27
21
29
12
-27
-24
-24
-26
-16
-33
-36
-7
-1
16
24
-1
5
2
24
44
17
-13
-38
-28
-21
-11
4
-6
-1
11
11
45
48
12
-4
-6
11
23
28
-5
-28
-37
-32
-15
-13
3
-2
3
-3
-19
8
1
-1
-9
-24
-3
-5
11
15
37
22
2
-29
-21
13
27
36
8
13
3
7
38
17
6
12
14
16
16
38
23
1
-2
-13
-2
17
-6
-18
-14
-19
0
-2
-7
1
-14
-54
-74
-84
-72
-58
-51
-66
-74
-41
-37
-22
10
48
55
29
7
-32
-34
-49
-70
-38
-12
-13
-47
-49
-40
-34
-25
6
40
54
35
29
11
-14
-32
-40
-4
5
4
-33
-14
-28
-45
-26
-40
-51
-50
-64
-52
-32
-30
-22
-47
-32
-14
-7
27
43
18
6
11
-14
-54
-49
-2
26
42
8
-53
-72
-72
-78
-53
-49
-60
-23
-39
-44
-36
-24
-3
13
33
13
4
16
17
13
-15
-19
-19
-17
2
3
-5
13
-1
-20
-9
10
24
22
9
-11
-6
-22
-15
6
19
-1
-5
-26
-27
-10
7
24
3
10
11
31
53
26
17
18
25
54
45
-2
-12
-16
-15
-11
2
12
-9
-33
-68
-83
-47
-4
7
14
27
7
-4
5
23
4
-10
7
3
9
2
14
30
19
15
26
36
41
44
31
16
-10
-13
-9
-31
-40
-63
-60
-20
-7
1
1
18
16
5
-1
-12
-5
-6
-27
-53
-45
-32
-31
-38
-71
-50
-10
11
58
47
20
11
16
38
39
57
71
34
-10
-2
37
37
24
1
25
35
41
42
29
39
27
-7
-26
-33
-26
-1
10
-2
-29
-32
-7
8
35
40
21
52
36
39
18
-8
-11
-39
-35
7
20
20
47
70
63
27
38
46
56
70
38
-11
-43
-69
-59
-29
-32
-13
-6
-5
-4
5
22
28
45
62
85
65
29
30
45
66
26
-26
-38
-35
-60
-71
-33
-22
7
23
7
1
-3
6
11
1
-6
-13
-47
-49
-36
-42
-65
-85
-89
-57
-16
35
79
79
59
60
77
100
137
125
105
81
56
45
36
37
44
45
53
43
92
111
88
95
67
11
-39
-40
-22
7
18
4
0
5
6
-17
-15
-27
31
79
83
83
36
43
44
19
17
43
24
3
-10
-17
-15
-41
-2
20
29
42
50
86
80
39
1
-1
13
26
-15
-46
-54
-64
-22
-41
-28
8
17
8
-12
-25
-92
-112
-138
-152
-125
-130
-153
-135
-115
-128
-122
-142
-167
-127
-117
-112
-80
-64
-35
0
18
5
18
36
48
72
71
26
-14
-48
-10
7
-2
65
83
51
38
-3
-47
-17
12
-6
-6
16
15
45
67
49
55
26
6
-2
-53
-111
-130
-151
-142
-141
-134
-114
-111
-81
-59
-41
-61
-29
27
61
76
63
22
-26
-7
3
-6
-15
-55
-54
-27
20
87
78
73
72
65
77
42
13
30
37
33
44
-12
-44
-52
-47
-32
-44
-51
-52
-56
-72
-79
-74
-78
-53
-23
-52
-60
-30
5
25
0
-11
3
8
11
22
19
8
18
25
10
22
31
7
-23
-26
-26
-12
-1
-26
-41
-31
10
42
42
24
24
19
6
20
41
68
60
25
41
14
-14
-19
-37
-33
-27
-14
-26
-11
18
47
38
13
-14
-63
-111
-103
-62
-28
28
57
34
24
45
34
38
8
-76
-106
-114
-53
-8
-16
-20
-45
-48
-18
-5
1
30
58
77
71
65
72
60
74
58
48
65
33
-9
2
-5
-8
10
-4
-55
-87
-90
-57
-55
-57
-55
-38
-2
-7
-9
17
31
56
29
13
23
37
80
107
110
86
90
110
142
134
94
86
65
67
65
37
58
99
116
124
114
119
115
78
53
5
-50
-49
-72
-130
-137
-94
-36
-14
15
36
13
28
15
21
33
39
50
55
32
32
38
-7
-35
-34
-30
-43
-45
-86
-86
-81
-113
-122
-131
-98
-84
-88
-98
-115
-98
-75
-48
-43
-14
18
37
39
7
19
39
40
35
50
48
55
81
122
101
52
50
8
-17
1
-18
-25
-14
-36
-40
-50
-39
4
-2
-56
-29
-30
-55
-11
34
16
14
50
72
64
54
26
47
91
35
-5
4
-5
18
12
-32
-32
-13
36
87
51
24
35
-2
12
52
60
30
8
9
35
31
-27
-72
-60
-38
-20
-32
-92
-112
-125
-122
-84
-67
-60
-58
-49
-29
-8
29
12
-16
-60
-76
-33
-3
1
-56
-78
-84
-97
-108
-119
-130
-95
-76
-90
-77
-78
-52
-29
-20
-30
-16
-7
29
39
40
60
84
80
71
90
141
185
202
195
178
191
196
224
269
317
297
278
222
218
229
230
225
206
191
156
157
147
135
112
102
122
93
43
-20
-52
-26
14
38
48
15
-6
-24
-63
-47
-26
28
16
11
47
78
111
121
111
52
52
54
70
85
50
0
0
22
50
86
80
86
95
118
144
167
209
225
176
136
126
151
179
157
158
124
130
121
78
41
13
-17
-38
-42
-33
-31
-57
-52
-30
22
48
16
-20
-23
-7
4
-4
-9
4
25
19
-31
-83
-90
-67
-41
-15
-4
-29
-16
58
101
58
-20
-65
-35
-40
-82
-38
-2
-10
-43
-60
-77
-65
-74
-126
-176
-213
-199
-176
-186
-240
-284
-203
-105
-65
-99
-173
-149
-150
-129
-91
-124
-104
-97
-117
-158
-197
-193
-191
-220
-258
-244
-178
-114
-78
-69
-84
-70
-37
-2
28
32
66
93
117
95
109
141
143
93
38
37
63
87
57
54
52
35
13
32
27
27
16
13
48
51
48
4
-66
-110
-110
-124
-142
-170
-148
-141
-126
-95
-88
-68
-47
-31
-35
-26
-60
-86
-97
-101
-85
-68
-70
-68
-73
-108
-136
-193
-200
-153
-106
-33
-2
-7
24
25
32
15
-22
-47
-91
-124
-118
-114
-116
-149
-195
-218
-217
-187
-182
-135
-74
-23
5
-3
-70
-76
-68
-77
-57
-39
-64
-71
-68
-93
-98
-118
-109
-100
-101
-82
-83
-94
-50
-7
27
80
85
66
43
21
10
12
12
22
14
27
38
70
129
142
178
182
151
147
163
176
193
219
236
268
288
279
240
211
196
185
196
185
194
193
161
155
143
170
195
221
251
285
307
288
321
320
276
242
188
177
227
249
269
257
226
190
151
151
190
214
177
141
113
159
231
258
249
209
172
191
204
179
201
206
195
216
259
287
306
322
333
332
335
337
324
291
292
345
384
338
309
304
272
289
296
279
286
270
231
235
234
246
268
237
243
259
251
248
254
290
297
291
273
235
216
185
183
143
111
122
123
153
147
111
126
144
128
112
135
158
162
172
190
214
254
246
198
148
129
96
71
64
16
27
37
48
62
14
3
-11
-65
-83
-94
-92
-94
-79
-80
-109
-156
-166
-154
-127
-85
-94
-102
-106
-121
-115
-141
-178
-156
-185
-206
-214
-258
-262
-290
-307
-296
-283
-266
-252
-252
-289
-319
-315
-300
-278
-226
-194
-191
-235
-274
-282
-282
-263
-231
-243
-329
-381
-347
-325
-335
-347
-401
-427
-426
-415
-405
-409
-401
-395
-377
-373
-331
-293
-275
-269
-271
-263
-247
-240
-245
-275
-292
-280
-273
-261
-285
-296
-269
-197
-151
-171
-196
-254
-243
-193
-200
-195
-239
-261
-249
-268
-281
-322
-355
-374
-363
-333
-330
-343
-325
-282
-291
-258
-221
-233
-228
-210
-229
-237
-268
-258
-215
-185
-181
-172
-168
-166
-157
-118
-91
-108
-155
-176
-163
-118
-89
-116
-156
-144
-121
-135
-109
-83
-63
-8
11
4
25
52
72
79
35
37
74
83
100
88
88
74
107
107
103
118
124
173
187
185
194
173
159
144
156
155
179
196
182
180
183
196
179
155
160
210
226
242
235
220
251
250
276
285
294
309
297
272
236
218
205
233
190
168
142
130
162
188
210
217
218
212
230
215
235
256
248
272
239
203
190
177
178
172
164
118
118
131
149
122
104
165
220
262
262
280
286
257
245
252
279
322
312
290
261
206
210
216
197
184
126
111
133
129
159
175
175
150
110
117
145
152
142
164
162
154
167
146
127
109
88
86
116
148
170
149
123
111
90
81
80
118
169
184
143
109
103
95
79
43
-20
-54
-70
-103
-101
-93
-88
-100
-88
-112
-120
-112
-121
-111
-131
-108
-107
-155
-173
-153
-171
-182
-172
-150
-143
-179
-206
-226
-210
-190
-169
-172
-170
-167
-137
-144
-171
-174
-197
-198
-212
-225
-224
-240
-255
-255
-265
-273
-244
-307
-383
-407
-422
-407
-406
-407
-424
-392
-394
-408
-401
-372
-322
-319
-328
-348
-379
-393
-358
-335
-329
-307
-300
-262
-177
-125
-106
-113
-121
-153
-178
-185
-164
-142
-185
-185
-189
-200
-228
-272
-264
-231
-224
-251
-227
-213
-204
-166
-119
-116
-97
-76
-75
-64
-54
-40
-6
12
-27
-100
-141
-153
-179
-193
-172
-178
-170
-144
-143
-123
-108
-100
-63
-55
-57
-25
-4
-1
-9
22
27
74
92
60
18
10
3
30
73
68
73
51
26
50
65
96
146
145
149
130
120
125
140
145
160
189
194
180
180
164
134
182
198
227
244
239
242
210
192
189
196
226
245
217
230
245
213
166
116
108
153
208
252
274
266
260
241
220
244
265
266
248
250
267
286
328
378
391
395
364
332
363
358
366
340
269
262
281
269
286
291
258
244
244
273
281
233
143
75
64
33
7
-21
-55
-25
4
7
-16
-43
-63
-64
-60
-54
-24
-24
-10
-1
10
-5
-58
-86
-73
-68
-37
-22
0
50
63
91
116
113
109
121
89
119
125
66
50
42
52
44
46
43
57
59
43
12
-15
-21
-16
6
-3
-31
-51
-70
-127
-139
-136
-140
-138
-135
-136
-144
-132
-141
-144
-136
-128
-188
-223
-229
-223
-211
-244
-248
-253
-269
-313
-347
-367
-371
-387
-407
-388
-386
-373
-360
-335
-326
-349
-351
-333
-298
-308
-334
-301
-305
-287
-301
-328
-313
-335
-347
-342
-332
-325
-347
-371
-376
-385
-377
-346
-334
-329
-327
-348
-326
-270
-241
-209
-188
-167
-161
-169
-191
-217
-208
-204
-216
-236
-272
-297
-303
-289
-287
-275
-266
-240
-205
-190
-189
-180
-182
-186
-178
-187
-183
-201
-203
-145
-114
-135
-141
-141
-117
-83
-105
-133
-150
-151
-143
-94
-58
-43
-4
10
18
54
73
13
-9
-47
-60
-10
21
27
44
29
-4
4
-28
-53
-66
-45
19
34
-5
-66
-82
-37
-17
36
63
54
69
24
43
110
89
69
-6
-116
-149
-85
14
97
93
94
150
168
186
176
165
177
170
197
238
275
332
321
286
307
320
325
336
284
267
239
205
232
249
244
259
286
286
317
317
290
302
303
291
268
229
226
254
316
344
410
448
436
468
457
466
480
494
511
525
527
505
504
495
465
460
458
401
359
348
342
324
319
286
262
250
236
236
201
199
206
195
171
178
210
239
255
260
271
292
282
236
220
202
197
202
213
226
230
217
179
154
157
169
188
206
196
186
174
175
186
113
68
28
18
44
61
98
65
57
93
136
168
166
111
57
72
135
156
145
126
111
126
116
125
131
121
122
82
34
-32
-97
-90
-39
19
15
-24
-43
-84
-111
-149
-181
-151
-148
-165
-152
-142
-160
-162
-147
-149
-161
-177
-180
-159
-157
-205
-248
-244
-223
-218
-199
-236
-210
-144
-119
-81
-75
-94
-82
-64
-41
-44
-54
-69
-121
-158
-131
-118
-119
-118
-133
-167
-249
-289
-290
-320
-332
-301
-228
-159
-131
-129
-130
-157
-165
-162
-169
-140
-153
-131
-80
1
57
61
63
70
152
122
167
87
152
2
91
-539
652
105
-395
820
-814
560
338
-204
147
-122
86
-252
64
-111
-86
-25
-124
-159
-67
-26
-56
-129
-123
15
-51
72
49
-126
47
-60
-131
-22
-142
-152
-88
-41
-115
29
-27
-48
-25
-131
-28
-62
20
-44
-158
-144
-72
-58
-81
-1
-102
-21
-15
-44
37
-7
-15
-93
-12
2
39
96
13
56
46
48
128
170
148
113
104
129
126
156
65
48
112
100
173
196
169
200
179
145
157
163
203
217
207
197
207
203
199
222
184
222
206
160
113
47
10
29
42
10
21
24
27
22
20
43
95
139
130
112
110
90
120
179
222
280
254
269
294
243
269
285
277
317
304
302
293
275
275
246
246
231
260
276
275
269
202
202
214
230
238
173
197
91
72
146
63
55
63
-27
-18
53
31
117
106
77
91
137
126
121
137
81
76
95
45
-47
-81
-131
-133
-126
-138
-171
-204
-189
-163
-182
-182
-122
-102
-61
-11
-68
-69
-70
-139
-100
-55
-56
-90
-142
-170
-120
-120
-119
-128
-136
-118
-112
-94
-93
-81
-127
-154
-151
-185
-148
-126
-135
-149
-138
-155
-191
-214
-235
-274
-286
-277
-266
-199
-167
-156
-185
-140
-105
-153
-188
-156
-123
-147
-128
-197
-184
-106
-103
-81
-50
-55
-76
-26
12
49
44
46
2
2
13
-6
54
64
94
122
147
176
201
199
198
185
163
178
185
211
200
222
229
192
235
187
207
258
215
200
164
95
85
125
94
25
24
-33
4
56
30
50
80
98
86
120
125
132
132
110
95
97
98
99
127
182
172
135
170
167
157
165
175
224
257
153
147
144
161
287
242
252
194
130
132
167
174
160
192
105
125
165
216
250
253
204
98
138
126
127
146
95
92
174
183
222
232
191
174
177
209
168
173
119
40
-17
-3
-43
-18
84
36
91
109
113
148
109
96
65
153
115
54
112
13
-22
-2
-50
-98
-40
-87
-113
-73
-149
-123
-94
-65
-1
14
-24
-23
-35
-61
-60
-66
-34
-35
16
33
31
38
-40
-71
-58
-52
-5
-4
-50
-49
-66
-57
-12
54
120
141
64
30
15
-5
36
-14
35
-3
-52
6
-91
-101
-86
-134
-76
-71
-44
22
-1
43
83
41
-8
-46
-49
-67
-80
-76
-99
-124
-130
-156
-185
-167
-191
-213
-173
-174
-167
-113
-66
-81
-95
-109
-136
-63
-17
1
35
-39
-99
-104
-118
-83
-70
-51
-92
-88
-85
-83
-56
-55
-27
-45
-73
-80
-25
23
40
74
94
78
93
115
80
63
37
23
5
21
52
36
-11
-13
-46
-49
-5
-7
-9
-22
12
24
39
54
-40
-82
-12
-19
60
84
3
-40
-104
-140
-78
18
23
-22
-130
-174
-123
-49
-22
-57
-59
-92
-156
-135
-147
-203
-158
-184
-205
-153
-184
-208
-215
-175
-150
-149
-152
-182
-153
-142
-150
-134
-95
-123
-60
-11
-27
32
20
-41
-64
-41
-6
14
0
-19
-2
-25
-57
-111
-110
-123
-110
-112
-165
-178
-213
-212
-211
-171
-178
-200
-253
-252
-245
-240
-179
-207
-219
-210
-243
-193
-173
-137
-69
-99
-121
-160
-183
-144
-101
-137
-130
-100
-101
-83
-119
-163
-172
-193
-194
-198
-154
-100
-103
-96
-105
-135
-123
-125
-120
-101
-173
-162
-157
-197
-214
-272
-328
-326
-297
-261
-219
-173
-170
-122
-101
-80
-39
-40
13
19
40
104
107
54
74
55
27
71
50
-29
-34
-31
-11
14
0
12
4
22
12
-24
-46
-52
-39
-20
-18
-34
-58
-24
-29
-85
-54
-74
-43
7
22
-10
-45
-103
-140
-110
-81
-94
-153
-189
-193
-160
-155
-118
-134
-104
-112
-174
-84
-86
-85
-46
-42
-46
-129
-181
-206
-170
-30
-8
-33
-32
-46
-73
-30
-39
-8
34
32
89
112
116
122
111
138
161
148
184
201
176
182
155
139
138
122
96
42
86
114
129
96
75
72
84
116
122
147
149
149
153
180
89
29
3
-25
-9
-21
-64
-116
-103
-123
-104
-35
-18
-8
-8
-43
-22
-9
23
49
39
48
39
60
49
42
17
32
0
-29
42
53
86
93
140
144
171
232
209
222
197
184
247
283
257
252
220
213
218
258
268
221
215
247
227
200
203
198
219
205
213
186
149
138
68
68
82
54
-18
-50
-61
-69
-68
-60
4
32
0
-72
-76
-13
33
-1
-42
-99
-114
-99
-108
-124
-127
-193
-239
-181
-155
-118
-107
-150
-147
-139
-129
-128
-108
-81
-106
-116
-145
-175
-171
-196
-201
-218
-265
-246
-192
-159
-150
-180
-176
-157
-149
-83
-85
-91
-162
-216
-189
-190
-223
-263
-231
-251
-182
-215
-305
-237
-212
-158
-105
-118
-128
-131
-153
-178
-180
-184
-174
-134
-145
-174
-127
-127
-114
-92
-86
-83
-41
-56
-84
-55
-88
-26
2
29
26
14
16
-5
-15
-3
41
89
125
82
22
-28
-72
-79
-30
-118
-174
-186
-172
-162
-177
-205
-286
-223
-174
-155
-111
-141
-165
-150
-124
-66
-63
-85
-108
-131
-101
-60
-3
36
94
122
148
129
128
170
128
120
107
100
93
102
52
32
21
38
60
-31
-79
-103
-99
-87
-79
-71
-64
-63
-93
-66
-43
29
81
102
133
146
136
175
149
100
74
10
27
43
55
60
5
-43
-44
-82
-77
-39
0
-1
-69
-72
-94
-98
-64
-101
-116
-132
-144
-147
-176
-194
-172
-159
-133
-105
-118
-164
-180
-185
-192
-129
-138
-135
-178
-189
-135
-62
31
13
61
37
21
31
54
64
78
111
86
85
120
193
229
227
202
181
174
205
223
224
204
164
157
130
89
95
111
81
129
121
77
123
152
178
209
229
243
256
267
243
225
213
186
170
225
259
259
237
192
185
255
284
334
362
278
288
302
285
271
218
248
279
216
182
153
110
128
189
198
178
185
171
204
258
300
283
215
205
151
97
73
67
78
70
78
63
5
-28
-84
-131
-165
-192
-201
-195
-149
-144
-147
-140
-110
-105
-51
-62
-83
-93
-107
-90
-96
-75
-92
-94
-76
-46
-26
36
53
38
61
71
88
31
31
78
-8
-23
-22
-26
14
29
11
-6
10
-33
-50
-62
-54
-44
-92
-72
-54
-111
-160
-130
-110
-76
-41
-106
-81
-116
-117
-66
-95
-105
-154
-207
-236
-184
-126
-137
-163
-197
-176
-94
-42
-56
-43
-39
-29
-7
-2
41
47
50
19
-37
-50
-47
-38
-62
-133
-171
-123
-148
-142
-194
-252
-191
-185
-191
-196
-223
-237
-280
-310
-283
-198
-101
-96
-120
-149
-129
-91
-30
9
-39
-65
-92
-126
-105
-104
-90
-86
-116
-102
-96
-1
82
66
68
34
11
-1
-24
2
5
-6
7
57
104
141
118
101
97
70
128
138
143
188
192
185
159
179
233
232
185
141
95
103
143
152
191
223
183
176
154
111
146
151
141
142
178
201
233
245
193
250
296
296
312
248
170
144
115
67
89
99
97
172
208
228
226
183
155
210
205
147
154
116
125
180
205
226
239
238
284
319
293
250
225
163
135
131
142
163
114
96
116
137
78
-4
-63
-70
-49
-1
-11
-67
-112
-146
-160
-157
-111
-72
-26
-4
-26
-34
26
99
145
161
127
123
126
77
61
84
98
113
129
160
141
145
124
97
59
-18
-11
-51
-17
28
-17
-42
-104
-81
-34
-34
-55
-107
-125
-95
-47
-5
-6
-46
-79
-84
-119
-122
-174
-252
-278
-290
-346
-370
-360
-308
-256
-273
-219
-187
-132
-80
-97
-70
-66
-88
-34
-46
-52
-27
-12
48
26
-11
-36
-39
-46
-77
-104
-89
-106
-79
-123
-126
-99
-155
-121
-104
-126
-160
-199
-253
-241
-250
-288
-318
-324
-324
-332
-308
-319
-245
-202
-199
-146
-100
-101
-56
-20
-6
0
38
119
114
102
18
-30
-86
-123
-128
-102
-60
-57
-71
-97
-140
-174
-131
-86
-95
-147
-213
-181
-171
-218
-215
-228
-231
-234
-248
-270
-243
-169
-160
-185
-199
-181
-154
-131
-160
-188
-166
-136
-92
-12
14
-10
-40
-64
-39
-8
27
46
16
-20
-26
-29
38
103
142
165
173
217
191
202
189
148
145
114
75
58
9
-52
-119
-134
-75
-56
-31
31
47
86
128
177
192
215
176
102
84
108
168
233
334
327
315
351
346
306
304
337
362
419
403
384
355
349
392
395
386
355
277
260
274
242
188
159
150
154
148
107
78
7
-24
2
-23
58
86
19
3
-2
22
56
50
2
-23
-7
43
63
105
171
195
210
199
203
193
213
251
264
267
240
240
259
276
259
200
174
175
173
155
120
156
179
151
182
171
144
118
70
73
69
35
55
74
50
8
-15
-23
-4
-15
-20
-25
-9
-26
-10
27
33
34
17
-6
-55
-35
-9
2
69
108
103
78
28
-13
-4
16
-8
-66
-95
-97
-149
-158
-200
-233
-237
-237
-230
-223
-216
-232
-242
-222
-209
-267
-293
-296
-278
-251
-258
-251
-189
-132
-129
-159
-165
-192
-208
-198
-211
-236
-220
-166
-117
-88
-119
-167
-208
-240
-214
-144
-115
-122
-199
-287
-308
-277
-218
-211
-253
-288
-281
-232
-182
-199
-218
-238
-240
-237
-200
-155
-124
-92
-91
-59
-90
-17
-2
22
57
3
-19
-43
-29
-83
-95
-88
-87
-51
-70
-129
-171
-185
-171
-154
-187
-258
-276
-234
-216
-235
-233
-220
-224
-196
-203
-213
-173
-149
-125
-100
-129
-130
-123
-162
-183
-201
-192
-175
-202
-196
-218
-210
-105
-14
-18
-67
-17
70
59
74
90
117
154
142
118
133
179
158
100
41
74
111
150
192
212
239
248
229
193
176
157
107
41
-3
10
29
79
145
142
129
143
185
230
264
284
258
228
216
248
252
251
217
130
107
115
144
170
119
58
77
133
146
178
162
129
128
112
121
110
107
135
138
78
20
-23
8
65
95
78
53
66
46
14
6
9
-15
-5
5
8
-4
15
-15
-45
-34
-27
-33
-92
-111
-112
-140
-142
-98
-51
-27
-41
-68
-43
-18
-9
14
-19
-12
49
114
156
150
130
64
51
71
26
7
7
-23
-51
-87
-89
-69
-50
-60
-90
-100
-49
-13
-24
-9
-14
-7
20
-6
-35
26
52
73
67
28
44
19
79
124
122
96
78
85
48
42
88
90
60
52
-3
-10
23
38
88
100
77
62
-12
-65
-100
-35
47
63
57
18
-26
-50
-53
-125
-198
-223
-241
-248
-234
-216
-256
-292
-283
-263
-216
-191
-204
-183
-188
-221
-212
-181
-148
-127
-145
-128
-136
-142
-140
-114
-64
-41
-11
20
7
-11
46
99
193
210
181
103
59
52
-5
-36
-8
106
91
-73
-148
-129
-95
-39
-91
-95
-79
-34
-26
-27
-77
-127
-207
-294
-277
-282
-243
-190
-174
-120
-72
-93
-124
-130
-88
-52
-49
-77
-74
-34
9
67
109
79
57
60
114
179
169
152
166
203
210
204
195
180
214
236
212
174
113
99
150
221
255
230
232
247
218
201
200
216
196
180
204
215
210
187
167
169
198
200
207
246
258
249
258
270
257
268
282
268
254
259
225
167
158
192
181
105
79
35
-8
-23
-19
-18
-5
12
32
-5
-40
-50
-68
-57
-103
-82
-58
-65
-65
-125
-122
-87
-37
-51
15
-91
-39
102
17
147
140
127
165
119
35
-17
8
40
12
-14
-42
-50
-56
-61
-88
-61
16
13
-23
-62
-94
-102
-93
-122
-130
-66
-34
-68
-107
-145
-141
-144
-181
-171
-140
-160
-131
-98
-74
-42
-105
-161
-156
-70
-4
-26
-39
-43
-37
-45
-24
-45
-62
-73
-102
-214
-254
-113
45
49
-37
-133
-221
-218
-250
-228
-141
-71
26
-16
-1
-35
-156
-168
-474
9
15
-62
-77
-290
-107
-101
-186
-250
-165
-61
-123
-218
-152
-115
-164
-164
-63
-34
-52
-30
-5
-10
-57
6
8
26
-78
4
-423
-78
276
208
268
-169
-68
17
-12
-116
-143
68
21
-113
-196
-150
-66
-111
-6
69
-31
-110
-4
16
84
46
32
185
135
46
-2
60
58
-58
-124
-114
-68
-85
-128
-166
-119
-113
-144
-125
-202
-117
-130
-74
-55
-19
41
28
-184
32
-21
61
-63
-168
-168
-169
-232
-189
-152
-53
-57
-105
-109
103
48
-104
598
-469
491
-84
-84
554
-327
446
-6
132
248
-130
261
135
133
253
163
237
94
126
133
26
114
55
96
170
70
86
137
-2
86
46
105
58
-71
-45
-114
-82
-181
-148
-248
-192
-140
-208
-131
-121
-27
-64
-8
44
75
104
53
68
27
73
86
93
95
-30
-47
-88
-153
-3
26
44
136
123
231
227
226
232
227
243
239
310
275
289
208
160
218
142
151
142
166
234
185
181
249
267
224
192
154
142
167
172
181
248
215
231
169
187
124
157
64
137
108
235
-151
-499
1452
395
366
-331
-714
625
257
-551
-129
1017
241
324
-819
130
551
-212
241
-30
392
131
-226
176
257
56
-149
262
239
-40
133
238
309
111
-3
141
429
168
-35
282
121
310
13
-80
133
118
30
55
4
-39
38
-158
-44
-27
-80
-66
-238
-121
-68
-121
-174
-267
-83
-72
-38
-59
-149
-119
-149
-204
-123
-66
-176
-171
-158
-60
-20
-81
-154
-135
-83
-78
-108
-124
-113
-14
-20
-113
-53
-111
-111
-125
-132
-88
-118
-64
-104
-22
-34
11
-10
-72
-34
-24
21
51
1
-52
-1
-41
-3
-103
-76
-23
-142
-56
-42
-9
-2
-66
-33
-50
-128
-140
-141
-109
-107
-118
-117
-190
-198
-151
-221
-234
-191
-228
-103
-116
-236
-180
-117
-66
-14
0
51
-14
-100
-91
-124
-45
-43
-108
-164
-209
-197
-128
-167
-211
-43
-48
-46
-75
-24
30
-38
-67
-121
-92
-127
-169
-118
-77
-98
-177
-228
-118
2
-61
-89
-1
-25
-30
-21
-44
46
63
-21
-61
-46
-31
-15
-37
-12
-38
-8
62
106
50
74
123
170
265
262
229
153
154
61
131
169
198
192
139
201
197
191
129
207
187
126
100
33
67
43
67
-28
12
57
28
75
35
1
-29
-19
-6
-3
-99
-136
-89
-57
8
-11
-34
1
73
70
98
16
131
145
24
-1
-20
139
137
187
212
247
267
164
292
344
236
192
165
160
136
105
167
180
194
197
261
218
350
-181
66
649
525
392
-144
-284
-132
105
197
222
195
57
-146
-141
76
94
43
137
256
183
141
111
119
38
-127
-160
-41
0
-26
-64
-87
-114
-184
-168
-210
-143
-197
-155
-167
-123
-153
-181
-311
-338
53
9
103
-125
-278
-168
-162
-40
-53
2
176
16
-82
-53
-27
-107
0
94
21
37
76
65
-9
34
-69
105
139
51
-11
-40
33
1
-27
-68
-52
18
18
-91
-80
-71
-104
-45
2
49
18
71
66
-17
-46
-186
-147
-44
-79
-173
-155
-84
-20
-54
-323
-283
-195
-228
-206
-268
-266
-132
-131
-196
-97
-122
-143
-213
-288
-255
-299
-344
-343
-365
-339
-367
-364
-286
-229
-137
-99
-165
-145
-94
-93
-74
-111
-64
-9
-86
-19
-36
-14
5
3
69
50
44
35
94
74
125
66
57
25
-53
-15
-33
-17
-42
-39
-65
-28
-9
101
99
30
46
0
46
105
137
125
121
150
154
152
214
314
306
224
133
73
113
130
57
53
190
233
207
172
190
239
181
205
233
227
188
180
177
201
235
319
341
285
125
43
3
-9
37
54
52
21
-10
-7
23
57
61
42
9
-64
-38
86
168
158
102
48
-19
-64
-52
-95
-85
-138
-201
-212
-175
-149
-122
-11
-1
15
2
-59
20
20
48
39
-36
-13
4
60
21
39
97
16
-79
-66
-35
-67
-48
-83
41
154
106
74
211
227
171
158
67
76
54
31
-60
-19
34
46
89
36
-71
-171
-152
-70
-34
-18
-71
-105
-109
-203
-242
-208
-160
-139
-140
-210
-157
-145
-91
-71
-114
-120
-154
-161
-175
-58
-31
32
-23
-69
-199
-340
-182
-124
-83
-86
-149
-88
-79
-90
-112
-126
-154
-73
-29
-108
-72
35
65
44
1
-5
-33
-103
-43
31
73
-11
-85
-75
2
7
9
-4
-27
-28
-58
-23
15
51
75
59
48
81
74
102
156
186
167
159
117
122
115
151
130
37
41
49
91
124
137
88
67
55
25
72
107
75
42
-18
-71
-59
-98
-189
-200
-212
-216
-250
-214
-145
-146
-209
-184
-79
-100
-119
-153
-146
-87
-125
-229
-315
-315
-249
-142
-89
-19
-18
-34
29
117
112
133
118
35
82
58
130
205
223
131
17
-6
72
104
24
-5
-69
-47
-88
-146
-164
-212
-214
-198
-203
-158
-161
-235
-241
-181
-108
-92
-147
-85
-11
-23
-20
8
33
38
21
19
6
21
77
104
83
32
10
-12
-19
-27
58
-44
-64
33
13
-24
1
12
-71
-122
-117
-29
8
-30
-127
-57
4
-39
-58
-59
-51
-18
-50
-55
8
21
-7
-21
33
71
75
34
-37
-24
-24
32
52
57
108
106
45
121
200
193
167
87
147
170
126
34
19
5
49
34
60
123
199
261
221
251
309
350
261
221
277
272
258
236
257
284
234
217
206
258
270
238
198
224
172
87
47
23
66
82
115
120
113
135
110
58
58
63
125
147
83
55
77
119
112
51
5
-34
-56
-104
-26
-9
11
109
118
153
153
131
158
188
165
143
155
140
129
140
149
120
98
66
52
14
24
67
38
83
81
42
56
112
121
168
118
20
17
12
-14
11
22
-66
-15
52
122
130
70
60
43
52
7
1
39
23
-6
23
86
13
-9
3
60
68
83
72
11
25
63
69
-13
-67
-70
-34
-40
-27
-45
-78
-88
-100
-51
48
2
-32
24
103
115
33
34
53
30
-41
-91
-90
-33
10
11
-28
-46
-69
-67
-23
-81
-53
-53
-79
-81
-47
-43
-70
-30
17
87
-12
17
83
81
112
256
687
615
172
318
209
-130
-65
-252
-57
340
238
73
-122
32
39
-277
-277
-260
-258
-101
-15
-60
-64
-91
-306
-453
-445
-345
-57
107
6
-58
-21
-18
-82
-168
-213
-103
-53
-29
-63
-186
-126
-108
-267
-329
-362
-297
-174
-229
-259
-225
-160
-202
-258
-245
-211
-117
-84
-139
-243
-209
-202
-215
-201
-226
-126
-100
-133
-173
-195
-202
-156
-244
-290
-253
-202
-171
-258
-248
-233
-191
-176
-227
-281
-261
-236
-137
-18
41
18
-12
15
-3
-1
2
-15
81
168
138
106
122
160
172
130
56
134
169
181
196
112
74
100
94
89
141
161
120
75
113
116
70
-5
14
26
23
-60
-128
-113
-83
-23
-41
-67
-48
-90
-113
-65
-28
-11
43
55
88
107
93
134
116
50
66
110
115
85
101
134
66
72
96
190
289
223
255
308
257
257
196
164
175
178
212
216
232
241
260
189
129
163
207
166
133
78
11
9
35
30
68
79
31
21
-13
62
44
-42
-83
-96
-21
30
1
40
87
50
36
12
-14
25
24
-11
-19
-21
33
26
36
-16
-40
14
-20
-29
-66
-49
-30
-14
-16
-82
-60
-76
-87
-75
-117
-165
-185
-217
-172
-163
-132
-98
-134
-112
-96
-131
-163
-181
-221
-232
-213
-172
-122
-26
28
-7
-73
-27
73
124
19
-112
-66
36
130
75
21
35
52
-47
-67
37
59
117
74
89
133
75
62
52
121
128
109
176
183
151
103
60
11
21
40
34
145
220
192
126
102
134
97
36
23
33
-4
-74
-102
-57
-38
-41
17
-3
-29
-45
-107
-127
-173
-199
-156
-137
-144
-120
-149
-86
-54
-91
-84
-118
-62
-43
-52
-4
2
78
127
88
133
158
136
109
19
55
52
23
53
31
23
-3
58
88
144
94
64
8
-66
-64
-79
-102
-106
-94
-107
-98
-92
-70
-82
-38
-42
-24
-89
-191
-168
-209
-230
-243
-325
-325
-310
-268
-189
-251
-245
-231
-187
-105
-200
-171
-141
-122
-107
-159
-139
-143
-177
-213
-207
-252
-204
-106
-121
-90
-74
-80
-67
-120
-212
-242
-254
-199
-147
-177
-174
-172
-151
-174
-220
-209
-234
-255
-245
-195
-149
-112
-127
-164
-153
-206
-232
-212
-209
-178
-211
-304
-293
-200
-68
38
23
20
23
57
114
20
-35
-84
-10
-21
-45
2
11
-19
-67
-43
-15
69
58
27
93
87
74
15
6
2
-23
-27
56
123
119
78
1
2
-31
-52
-6
41
137
169
149
219
264
313
351
254
175
197
196
187
205
213
221
248
181
149
57
-23
32
57
86
54
39
-7
-39
-56
-108
-71
3
33
12
4
-7
-12
-23
-69
-77
-51
-68
-104
-96
-29
30
48
46
-3
-12
-31
6
63
86
82
58
50
75
71
60
91
97
184
251
165
121
59
-14
-11
17
-14
23
55
-1
34
-15
-36
75
40
17
38
-100
-51
-57
-87
40
-40
-45
25
-38
45
34
-98
-44
-17
-56
3
-16
-104
-81
-119
-75
-11
-89
-16
-89
-184
-212
-217
-163
-141
-59
102
117
60
-60
-140
-116
-105
-84
-154
-70
-27
4
147
140
54
22
-20
14
90
66
102
50
-87
-68
-102
-25
1
-28
37
-1
53
30
-59
-18
64
67
141
49
17
-35
-55
-20
-171
-11
-195
-264
-146
-25
71
20
-35
-96
40
-44
-127
-78
-150
-80
-49
-104
-5
-109
-300
-145
-156
-183
-269
-244
-160
-226
-113
-263
-139
11
-59
51
-7
-95
-35
80
142
99
-59
-53
-29
-92
-148
-201
-104
-33
-39
-129
1
63
-22
24
3
29
92
67
156
159
60
165
46
231
124
17
165
23
103
117
41
249
230
205
347
173
286
260
288
445
350
389
434
479
530
479
592
609
531
566
458
448
380
406
480
401
354
501
311
445
505
283
575
317
334
477
252
313
352
150
280
201
125
295
51
242
-141
154
-183
118
-75
-307
107
-470
33
-260
-321
-216
-306
-286
-322
-561
-629
-569
-537
-417
-426
-676
-705
-482
-801
-793
-586
-1026
-843
-665
-1043
-795
-759
-880
-763
-825
-698
-824
-615
-852
-671
-716
-736
-494
-789
-479
-627
-839
-588
-607
-899
-570
-722
-867
-482
-933
-649
-555
-583
-366
-398
-323
-183
-261
-43
205
222
554
600
817
1104
1112
1246
1323
1292
1591
1419
1653
1670
1538
1820
1595
1622
1594
1272
1440
1280
1127
1320
1015
1039
912
545
695
414
466
474
321
600
313
523
501
218
464
192
169
531
252
501
436
412
543
237
586
506
283
1000
76
724
731
43
1082
-59
677
306
-50
536
-5
85
351
-258
-97
562
-587
306
-401
-382
-252
-521
-368
-633
-590
-1115
-493
-1506
-535
-1216
-1630
-608
-2307
-975
-1255
-1957
-670
-2149
-1114
-1276
-1754
-624
-1813
-1088
-987
-1311
-720
-1175
-1154
-1023
-1376
-1039
-1251
-1300
-780
-1425
-947
-1133
-1419
-923
-1288
-1052
-1019
-1123
-905
-757
-847
-663
-567
-477
34
-194
142
299
157
671
541
771
939
965
1240
1319
1409
1458
1292
1281
1211
1077
1278
1057
1103
1159
991
1043
931
622
901
538
737
833
421
983
528
570
779
568
400
1007
421
1020
1042
555
953
237
979
220
878
793
603
1244
343
908
780
497
1225
379
1186
1109
618
1220
695
520
876
418
517
910
-327
1482
56
351
959
-742
513
63
-265
336
-150
237
-1016
227
-907
-426
-108
-1001
-24
-1289
-361
-757
-1197
-264
-1797
-671
-892
-1418
-320
-1976
-639
-1142
-1608
-301
-1632
-968
-860
-1637
-823
-1312
-1480
-1324
-1430
-1317
-1524
-1139
-1839
-1358
-1445
-1774
-956
-1685
-1165
-1398
-1556
-1151
-1387
-1134
-1157
-933
-793
-668
-376
-463
-205
-30
-85
388
276
462
803
722
1025
1253
1008
1313
1123
928
1217
944
1187
1224
1272
1438
1265
1256
1187
1012
1164
1110
1078
1433
840
1242
935
912
1269
555
1102
912
904
940
956
361
1166
657
809
1278
393
795
890
478
1187
843
754
1192
343
1923
180
1331
1199
412
1654
853
1218
732
1721
-114
1250
492
728
725
691
1104
-365
1257
-46
212
490
-62
-422
974
-408
-316
598
-1265
-9
-207
-1077
-161
-946
-1219
-24
-1744
-442
-1150
-1947
-532
-1828
-990
-1317
-1628
-1517
-1268
-1338
-1378
-1099
-1668
-1098
-1304
-1503
-1092
-1338
-1806
-749
-2129
-1248
-1641
-1663
-1011
-1937
-778
-1910
-1330
-1387
-1696
-1033
-1498
-1054
-1077
-1068
-793
-909
-711
-342
-648
-101
-251
71
224
135
464
280
762
608
1023
924
1045
1115
937
1492
955
1315
1364
1127
1450
1603
1165
1520
1346
811
1507
847
1046
1232
604
1521
635
1004
1216
157
1392
442
461
1498
61
1408
739
-193
1150
-169
700
1124
49
1602
180
988
584
497
1217
208
1154
410
384
1445
256
1057
988
-160
959
484
93
969
64
495
864
-349
506
-275
151
-140
-356
-411
-581
-196
-795
-460
-1261
-1095
-793
-1716
-942
-1109
-1600
-822
-1713
-1772
-1017
-2339
-611
-1916
-1665
-865
-2393
-854
-1732
-1299
-1453
-1477
-931
-1918
-846
-1885
-1146
-1388
-1681
-1278
-1561
-1814
-1566
-1666
-1936
-1001
-2055
-1377
-1102
-1682
-616
-1559
-925
-1086
-1223
-457
-1023
-500
-733
-332
-111
20
375
126
770
600
1008
1027
1425
1165
1508
1542
1250
1676
1154
1433
1448
1282
1679
1373
1680
1457
1652
1560
1198
1777
756
1832
1035
1502
1087
1090
1077
854
1024
797
1146
752
1532
-72
1627
879
395
2139
-198
1007
945
809
1919
1263
1017
1736
90
2268
396
1433
1833
132
2053
311
1899
461
1741
318
1191
425
434
740
708
549
702
144
-14
526
-820
604
-482
-193
-117
-743
-719
-896
-1297
-651
-1252
-601
-1604
-911
-1222
-1935
-159
-2474
-419
-2042
-1348
-1434
-1480
-1673
-1700
-1183
-2136
-629
-2403
-1434
-1044
-2209
-832
-2120
-1221
-1437
-1601
-916
-2009
-996
-2391
-1221
-1206
-1546
-652
-1725
-1164
-908
-1464
-827
-875
-1229
-687
-809
-505
-327
-482
-260
-322
-64
320
245
1086
849
712
1161
590
1061
1236
1447
1653
1516
1181
1424
1426
1045
1626
1281
1106
1776
636
1395
1585
630
1852
583
818
1423
542
1493
1385
870
1189
738
861
910
867
1198
998
1098
921
786
902
542
1212
348
1086
1308
-15
1332
163
469
605
302
1271
-204
1296
-770
856
51
29
838
-857
1336
-1296
1055
-1359
-109
-492
-1953
875
-1319
-662
-1191
-1475
-1329
-546
-2331
-141
-1856
-1352
-828
-2495
-783
-1475
-2369
-888
-2090
-1152
-949
-2064
-569
-2413
-1398
-2082
-1492
-2059
-445
-2356
-958
-1520
-2443
-684
-3354
-590
-2903
-752
-1719
-2067
-1090
-2758
-864
-2313
-1390
-1411
-2720
-347
-1813
-1055
-558
-1885
-755
-1118
-300
-626
631
-351
157
759
2
1250
381
1142
1454
1478
1494
2134
1362
2200
2071
1854
2659
1503
2226
1693
1807
1836
2049
2078
1310
2434
545
1938
2006
768
1950
1608
839
1883
1125
1144
1738
34
1312
159
1027
1884
-31
2297
1382
-789
2100
-15
821
3235
-203
1790
1712
-770
2616
47
1537
1461
94
1510
561
2055
-49
1331
972
-300
1384
-190
1241
731
-327
874
-786
-286
494
-1708
1296
-629
-1586
-345
-1830
52
-251
-1095
-860
-2070
-1198
-1729
-933
-537
-2894
-877
-1539
-1896
-978
-816
-2925
-1709
-567
-3735
772
-3320
-1185
-2251
-2337
-1597
-3111
81
-3395
-968
-1849
-3407
-1555
-3250
-2361
-851
-2944
-1334
-2587
-2253
-1499
-2339
-1856
-993
-1127
-1289
36
-911
313
-84
115
212
1466
823
1960
2135
1320
2749
1117
2183
2126
1876
2625
2934
2098
2470
2002
1314
1951
1234
1577
2391
1213
1190
1764
-216
2126
560
-147
1978
-360
1494
1184
160
1614
-347
500
816
-220
1947
510
1577
274
1096
-296
802
1574
-243
2999
-231
2611
9
1035
2202
-662
2397
357
200
3622
-412
2289
856
-918
1549
-439
985
377
97
-79
871
-817
-561
-564
-2483
1056
-3346
293
-1535
-949
-1329
-2154
-793
-3653
335
-4938
-393
-1766
-2669
-1162
-3382
-989
-3837
-1032
-3346
-2167
-3049
-3491
-2157
-2479
-709
-4307
-2351
-3456
-4396
-1382
-4046
-1955
-2763
-3246
-2444
-3343
-2618
-3079
-2091
-2784
-1046
-1858
-1212
-562
-2030
-90
-524
68
602
1081
1552
2182
2160
1883
2277
2208
3141
3637
3869
3887
3094
3433
2538
2932
3144
2763
3343
2567
2492
2427
1571
1727
1122
1251
1052
894
1102
1411
80
496
284
-1099
884
-356
873
894
334
341
1201
648
83
2028
57
2629
1278
1059
2722
672
2560
1395
1974
3145
676
2973
1894
1977
3159
979
2690
1893
1225
2861
373
2186
430
-703
2164
-1072
1042
328
-1284
66
-1538
-1386
-2495
255
-2753
-1512
-615
-5147
-1128
-3577
-3627
179
-5229
-2987
-2862
-5377
-704
-3273
-4666
-2742
-4352
-3370
-2599
-3690
-3612
-3719
-3948
-3997
-3439
-3811
-4460
-3617
-4931
-2852
-3586
-2397
-2128
-2930
-2522
-3430
-1522
-1864
390
-186
149
1012
220
1106
1771
2554
3416
3965
3648
4442
4507
4237
5357
4381
4798
5078
4310
5051
4487
4658
3763
3592
3004
2681
2884
2441
2314
1678
890
433
711
299
87
128
-51
-746
-774
-970
-865
-625
-911
-992
-324
217
182
701
627
436
112
1121
1136
2964
3359
2862
2813
2227
1712
3170
4017
3380
3594
3236
3104
3712
3123
1731
2889
623
1983
1838
14
2274
-1531
-563
-779
-2169
-942
-1779
-2762
-3688
-3293
-4791
-1919
-3802
-5438
-3508
-6364
-5081
-4456
-6027
-5263
-5079
-6731
-4451
-4521
-5605
-4906
-7091
-5688
-5694
-5242
-4502
-5763
-6475
-6689
-4960
-3881
-1497
-2495
-3591
-3512
-4680
-2484
-1211
735
1587
943
913
578
1526
2410
3998
4606
5681
5807
5403
5981
5663
5730
5935
6090
5902
5904
6315
5253
5062
3747
2635
2663
2617
3144
2764
1934
688
-684
-1208
-615
-344
42
-727
-1365
-1902
-2190
-2141
-2014
-1440
-601
-159
-208
-208
-98
132
1592
2000
2630
2774
2755
3328
3623
4333
4397
5050
5370
4654
5152
4984
5218
5055
4392
4699
3449
3716
3314
1931
2176
111
678
515
-1345
-1022
-2928
-2697
-3481
-3856
-4885
-4453
-5002
-5860
-5726
-7337
-6310
-7476
-7108
-5331
-7111
-6977
-6460
-7729
-6299
-6598
-7057
-5668
-5798
-6092
-6490
-6958
-6109
-4275
-2993
-1303
-2483
-3908
-4110
-4106
-1721
1153
2560
2778
2463
819
1235
2480
4565
5958
7218
7203
6366
6549
6212
6537
6745
7217
7107
6954
6519
6210
4602
3971
2929
2504
2812
2635
2146
880
-274
-1841
-2145
-2206
-1676
-1525
-1800
-2879
-3973
-3995
-3945
-2577
-1477
-1084
-742
-1185
-1302
-401
421
2068
3573
3770
4174
4158
4160
5216
6260
6788
7715
7840
7252
7008
6775
6625
6667
7048
6289
5503
4303
3623
2256
1632
1077
-68
-642
-1445
-2359
-3856
-4107
-5981
-5429
-5408
-6221
-6812
-8191
-8681
-8765
-8259
-7399
-7940
-7991
-9007
-9672
-8352
-8271
-6982
-7071
-7568
-8326
-8575
-5971
-3041
-951
-1679
-4027
-5230
-3922
-579
3040
4239
4193
2748
1274
2500
4622
7093
8741
8774
7429
7190
7317
7687
8509
8089
7915
7495
7014
6292
5240
3888
3053
2124
2255
1816
988
-233
-2246
-3714
-4334
-4185
-3818
-3344
-4455
-5934
-6954
-7569
-5841
-4713
-4177
-3874
-4859
-5048
-4571
-3055
-1125
219
1245
1434
1785
2259
2969
4334
5351
6541
7198
7134
7196
6987
7001
7286
7604
7590
7591
7023
5494
4854
3974
3416
3679
2395
1614
-316
-1998
-3184
-4069
-3987
-4821
-5130
-6830
-8119
-9216
-10188
-9182
-9487
-9758
-9616
-11358
-11504
-11493
-11195
-10413
-9705
-10446
-10163
-7186
-5450
-3465
-4846
-5948
-6227
-3444
1381
4282
6024
4750
3018
2926
5177
9105
12578
13679
12966
10553
10061
11000
12753
14066
14168
12864
11457
9869
8567
8430
7371
6624
5783
4354
2714
820
-1429
-2702
-3607
-3694
-4013
-4746
-6319
-8076
-9102
-9547
-8318
-7671
-7331
-7568
-8068
-8330
-7944
-6197
-4776
-3089
-2426
-2499
-2332
-1221
-125
1593
2850
3872
4481
4529
4744
5172
5795
6453
6798
7115
6848
6172
5277
4397
3890
3745
3768
2968
2148
351
-1018
-2672
-2823
-3194
-3391
-3917
-5786
-7479
-8699
-8847
-9673
-8722
-9292
-10302
-10851
-11875
-11958
-9734
-8550
-6952
-7387
-8605
-8568
-7359
-4337
-1324
782
781
1027
597
2782
5654
8515
10417
10840
10814
10907
12129
13256
14714
15209
14785
14664
13811
13589
13395
12415
12153
11486
10541
9130
7445
5776
4054
3366
2503
1424
738
-835
-3118
-4499
-5199
-5945
-5456
-5820
-6670
-7555
-8059
-8706
-8482
-7432
-6898
-6426
-6210
-6422
-6136
-5453
-4470
-3217
-2288
-1543
-1595
-1447
-1105
-118
613
1426
1623
1491
1338
144
-38
507
1137
1202
872
-880
-2109
-2927
-2947
-2476
-2643
-3033
-5045
-5702
-7067
-7366
-7254
-8271
-8313
-7725
-7375
-7138
-6838
-8485
-8792
-7912
-6312
-4074
-1759
-1904
-2626
-3119
-2105
114
3207
5658
6125
6073
5495
6001
7095
9523
10738
11574
11702
10717
9895
9697
9969
10544
11448
11212
10351
8703
7289
6159
5946
6309
6098
5712
4049
2186
556
2
638
964
600
-325
-1977
-3390
-3622
-2967
-2248
-1571
-2205
-3288
-3748
-4111
-3260
-2401
-1782
-1809
-2118
-2226
-2498
-1995
-1473
-1257
-714
-911
-1194
-1268
-1774
-2570
-2221
-2202
-2375
-2352
-3414
-4271
-5394
-5113
-5695
-5461
-5870
-7047
-7993
-8718
-9335
-9686
-9523
-8261
-7152
-7518
-7532
-8926
-9423
-7930
-6061
-3942
-2052
-2424
-3064
-2772
-1367
1146
3860
5768
5597
5442
5696
6290
8232
10230
10824
11090
10245
9656
9312
9805
9898
10033
10146
8940
7856
6509
5233
4324
4020
3856
3218
2656
836
-1025
-2011
-2311
-2037
-1651
-1896
-2947
-3791
-5071
-5010
-4263
-2746
-2175
-2354
-2562
-3315
-2650
-1978
-636
721
1535
1523
1138
979
1151
2390
3522
4394
4445
3573
2535
1528
1617
2565
3018
3240
1507
64
-1141
-2520
-1467
-1765
-2607
-3146
-5861
-7049
-7049
-8183
-7930
-9225
-9737
-8526
-8059
-7747
-8373
-10212
-10657
-8947
-6713
-4237
-2558
-3142
-4131
-3494
-1894
1193
4183
5573
5520
5430
5428
6859
8562
10307
11265
10939
10912
10016
9893
9789
9920
10102
9972
9278
7490
6469
5042
4361
3896
3549
3119
1671
396
-998
-2082
-2432
-2591
-2969
-3215
-3822
-4975
-5435
-5603
-5283
-4596
-4080
-3822
-4306
-4491
-4344
-3550
-2180
-1392
-788
-1059
-1413
-932
-142
922
1649
1817
1455
1096
1038
1100
1658
2297
1635
827
-187
-901
-1235
-832
-1006
-1924
-2259
-4202
-4502
-5192
-5561
-5760
-6404
-7699
-7576
-6413
-6215
-5439
-7475
-8380
-8006
-6078
-3566
-2104
-1742
-2430
-2520
-1491
1026
3527
5345
5929
5947
5982
7280
8410
10061
10949
11012
10904
11083
10771
10717
10660
9879
9963
9354
8674
7284
6043
4551
3608
3119
2687
1915
-389
-2173
-3562
-4072
-3243
-3792
-4909
-5982
-7759
-8046
-7505
-6542
-5877
-5653
-6188
-6407
-5805
-5177
-3886
-2830
-1946
-1376
-818
-623
7
779
1611
2568
2980
3482
3188
3185
2590
2368
2749
2750
2447
1838
764
-456
-1175
-2066
-2255
-2324
-3767
-5158
-6361
-7661
-7540
-8603
-8972
-10104
-10783
-11765
-11507
-10107
-9127
-8474
-10495
-11362
-11257
-8685
-5749
-3465
-2739
-2875
-2987
-2017
394
3389
6623
7654
8064
8183
8778
10014
12077
13478
14498
14655
14360
13305
13134
13038
12986
13628
12979
11902
9994
7955
6348
5939
5273
4327
3177
1486
-679
-2469
-3523
-3920
-3464
-4535
-6090
-7567
-8684
-8584
-8294
-7388
-7067
-7069
-7740
-8011
-7103
-5916
-4637
-3192
-2273
-1787
-1246
-712
408
1575
3084
3898
4461
4922
4599
4668
4652
4956
5901
5872
4868
3757
2500
1480
1051
870
134
-407
-2186
-4550
-5434
-6678
-7270
-7817
-8941
-10013
-11954
-12781
-11845
-10797
-9629
-11003
-12416
-12859
-11820
-9190
-6838
-5056
-4894
-4807
-4442
-3044
9
3368
5067
6420
6713
7493
8982
10362
12322
13577
14615
14952
14672
14385
14145
13805
14098
14218
13907
13088
11027
8459
7300
6286
6005
5532
4091
2192
-417
-2518
-3466
-3070
-3393
-4346
-5947
-7960
-8921
-8908
-7915
-6837
-6457
-7103
-7798
-7855
-6746
-5171
-3528
-2174
-1825
-1370
-874
133
1380
3133
4080
4885
5363
5275
5417
5351
5585
6280
6557
5978
5450
4303
2923
2184
1523
961
803
-332
-2422
-3868
-5554
-6511
-6941
-7421
-8386
-10016
-12022
-13040
-11807
-10269
-8885
-10398
-12593
-13693
-12938
-9801
-6594
-4780
-4474
-5285
-5882
-4565
-1344
2441
4763
6048
5626
5683
6622
8211
10632
12548
13322
13467
12765
11986
11984
12175
12878
12946
12463
11238
9390
7293
6040
5381
4908
4264
2901
591
-1467
-3512
-4665
-4868
-4900
-5525
-6477
-7802
-9329
-9895
-9840
-8543
-7585
-6983
-7355
-7993
-7493
-6474
-4871
-2618
-1436
-876
-747
-352
778
2655
4461
5360
6013
5827
5439
5540
5900
6353
6610
6036
5512
4606
3211
2247
1152
243
-103
-1403
-2674
-4333
-5646
-6820
-7914
-8042
-9285
-9691
-11267
-12459
-13763
-13258
-11246
-9099
-8831
-10827
-12179
-12271
-9036
-5776
-2784
-1504
-1362
-2243
-1704
875
4271
7640
9146
9315
9153
9494
10363
12046
13247
14349
14154
13770
12850
12198
11451
10966
11004
10636
9904
8169
5945
4195
2776
1960
1373
431
-938
-2986
-5138
-6587
-7146
-7189
-7344
-7920
-8233
-8680
-8584
-8632
-8364
-7356
-6872
-5856
-4495
-3595
-2443
-1974
-1130
460
2165
3596
4387
5179
5617
6221
6669
7477
8520
8441
7764
6791
5937
5922
5496
4915
4423
2826
965
-582
-2309
-3106
-3506
-4668
-5845
-7207
-9200
-10625
-11846
-12140
-12192
-12671
-12807
-14205
-14502
-15397
-15461
-12774
-9137
-7079
-8032
-9371
-10470
-7826
-3787
297
3304
4995
4612
3753
5254
8243
12306
15108
16361
16180
16054
16034
16132
16815
18149
18392
18179
17020
15072
12951
11168
9743
9106
8953
7088
4570
1526
-1243
-3147
-4234
-4369
-4955
-6439
-8563
-10693
-11918
-12017
-11571
-11047
-10539
-10555
-11059
-10859
-9129
-7137
-5802
-4958
-4330
-2789
-419
1659
3714
4900
5678
6328
7721
9490
11004
12189
12052
11628
11308
11317
11529
10946
9856
8282
6567
5006
3347
1875
433
-1955
-4410
-6555
-8128
-9363
-10982
-12403
-14157
-15608
-16809
-17669
-17730
-17930
-18653
-18429
-19282
-18943
-18435
-17810
-16682
-14303
-9519
-7851
-7477
-8204
-8379
-4805
88
4201
7457
9156
9504
8577
9396
13222
17062
20585
21439
20040
19061
18137
18211
19144
19973
20252
18031
15848
13084
10862
9716
8338
7149
5403
2899
-242
-2782
-4462
-6085
-7366
-8802
-9975
-10826
-12091
-13391
-14108
-14353
-14261
-13674
-12383
-10856
-10481
-10605
-10448
-7714
-4364
-2099
-392
62
883
2488
4440
7236
9972
11335
11117
10714
11341
12529
13670
14343
13754
12170
10681
9274
8486
8129
6976
4545
1964
-129
-1915
-3405
-5539
-7618
-9271
-11017
-12702
-14025
-15016
-15855
-16969
-18069
-18073
-18005
-17919
-17773
-17316
-16408
-15629
-14940
-14376
-13532
-11840
-7131
-3257
-785
-723
-2446
-2139
535
5363
9353
12831
13907
12865
11514
11403
13331
16890
20069
20442
19262
17388
15496
14082
14031
14600
14611
13914
11848
9084
6680
4448
2524
1579
876
-279
-1430
-3182
-5397
-7254
-8796
-9578
-9549
-9111
-9058
-9578
-10505
-10857
-10872
-10087
-8662
-7199
-6009
-5377
-4438
-2655
-885
543
1297
1649
3095
4553
6214
7965
8750
8466
7946
7583
8279
8989
9401
9174
8306
6979
5212
3852
2643
2147
1070
63
-936
-2549
-4580
-6658
-7456
-7651
-7192
-7492
-8200
-8615
-8604
-8854
-8861
-8100
-7232
-6211
-6407
-6512
-5538
-4974
-4235
-3804
-3185
-2060
-2090
-1305
423
2270
3309
2006
273
156
1280
3128
4800
5639
6095
4995
3804
3083
3275
4351
5478
6252
6228
5626
4775
4215
3831
3808
3722
3704
3610
3127
2560
2138
2322
2598
2369
1396
380
-59
-24
273
359
455
163
-748
-1365
-1387
-707
-210
-285
-682
-1240
-1851
-2019
-1774
-1319
-1539
-2225
-2360
-2136
-1514
-1406
-2283
-3415
-4022
-4027
-3894
-3182
-2760
-2713
-2959
-3785
-3961
-3164
-2228
-1667
-1412
-1327
-863
-292
324
1379
2605
3229
3384
3422
3821
4629
5091
5778
6168
6655
6999
6749
6385
5780
5388
5274
5263
5197
4629
3325
2136
961
152
-589
-1357
-2415
-3642
-4976
-6333
-7273
-7566
-7551
-7542
-7811
-8783
-9590
-10343
-10768
-10137
-9028
-7618
-6423
-5659
-5152
-4762
-4377
-3516
-2170
-674
1002
2228
2919
3720
4393
5291
6406
7449
7989
7994
7858
7817
8191
8627
8580
7913
7135
6071
5253
4635
3899
2961
1457
-306
-1608
-2309
-2944
-4012
-5368
-6614
-7692
-8506
-9128
-9572
-9653
-10042
-10504
-10714
-10253
-9586
-9006
-8292
-7899
-6904
-6076
-5115
-3819
-2132
-503
756
1931
3394
5198
6589
7612
8480
9372
10424
11591
12360
13267
13459
13124
12426
12439
12399
12354
11530
10324
9107
8134
7057
5781
4943
3680
2132
16
-1448
-3137
-4128
-5449
-6763
-7773
-9068
-9950
-10700
-11505
-12273
-12991
-13317
-13322
-13084
-12686
-11786
-10636
-9229
-8115
-7756
-7197
-6455
-5140
-3471
-1153
932
3057
4456
5322
6208
7141
8442
9541
10392
10875
11121
11310
11488
11602
11347
10623
9427
8155
7173
6007
4949
3708
2240
642
-1053
-2783
-4142
-5110
-6323
-7574
-8799
-9775
-10645
-11170
-11437
-11581
-11357
-11045
-10887
-10633
-10220
-9649
-8385
-6914
-5388
-4001
-2650
-1562
-107
1560
2841
4132
5447
6555
7478
8785
10046
11666
13130
13681
13841
13436
13155
12921
12483
12190
11824
11515
11007
9948
8278
6687
5359
4203
3018
1353
201
-914
-2092
-3176
-4564
-5650
-6189
-7084
-7927
-8770
-9691
-9834
-9779
-8766
-7900
-7894
-8101
-8155
-7527
-6471
-5472
-4995
-4206
-3374
-2386
-1603
-1288
-1316
-1104
-429
-48
281
43
-553
-751
-513
1281
2914
3265
2023
101
-860
-728
-108
353
604
510
164
238
338
550
853
850
725
179
-476
-397
222
925
1023
676
246
41
-112
-1
211
475
139
-760
-1523
-1312
-316
635
846
372
-143
-574
-551
-431
-25
378
522
469
540
878
1228
1446
1550
1755
1648
1535
1311
1265
1555
1809
1923
1890
1794
1658
1490
1744
2616
3398
3946
3899
3053
2550
2142
2525
3048
3494
3623
3036
2691
2252
2272
2286
2112
1836
1321
704
228
-82
-432
-877
-1587
-2140
-2955
-3517
-4003
-4763
-4815
-5383
-6137
-6676
-7065
-6737
-6649
-6612
-7367
-7858
-8292
-8213
-7772
-7610
-7389
-7627
-7834
-8095
-8202
-7966
-7511
-7100
-5435
-2917
-710
820
413
146
1008
2725
4469
5736
6731
7678
8742
9693
10615
11607
12935
13567
13422
12337
10883
9898
9518
9404
8989
8037
6927
5290
3375
1710
134
-826
-2051
-3903
-6013
-7664
-8354
-8432
-8414
-8477
-8742
-9110
-9621
-9978
-9825
-8944
-7701
-6498
-5535
-4404
-3195
-1727
-325
788
1945
3020
3901
4977
5938
6824
7704
8551
9453
10324
10940
10959
11260
10918
10748
10475
9439
8545
7047
5802
4920
3820
3174
2077
779
-387
-1788
-2916
-4073
-5161
-6056
-6945
-7632
-8328
-8731
-9097
-9397
-9513
-9469
-9579
-9534
-9396
-9172
-8540
-7879
-6861
-6201
-5104
-4359
-3575
-3135
-2752
-2006
-1638
-762
-729
-239
-203
-105
-307
-155
1515
4205
6604
7848
6970
5848
6157
6432
7214
7511
7553
7967
8300
8227
8198
8503
9192
9086
8447
6786
5126
3931
2653
1438
156
-562
-795
-1401
-2393
-4088
-5557
-6259
-6881
-7813
-8624
-9132
-9219
-9253
-9458
-9008
-7957
-6409
-5365
-4787
-4474
-3920
-3039
-2009
-700
511
1779
2838
3776
4893
5986
6922
7507
7844
7625
7197
6872
6898
6816
6900
6871
6743
6367
5507
4426
3137
2318
1222
84
-1181
-2410
-3258
-3700
-3878
-3835
-3856
-3925
-4101
-4463
-4603
-4645
-4430
-4157
-3908
-3758
-3904
-3688
-3093
-2240
-1393
-987
-825
-774
-1026
-1197
-1089
-883
-313
-556
-1039
-1602
-1789
-1831
-1628
-1576
-1846
-2313
-3655
-5220
-6011
-4877
-2931
-385
682
1025
1233
1688
2250
2813
3080
3738
4301
4740
4701
5195
6123
7504
9009
9345
9122
8155
6995
5866
4470
3303
2374
1723
700
-752
-1997
-2843
-3032
-3540
-4763
-6268
-7363
-8486
-9510
-10462
-10771
-10208
-9578
-9278
-8931
-7998
-6454
-5092
-4086
-3396
-2820
-1950
-1100
-293
1017
2474
3792
4930
5739
6487
7080
7985
8818
9239
9156
8724
8535
8580
8271
7752
7475
7061
6599
5866
4949
3991
3274
2343
1389
610
-20
-714
-1702
-2560
-3119
-3056
-3101
-3486
-4040
-4760
-5441
-6045
-6449
-6854
-7117
-7409
-7394
-7024
-6536
-6267
-5957
-5583
-5244
-4922
-4837
-4615
-4594
-4394
-4434
-3820
-3236
-2233
-2009
-1989
-2205
-1952
-489
801
3281
4435
5602
6440
7225
7811
8566
8844
9220
9295
9051
8637
8302
8247
7889
7593
7047
6442
5753
4805
3015
970
-1235
-3011
-4726
-6304
-7921
-9534
-10620
-11407
-11697
-11703
-11407
-10912
-10931
-11043
-11100
-10509
-9438
-8324
-7424
-6145
-4485
-2362
-115
2187
4464
6579
8187
9466
10474
11434
12202
12740
12924
13073
13339
13358
13165
12844
12193
11239
10213
9149
8140
6522
4768
2877
1292
-20
-1203
-2508
-3962
-5507
-7056
-8032
-8640
-8865
-8838
-8871
-8991
-8922
-8673
-8105
-7348
-6466
-5770
-5174
-4736
-4290
-3520
-2730
-1571
-580
110
675
847
1373
2056
2808
3251
3446
2897
2478
1809
1452
1255
1125
877
193
-399
-1354
-2133
-3151
-3304
-3117
-2427
-1673
-1792
-1019
-540
61
388
832
1160
1534
1550
1292
1073
1103
1059
1191
1505
2181
2766
3119
3009
2575
2033
1315
650
-316
-1095
-2010
-3289
-4300
-4750
-4553
-3980
-3320
-2858
-2672
-2581
-2691
-2645
-2463
-1899
-1367
-640
-182
96
832
1770
3139
4481
5568
6031
6277
6257
5979
5957
5908
5758
5257
4474
3537
2710
2254
1732
1347
894
374
-73
-464
-824
-1097
-1300
-1641
-2142
-2458
-2899
-3271
-3540
-3747
-3667
-3208
-2482
-1713
-848
-213
383
866
1297
1473
1331
1007
440
-21
-388
-610
-806
-936
-996
-1136
-1159
-1355
-1556
-2029
-2483
-3142
-3800
-4380
-4753
-5091
-5402
-5779
-6059
-6118
-5872
-5756
-5588
-5673
-5585
-4823
-3950
-2545
-1013
277
1728
3126
4319
5622
6682
7542
8086
8256
8059
8053
7916
7839
7581
7247
6688
6084
5413
4728
3895
2600
981
-807
-2582
-3985
-5160
-6210
-7227
-8030
-8739
-9170
-9366
-9363
-9028
-8566
-7808
-6938
-5826
-4481
-3131
-1872
-408
1002
2591
3929
5103
6219
7169
8078
8991
9779
10322
10724
10832
10763
10529
10117
9437
8413
6916
5251
3693
2462
1508
622
-232
-1263
-2207
-3005
-3634
-4135
-4634
-5307
-6089
-6731
-7188
-7258
-7120
-6905
-6343
-5348
-4426
-3285
-2371
-1615
-785
-97
378
964
1420
1580
1629
1390
1505
1957
2521
2815
2974
3011
2831
2512
2285
2123
2213
1883
1420
658
90
-496
-1376
-1947
-3015
-3482
-4328
-4973
-5514
-5793
-5651
-5562
-5022
-4595
-3502
-2733
-1659
-1200
-634
-263
198
616
891
1205
1556
1898
1831
1968
1992
2416
2737
2985
2985
3073
2880
2740
2537
2397
2294
2058
1520
829
121
-520
-659
-574
-360
-92
57
369
672
1503
2379
3239
3763
3958
3871
3512
3092
2751
2493
2170
1972
1607
1417
1154
789
217
-242
-763
-1298
-1974
-2933
-3692
-4398
-4946
-5272
-5462
-5564
-5536
-5449
-5004
-4158
-3221
-2310
-1432
-500
473
1551
2483
3326
3965
4456
4946
5476
6036
6397
6365
6120
5858
5742
5771
5937
5894
5437
4585
3352
2124
1014
-82
-1122
-2301
-3343
-4387
-5262
-6152
-6711
-7134
-7412
-7373
-7618
-7695
-8104
-8415
-8694
-8637
-8131
-7570
-6992
-6875
-6733
-6632
-6025
-5179
-3913
-2609
-1619
-761
186
1597
3108
4787
5962
6901
7345
7480
7432
7456
7581
7567
7151
6528
5797
5180
4567
4061
3387
2870
2338
1760
1167
476
-254
-1214
-2177
-3139
-3814
-4377
-4938
-5364
-5586
-5758
-5661
-5440
-5151
-4736
-4091
-3243
-2261
-1237
-633
-79
283
670
1072
1362
1614
1762
1839
1965
1813
1958
1957
2098
2381
2442
2705
2637
2670
2300
1854
1540
1538
1497
1593
1608
1622
1836
2115
2389
2689
3016
3148
3149
2958
2888
2979
3249
3330
3343
3127
2834
2563
2231
2071
1923
1687
1280
718
141
-336
-719
-1100
-1277
-1504
-1781
-2252
-2490
-2683
-2905
-3016
-3344
-3378
-3577
-3638
-3931
-4283
-4306
-4539
-4552
-4408
-4332
-4093
-4342
-4482
-4614
-4586
-4347
-4469
-4428
-4871
-4788
-4728
-4129
-3389
-2589
-1381
-708
427
1355
2629
3745
4621
5229
5504
5691
5439
5244
4999
4836
4577
4258
4001
3768
3693
3621
3572
3530
3185
2660
1925
1071
308
-349
-1092
-1977
-2717
-3387
-3878
-4208
-4270
-4185
-3845
-3410
-3126
-2737
-2366
-1845
-1326
-898
-341
125
752
1208
1613
1931
2267
2669
2930
3346
3798
4291
4594
4847
4823
4985
5058
5121
5134
5088
5017
4726
4544
4071
3746
3444
3211
2881
2505
2041
1584
1181
705
269
34
-207
-449
-767
-1103
-1370
-1623
-1739
-1866
-1915
-2011
-2248
-2574
-2782
-2876
-2917
-3042
-3242
-3374
-3335
-3085
-2797
-2493
-2356
-2365
-2335
-2269
-2128
-1909
-1686
-1774
-1935
-2209
-2593
-2733
-2829
-2775
-2830
-3000
-3239
-3530
-3612
-3748
-3829
-3824
-3985
-4089
-4144
-4147
-4010
-3911
-3670
-3423
-2973
-2449
-1879
-1045
-365
436
1161
1909
2669
3262
3633
3749
3897
3993
4144
4070
4168
4278
4362
4468
4498
4485
4337
4401
4380
4239
3825
3204
2469
1778
1092
490
-118
-877
-1543
-2290
-2872
-3246
-3289
-3323
-3374
-3448
-3409
-3161
-2925
-2712
-2504
-2392
-2335
-2394
-2429
-2223
-1963
-1506
-1242
-979
-668
-233
412
1128
1897
2814
3741
4635
5317
5810
6248
6502
6871
7024
7080
7036
6717
6410
6108
5780
5371
4998
4653
4151
3578
3003
2339
1734
991
217
-575
-1347
-2089
-3000
-4008
-4952
-5701
-6343
-6733
-7126
-7525
-7814
-8005
-7917
-7584
-7012
-6504
-6046
-5737
-5537
-5146
-4585
-3987
-3431
-2985
-2708
-2416
-2169
-1804
-1371
-790
-374
172
643
1077
1431
1640
1764
1820
1957
2144
2305
2334
2219
2039
2049
2030
2343
2532
2724
2902
2874
2967
2894
2921
2744
2407
1902
1282
780
130
-347
-957
-1410
-1682
-1850
-1968
-2186
-2413
-2515
-2445
-2380
-2265
-2172
-2083
-2019
-1922
-1584
-1067
-512
-17
417
875
1274
1755
2310
2915
3545
4067
4622
5150
5739
6036
6378
6570
6792
6889
6703
6404
6071
5723
5140
4739
4222
3914
3673
3194
2671
2109
1641
1075
562
-31
-671
-1212
-1872
-2421
-2783
-3072
-3306
-3482
-3554
-3538
-3493
-3487
-3386
-3251
-3067
-2758
-2517
-2136
-1858
-1699
-1594
-1514
-1310
-1083
-807
-671
-567
-529
-470
-294
-81
84
27
-53
-319
-561
-743
-950
-1066
-1219
-1357
-1587
-1765
-2077
-2432
-2570
-2839
-3012
-3151
-3314
-3391
-3411
-3356
-3271
-3043
-2834
-2638
-2733
-2887
-3037
-3000
-2719
-2390
-2028
-1812
-1647
-1312
-968
-395
105
506
983
1201
1415
1506
1703
1829
1924
1906
1804
1732
1713
1842
1854
1923
1788
1645
1638
1487
1442
1246
1105
1047
956
1040
1165
1355
1389
1385
1359
1325
1551
1699
1803
1835
1832
1898
1950
2018
2076
2093
1991
1970
1888
1801
1819
1799
1741
1575
1303
933
772
707
637
496
295
-48
-434
-683
-1017
-1081
-1120
-1328
-1574
-1894
-2140
-2236
-2243
-2254
-2220
-2113
-1952
-1686
-1395
-1103
-835
-613
-509
-347
-53
202
453
649
731
762
841
1040
1332
1596
1865
1900
1815
1838
1715
1625
1585
1364
891
302
-225
-651
-1067
-1474
-1854
-2375
-2881
-3439
-3955
-4438
-4824
-5026
-5303
-5432
-5654
-5682
-5629
-5671
-5443
-5240
-4776
-4304
-3798
-3289
-2974
-2441
-2030
-1453
-978
-375
253
853
1537
2087
2839
3173
3711
3929
4158
4448
4564
4674
4559
4535
4329
4334
4229
4137
3959
3698
3418
3182
3032
2671
2267
1764
1398
1147
959
740
449
302
125
-129
-166
-144
36
195
217
143
-16
-139
-79
34
196
362
363
461
601
838
1034
1315
1586
1849
2183
2322
2544
2675
2763
2880
2930
3007
3021
2876
2488
2202
1976
1846
1718
1502
1187
816
565
343
328
325
271
61
-164
-434
-534
-552
-656
-813
-1118
-1422
-1608
-1674
-1817
-1969
-2129
-2240
-2282
-2258
-2141
-2096
-2155
-2310
-2486
-2616
-2814
-3030
-3285
-3552
-3690
-3705
-3569
-3368
-3153
-2917
-2839
-2749
-2528
-2260
-2012
-1755
-1568
-1461
-1380
-1480
-1440
-1346
-1168
-1061
-966
-962
-931
-856
-852
-729
-655
-635
-763
-738
-666
-534
-477
-349
-309
-170
-184
-120
141
411
748
1096
1444
1846
2172
2365
2681
2904
3181
3349
3354
3270
3148
3064
2960
2839
2611
2376
2102
1829
1578
1304
1138
922
732
549
314
113
-151
-406
-702
-945
-1143
-1269
-1296
-1264
-1201
-1095
-946
-785
-506
-139
382
867
1330
1556
1837
2077
2324
2535
2578
2565
2449
2430
2262
2338
2360
2310
2279
2137
1955
1721
1531
1366
1206
905
490
-31
-552
-1003
-1352
-1697
-2051
-2434
-2919
-3365
-3655
-3828
-3985
-4172
-4391
-4496
-4514
-4532
-4528
-4420
-4198
-3886
-3587
-3371
-3055
-2760
-2412
-1963
-1536
-906
-373
-4
293
449
669
967
1221
1397
1556
1742
1874
1967
2070
2116
2136
2121
1989
1741
1497
1220
960
705
326
-20
-481
-848
-1120
-1420
-1726
-2082
-2319
-2409
-2413
-2386
-2450
-2450
-2386
-2205
-1931
-1653
-1287
-944
-592
-268
57
463
875
1135
1466
1751
2049
2369
2705
3152
3522
3920
4120
4286
4338
4418
4533
4571
4571
4408
4253
4103
3919
3611
3261
2860
2472
2111
1675
1276
879
673
463
114
-174
-495
-893
-1174
-1429
-1713
-1951
-2050
-2146
-2274
-2294
-2451
-2418
-2274
-2069
-1797
-1555
-1402
-1331
-1154
-902
-431
28
331
444
473
605
744
892
1063
1150
1231
1243
1262
1279
1324
1473
1581
1529
1411
1306
1114
916
524
148
-217
-610
-932
-1315
-1612
-1824
-1966
-2062
-2060
-2046
-2110
-2165
-2204
-2219
-2200
-2222
-2267
-2161
-2148
-2069
-1902
-1628
-1231
-911
-618
-470
-309
-207
-60
50
159
259
319
426
394
342
256
156
73
-75
-115
-141
-257
-398
-642
-867
-943
-1023
-1124
-1108
-1080
-980
-870
-845
-735
-642
-403
-140
89
356
525
727
948
1101
1225
1367
1422
1452
1426
1439
1387
1312
1273
1266
1297
1254
1289
1215
1045
853
712
699
701
689
667
604
510
343
176
-55
-196
-291
-491
-609
-703
-692
-549
-406
-279
-32
145
331
424
428
461
324
264
219
168
239
204
121
18
-93
-120
-155
-148
-154
-182
-173
-98
-104
-170
-272
-325
-267
-205
-186
-176
-218
-322
-477
-613
-648
-581
-526
-565
-694
-758
-772
-707
-607
-548
-466
-463
-544
-608
-612
-563
-547
-551
-548
-557
-620
-706
-849
-879
-926
-963
-907
-813
-722
-754
-821
-788
-622
-561
-510
-513
-544
-480
-417
-363
-237
-120
21
133
284
468
626
737
815
874
915
976
1000
1080
1135
1087
1041
984
920
813
661
514
337
142
39
-29
-17
32
88
162
258
424
569
655
673
621
476
412
356
335
337
330
369
394
515
541
580
593
595
656
627
526
312
126
-82
-205
-312
-491
-635
-732
-888
-966
-999
-1062
-1117
-1167
-1222
-1287
-1248
-1297
-1312
-1303
-1387
-1321
-1210
-1049
-815
-640
-448
-236
19
325
645
978
1161
1265
1374
1456
1522
1624
1675
1707
1675
1582
1556
1547
1497
1446
1430
1319
1241
1138
1002
877
731
517
335
150
22
-151
-367
-531
-641
-782
-893
-974
-1037
-1000
-966
-933
-927
-887
-886
-753
-590
-437
-266
-189
-209
-158
-104
-23
175
390
573
711
833
918
1025
1176
1389
1585
1693
1734
1679
1601
1486
1334
1242
1100
872
619
315
5
-310
-595
-692
-777
-836
-969
-1171
-1325
-1466
-1581
-1660
-1798
-1901
-2008
-2148
-2254
-2385
-2324
-2302
-2304
-2238
-2161
-2014
-1815
-1721
-1602
-1494
-1374
-1215
-1055
-844
-775
-689
-577
-467
-366
-218
-60
88
263
330
379
462
442
453
482
473
567
584
594
630
606
639
624
668
712
783
777
696
687
625
586
697
716
744
685
510
436
327
282
313
381
472
563
584
670
688
669
683
705
908
1047
1142
1142
1022
903
872
861
918
922
795
686
559
557
587
593
570
418
212
-60
-209
-307
-428
-455
-478
-470
-536
-559
-547
-454
-270
-132
21
83
47
62
-39
-17
102
146
223
149
-2
-74
-105
-110
-13
48
17
-194
-438
-586
-573
-482
-542
-651
-865
-1067
-1215
-1332
-1260
-1210
-1150
-1250
-1439
-1589
-1722
-1702
-1762
-1713
-1791
-1871
-1882
-1971
-1950
-1927
-1821
-1666
-1525
-1499
-1405
-1299
-1145
-945
-867
-682
-542
-413
-280
-166
52
243
325
416
450
581
712
800
823
707
651
651
706
737
831
865
909
911
867
847
806
839
881
851
791
717
653
602
516
441
395
499
626
719
820
890
947
1061
1131
1155
1281
1357
1345
1339
1312
1268
1290
1180
1136
1153
1102
1076
1059
1080
1091
1100
1108
1116
1116
1092
1009
930
866
832
711
604
555
551
479
368
306
197
128
81
75
125
165
104
-54
-234
-292
-378
-473
-518
-596
-759
-888
-972
-983
-969
-1067
-1068
-1123
-1189
-1252
-1356
-1411
-1502
-1554
-1569
-1489
-1399
-1313
-1214
-1216
-1128
-989
-866
-735
-715
-658
-695
-792
-856
-936
-859
-770
-806
-826
-859
-847
-787
-714
-613
-528
-410
-318
-266
-263
-245
-171
-124
-112
-84
-63
-28
29
44
99
193
358
447
541
519
507
659
803
959
948
928
878
802
760
810
829
832
851
815
754
712
630
567
549
526
502
495
448
521
587
552
667
712
794
785
678
620
552
488
506
489
510
611
573
548
509
540
655
667
652
689
642
589
527
462
489
416
327
218
80
63
-10
-58
-76
-156
-231
-343
-441
-566
-666
-791
-920
-1014
-1155
-1307
-1349
-1380
-1405
-1387
-1500
-1516
-1511
-1442
-1358
-1264
-1148
-1095
-1068
-1098
-1085
-964
-828
-698
-623
-542
-445
-343
-201
-98
10
42
53
90
147
172
256
332
364
383
294
314
286
304
341
240
150
-31
-140
-282
-406
-490
-533
-651
-742
-878
-986
-1006
-1014
-1021
-1038
-985
-980
-892
-863
-836
-744
-644
-478
-290
-239
-61
53
247
537
690
983
1219
1406
1623
1797
1954
2214
2300
2372
2386
2329
2323
2201
2112
2007
1829
1656
1452
1249
1019
786
588
346
56
-238
-510
-683
-836
-980
-1129
-1328
-1396
-1435
-1519
-1494
-1448
-1434
-1394
-1386
-1329
-1145
-962
-726
-504
-376
-257
-133
83
351
589
799
987
1184
1282
1376
1495
1603
1726
1725
1646
1564
1405
1243
1053
899
718
491
200
-112
-279
-440
-561
-707
-827
-887
-1022
-1123
-1155
-1170
-1177
-1166
-1145
-1199
-1244
-1237
-1156
-1013
-872
-760
-715
-562
-427
-331
-185
-40
196
326
428
510
573
622
677
780
860
970
990
1002
966
1002
961
928
881
734
666
555
517
489
457
422
363
344
358
300
254
266
311
309
149
-28
-37
-81
-37
-27
-6
56
-22
-61
-34
-69
-25
2
-11
66
-7
-31
-90
-39
32
46
100
101
86
15
-73
-125
-81
56
132
121
89
83
96
152
206
266
247
181
70
-30
-6
4
-109
-151
-160
-196
-229
-311
-405
-505
-542
-581
-638
-719
-794
-921
-970
-1004
-1049
-1097
-1129
-1110
-1065
-1011
-899
-647
-474
-251
-44
172
332
390
366
371
410
505
588
629
609
497
381
288
297
304
303
274
198
8
-175
-262
-295
-282
-398
-554
-713
-833
-807
-768
-817
-803
-773
-790
-729
-709
-628
-475
-356
-179
-82
-24
80
199
254
267
347
437
477
516
510
467
424
456
502
543
526
450
398
326
281
219
149
122
60
29
-97
-145
-104
-133
-210
-272
-291
-257
-195
-199
-196
-169
-73
-14
-19
38
88
206
356
389
397
382
408
460
522
527
436
359
267
187
170
70
8
-34
-119
-173
-266
-321
-349
-406
-439
-447
-509
-507
-508
-503
-441
-371
-385
-361
-331
-256
-136
-95
-8
81
180
272
412
470
550
619
665
729
738
845
928
967
1046
1003
953
901
823
820
790
780
728
652
588
514
468
443
354
237
129
70
127
162
171
124
88
135
190
187
195
233
249
209
212
181
207
214
180
177
98
48
-8
-49
32
88
144
169
143
203
169
203
287
335
402
381
409
412
384
419
455
473
446
380
366
371
388
339
307
298
191
83
-70
-205
-274
-342
-384
-448
-580
-702
-843
-912
-977
-997
-987
-1032
-1042
-1058
-1097
-1066
-1084
-1083
-1020
-966
-966
-964
-927
-812
-615
-489
-300
-126
1
98
177
278
361
443
502
592
655
684
703
666
675
703
790
801
656
542
468
424
381
260
143
26
-139
-227
-286
-418
-494
-490
-493
-437
-518
-572
-575
-570
-478
-346
-219
-155
-77
35
152
265
375
434
501
503
550
570
547
637
715
760
739
668
648
692
672
634
539
428
367
215
123
20
-130
-186
-234
-307
-389
-518
-589
-647
-697
-700
-794
-816
-913
-952
-908
-875
-819
-835
-805
-770
-720
-647
-518
-444
-451
-491
-476
-394
-314
-265
-232
-209
-182
-143
-155
-200
-176
-135
-37
12
9
-52
-88
-44
2
51
61
73
115
136
137
146
145
129
59
12
-86
-155
-183
-210
-209
-198
-207
-200
-214
-236
-229
-192
-99
-90
-126
-192
-249
-290
-287
-272
-234
-215
-221
-177
-145
-26
113
222
338
367
465
599
751
927
989
1052
1063
1014
1002
1003
966
953
918
777
683
607
586
583
508
469
353
235
193
117
97
-37
-82
-160
-255
-266
-257
-181
-231
-221
-176
-169
-104
-91
-22
59
85
182
188
219
278
356
429
442
464
500
543
572
590
628
620
581
604
588
551
469
339
329
209
133
38
-76
-132
-202
-218
-267
-337
-409
-463
-545
-585
-624
-640
-594
-602
-582
-546
-522
-415
-393
-316
-212
-181
-142
-89
-66
12
77
58
113
84
118
116
99
132
108
105
5
-33
-101
-102
-107
-146
-244
-411
-541
-659
-701
-722
-725
-641
-616
-617
-613
-568
-500
-398
-329
-293
-171
-131
-54
-10
79
121
93
78
75
189
217
257
254
253
281
297
409
376
427
439
411
440
372
358
374
409
433
392
310
273
194
64
-22
-91
-58
-71
-52
12
15
91
143
157
83
-39
-66
-110
-166
-238
-326
-389
-413
-455
-454
-481
-380
-340
-344
-248
-245
-219
-198
-188
-129
-97
-103
-34
-92
-149
-178
-190
-123
-167
-237
-321
-383
-353
-430
-444
-441
-516
-572
-628
-679
-659
-662
-667
-666
-648
-657
-636
-604
-599
-531
-485
-402
-354
-314
-348
-382
-389
-344
-290
-290
-281
-271
-188
-162
-113
-38
87
196
260
261
227
245
276
277
307
332
303
297
240
244
245
226
153
53
48
-21
-125
-183
-214
-224
-276
-304
-320
-255
-262
-277
-254
-260
-163
-99
-34
58
90
164
221
298
334
384
461
570
625
682
740
759
804
810
850
917
983
1012
1036
943
812
724
668
634
543
459
340
288
208
96
62
-76
-106
-200
-257
-308
-414
-455
-507
-575
-539
-581
-599
-592
-610
-547
-535
-457
-339
-262
-172
-119
-131
-75
-28
105
199
260
285
281
264
337
420
517
561
475
523
504
480
484
453
409
290
139
21
-81
-115
-143
-108
-92
-149
-192
-244
-251
-262
-331
-365
-361
-355
-359
-413
-447
-468
-402
-339
-286
-212
-214
-231
-189
-86
-15
38
71
94
147
185
257
319
364
450
467
478
527
479
508
524
480
459
341
313
249
190
169
99
86
105
59
46
-10
-12
-60
-113
-126
-136
-90
-135
-85
-96
-78
-91
-125
-93
-94
-31
15
-16
-50
-68
45
108
105
182
147
130
68
86
149
222
287
273
239
119
95
131
135
217
236
206
172
141
67
20
-4
-42
-102
-136
-181
-137
-107
-140
-170
-261
-320
-360
-418
-499
-526
-533
-526
-594
-700
-733
-738
-672
-623
-598
-553
-563
-540
-494
-487
-406
-336
-308
-240
-215
-156
-59
-24
19
41
46
98
140
187
221
326
397
422
387
309
302
289
274
206
94
-26
-125
-248
-334
-329
-390
-379
-430
-499
-523
-513
-519
-492
-550
-634
-706
-745
-723
-629
-516
-489
-470
-447
-397
-308
-216
-135
19
96
122
189
249
348
400
534
571
597
611
543
575
574
554
563
580
571
608
587
582
501
424
371
292
245
179
164
163
174
214
237
229
241
222
194
214
270
259
253
187
97
83
69
68
94
100
124
167
188
185
209
163
159
162
138
168
203
260
238
250
270
276
294
277
267
253
217
177
210
266
347
363
401
415
327
289
240
189
222
221
250
247
208
207
179
184
184
171
155
114
31
-1
-41
-50
-19
-40
-38
-96
-180
-231
-268
-235
-190
-171
-136
-68
-72
-28
-50
-66
-52
-34
-10
40
86
74
70
66
76
100
192
241
224
186
131
62
44
-2
2
25
29
80
74
94
134
101
156
188
134
91
-2
-69
-44
6
57
93
87
132
140
63
88
107
179
221
192
205
187
183
210
195
257
325
282
245
177
137
161
169
181
189
119
76
50
34
107
38
-11
-69
-176
-157
-164
-196
-202
-277
-294
-330
-364
-360
-356
-335
-383
-338
-344
-356
-366
-386
-367
-271
-212
-214
-229
-262
-235
-172
-151
-161
-176
-195
-177
-134
-83
-108
-154
-201
-275
-320
-356
-373
-312
-324
-300
-299
-293
-218
-186
-179
-159
-100
-56
-40
-17
-27
32
63
96
123
111
147
137
115
128
138
81
75
19
70
118
122
78
26
29
-22
-115
-197
-301
-332
-350
-436
-446
-424
-384
-341
-291
-196
-93
-83
-95
-133
-121
-46
20
62
52
67
158
229
250
288
330
356
312
293
287
322
334
348
319
338
359
304
272
207
165
177
144
118
89
92
110
58
36
11
19
8
-29
-77
-91
-120
-166
-183
-164
-191
-171
-190
-197
-139
-164
-76
-50
13
72
50
67
76
124
181
230
279
312
331
361
299
303
338
385
416
466
525
496
497
470
484
483
468
457
399
308
277
226
178
236
206
203
161
129
114
89
77
51
72
63
98
155
258
334
363
378
380
390
388
418
425
471
505
498
521
505
501
531
500
456
396
316
280
223
211
207
163
160
110
85
26
-6
-61
-110
-108
-140
-184
-229
-246
-262
-277
-267
-263
-270
-279
-295
-277
-258
-219
-235
-272
-306
-355
-326
-277
-242
-252
-285
-283
-258
-157
-85
-72
-9
-30
16
52
53
95
68
62
62
7
-17
-65
-117
-126
-123
-147
-183
-197
-174
-186
-220
-323
-422
-451
-512
-510
-530
-607
-678
-744
-697
-666
-654
-613
-591
-545
-579
-621
-542
-423
-317
-288
-293
-189
-136
-68
-26
-40
-7
43
122
164
228
249
202
218
236
239
271
235
238
237
197
169
78
1
-47
7
53
60
62
56
108
80
-3
-26
-46
-55
-23
-38
-40
-67
-111
-189
-180
-152
-181
-237
-318
-349
-334
-293
-265
-312
-353
-439
-479
-407
-383
-318
-283
-212
-188
-231
-254
-216
-191
-108
-45
9
62
62
88
147
157
139
139
135
154
120
105
45
30
33
10
-21
-78
-119
-160
-243
-296
-299
-280
-305
-312
-333
-337
-308
-311
-317
-306
-288
-347
-329
-364
-396
-413
-453
-402
-396
-312
-269
-299
-307
-329
-320
-240
-137
-80
-16
40
93
113
183
252
278
325
302
291
298
290
337
418
458
498
549
532
470
389
337
308
308
319
284
270
267
238
178
132
135
133
154
140
114
65
61
66
86
92
129
167
158
216
220
275
281
274
338
365
371
365
361
383
401
405
382
342
345
303
277
265
244
316
342
331
353
323
314
325
286
307
313
273
266
275
258
232
184
150
143
162
150
101
39
-76
-141
-192
-199
-199
-186
-209
-230
-219
-234
-200
-201
-198
-221
-220
-208
-205
-138
-124
-109
-37
-32
-1
34
21
83
65
55
82
133
194
230
258
189
129
66
66
95
132
146
120
73
58
1
-59
-64
-26
-1
-52
-130
-193
-211
-247
-246
-264
-304
-337
-332
-337
-345
-336
-299
-263
-215
-144
-144
-116
-143
-125
-89
-130
-136
-126
-93
-69
-82
-74
-20
26
37
23
37
43
70
114
118
117
85
40
2
-48
-61
-95
-86
-85
-97
-70
-110
-111
-164
-231
-208
-168
-156
-187
-245
-282
-316
-292
-269
-296
-306
-346
-370
-404
-398
-385
-427
-432
-427
-435
-429
-442
-438
-417
-417
-373
-297
-212
-153
-157
-80
-56
-69
-3
50
100
156
179
177
180
204
272
228
181
134
86
120
82
96
50
13
0
-64
-113
-204
-307
-330
-333
-350
-310
-346
-348
-350
-356
-316
-310
-306
-340
-388
-420
-396
-341
-320
-306
-265
-223
-200
-116
-18
45
90
34
-44
-22
39
99
173
229
274
301
352
365
397
413
449
498
505
470
449
432
398
370
338
333
299
244
169
103
62
16
-44
-151
-244
-250
-291
-316
-315
-283
-233
-219
-215
-219
-157
-94
-52
-19
-17
24
52
140
232
275
320
314
299
308
297
318
254
250
288
276
265
249
214
206
217
165
149
121
96
111
162
221
266
249
180
124
145
133
98
79
49
36
48
54
80
98
95
88
82
122
105
126
155
153
140
126
126
135
130
84
66
64
91
78
47
45
-6
12
84
123
174
212
259
294
288
322
342
381
437
420
421
442
456
464
501
538
544
512
463
418
375
352
303
277
235
125
55
31
26
33
8
-15
9
-26
-44
-37
-72
-97
-90
-91
-80
-99
-120
-140
-110
-85
-125
-139
-155
-175
-152
-132
-120
-121
-128
-137
-99
-99
-88
-88
-76
-77
-102
-122
-204
-205
-221
-200
-173
-166
-149
-154
-184
-200
-217
-267
-302
-324
-383
-383
-401
-431
-405
-398
-358
-348
-372
-363
-349
-343
-288
-280
-286
-278
-305
-289
-295
-273
-308
-337
-358
-363
-381
-373
-367
-374
-386
-441
-446
-436
-398
-366
-299
-270
-268
-297
-290
-240
-202
-96
-17
4
4
28
75
85
154
206
206
223
234
247
267
250
240
200
141
114
29
-24
-45
-87
-116
-201
-278
-326
-357
-329
-339
-375
-388
-407
-438
-466
-468
-466
-449
-431
-404
-406
-416
-411
-390
-388
-295
-201
-128
-25
36
56
90
130
165
189
192
182
157
191
190
179
179
176
159
161
152
184
188
172
169
141
157
120
62
26
9
-13
-31
-40
-11
21
53
45
44
74
55
58
117
171
225
239
229
262
262
297
303
293
333
343
333
321
298
298
306
304
309
309
291
266
216
161
113
114
123
98
58
46
39
59
51
-2
-58
-109
-161
-180
-161
-114
-64
-24
-12
-13
-13
-38
-82
-46
-14
28
75
87
135
126
125
175
201
208
211
172
180
199
196
196
172
194
223
250
277
242
211
200
192
194
159
129
134
113
105
85
78
56
70
80
57
65
27
-19
-11
-11
-2
41
3
-45
-104
-123
-95
-80
-82
-91
-88
-139
-149
-114
-39
13
53
42
47
95
124
110
134
158
197
249
247
286
274
243
266
302
307
330
290
212
178
104
60
33
3
-53
-138
-126
-159
-178
-207
-233
-216
-182
-135
-144
-170
-202
-246
-219
-179
-151
-123
-123
-112
-83
-57
0
56
117
150
158
169
192
183
140
153
184
192
152
88
63
50
46
68
71
101
33
-38
-74
-129
-151
-205
-248
-299
-295
-259
-260
-302
-312
-321
-279
-245
-288
-322
-354
-362
-387
-407
-388
-345
-312
-253
-264
-246
-172
-161
-153
-114
-123
-126
-107
-98
-55
-18
7
65
38
13
2
-58
-50
-71
-88
-99
-124
-143
-165
-196
-228
-258
-235
-244
-281
-288
-344
-362
-339
-340
-356
-341
-325
-298
-313
-309
-315
-301
-201
-158
-138
-112
-117
-146
-102
-66
-40
6
12
35
59
72
58
22
45
60
56
116
111
106
123
115
144
134
114
136
140
156
175
151
128
103
103
83
60
30
24
52
38
18
-29
-14
-27
-41
-13
-40
-55
-72
-82
-93
-111
-80
-59
-56
-44
-47
-7
49
56
35
40
81
127
144
166
143
115
102
139
222
225
237
231
160
127
124
106
88
80
64
1
-39
-62
-56
-28
-22
-10
-42
-127
-155
-178
-148
-78
-69
-32
-3
44
81
109
165
195
201
237
248
264
319
353
384
392
372
347
362
347
372
342
336
334
306
337
293
290
265
223
205
191
219
232
224
187
175
158
154
130
92
85
80
50
24
12
49
84
62
56
25
-12
40
80
143
205
237
254
248
258
271
242
218
213
238
254
191
167
143
154
181
226
251
232
201
145
122
92
115
109
78
44
37
29
14
14
3
14
32
50
83
136
125
130
134
127
148
118
79
71
72
75
65
104
130
169
179
119
87
102
67
5
-20
-17
-4
-50
-63
-94
-91
-101
-111
-82
-111
-87
-117
-174
-225
-283
-293
-296
-327
-345
-356
-334
-293
-281
-242
-274
-301
-304
-324
-293
-258
-229
-256
-301
-320
-300
-287
-304
-310
-327
-327
-319
-347
-358
-370
-353
-351
-375
-352
-332
-333
-363
-363
-330
-301
-326
-338
-353
-382
-382
-416
-433
-431
-408
-386
-378
-405
-414
-420
-401
-351
-347
-357
-344
-335
-243
-184
-172
-98
-74
-65
-4
12
7
74
118
104
98
87
107
150
142
122
146
148
127
126
105
72
92
43
-14
-23
-38
-64
-64
-105
-177
-203
-224
-237
-260
-301
-259
-263
-278
-286
-287
-279
-301
-275
-253
-197
-101
-47
8
40
26
106
168
197
254
255
259
299
317
341
368
420
443
451
476
493
503
485
487
474
438
448
436
455
468
425
389
325
306
319
312
263
212
190
145
163
159
138
122
72
59
69
45
24
33
6
9
32
86
131
200
276
346
375
383
389
366
332
308
312
318
316
345
392
427
437
419
445
