6
-5
-26
-20
-21
-41
-32
13
42
17
28
19
50
48
-7
-31
-19
5
-2
1
-2
1
-1
1
0
0
0
0
0
0
0
0
1
0
0
0
0
0
0
0
0
0
0
0
0
0
0
0
0
0
0
0
0
0
-1
0
0
0
0
0
0
0
0
0
0
0
0
0
1
0
0
0
0
0
0
0
1
0
0
0
1
1
0
0
0
-1
1
1
0
0
0
0
0
0
0
1
0
0
0
1
0
0
0
0
0
-1
0
0
0
0
0
0
0
0
0
0
-1
-1
-1
0
0
0
0
-1
0
0
0
0
0
0
0
0
0
1
0
1
0
0
0
0
0
0
1
-1
0
1
-1
0
0
0
0
0
0
0
-1
0
0
0
-1
0
-1
0
0
0
0
0
-1
0
0
0
0
0
1
-1
1
-2
7
-6
-22
-21
-1
50
32
45
68
85
105
99
71
67
94
111
150
135
146
95
57
78
97
105
156
169
108
74
53
81
99
74
52
35
8
-3
35
111
75
36
26
2
45
34
7
21
23
31
45
37
55
82
105
135
138
118
94
99
136
115
109
84
97
146
155
213
196
164
167
164
153
138
139
106
84
40
38
61
44
18
-5
9
-5
3
-6
-12
0
5
-1
-11
-5
5
3
2
8
-5
1
-5
-2
-6
-26
-11
-18
-12
-1
-12
-12
-1
0
-3
0
-12
-1
5
-6
3
3
-3
-6
2
0
5
-2
0
13
6
3
3
-3
-17
-8
-4
-2
0
-3
-8
1
3
-6
-1
-5
-3
11
10
9
5
-4
2
4
4
2
-1
4
2
1
-4
-2
7
3
-3
-12
-21
-30
-12
8
-6
-10
-2
-17
-19
-5
5
0
6
5
-1
18
22
4
2
8
-2
2
-1
-2
3
14
5
8
6
-9
-8
-1
1
4
-8
-9
5
1
-2
-8
-8
2
18
6
-4
-2
1
4
-2
-3
-3
-2
0
2
-10
-11
1
11
6
7
9
-11
-10
-4
0
-12
-14
-6
-7
-8
1
5
6
-1
-7
2
2
10
6
-7
-2
3
3
12
3
3
11
12
8
-4
-2
4
8
0
7
-1
-5
3
5
6
-10
-8
-3
3
9
11
2
-3
5
1
-1
-3
3
1
15
14
13
4
0
-5
7
9
11
16
4
0
-2
7
11
17
4
-12
7
5
-4
6
4
9
1
2
11
13
7
-5
-7
6
4
4
-9
-10
-9
-3
-6
-3
-1
-5
-5
-9
3
0
4
-4
0
14
1
-5
7
6
-6
-14
-5
12
7
0
-9
-9
-6
7
8
-1
13
3
4
1
0
-1
-3
-5
-5
-5
-2
-5
5
4
-14
-8
-23
-17
2
-1
-8
4
7
1
-4
-5
7
11
7
7
3
13
2
3
10
0
-7
4
5
4
7
-7
-7
-5
0
1
-4
-9
-15
-10
-2
-6
8
5
1
-5
-11
12
18
8
-5
-8
-9
1
6
-9
-1
2
-7
-7
-16
-12
-1
-3
-5
-11
-6
7
0
-8
-8
-19
-3
2
9
9
-6
-5
7
0
10
3
-1
4
2
3
7
7
4
7
-2
0
0
4
-1
-1
-1
3
-3
2
0
0
3
-8
-6
-13
2
7
1
-4
-1
9
-9
-28
-10
13
13
8
-6
-4
8
12
-8
-16
-6
-2
10
-3
-24
-29
-8
6
15
5
-29
-22
3
-6
-11
13
-4
-10
2
12
16
-18
-23
-25
-12
12
11
-4
-29
-31
-26
-15
2
23
9
-9
-19
-32
-34
-28
0
44
52
24
21
23
50
12
-34
-31
-16
10
19
24
12
36
35
41
21
4
3
-11
-6
-25
-27
-23
-16
7
19
7
22
13
4
-3
-24
-39
-23
-2
6
9
6
3
-15
-14
-15
-13
-42
-28
-7
-18
4
7
2
20
35
2
-16
0
3
18
-4
1
25
33
37
6
0
-10
-13
-2
4
10
-4
1
-20
-45
-28
-6
-4
16
14
31
45
11
-1
-20
-6
-8
-24
-5
-1
-7
-3
6
4
5
12
23
18
-4
-2
-4
5
6
13
42
24
-16
-36
-13
7
33
30
13
15
-9
-1
7
3
-3
-12
-7
-15
-22
-3
2
16
8
20
15
-11
0
0
12
16
1
-2
6
9
-18
-21
-9
1
25
13
0
4
-7
4
2
1
-5
-26
-31
-36
-21
-12
-8
15
20
26
13
-9
-21
1
5
-32
-19
-19
-10
-14
-24
0
-4
-18
-34
-27
13
51
31
11
-31
-25
2
1
46
28
-13
-20
-22
-12
19
8
-21
-14
-15
-18
-4
1
-9
-3
3
-1
27
34
17
5
24
62
47
43
41
13
-22
-26
-8
-7
-25
-31
-20
22
37
3
-4
13
-10
18
28
12
30
13
27
29
15
41
45
39
56
40
41
0
13
46
34
14
23
4
1
25
-3
1
-1
2
-1
-15
21
1
-7
14
-12
1
1
-9
14
17
-5
23
8
8
18
-13
-1
23
24
-4
-38
-38
-19
-2
-4
-23
-55
-57
-81
-58
-68
-10
-57
45
88
28
65
-59
13
25
39
58
44
72
25
-14
-6
-12
-29
-30
-32
11
20
9
-28
-40
-29
-30
-26
-19
-44
-37
2
19
24
42
11
5
23
-9
-1
-25
-21
23
14
15
22
32
37
33
-1
-33
-22
-18
-25
-33
-44
-37
-7
-5
1
-13
8
26
9
25
32
20
-1
-13
-35
-38
-6
34
27
29
15
-8
22
23
43
57
44
55
78
43
34
48
27
25
41
13
-13
-1
20
11
-7
-3
-9
-18
-15
-29
-57
-69
-79
-53
-46
-43
-13
-9
3
-11
-18
-4
-13
16
17
25
21
-1
36
23
-14
-39
-45
-23
11
31
-3
-1
-10
-28
-26
-36
-8
19
25
39
10
-9
12
13
14
-14
-46
-47
-24
-38
-89
-97
-44
5
3
-21
-39
-39
-22
-21
-11
0
-27
-8
30
38
20
-12
-22
-2
32
41
48
32
33
29
1
-5
5
30
27
-15
-52
-62
-52
-59
-44
-35
-28
-19
-28
-46
-45
-44
-60
-43
-42
-78
-74
-37
-56
-35
-2
-21
10
16
-8
29
39
6
-51
-53
-25
22
-9
-60
-35
-45
-30
-15
-8
-11
-37
-52
-9
-11
-19
-22
-40
-39
-47
-36
-24
-27
-25
-22
-36
-37
-42
-28
-44
-47
15
-6
1
-2
-15
7
15
-1
-21
0
-14
6
42
13
6
9
28
36
51
81
92
109
104
78
70
72
87
94
35
23
3
-7
22
16
8
-27
-72
-54
-39
-38
-34
-16
14
0
-18
-33
-15
-12
9
37
55
64
47
41
15
22
20
8
9
13
-8
-2
-1
-20
10
8
9
32
32
31
45
30
32
-8
-13
-23
-9
39
46
86
86
65
86
85
88
83
21
16
14
-9
22
21
-7
13
-8
-12
-29
-34
-9
10
24
13
3
12
18
-1
-22
-51
-52
-24
19
52
39
28
52
60
67
45
33
51
38
27
-7
-40
-59
-77
-50
-8
-26
-31
-24
-25
-15
-38
-41
-40
-46
-30
6
25
44
13
1
-4
8
40
72
73
25
24
54
75
56
42
47
41
28
18
51
59
48
27
-18
-13
14
4
23
50
75
93
75
72
59
28
1
-1
14
26
12
37
33
3
-23
-44
-42
-1
-7
-26
-19
-35
-38
-70
-81
-63
-52
-50
-42
-23
-23
-32
-24
1
-1
1
7
7
39
31
15
18
-7
11
77
63
28
1
-23
4
25
-9
-56
-90
-119
-115
-99
-120
-137
-133
-139
-104
-92
-104
-95
-102
-96
-44
-34
-28
-19
-60
-87
-82
-74
-80
-87
-111
-128
-132
-118
-126
-138
-154
-158
-145
-169
-149
-132
-133
-122
-78
-68
-52
-16
-22
-42
-17
-1
-3
-2
-18
-17
-6
-26
-50
-53
-39
-7
8
-13
-4
3
-40
-24
0
-15
-20
-27
-34
8
56
72
67
25
-41
-9
28
29
34
16
39
79
59
51
58
46
35
43
58
10
12
3
31
0
-25
-58
-73
-65
-82
-87
-37
-18
-27
-46
-52
-25
11
29
63
89
57
44
47
36
23
49
60
52
36
7
0
-63
-94
-79
-87
-98
-132
-118
-63
-35
-10
-36
-42
-24
-13
4
7
28
30
19
6
22
69
76
88
84
53
52
89
83
62
56
41
38
34
45
42
27
2
-13
-19
-33
-40
-63
-77
-71
-51
-19
-13
34
45
54
106
62
5
-36
-42
-10
1
-6
-18
-8
21
49
56
62
39
3
12
4
-3
2
9
22
49
73
99
106
118
112
72
51
59
50
39
55
44
41
49
48
30
30
22
19
34
24
32
64
48
-8
-15
-28
-37
-40
-57
-59
-38
-26
-72
-85
-53
-27
21
13
-50
-52
-39
-23
15
-12
-46
-40
-29
24
10
-33
-41
-28
24
71
141
140
121
102
81
101
146
132
84
80
66
88
95
77
82
82
70
40
10
-18
-51
-41
-45
-76
-110
-140
-133
-127
-142
-180
-209
-204
-172
-135
-147
-210
-247
-240
-196
-182
-158
-115
-87
-57
-48
-53
-29
11
13
-9
-2
8
1
-17
4
21
59
56
24
44
47
45
55
66
96
106
97
110
95
115
101
108
115
133
173
170
190
219
187
180
161
146
168
143
146
144
115
133
149
126
134
101
63
45
35
36
27
12
33
63
70
64
33
41
24
-5
-17
-35
-62
-47
-51
-44
-16
-37
-41
-61
-82
-75
-101
-112
-91
-124
-97
-110
-132
-140
-165
-190
-161
-104
-98
-112
-105
-88
-65
-54
-74
-63
-50
-62
-71
-125
-163
-164
-153
-144
-95
-107
-157
-156
-166
-131
-108
-86
-37
-39
-38
-39
-24
32
70
79
135
130
115
137
151
190
208
208
207
238
271
254
249
233
206
187
176
130
95
74
44
41
11
-23
-20
-13
-34
-22
-30
-29
-4
-14
-21
-8
11
23
33
61
79
65
75
70
62
60
57
59
50
11
16
29
-13
-15
-9
-6
-6
-30
-31
-14
-52
-57
-25
-50
-60
-39
-79
-85
-91
-105
-87
-87
-87
-87
-70
-64
-66
-73
-76
-43
-2
32
45
32
45
63
95
96
122
173
202
199
146
107
110
92
85
76
79
42
45
67
69
103
109
106
69
78
35
-8
-29
-33
-21
-55
-87
-112
-113
-127
-166
-197
-184
-135
-103
-73
-47
-60
-58
-64
-29
-28
-38
-37
-95
-73
-68
-93
-113
-115
-93
-133
-192
-218
-231
-219
-203
-208
-237
-230
-200
-197
-178
-183
-161
-135
-152
-171
-170
-146
-107
-92
-89
-74
-79
-67
-30
-29
-35
-28
-33
-57
-97
-91
-86
-97
-110
-82
-73
-88
-117
-124
-131
-131
-130
-144
-114
-74
-70
-70
-46
-10
21
65
56
62
106
129
156
134
125
133
137
138
105
98
95
72
55
30
21
-15
-17
1
-1
20
43
41
23
24
18
12
11
-12
-58
-102
-135
-158
-165
-171
-160
-128
-118
-130
-134
-139
-169
-175
-145
-123
-88
-63
-98
-96
-90
-113
-84
-65
-40
-19
-26
-52
-49
-34
18
53
53
64
74
44
18
31
10
8
43
35
32
53
44
61
42
29
38
65
29
7
20
3
6
-18
-18
16
16
-1
2
-1
-6
-20
-25
-28
-47
-32
-46
-59
-73
-95
-74
-62
-43
-54
-61
-57
-37
-7
-12
4
8
32
47
67
97
109
120
101
71
55
34
21
22
18
20
22
-10
0
-21
-43
-50
-55
-77
-120
-136
-132
-116
-92
-60
-91
-113
-119
-74
-22
17
55
22
46
120
148
167
176
171
186
239
303
273
248
229
188
202
214
227
203
224
200
219
258
229
220
209
189
194
254
253
252
268
269
256
217
207
209
155
110
98
110
161
242
262
256
238
225
259
284
284
292
308
325
297
301
292
281
301
303
339
334
311
300
308
302
319
304
299
344
327
278
269
248
230
210
195
183
165
177
207
218
203
156
129
119
124
142
118
88
83
79
90
74
76
139
127
106
77
85
112
115
125
114
61
28
34
9
-7
-9
-28
-28
-15
-17
2
-8
-21
-10
-11
-13
-20
-10
-42
-75
-77
-95
-92
-93
-126
-145
-194
-171
-135
-107
-116
-163
-187
-202
-182
-196
-215
-181
-170
-192
-221
-249
-248
-234
-226
-232
-245
-253
-258
-260
-262
-259
-278
-312
-339
-332
-298
-261
-250
-261
-247
-243
-231
-234
-242
-255
-256
-256
-258
-219
-202
-197
-183
-206
-214
-219
-257
-251
-237
-227
-223
-248
-292
-263
-262
-279
-277
-287
-244
-250
-255
-275
-312
-300
-283
-255
-221
-219
-180
-139
-114
-79
-82
-120
-143
-151
-164
-141
-121
-114
-125
-145
-140
-147
-154
-153
-134
-139
-144
-172
-191
-205
-193
-173
-213
-171
-180
-232
-264
-299
-326
-291
-256
-249
-252
-254
-247
-240
-209
-209
-213
-224
-200
-126
-100
-109
-156
-193
-181
-170
-160
-184
-213
-241
-251
-234
-231
-233
-236
-258
-262
-218
-173
-151
-106
-73
-70
-44
-40
-47
-42
-44
-33
-32
-15
-8
-14
5
0
30
48
6
-26
-47
-26
10
-30
-75
-89
-49
-11
22
21
17
9
39
73
70
89
63
69
120
161
191
209
165
131
120
56
78
77
62
94
91
89
100
124
153
139
158
219
243
230
201
186
215
235
266
298
277
291
314
326
343
327
304
297
296
327
324
322
350
306
279
267
252
255
260
263
244
194
195
210
182
175
201
220
205
170
135
128
125
112
126
135
131
132
159
191
213
260
232
252
251
224
239
224
248
293
267
283
284
289
300
298
314
335
346
352
379
374
348
315
312
312
305
312
306
278
234
205
203
184
145
122
113
108
110
103
67
44
48
18
-21
-61
-62
-23
20
53
77
51
55
61
38
63
75
75
86
105
135
134
154
157
161
239
259
266
272
250
244
222
212
219
182
182
175
154
179
195
195
186
161
165
171
133
124
141
167
163
167
156
128
86
76
48
90
136
99
100
21
-1
28
23
25
43
3
-1
-28
-47
-33
-78
-71
-79
-109
-120
-142
-139
-115
-98
-52
-81
-109
-110
-111
-97
-92
-109
-111
-114
-137
-160
-193
-218
-219
-214
-209
-194
-183
-132
-139
-154
-157
-174
-158
-182
-164
-182
-205
-167
-136
-89
-71
-66
-29
6
39
58
66
115
109
87
59
-3
-4
8
11
73
81
66
51
51
101
118
104
72
73
35
11
-7
-53
-53
-31
-25
-25
-10
28
16
-14
-28
-45
-12
21
7
12
-6
-32
-34
-34
-21
-4
-14
-39
-37
-20
32
44
-4
-57
-82
-58
-8
24
12
23
38
19
-9
-44
-39
-34
-21
26
50
58
36
52
56
59
78
81
91
98
102
137
136
136
174
190
194
174
153
155
126
92
128
114
80
100
61
103
106
106
151
125
123
97
49
10
1
-7
25
69
121
169
160
161
133
88
52
42
56
80
92
86
71
38
55
81
83
60
7
-13
-11
-10
-47
-99
-114
-133
-107
-115
-140
-129
-85
-28
3
25
12
-4
-14
-18
-27
-70
-101
-118
-122
-81
-51
-13
3
11
4
-10
-1
-5
-9
-12
3
21
15
40
59
112
161
173
202
218
234
220
219
224
241
243
213
200
173
134
134
129
112
142
175
181
178
138
107
92
47
11
11
29
32
38
17
-18
-22
-29
-30
14
23
10
22
-14
-14
-22
-67
-73
-54
-69
-134
-197
-250
-244
-223
-237
-232
-232
-230
-237
-197
-196
-208
-199
-178
-150
-141
-182
-174
-126
-131
-88
-77
-48
-52
-96
-147
-182
-170
-157
-173
-194
-221
-250
-235
-235
-227
-219
-249
-241
-235
-239
-214
-211
-208
-192
-208
-215
-209
-220
-204
-194
-207
-210
-171
-164
-176
-152
-149
-154
-74
-46
-86
-68
-71
-73
-66
-40
-58
-44
7
29
-7
-25
-13
0
40
41
41
54
40
56
103
86
86
89
97
118
146
129
119
74
43
41
36
46
26
50
51
58
88
114
113
117
121
140
148
123
120
108
154
183
189
203
197
197
187
204
254
261
226
236
249
249
246
278
313
357
370
393
407
427
433
437
479
460
482
452
431
432
442
472
467
443
457
441
409
441
413
390
383
314
287
261
206
193
200
211
203
170
153
164
149
156
154
136
139
115
98
72
63
83
111
134
142
159
164
197
184
141
159
197
217
217
175
158
150
113
120
124
140
141
102
122
116
139
120
98
107
109
89
67
63
54
58
40
35
48
76
90
97
79
69
113
156
195
186
107
90
104
109
80
47
22
-12
-34
-68
-51
-59
-61
-15
-17
-37
-55
-87
-104
-88
-81
-68
-46
-12
40
53
60
65
40
14
-41
-67
-86
-94
-96
-121
-112
-100
-87
-81
-64
-71
-97
-124
-143
-151
-164
-205
-222
-182
-201
-171
-189
-207
-200
-223
-246
-239
-218
-205
-194
-241
-235
-229
-248
-218
-173
-164
-132
-130
-155
-168
-177
-184
-146
-107
-100
-89
-74
-73
-98
-93
-117
-108
-83
-109
-115
-142
-181
-208
-212
-218
-211
-171
-151
-183
-222
-238
-220
-194
-233
-236
-222
-179
-135
-80
-96
-103
-72
-69
-16
14
-5
-23
-24
-51
-53
-53
-63
-31
9
24
17
2
-28
-50
-55
-59
-62
-68
-81
-101
-121
-119
-105
-104
-72
-28
-22
-51
-80
-91
-81
-66
-91
-108
-110
-101
-130
-138
-116
-131
-138
-135
-156
-143
-99
-93
-90
-59
-17
13
35
74
108
113
140
185
203
206
206
226
262
236
155
140
166
173
145
82
47
41
42
12
44
56
35
15
5
-16
-26
33
40
85
107
98
88
86
75
80
49
-1
-3
-14
-21
0
15
5
-35
-30
-43
-63
-22
-29
-19
9
4
-5
-13
14
62
78
73
77
113
106
86
84
84
125
135
134
178
201
189
186
152
142
175
122
87
75
82
85
75
75
62
61
85
108
76
72
61
64
100
105
108
122
139
180
217
267
290
261
230
189
206
190
152
170
198
210
221
191
156
168
146
155
173
128
120
139
166
177
151
110
67
98
142
156
168
148
110
107
58
54
83
67
9
-30
-57
-71
-122
-314
-161
-129
-141
-92
-184
-74
-44
-105
-230
-276
-150
-140
-97
-55
-50
-36
9
52
18
0
11
5
-4
-38
-64
-29
-27
-56
-73
-85
-63
-75
-92
-72
-77
-86
-88
-103
-91
-74
-37
-25
-31
-41
-79
-60
-11
1
39
76
127
166
143
92
89
113
133
151
148
161
170
154
147
97
38
44
39
32
21
11
38
68
58
62
43
46
72
85
123
145
161
132
115
143
140
124
90
36
17
34
2
0
-10
-43
-82
-102
-108
-92
-63
-71
-60
-87
-104
-97
-103
-135
-140
-148
-161
-196
-243
-224
-201
-200
-233
-296
-371
-332
-275
-264
-241
-250
-224
-184
-191
-223
-226
-213
-174
-159
-172
-183
-160
-109
-73
-73
-101
-95
-30
0
-2
-24
-73
-105
-101
-84
-48
-21
-33
-51
-99
-103
-98
-98
-49
-56
-72
-73
-108
-110
-112
-104
-71
-41
-34
-33
-61
-58
-70
-90
-81
-61
-64
-80
-77
-108
-115
-106
-96
-73
-81
-117
-141
-102
-87
-90
-96
-114
-117
-92
-102
-89
-69
-86
-91
-113
-91
-59
-41
-42
-20
-26
-26
-28
21
69
69
84
73
75
55
30
42
85
163
177
182
239
235
218
202
162
138
100
116
149
122
90
98
83
70
35
-6
5
28
11
13
29
-23
-33
-49
-42
-11
-17
-36
4
22
42
38
4
20
12
10
22
15
24
37
29
23
7
-55
-104
-82
-57
-21
31
-10
-40
-4
-9
5
9
28
42
-14
-58
-105
-147
-144
-128
-132
-170
-193
-177
-187
-165
-133
-157
-114
-91
-75
-52
-29
9
24
32
66
42
23
40
55
95
135
123
79
39
32
46
38
31
8
-28
-7
-19
-33
-20
-29
-20
-42
-59
-41
-37
-42
-17
-25
-69
-101
-120
-119
-97
-44
-3
6
-2
18
50
56
33
27
10
-9
-7
-38
-52
-38
-31
19
63
78
77
113
120
138
132
93
76
34
14
4
-26
-42
-64
-77
-91
-90
-98
-123
-114
-98
-61
-10
-29
-58
-88
-107
-128
-122
-93
-74
-32
-58
-129
-96
-127
-129
-73
-58
-27
-7
-2
30
54
14
15
33
41
60
52
45
60
56
28
45
63
69
52
53
82
98
112
69
69
130
123
89
51
1
13
16
15
11
-8
-36
-29
-8
-19
-38
-47
-59
-83
-74
-96
-121
-151
-175
-155
-122
-115
-130
-158
-152
-106
-64
-61
-107
-110
-76
-63
-70
-36
-39
-56
-76
-109
-119
-131
-193
-231
-222
-224
-202
-146
-147
-151
-166
-225
-240
-257
-258
-224
-205
-179
-131
-127
-130
-101
-86
-119
-137
-97
-84
-102
-67
-35
-16
-19
-30
-30
-29
-24
-15
12
34
-2
-37
-34
3
35
17
6
15
53
101
121
94
65
53
27
57
99
117
110
75
37
10
-5
-13
-5
7
28
57
52
6
31
19
12
14
-8
24
64
109
131
133
116
107
90
114
81
103
128
119
110
95
115
133
156
189
198
184
183
231
279
272
264
226
236
224
227
214
195
127
73
51
45
98
127
126
139
169
50
200
55
98
78
65
112
49
51
0
43
88
88
96
118
92
70
35
26
62
48
14
2
-9
24
30
11
16
40
82
66
47
37
7
6
30
39
30
17
1
22
-22
-69
-68
-65
-33
-11
-36
-37
-21
-60
-53
-45
-50
-27
0
-13
-12
-45
-55
-99
-133
-133
-137
-99
-115
-136
-181
-196
-192
-202
-208
-202
-219
-208
-210
-218
-198
-166
-104
-61
-51
-86
-118
-128
-108
-103
-88
-64
-23
21
54
89
52
24
24
0
-10
-3
3
-26
-29
-66
-94
-58
-62
-62
-30
-30
-68
-72
-89
-105
-101
-112
-88
-97
-130
-123
-111
-118
-126
-159
-186
-179
-179
-173
-166
-170
-177
-179
-149
-132
-154
-177
-178
-169
-188
-231
-246
-248
-223
-193
-209
-209
-204
-186
-176
-184
-195
-180
-130
-86
-92
-103
-95
-96
-98
-107
-133
-136
-136
-144
-104
-67
-59
-38
-7
-10
-21
-32
-22
-30
-42
20
38
8
-30
-36
-9
28
38
38
24
32
71
69
68
81
80
86
117
110
82
54
77
71
87
82
47
50
25
29
19
-50
-98
-101
-84
-72
-108
-134
-149
-150
-153
-143
-138
-143
-139
-173
-186
-207
-191
-155
-126
-73
-72
-75
-50
-12
35
21
-33
-43
-35
-16
38
54
43
44
47
79
82
123
169
210
254
259
255
282
292
277
285
255
274
284
265
290
295
297
287
274
254
228
208
192
203
215
208
206
221
220
197
185
174
163
174
178
164
176
167
154
154
164
231
268
270
293
310
309
269
221
209
250
236
210
211
233
246
253
254
229
234
245
268
255
206
191
217
213
201
209
212
167
191
184
133
111
87
104
134
118
107
110
83
76
113
152
121
125
118
123
124
94
90
84
94
104
111
126
128
125
146
161
143
96
66
40
29
83
94
79
39
10
-15
-7
-22
-71
-66
-147
-186
-190
-203
-195
-183
-196
-220
-217
-191
-196
-239
-276
-301
-297
-276
-247
-228
-232
-274
-302
-334
-356
-353
-385
-380
-377
-372
-370
-372
-343
-344
-336
-290
-282
-251
-229
-217
-207
-199
-238
-280
-273
-321
-312
-310
-337
-334
-348
-349
-337
-337
-345
-377
-405
-402
-398
-356
-357
-370
-374
-350
-366
-408
-451
-435
-378
-363
-327
-317
-275
-258
-260
-243
-246
-229
-195
-155
-138
-134
-145
-145
-136
-136
-133
-126
-117
-90
-105
-141
-142
-113
-86
-54
-4
27
23
21
21
47
71
125
120
89
97
97
112
104
66
40
27
16
29
29
2
-26
-44
-17
28
13
-10
8
47
45
51
24
-1
-1
18
27
33
29
24
43
28
68
103
113
121
109
93
105
148
153
145
108
100
143
139
139
177
230
295
305
308
338
328
323
337
364
353
327
338
337
323
343
336
298
296
277
240
245
258
260
269
254
258
269
287
307
317
346
349
323
314
316
333
295
255
286
309
332
304
304
315
329
311
286
294
302
286
287
251
210
188
110
87
92
93
98
79
51
58
122
108
95
110
153
177
161
136
127
151
165
138
108
127
136
156
146
132
127
90
93
86
33
30
43
47
76
66
42
60
34
14
-12
-59
-34
-33
-44
-42
-47
-101
-77
-54
-64
-152
-251
-190
-203
-174
-217
-244
-229
-275
-298
-241
-130
-95
-118
-51
-76
-85
-110
-101
-72
-76
-93
-112
-93
-124
-151
-191
-165
-197
-228
-206
-217
-224
-217
-207
-234
-265
-289
-276
-272
-322
-392
-436
-436
-385
-334
-329
-336
-338
-356
-361
-383
-388
-345
-345
-329
-312
-311
-316
-314
-310
-307
-309
-322
-331
-318
-302
-298
-318
-329
-322
-311
-268
-255
-221
-183
-170
-139
-139
-140
-124
-95
-73
-56
-74
-83
-107
-136
-157
-145
-102
-97
-93
-99
-118
-154
-176
-150
-106
-71
-47
-26
3
33
17
-5
-10
-42
-62
-42
-41
-8
-24
-29
-35
-54
-45
-36
-26
-37
-51
-64
-48
-49
-47
-39
-56
-79
-65
-47
-57
-84
-72
-58
-75
-35
-18
-29
-44
-112
-104
-71
-63
-9
-17
-18
-3
-11
8
73
115
117
132
160
203
225
244
228
260
272
272
307
370
397
425
432
407
452
491
507
499
483
485
494
496
497
516
528
521
523
509
497
472
422
391
380
363
353
323
295
304
327
287
285
269
237
256
226
199
150
130
159
155
215
215
213
198
179
213
216
184
194
221
198
181
157
162
180
167
167
206
229
239
222
196
171
179
195
164
170
209
191
162
172
192
218
206
152
113
42
11
-7
-58
-77
-97
-78
-17
9
-37
-73
-88
-97
-94
-106
-98
-106
-90
-87
-122
-139
-129
-122
-132
-139
-104
-80
-88
-69
-78
-83
-94
-110
-86
-111
-114
-109
-92
-101
-104
-102
-101
-98
-63
-30
-70
-78
-73
-60
-38
-57
-53
-31
-78
-88
-61
-61
-86
-93
-115
-157
-150
-177
-192
-207
-253
-264
-291
-309
-284
-295
-354
-407
-421
-392
-340
-341
-347
-349
-347
-346
-356
-415
-458
-466
-485
-474
-492
-532
-529
-513
-491
-451
-436
-423
-376
-365
-389
-403
-426
-411
-384
-353
-339
-341
-310
-296
-246
-207
-237
-239
-220
-214
-171
-188
-222
-207
-209
-185
-150
-155
-171
-150
-146
-139
-76
-26
0
11
4
2
-9
-9
6
22
47
56
37
9
-57
-68
-66
-61
-44
-46
-19
-32
-34
-36
-52
-45
-57
-77
-83
-61
-56
-60
-65
-88
-108
-119
-139
-148
-97
-76
-49
-22
-45
-33
-41
-28
10
56
84
84
69
43
26
24
23
43
39
28
41
53
53
60
56
42
73
103
113
113
102
99
131
123
164
216
189
180
177
202
236
254
263
301
301
316
321
297
264
240
225
209
200
199
219
245
225
176
192
230
257
254
228
215
227
280
305
290
265
289
264
240
255
252
263
267
275
296
311
306
331
322
310
304
312
335
306
306
346
393
416
397
344
305
298
317
338
316
309
330
326
310
299
309
314
310
317
254
232
225
220
221
227
213
165
110
102
97
77
74
86
95
105
98
113
119
94
104
98
95
73
90
135
151
198
199
194
217
194
214
201
153
150
140
133
128
83
59
61
53
27
-5
-27
-64
-110
-81
-91
-141
-183
-203
-207
-234
-290
-294
-266
-285
-318
-314
-341
-346
-349
-375
-381
-388
-371
-361
-375
-383
-377
-381
-403
-404
-366
-346
-326
-344
-343
-301
-289
-277
-287
-287
-274
-262
-247
-292
-289
-264
-294
-282
-272
-281
-252
-238
-279
-274
-283
-307
-317
-341
-341
-324
-299
-299
-301
-332
-333
-279
-235
-192
-181
-215
-252
-227
-161
-112
-113
-157
-173
-199
-206
-196
-211
-205
-178
-174
-203
-213
-259
-259
-220
-175
-124
-88
-96
-147
-121
-121
-109
-110
-108
-64
-55
-61
-65
-64
-73
-49
-42
-42
-20
-57
-65
-67
-101
-89
-100
-94
-62
-47
-23
4
10
20
27
17
40
33
47
72
58
55
25
30
47
93
129
88
69
117
108
102
94
69
79
106
161
169
124
129
132
175
236
238
213
211
231
257
258
245
244
257
301
293
242
251
246
236
248
282
326
343
360
383
387
359
362
375
362
350
351
376
366
370
389
345
345
369
377
388
379
352
361
347
355
366
335
334
360
385
372
365
342
339
373
392
357
310
287
270
242
236
260
265
246
252
193
125
127
104
108
119
89
95
103
113
131
115
95
84
63
53
73
86
72
68
72
57
48
36
33
78
80
52
29
-11
3
7
-1
8
-35
-18
0
-8
-43
-80
-89
-78
-48
-9
-9
-37
-57
-46
-43
-21
20
38
46
32
-7
-44
-61
-70
-42
-51
-70
-63
-93
-116
-139
-144
-137
-124
-119
-129
-154
-210
-221
-214
-212
-218
-256
-275
-335
-357
-336
-358
-303
-287
-318
-328
-350
-336
-356
-364
-361
-341
-345
-383
-423
-428
-412
-431
-402
-382
-364
-346
-368
-363
-328
-299
-239
-221
-193
-163
-181
-159
-118
-115
-117
-125
-136
-96
-106
-121
-130
-144
-192
-220
-227
-241
-294
-338
-351
-328
-276
-301
-337
-352
-359
-293
-249
-241
-212
-253
-297
-271
-207
-171
-151
-135
-171
-159
-166
-187
-133
-112
-95
-67
-76
-64
-27
-55
-72
-72
-77
-69
-53
-81
-27
20
39
53
27
6
2
3
-24
-26
-1
-3
2
26
-3
12
43
74
127
169
179
151
147
165
187
216
246
259
234
236
259
331
323
309
339
363
420
389
355
315
294
324
357
379
374
329
337
338
338
369
372
382
382
369
378
400
424
435
425
391
360
386
422
434
421
433
428
447
441
421
408
387
368
345
295
295
325
347
363
331
292
273
279
315
321
285
269
258
241
231
244
203
157
168
192
202
170
124
76
68
61
55
59
26
14
17
5
6
-15
-8
18
18
52
70
36
62
92
130
152
143
155
178
197
161
133
122
174
196
197
216
190
146
143
142
122
127
111
95
53
7
-14
-13
-25
-59
-98
-111
-108
-71
-43
-28
-34
-70
-105
-132
-170
-180
-191
-181
-179
-206
-211
-209
-178
-164
-153
-124
-93
-77
-80
-104
-120
-142
-151
-141
-149
-160
-169
-136
-96
-66
-48
-38
-29
-54
-76
-66
-68
-89
-100
-126
-134
-124
-149
-145
-107
-110
-84
-64
-96
-79
-93
-120
-167
-202
-228
-231
-218
-235
-308
-333
-367
-346
-284
-292
-294
-283
-297
-270
-273
-235
-229
-263
-265
-296
-250
-193
-175
-176
-206
-242
-217
-216
-202
-185
-175
-128
-137
-177
-213
-237
-255
-268
-285
-266
-264
-294
-297
-324
-358
-407
-415
-391
-368
-361
-359
-360
-345
-332
-310
-272
-265
-242
-227
-215
-183
-194
-193
-179
-153
-120
-97
-80
-54
-20
-16
-41
-45
-44
-57
-40
-40
-35
-27
-32
-12
7
-20
-15
16
36
49
21
12
78
121
63
11
-3
21
58
78
79
73
61
80
94
74
26
6
47
113
208
221
182
163
110
102
146
184
216
242
220
214
196
187
175
193
219
215
244
224
213
201
193
184
218
252
263
233
236
265
282
289
245
235
241
268
301
305
240
204
201
200
238
243
231
260
280
287
285
237
215
192
177
208
231
254
252
216
211
214
247
326
346
338
348
325
329
335
344
346
296
238
218
212
208
208
203
194
184
181
173
176
180
146
162
201
187
184
159
177
222
265
257
239
245
238
265
281
260
243
221
188
157
147
157
158
163
150
138
145
128
122
144
155
165
157
117
77
63
32
46
74
105
109
71
6
-103
-162
-148
-122
-115
-118
-150
-132
-133
-169
-155
-153
-110
-81
-111
-113
-96
-84
-82
-86
-90
-90
-35
-19
-21
-21
-44
-86
-87
-82
-62
-29
-58
-48
-58
-79
-97
-115
-153
-163
-190
-231
-243
-269
-248
-223
-265
-243
-233
-253
-217
-235
-239
-259
-289
-291
-297
-296
-302
-275
-263
-221
-202
-228
-217
-218
-222
-226
-211
-171
-155
-147
-149
-190
-150
-142
-158
-187
-251
-260
-260
-249
-247
-247
-257
-245
-259
-290
-292
-278
-266
-271
-266
-273
-266
-263
-249
-216
-191
-198
-244
-241
-214
-206
-222
-235
-225
-237
-219
-200
-188
-185
-190
-194
-181
-134
-129
-136
-99
-72
-58
-46
-97
-107
-104
-115
-86
-89
-98
-117
-136
-135
-143
-120
-76
-47
-67
-61
-50
-57
-52
-49
-58
-82
-92
-56
-21
-59
-75
-86
-56
-58
-73
-49
-38
-36
-26
20
76
125
129
119
137
158
155
138
157
159
174
167
114
98
91
81
97
74
82
104
101
102
100
71
51
59
42
33
50
33
37
47
51
87
134
108
100
97
82
90
89
88
92
100
66
57
93
89
116
115
121
160
174
235
256
230
197
176
204
246
317
357
383
397
372
383
373
402
465
504
533
525
508
490
460
455
407
385
387
368
378
418
414
372
336
299
288
272
278
269
223
200
193
185
184
212
221
225
230
199
189
162
152
176
173
221
229
221
222
163
142
143
142
142
103
76
96
131
156
180
148
115
127
105
83
53
45
52
43
48
41
-1
-30
-57
-65
-55
-48
-37
-44
-73
-139
-179
-176
-183
-191
-155
-173
-175
-163
-195
-226
-290
-341
-380
-381
-368
-345
-332
-330
-349
-390
-431
-452
-414
-330
-277
-259
-263
-302
-300
-257
-227
-195
-173
-188
-231
-279
-260
-237
-212
-203
-267
-274
-271
-293
-287
-312
-321
-288
-318
-337
-352
-328
-324
-354
-329
-346
-350
-307
-302
-338
-374
-395
-381
-324
-304
-298
-293
-275
-232
-208
-204
-179
-174
-164
-160
-163
-144
-153
-124
-98
-69
-98
-119
-105
-103
-99
-125
-147
-140
-141
-170
-182
-153
-114
-74
-37
-13
-40
-24
-43
-71
-69
-97
-82
-75
-82
-66
-74
-109
-121
-117
-73
-75
-90
-70
-79
-80
-103
-105
-83
-36
28
60
70
18
-5
-2
64
90
94
87
73
102
155
183
180
149
140
172
188
217
185
134
115
124
152
159
153
162
219
258
248
232
249
264
249
247
275
229
173
146
168
215
228
245
258
275
263
243
226
260
324
340
294
244
237
259
256
250
271
268
307
333
375
374
357
367
323
334
342
332
311
244
245
240
222
239
238
250
252
267
241
236
228
210
224
217
202
205
200
202
250
268
289
248
244
301
273
231
200
158
180
221
216
246
223
182
163
145
139
97
42
49
44
42
35
32
57
18
45
44
85
102
49
53
55
44
31
10
-12
46
20
23
48
40
28
-22
9
9
-30
-27
-31
-13
16
12
19
49
7
-54
-77
-48
-34
-40
-52
-29
-59
-104
-121
-97
-87
-134
-159
-166
-157
-152
-156
-182
-177
-147
-178
-210
-231
-255
-268
-262
-267
-241
-239
-268
-298
-228
-206
-227
-227
-235
-195
-173
-213
-203
-160
-207
-233
-279
-221
-204
-240
-278
-296
-312
-299
-322
-291
-255
-303
-329
-381
-372
-370
-331
-311
-237
-221
-249
-289
-276
-260
-268
-264
-277
-237
-302
-327
-306
-285
-269
-297
-301
-266
-275
-256
-262
-266
-272
-306
-279
-306
-252
-244
-316
-276
-279
-337
-310
-307
-277
-267
-333
-308
-343
-325
-351
-376
-329
-372
-353
-365
-369
-296
-293
-282
-220
-189
-142
-172
-170
-94
-75
-53
-4
-13
20
52
75
139
163
253
302
285
265
212
170
164
169
168
179
192
173
163
136
143
137
118
162
173
152
149
138
80
99
123
125
228
247
228
209
175
178
224
230
173
119
97
88
70
48
46
43
66
74
63
104
82
52
79
143
192
264
277
277
287
255
231
175
182
219
284
260
214
227
161
206
247
282
288
230
271
280
222
173
213
180
108
164
192
185
185
124
159
200
161
151
113
138
121
105
124
53
32
21
44
68
100
93
80
46
-14
107
216
196
156
89
144
195
281
299
203
191
262
303
317
297
200
256
276
241
228
151
165
127
134
157
64
132
112
98
136
104
112
102
13
38
5
18
47
-7
28
44
47
96
68
27
-2
-8
136
185
237
186
160
145
194
197
117
40
9
66
162
72
-72
-87
-105
-54
-131
-129
-82
-22
-20
-19
-77
-150
-64
-122
0
13
-138
-76
-67
-162
-18
-120
-184
-118
-251
-141
-150
-154
-131
-105
-150
-142
-76
-146
-136
-95
-259
-174
-97
-251
67
-312
-269
-246
-469
-205
-295
-386
-274
-278
-475
-361
-525
-532
-380
-541
-430
-514
-463
-482
-637
-520
-637
-521
-612
-653
-661
-786
-620
-745
-675
-695
-797
-702
-686
-635
-667
-603
-514
-596
-528
-723
-661
-546
-695
-506
-602
-690
-562
-590
-497
-480
-575
-580
-514
-371
-248
-242
-281
-273
-226
-83
-65
-23
-43
-29
52
136
185
217
199
230
312
341
358
443
365
452
507
492
567
499
529
540
620
537
600
530
382
542
287
458
462
244
592
349
389
511
391
501
420
403
187
536
207
453
217
252
186
242
-30
250
-154
58
389
-202
306
-3
-121
68
98
-193
118
-108
-138
-280
-187
-574
-182
-166
-374
-173
-577
-376
-319
-460
-339
-345
-555
-330
-651
-389
-647
-505
-604
-531
-433
-636
-462
-591
-631
-697
-606
-811
-388
-605
-491
-471
-686
-533
-770
-737
-854
-783
-862
-799
-691
-563
-431
-310
-316
-400
-236
-318
109
156
539
772
900
1121
1234
1354
1573
1670
1920
2108
2250
2513
2359
2662
2389
2370
2219
2057
2020
1934
1798
1699
1511
1256
1119
806
832
605
692
573
624
506
510
257
388
170
140
269
161
467
429
660
557
569
687
519
648
863
561
895
970
1031
969
1311
442
1106
808
212
1474
10
992
423
268
684
-98
519
-275
627
-457
238
-146
-301
49
-609
-259
-668
-645
-1128
-764
-636
-973
-416
-1571
-679
-1263
-1535
-966
-2403
-805
-2370
-1335
-1408
-1441
-1121
-1743
-1686
-2027
-1556
-1848
-1347
-1615
-1520
-1528
-1782
-1336
-1910
-1740
-1738
-2049
-1581
-1946
-1626
-1686
-1819
-1727
-1919
-1596
-1740
-1539
-1590
-1378
-1311
-1216
-965
-960
-529
-495
-194
-80
206
285
541
773
934
1129
1156
1449
1496
1567
1559
1496
1442
1354
1289
1320
1265
1170
985
823
759
726
772
761
507
429
302
284
176
526
149
411
282
-142
405
-48
678
298
570
905
167
978
369
417
1087
7
1268
535
1128
826
765
1026
647
1087
795
1203
920
1297
1000
1024
991
300
1082
525
581
841
110
715
515
292
330
-103
273
-527
-59
125
-484
238
-707
-836
-399
-772
-554
-687
-1039
-940
-1083
-805
-950
-952
-985
-1269
-963
-1726
-997
-1416
-1099
-1177
-1439
-1200
-1432
-1569
-1257
-1560
-1410
-1028
-1793
-1010
-1847
-1518
-1620
-1773
-1819
-1887
-1671
-1589
-1559
-1781
-1516
-1705
-1377
-1459
-1193
-1122
-1002
-687
-506
-308
28
149
479
662
747
1213
1277
1767
1798
2024
2132
2153
2290
2308
2384
2299
2317
2167
2207
2107
2113
1986
1984
1677
1644
1444
1405
1450
1296
1267
1173
1458
698
1404
794
1063
703
1047
646
1385
1038
946
1803
322
1547
487
1038
1269
1409
1189
1951
868
1357
967
718
1940
445
2125
1061
1368
1952
502
1822
457
1037
1344
329
1345
693
946
711
786
-254
903
-394
124
782
-450
656
-541
-530
-393
-747
-1021
-427
-1500
-843
-889
-1513
-631
-1608
-1343
-1633
-1587
-2024
-1059
-1759
-1783
-1439
-2611
-1275
-2131
-2199
-1271
-2025
-1694
-1765
-2137
-1879
-1950
-2223
-1930
-2247
-2053
-2265
-2286
-1953
-2015
-2398
-1595
-2568
-1856
-2146
-2105
-1570
-1804
-1322
-1457
-1327
-1150
-849
-781
-75
-336
126
363
339
865
706
961
1116
1085
1492
1366
1529
1754
1473
1638
1616
1413
1510
1424
1430
1362
1010
1214
687
996
1178
471
1181
667
772
963
601
536
637
646
603
995
420
1081
319
1106
921
854
1507
702
1358
1439
892
1740
1032
1435
1467
793
1789
788
2356
1061
1132
1694
423
1899
311
1132
565
1050
792
648
246
343
209
-541
1152
-1408
423
-837
-577
209
-1131
-645
-1157
-1650
-956
-1163
-1316
-926
-1750
-1310
-1585
-1616
-1779
-1515
-2101
-969
-1741
-1372
-1210
-2044
-1423
-2017
-1469
-2030
-706
-2150
-1188
-1715
-1761
-1391
-2136
-1656
-2215
-1324
-1999
-1476
-1914
-2249
-1856
-2274
-1794
-1596
-2269
-1628
-1841
-1669
-1150
-1465
-1007
-1228
-841
-818
-354
-286
252
40
523
721
649
1301
1195
1793
1627
1871
1964
1897
2241
2055
2187
2101
2024
2012
2028
1807
2145
1904
1821
1755
1328
1648
1563
1312
1999
1083
1806
1065
1272
1314
1033
1322
1231
1143
1671
959
1823
1095
1049
1726
523
2382
370
2512
1055
1785
1871
1104
1965
1072
1420
1802
1294
1761
2043
681
2018
810
1720
1189
1040
426
1258
325
1166
466
-1005
1041
-772
59
35
-649
-618
-762
-998
-409
-779
-966
-516
-1970
-861
-1316
-1366
-1046
-1400
-1988
-1455
-1334
-1980
-892
-2103
-1131
-1704
-1703
-1468
-2304
-1320
-2226
-1296
-2061
-1703
-2416
-2373
-1141
-2788
-1284
-2681
-2166
-1798
-2780
-1705
-2822
-1777
-2238
-1946
-1860
-2108
-1694
-2303
-1558
-1620
-1434
-886
-1120
-610
-660
-425
-142
28
313
551
894
1188
1504
1401
1661
1414
1746
1620
1720
2034
1692
2191
1708
1605
1763
1231
1417
1403
1370
1333
1126
922
1467
794
1191
849
687
1536
550
1004
1315
886
1169
1131
690
1642
507
1399
877
273
1795
361
1641
1307
911
855
1226
460
1028
885
317
1325
587
1150
296
1110
-793
1449
-760
117
788
-545
683
6
-968
-222
-339
-1026
-280
-1555
-508
-2026
-707
-922
-2201
-424
-1877
-1136
-2135
-1016
-2398
-1143
-1532
-2041
-1303
-2114
-1946
-2130
-1276
-1985
-1367
-2059
-1335
-2350
-1573
-2195
-1485
-1444
-2426
-2119
-2404
-1951
-2070
-2048
-2294
-1805
-3498
-1849
-2541
-2606
-1874
-2979
-1878
-2281
-1944
-2218
-1792
-1971
-1453
-1396
-1121
-408
-1090
-288
-223
-31
637
701
1058
1331
1406
1704
2152
2275
2345
2351
2477
2513
2575
2574
2499
2676
2731
2412
2758
2528
1970
2322
2093
1901
3028
1115
2211
2095
1245
2638
635
2205
1643
706
2457
879
2275
2042
875
1811
1119
1193
1749
1483
783
1922
775
2327
1422
1341
837
1663
817
1432
1877
-23
3374
-681
2080
1465
-484
2083
164
676
1503
-385
501
896
-880
1026
-1898
932
-118
-81
-1050
-403
-1176
-783
-859
-983
-1200
-1143
-888
-831
-1568
-1136
-2590
-933
-2713
-832
-849
-1624
-979
-1893
-3226
-541
-2891
-1772
-1526
-3010
-251
-2843
-1611
-2125
-2992
-2394
-2063
-2167
-1657
-1923
-3097
-2694
-2968
-3248
-1990
-2125
-2597
-1058
-2582
-1536
-1769
-1941
-1632
-1666
-586
-616
-117
82
422
259
529
850
1015
1411
2172
2096
2484
2892
2072
2454
2045
2101
2324
2427
2565
2635
2308
2353
1320
1971
1668
1239
2105
1591
1365
1382
1419
1116
1117
748
20
651
962
1048
1022
844
361
484
371
542
1428
657
630
1595
1001
1251
1852
-364
2307
780
221
2060
527
1789
1788
1142
-389
1826
-602
859
1817
-1385
2105
383
-1996
2555
-3601
221
633
-3454
2418
-2266
382
-82
-1994
-1183
-1500
-2712
-235
-2217
-2305
-2885
-3490
-2865
-1511
-2816
-3476
-1467
-4618
-2041
-2352
-3911
-2347
-3262
-4216
-1889
-2760
-2870
-1923
-4570
-1794
-4277
-3636
-1776
-3596
-2684
-2817
-4025
-3441
-2893
-3849
-2445
-2201
-2296
-2169
-1840
-2652
-1882
-1587
-1340
130
-293
482
992
746
1408
1753
1485
2879
2639
3536
3883
3878
3756
3335
3946
3287
3955
4139
3826
4202
3526
2834
2829
2347
2174
2430
2074
2058
2071
1338
1456
505
887
709
183
727
1045
430
1165
641
295
809
1331
775
1853
2187
1249
2195
1418
1978
1737
2063
2646
2248
2488
2974
1053
2410
2601
1225
3105
1813
874
2417
970
1404
1293
436
942
633
-128
1035
-823
-1052
1008
-2091
-1345
205
-2910
8
-2034
-2887
-2483
-2150
-2191
-2793
-3182
-1672
-3591
-3838
-2020
-3703
-2739
-2983
-3215
-4415
-1875
-4484
-2466
-2195
-4080
-3254
-4545
-2014
-3395
-3039
-3767
-3908
-4136
-3720
-3055
-2796
-1575
-2049
-2974
-2069
-2335
-2759
-1370
-1053
220
184
962
536
1050
875
1518
2140
3063
4408
4039
4703
4366
4203
3740
4293
4298
5141
5431
4899
4598
4086
3259
2816
2775
2746
2728
2716
2020
1576
957
378
267
301
508
3
181
-91
-340
-46
-567
-151
57
828
767
1078
1141
590
1613
605
1976
2185
2604
2822
2185
2539
1941
2549
2383
3536
2394
3588
2484
1544
2431
212
1093
1784
1504
1323
789
-860
-1004
-633
-2058
431
-2548
-2098
-2143
-3743
-653
-5202
-2942
-4522
-4430
-2122
-4719
-3021
-5532
-4216
-5030
-4965
-3028
-5860
-4293
-6326
-5180
-5669
-5874
-4388
-6498
-4752
-6564
-5401
-5586
-6396
-5031
-5666
-3580
-2999
-2335
-3024
-3308
-4236
-3790
-1286
-777
1536
1479
1245
469
145
1749
2906
4705
5256
5304
5048
4989
4613
4916
5766
5618
5451
5881
5699
5273
4724
4171
2984
3266
3416
3421
3425
2492
1645
219
318
604
480
829
85
-582
-1087
-1403
-1147
-299
-233
645
61
334
400
365
876
859
2182
2018
2752
3144
2762
3313
2587
3180
3641
3999
4824
4259
4432
2758
2575
2832
3170
3250
2732
1285
268
431
-488
-158
45
-1303
-1790
-1834
-2357
-3443
-3484
-5046
-4529
-4643
-4139
-5282
-5372
-6334
-6774
-6022
-6156
-4888
-6246
-5942
-6862
-7173
-6059
-6461
-4829
-6007
-5863
-6917
-7359
-6499
-4843
-3936
-2163
-2498
-3835
-3882
-4504
-2700
-1073
877
1573
2074
1811
976
1765
2691
4722
5767
6824
7269
6515
6022
5705
5743
6958
7484
7539
7228
6185
5041
3823
3831
3790
4088
3975
3427
1917
785
-434
-559
84
85
69
-666
-1289
-2224
-2334
-2063
-1222
-428
59
447
-239
-123
297
650
1970
3433
3774
4440
4185
3752
4353
5182
5510
6602
7028
6142
5661
4868
5024
5199
5389
4547
4241
2965
1746
1333
241
1406
-219
-696
-1267
-3031
-3154
-4377
-5060
-4875
-4217
-4372
-5319
-6092
-7647
-8357
-7755
-6595
-6616
-6333
-6653
-8837
-7025
-7624
-7748
-6552
-7286
-6900
-7425
-5608
-4052
-2232
-3307
-5107
-5457
-4187
-699
774
1889
1758
237
195
1976
3720
5430
6038
5357
5847
5847
6385
6431
6972
6614
6259
6764
6810
6246
4610
3005
2872
3342
3770
3318
1504
-84
-1679
-2148
-1523
-915
-1174
-2551
-3857
-4764
-4080
-4072
-3521
-2863
-2957
-3417
-3850
-3100
-2414
-1239
-697
-329
526
869
1346
2175
3065
3673
3974
5228
5883
5663
5896
5386
6055
6666
6749
6555
6094
5009
4311
4043
4050
3207
2442
1482
232
-329
-2066
-1576
-3118
-3093
-3719
-5849
-5989
-7453
-7945
-7941
-7959
-8171
-8655
-8847
-9599
-10264
-9305
-9953
-9194
-9398
-9270
-8835
-6552
-4234
-4728
-5525
-6223
-4977
-1964
1383
2424
2479
2517
2278
3106
6003
8084
9427
9810
9439
9066
9658
10523
10418
11117
11002
10801
10139
9091
7425
6163
5712
5713
5709
4882
2517
-244
-1731
-2475
-2161
-1975
-2919
-4707
-6637
-7623
-7598
-6997
-6464
-6508
-7448
-7841
-8028
-7574
-5844
-5110
-4462
-3415
-3597
-2821
-1792
-775
238
1311
2430
3158
4021
3955
4077
4557
5488
6360
6855
6684
5868
5116
4833
4743
4803
4581
3578
2529
1482
336
-412
-705
-1477
-2260
-3448
-4695
-5498
-5715
-6777
-7290
-8153
-9258
-9169
-9597
-9459
-9714
-10695
-10571
-10627
-7335
-5138
-6066
-7399
-8710
-7338
-3177
126
616
510
222
1061
3541
6006
8346
9184
9172
9885
10807
12453
13399
13165
13219
13858
14247
14637
13821
12103
11696
11437
11543
11214
9685
6898
5093
3960
3821
3781
2188
0
-2358
-3289
-4087
-4441
-4705
-5514
-6479
-7548
-7864
-8127
-8191
-8110
-7344
-6494
-6247
-6376
-6701
-6268
-4854
-3091
-1773
-920
-947
-1079
-1017
396
2323
3421
3694
3076
2366
2572
2577
3206
3671
3565
2834
1612
801
235
-184
-1082
-1368
-2351
-2560
-3356
-5515
-6266
-7111
-7506
-7138
-7828
-9150
-10071
-10749
-11054
-11429
-9172
-7347
-6981
-8129
-10611
-10265
-7598
-4038
-2516
-1929
-1767
-1974
-951
958
3598
5724
7080
7377
8211
8983
10042
10486
11762
12845
13486
13821
13253
12301
11832
12215
12806
13256
12201
9973
7682
6853
6707
6890
6218
4972
2361
435
-356
-756
-625
-1424
-2452
-3958
-5072
-5854
-6087
-6140
-5361
-4830
-5090
-5613
-6606
-6459
-5103
-3561
-2302
-1602
-1968
-2305
-2217
-762
889
2096
2224
1763
1387
1310
2009
2404
2634
2025
1717
1054
786
-11
-976
-1477
-2234
-2521
-3641
-4574
-6266
-7461
-7515
-7798
-7919
-8789
-10225
-11851
-12191
-11913
-12483
-11328
-9630
-8571
-9496
-11485
-12029
-9640
-5905
-3747
-3300
-3258
-3044
-2414
-580
2116
4613
5790
6257
6512
7627
8988
9766
10607
11751
12292
12441
11754
10879
10359
10710
11430
11685
11211
8898
6421
5107
5643
6614
5977
4457
1731
-329
-949
-538
425
210
-1580
-3636
-4436
-4394
-3679
-2824
-2826
-2510
-3343
-3714
-3679
-3025
-1459
-358
378
533
331
378
921
1866
3406
4493
4522
3937
3561
3591
4075
4800
4808
4573
3494
2389
1438
1072
1027
115
-1122
-1726
-2694
-4187
-4534
-6859
-6542
-7021
-8208
-8588
-10126
-10709
-11312
-11443
-11925
-10667
-8947
-8533
-10489
-11877
-11288
-8858
-5257
-3917
-4285
-4827
-4039
-2854
-197
2754
4150
4672
4923
5543
6989
8699
9816
10526
11250
11648
11027
11155
10220
10374
11208
11299
11182
9650
7464
5702
5683
5870
6195
4784
2579
223
-1433
-1476
-1400
-943
-2109
-4042
-5764
-5812
-5869
-5445
-5305
-5567
-5239
-5624
-5589
-5494
-4804
-3575
-2369
-1311
-741
-714
-565
-9
1546
3783
5398
5181
4605
4322
4574
5874
6640
7111
6276
5148
4176
3630
3865
3649
3029
1411
514
-362
-1988
-2924
-3413
-4713
-4302
-5628
-7895
-8467
-9950
-9870
-10327
-10149
-11098
-10068
-7718
-8910
-10576
-11811
-10253
-6583
-2930
-3467
-4815
-4742
-3176
-1209
2018
4255
4053
4609
4124
5457
7767
9527
9774
9527
10104
10081
9945
9971
9339
9497
10120
9863
9148
7242
5324
4078
5067
5990
5126
2952
85
-1546
-1801
-784
-587
-1715
-3716
-5733
-6376
-5859
-4803
-4898
-5542
-5904
-6530
-6090
-5617
-5267
-4598
-3682
-2965
-2457
-1671
-1728
-1587
-300
1184
2896
3431
2260
1446
1729
3224
4672
5188
4573
2911
1524
1549
2062
2721
2025
347
-1003
-2173
-2450
-3660
-3303
-4685
-5343
-6220
-8172
-8044
-9297
-9085
-9781
-9963
-10371
-10143
-6904
-6633
-8451
-9410
-9591
-6173
-2100
-1187
-1887
-2423
-1413
484
3044
6162
6795
6531
6506
7001
9495
11507
11941
11241
11105
11432
11234
11614
10853
10027
10094
9530
8847
7806
5899
3939
3645
4036
3764
1960
-265
-2354
-3400
-2777
-2648
-2605
-4251
-6340
-7256
-7219
-5951
-5594
-5480
-5570
-6052
-5787
-5246
-4583
-3091
-2453
-1758
-1192
-261
403
772
1397
2264
3967
4812
4659
3957
4182
4295
4923
5394
5296
4312
2843
2170
1991
2554
1634
-89
-1812
-2906
-3513
-3967
-4686
-5961
-7022
-8424
-9104
-9787
-9731
-10464
-11045
-11436
-12143
-12221
-12157
-9346
-6717
-7477
-8979
-10221
-8232
-3901
-982
-542
-687
7
982
2470
5626
8020
9050
9042
9159
10343
12015
12599
12498
12684
13572
13681
12955
11922
10604
10219
10397
10270
9627
7529
4761
3157
3288
3910
2893
911
-1636
-3227
-3819
-3267
-3649
-4540
-5527
-6841
-6853
-6592
-6139
-6029
-6324
-5622
-5082
-4636
-3957
-3716
-2709
-1455
-32
1252
1886
2107
2092
3185
5245
6984
7284
6431
5865
6078
6678
7353
7167
6288
4959
3755
3084
2626
2161
1129
-1058
-2431
-3793
-4374
-5663
-6963
-7615
-9368
-9988
-10689
-11776
-12409
-12834
-13351
-13142
-13568
-13611
-14056
-12906
-7641
-7455
-8697
-10246
-10274
-5623
-1286
843
351
520
997
2086
4895
8526
10209
10785
10201
10279
11628
12560
13262
13249
14016
13919
13003
11653
9933
8798
9036
9041
9052
7498
4120
963
36
866
903
-89
-2337
-4831
-6515
-7016
-6766
-5568
-5953
-7921
-9472
-9840
-8568
-7687
-7190
-6893
-5714
-5041
-5272
-4447
-3166
-954
223
1488
2536
3444
4056
4496
5754
7698
9454
9293
8893
8469
8348
8351
8768
9192
8598
7058
5132
3693
2984
2324
1114
-288
-1647
-3770
-5807
-7080
-8533
-8649
-9579
-10988
-11795
-13321
-14038
-14862
-14569
-14043
-14831
-14775
-15214
-14841
-10469
-7456
-8760
-9961
-11341
-8017
-2827
1004
1627
653
1343
1795
4265
8731
11662
12054
11631
10643
12106
13508
14995
14902
14760
14998
13619
12669
11545
10086
9813
9529
8885
7993
4891
1649
-844
-430
42
-785
-2451
-5439
-7992
-9175
-9251
-8297
-7838
-8856
-10596
-11875
-11174
-10243
-9632
-8684
-7805
-6902
-5101
-4658
-3672
-2715
-1472
595
3013
5225
5453
5421
5741
7309
10007
11328
11672
11355
10198
9628
9370
10688
11719
10513
8415
5649
4472
4300
3921
2746
1213
-1123
-3158
-4061
-5424
-6136
-7375
-8276
-9491
-10474
-11482
-12288
-12629
-13009
-12623
-12831
-13203
-13857
-14450
-12482
-6301
-5603
-7178
-9756
-10402
-5264
-492
3062
3015
2919
2370
2235
5270
10585
12875
13085
11750
11403
12906
14044
14721
14177
15005
14832
13990
13391
11532
9273
8606
7811
8745
8165
4628
952
-1603
-1577
-1432
-1604
-2831
-5621
-8470
-10679
-10908
-9260
-8877
-10202
-12072
-13142
-12886
-12160
-11063
-9908
-9297
-7637
-8245
-7125
-4660
-3672
-1417
-94
1860
3038
3761
4619
5801
7833
9591
10018
10696
10453
9995
9872
10420
11774
11142
9693
8014
6608
6112
5068
4106
3419
1387
-474
-2399
-3753
-4359
-5455
-6302
-7450
-8372
-9395
-11138
-11680
-11581
-11541
-11605
-11651
-12563
-12843
-13578
-13519
-12362
-7684
-3109
-5312
-7430
-10620
-8221
-2163
2657
5170
3998
2519
1237
2502
7487
12511
13854
13291
10753
10507
11537
13465
14917
15436
15025
13060
11737
10975
9643
8711
8279
7516
7838
5444
2055
-819
-2268
-2398
-2493
-2623
-4080
-7363
-10719
-12330
-11387
-9131
-8768
-9987
-12371
-13653
-13609
-12800
-10181
-8688
-7431
-7754
-8601
-7184
-5093
-2617
-705
1405
3414
3106
3364
4565
5626
8479
10211
11070
11168
10027
9171
9160
10353
11558
11301
10531
8105
5902
4844
4154
4754
4220
2615
47
-2689
-4103
-4974
-5272
-5185
-6159
-7601
-9805
-11325
-11269
-10984
-10365
-11077
-11255
-12051
-12867
-13289
-13117
-12129
-11405
-10881
-5868
-3029
-5877
-7092
-9960
-5283
510
3918
5470
4398
3453
2420
4021
9690
13928
14989
13882
10790
11672
12188
14338
15238
15444
15180
12809
11675
10979
9356
8625
7059
6404
5848
3129
679
-1927
-3082
-3825
-4615
-4906
-6017
-8108
-10530
-12476
-12387
-11390
-11069
-10643
-10930
-11010
-11692
-12397
-11120
-9378
-7009
-5788
-5043
-3865
-2708
-708
675
3008
5259
6469
7928
8354
8900
9834
10555
12478
14206
14815
13878
12288
11592
10956
11635
12109
11481
10382
7972
5447
3412
2770
2475
1735
244
-2382
-4915
-6771
-7565
-7876
-8239
-8996
-10016
-11635
-12724
-13424
-13858
-13552
-13627
-13418
-13379
-13558
-13948
-14648
-14321
-13240
-10701
-4574
-3652
-4039
-7293
-10041
-6073
-75
5471
7788
6995
4539
2533
3830
9163
13268
17532
16532
13561
11268
10666
12535
14734
16177
15688
13509
11420
8988
7002
7056
5609
5651
4592
2235
50
-2686
-4818
-6425
-7142
-7493
-7750
-8161
-9719
-11921
-13012
-13836
-12880
-11226
-10063
-8973
-9533
-10348
-10408
-9128
-6904
-4203
-1725
-16
-98
703
1961
3944
7117
8754
9881
10882
11992
12980
13838
14549
14610
14493
14826
15041
15441
14677
12739
10871
9517
9118
8524
7402
5497
2799
113
-1994
-3301
-4189
-5421
-7246
-9270
-10733
-11506
-11625
-12714
-13850
-14370
-14047
-13731
-13726
-13364
-13968
-14159
-13881
-13478
-12034
-11116
-10448
-10230
-10381
-9559
-6286
-3370
-1067
-1149
-3427
-3370
-1828
1069
4346
5991
6353
6407
5459
5688
6950
8962
10538
10778
10364
9539
9310
9612
9422
8779
7889
6469
6246
6169
5803
3952
1750
-183
-1490
-1766
-1845
-1746
-2658
-4234
-6064
-7281
-7369
-7064
-6426
-6227
-6318
-6137
-6001
-5888
-5237
-4542
-3800
-3031
-2255
-994
65
935
1849
2283
2692
3696
4879
5878
6958
7900
7848
7738
7801
7783
8527
9226
9498
9271
8521
7661
6847
6630
6405
6202
5857
4531
3049
2162
1311
1237
859
121
-1318
-2538
-3307
-3490
-3779
-4411
-4455
-5222
-5809
-7043
-7749
-7107
-6588
-6283
-7373
-8875
-8529
-7670
-6291
-5914
-6230
-6296
-5728
-4527
-3831
-3767
-3931
-3932
-3414
-3136
-3117
-3461
-3334
-1977
-544
102
97
-603
-1710
-1875
-1386
-198
778
1232
1022
799
1026
1189
1502
1712
1407
1178
1209
1425
1812
2089
2265
2158
2172
2170
2134
2002
1931
1650
2079
2378
2211
2391
2482
2811
3108
2997
2393
2144
2486
2654
2758
3040
3196
3047
2759
2678
2876
3468
4055
3809
3254
2871
2536
2769
3148
3823
3991
3153
2543
2072
2015
2047
1811
1794
1967
1585
877
177
-187
-27
-194
-239
-534
-1035
-1527
-2029
-1988
-1862
-1944
-1617
-2141
-2312
-3004
-2986
-2873
-2518
-2247
-2924
-3051
-2890
-2652
-2488
-2835
-2797
-2187
-1662
-1416
-1871
-2273
-2359
-2103
-1590
-896
-953
-1223
-1711
-1900
-1522
-962
-737
-886
-1533
-2550
-2930
-2625
-1813
-1768
-2069
-2213
-2286
-1994
-1920
-2180
-2249
-2516
-2562
-2486
-2043
-932
-226
254
273
56
687
1091
1083
1524
1614
2050
3038
3827
4206
3866
3407
3215
3424
4153
4714
4554
3848
2984
2598
2622
3005
3468
3174
2142
740
-111
-39
398
864
447
-276
-1059
-1433
-1255
-952
-986
-1323
-1866
-2507
-2230
-2124
-1554
-1739
-2064
-2667
-3268
-3207
-3040
-2778
-2429
-2213
-2055
-1819
-1640
-1077
-673
-735
-1161
-1402
-684
71
780
897
724
945
1071
1115
1212
1377
1562
1735
1463
1370
1717
1810
2053
2377
1940
1134
497
657
1137
1928
1437
1009
1239
1189
831
-424
-297
339
717
383
-1120
-1329
-1570
-514
-706
-867
-1690
-2753
-2532
-3169
-2637
-2638
-2341
-2317
-2897
-3761
-4341
-4304
-4021
-3425
-2791
-1893
-1212
-1084
-1591
-2032
-1957
-1086
-140
397
309
814
1356
2256
3153
3601
3762
3203
2926
2962
3434
4057
4348
4257
3584
2634
2085
2004
2060
1848
1107
-37
-936
-1680
-1707
-1619
-1481
-1542
-2321
-2975
-3479
-3249
-2682
-2448
-2491
-2641
-2646
-2486
-1766
-693
-145
187
485
356
179
391
842
1452
2163
2718
2812
2721
2461
2330
2657
3199
3373
3092
2557
2176
2810
3569
4123
3949
3380
2809
2367
2441
2687
2553
2556
2333
2091
2225
2206
1985
1666
1323
823
301
450
637
668
1182
923
698
537
602
774
831
291
-288
-478
-160
332
284
204
-188
-384
-406
-726
-1552
-2184
-2962
-3033
-3290
-3741
-4203
-4459
-4493
-5064
-5940
-6903
-7532
-7793
-8497
-9527
-9192
-7980
-5676
-4573
-4729
-5403
-5806
-5797
-5445
-4422
-3649
-2949
-1814
-417
1042
2443
3048
3746
3738
4032
4114
4373
5094
5954
6161
5970
5773
6233
6608
6485
5590
4152
3219
2545
2131
2183
1961
1328
867
433
360
57
-411
-1076
-1762
-2376
-2685
-2532
-1821
-1358
-1233
-1509
-1682
-1354
-983
-689
-927
-1067
-729
-300
269
781
1125
1357
1317
1519
1534
1932
2401
3564
4357
4569
5096
4677
5073
5328
5408
5982
5850
5608
5544
5216
5578
5451
5507
5144
4414
4053
3331
2740
2263
1746
1312
563
-93
-865
-1961
-3023
-4473
-5368
-5838
-6516
-6738
-7439
-8345
-9318
-10184
-10614
-11012
-11017
-11281
-12120
-12522
-13033
-12788
-12297
-11724
-11146
-11249
-11298
-11125
-10827
-9901
-8302
-6106
-2900
-812
657
1321
2336
4238
5909
7391
8401
9192
10490
11248
12563
14007
14933
15350
14767
13328
12057
10979
10581
9790
8472
7035
5230
4270
3109
1676
10
-1582
-3199
-4910
-6637
-7975
-8461
-8320
-8248
-8680
-8981
-9093
-8471
-7365
-6479
-5704
-5198
-4299
-3197
-1852
-324
1254
2828
4312
5535
6562
7712
8616
9110
9224
9169
9239
9968
10336
10197
9800
9146
9082
8775
8680
8008
6777
5904
4773
4164
3665
2652
1874
1143
340
-300
-987
-1230
-2162
-3067
-4041
-4649
-4571
-4656
-4932
-5280
-5671
-5932
-6544
-6632
-6399
-6498
-6545
-7241
-7576
-7357
-6875
-6569
-6394
-6473
-6294
-6620
-6454
-6302
-6137
-5467
-5565
-5054
-5104
-4854
-4440
-3873
-3357
-3157
-3083
-3285
-3773
-2590
-1626
510
2715
3665
4806
5188
5422
6116
6203
6801
7054
7456
7720
7239
7307
7315
7886
8175
7379
6255
4669
3186
2209
1024
157
-877
-1971
-2813
-3813
-4230
-4368
-4418
-4549
-5129
-5648
-5788
-5418
-4809
-4295
-3724
-2927
-1752
-278
1088
2540
3423
4168
4918
5166
5847
6542
6995
7258
7347
7475
7667
7845
7662
7070
6016
4778
3499
2571
1757
816
-235
-1395
-2284
-2696
-2717
-2677
-2762
-2924
-3395
-4051
-4482
-4279
-3985
-3688
-3345
-3224
-2551
-1583
-689
487
1278
1429
1587
1691
1695
1567
1415
1317
1297
1235
1090
897
563
185
-479
-1255
-2088
-2754
-3584
-4238
-5071
-5310
-5534
-5783
-5793
-5850
-6105
-6414
-6673
-6806
-6679
-6890
-6567
-6648
-6369
-6429
-6242
-5694
-4654
-3271
-1930
-665
288
1276
2897
4127
4783
5140
4951
4987
5125
5425
5857
6142
6358
6311
6230
6139
6187
5983
5361
4306
3101
1832
614
-376
-1182
-1755
-1956
-2080
-2238
-2734
-3212
-3421
-3327
-3014
-3036
-3269
-3469
-3288
-2723
-2139
-1157
42
1134
1891
1928
1838
1836
2164
2261
2117
1946
1785
1661
1460
1630
1748
1659
1375
766
297
-45
-431
-617
-756
-464
62
840
1566
1870
2249
2594
3075
3644
4152
4285
4229
4124
4258
4808
5347
5617
5677
5238
4752
4189
3986
3727
3244
2527
1396
492
-116
-888
-1820
-2896
-3739
-4353
-4931
-5146
-5443
-5667
-5863
-6275
-6463
-6847
-7055
-7335
-7437
-7254
-7263
-6912
-6677
-6141
-5464
-5050
-4704
-4128
-3926
-3500
-3653
-3470
-3584
-3006
-1699
-396
1233
2274
3068
4091
5426
6101
6473
6065
5427
4950
4828
4568
4657
4777
4549
4121
3791
3429
3367
2930
2305
1460
459
-642
-1689
-2778
-3398
-3968
-4081
-4159
-4121
-4032
-3884
-3533
-3210
-2865
-2390
-2166
-2050
-1883
-1629
-1223
-613
254
939
1598
2252
2679
3097
3649
4196
4699
4962
4608
4283
4008
3666
3766
3497
3435
3277
3478
3535
3472
3532
3484
3593
3702
3763
3878
3778
3543
3540
3506
3652
3769
3911
3912
3587
3337
3017
2779
2362
1812
1170
716
383
20
-585
-1075
-1544
-2014
-2370
-2939
-3554
-4388
-4923
-5421
-5719
-5721
-5721
-5674
-5686
-5685
-5685
-5579
-5513
-5472
-5226
-5287
-5170
-5180
-5246
-5120
-5048
-4620
-4560
-4468
-4412
-4395
-4050
-4047
-4179
-4432
-4220
-4077
-3617
-3025
-2789
-1943
-1320
-39
1055
2374
2839
2910
2769
3245
3846
4479
4703
4417
3950
3787
3557
3729
4145
4423
4392
3982
3504
2791
2271
1391
538
-301
-1002
-1554
-1994
-2478
-2763
-2964
-2909
-2620
-2468
-2245
-2412
-2699
-2477
-2127
-1601
-1144
-894
-951
-784
-21
867
1924
2732
3023
3558
4039
4755
5495
5869
5841
5590
5550
5466
5740
6162
6405
6285
6318
6298
6396
6608
6824
6664
6264
5637
4928
4469
4115
3455
2355
1396
388
-304
-690
-1135
-1638
-2219
-2822
-3493
-3972
-4306
-4805
-5635
-6375
-7070
-7604
-7641
-7451
-7385
-7352
-7318
-7161
-6498
-5644
-4908
-4473
-4208
-4001
-3671
-3125
-2427
-1877
-1458
-1220
-974
-766
-401
37
151
422
355
445
231
432
403
202
0
-526
-911
-1275
-1963
-2551
-2744
-2682
-1817
-1374
-974
-1009
-741
-685
-132
199
498
432
465
309
226
241
254
384
471
789
1060
1463
1532
1835
1994
2378
2486
2493
2414
2066
1691
1416
1359
1577
1766
2014
2153
2525
3015
3417
3807
4258
4631
5134
5204
5211
5192
5118
5093
5059
5142
4889
4921
4708
4466
4159
3829
3406
3025
2493
1801
932
-14
-885
-1671
-2253
-2631
-2870
-3013
-3082
-3293
-3406
-3226
-3215
-3252
-3183
-3177
-3070
-3143
-2888
-2860
-2455
-1982
-1325
-677
-237
350
631
1124
1685
2124
2433
2558
2616
2357
2382
2304
2145
2157
1920
1668
1268
862
537
251
91
-289
-861
-1378
-1946
-2603
-3368
-4128
-4862
-5337
-6052
-6357
-6960
-7220
-7633
-8019
-7921
-7850
-7275
-7140
-7118
-7254
-7324
-6905
-6352
-5568
-4941
-4564
-4263
-3780
-2652
-1290
262
1696
2984
4197
5319
6298
7127
8042
8635
9240
9281
9118
8901
8683
8661
8658
8606
8187
7502
6578
5610
4899
4329
3456
2402
1272
52
-1214
-2315
-3196
-4052
-4664
-5067
-5506
-5664
-5915
-5939
-5642
-5102
-4575
-4209
-3642
-3027
-2374
-1727
-1113
-407
414
1118
1760
2259
2709
3160
3795
4508
5384
5847
5775
5630
5336
5322
5242
5151
4853
4320
3841
3196
2952
2848
2922
2823
2467
2067
1373
813
291
-238
-691
-1001
-1391
-1820
-2299
-2624
-2811
-2775
-2630
-2794
-2922
-3148
-3331
-3431
-3591
-3465
-3489
-3390
-3431
-3561
-3522
-3471
-3318
-3117
-2773
-2428
-2073
-1633
-1382
-1238
-1145
-1099
-886
-863
-825
-940
-940
-942
-1139
-1014
-968
-785
-750
-772
-869
-836
-827
-842
-1017
-1152
-1267
-1525
-1570
-1743
-1915
-2086
-2321
-2444
-2420
-2481
-2327
-2245
-1870
-1619
-1378
-889
-706
-269
108
604
868
1113
1228
1181
1356
1492
1698
1932
2088
2276
2431
2591
2911
3232
3329
3306
3328
3309
3314
3128
3086
3139
3201
3137
2886
2610
2380
2238
2044
2041
1887
1941
1980
2048
2070
1760
1536
1264
1222
1261
1031
624
338
32
-62
-15
-1
103
-17
-260
-411
-563
-558
-389
-295
-402
-369
-292
-169
212
396
514
517
491
655
676
790
939
961
1142
1206
1318
1600
1719
1839
1830
1694
1330
1134
1066
968
488
-142
-741
-1173
-1319
-1574
-1868
-2255
-2681
-3238
-3566
-3899
-4098
-4316
-4545
-4662
-4846
-4946
-5145
-5123
-4930
-4678
-4532
-4611
-4486
-4302
-3908
-3559
-3186
-2803
-2696
-2438
-2082
-1564
-1190
-695
-359
-144
208
551
802
849
937
866
1037
1276
1617
1923
2066
2251
2535
2949
3392
3782
4168
4473
4711
4807
4839
4872
5035
4989
4634
4259
3785
3326
2901
2730
2489
2292
1915
1288
814
370
29
-236
-344
-490
-885
-1344
-1788
-2022
-1982
-1820
-1880
-1939
-2004
-1894
-1490
-827
-25
528
829
1176
1383
1704
2031
2272
2352
2491
2474
2411
2525
2370
2358
2321
2446
2402
2240
2032
1712
1350
1200
867
455
132
-321
-685
-1253
-1841
-2387
-2602
-2810
-2795
-2973
-3503
-3997
-4583
-4691
-4649
-4526
-4688
-5175
-5578
-5755
-5566
-5118
-4797
-4714
-4761
-4696
-4389
-3894
-3419
-2995
-2524
-2045
-1353
-663
134
734
1162
1590
2082
2820
3467
3866
4046
4015
4039
4233
4356
4392
4243
4018
3628
3240
2905
2621
2163
1624
1107
366
-212
-914
-1483
-2051
-2426
-2694
-3050
-3404
-3756
-3942
-4108
-4102
-4183
-3980
-3800
-3706
-3352
-2970
-2330
-1675
-829
-324
354
738
1135
1578
2020
2740
3157
3718
4046
4450
4611
4805
4993
5006
5054
4803
4468
4137
3716
3401
3106
2902
2703
2434
2070
1601
1161
756
302
-202
-613
-960
-1488
-1896
-2348
-2666
-2828
-3060
-3279
-3541
-3777
-3968
-3896
-3718
-3518
-3415
-3291
-3178
-3076
-2923
-2767
-2417
-1996
-1599
-1345
-889
-466
84
662
1135
1745
2141
2582
2639
2642
2715
2903
3079
3185
3273
3068
3018
3061
3121
3205
3241
3005
2863
2593
2233
1961
1684
1331
856
282
-359
-767
-915
-1190
-1543
-1695
-1837
-1735
-1570
-1330
-1202
-1131
-1211
-1364
-1389
-1389
-1359
-1404
-1383
-1322
-1163
-912
-551
-346
-36
135
266
415
475
442
262
149
-112
-143
-182
-98
16
12
-27
-65
132
152
276
169
-16
-154
-451
-626
-764
-716
-783
-952
-1218
-1345
-1384
-1140
-916
-915
-909
-1041
-961
-910
-584
-351
-193
-146
-210
-278
-428
-309
-319
-174
41
255
386
601
776
992
1292
1457
1568
1570
1564
1395
1316
1185
1202
1317
1288
1224
1030
866
846
872
910
832
628
482
332
98
-188
-510
-685
-797
-894
-961
-1166
-1125
-1097
-970
-792
-726
-636
-542
-465
-545
-496
-563
-490
-272
-143
64
276
519
831
1129
1221
1309
1324
1418
1615
1751
1885
1956
1935
1824
1800
1962
2067
2021
1809
1434
1178
1058
896
699
399
92
-156
-416
-661
-1020
-1366
-1761
-2081
-2279
-2579
-2830
-3074
-3208
-3173
-3112
-3012
-2918
-2994
-3020
-3085
-2987
-2622
-2333
-2043
-1902
-1774
-1543
-1072
-498
74
531
668
880
947
1295
1618
1813
1958
1775
1700
1464
1410
1220
1313
1098
812
676
67
-227
-528
-675
-795
-990
-1122
-1354
-1413
-1617
-1605
-1546
-1634
-1466
-1433
-1258
-1229
-1323
-1350
-1563
-1405
-1348
-1307
-1336
-1452
-1415
-1297
-924
-608
-287
-331
-259
-143
36
302
339
391
401
434
425
462
476
667
1020
1269
1631
1845
1990
2147
2347
2523
2799
2918
3037
3034
2886
2855
2709
2737
2638
2531
2440
2347
2189
1875
1640
1396
1250
1098
951
703
378
-20
-356
-496
-545
-534
-523
-559
-633
-684
-660
-538
-312
-182
-231
-271
-344
-351
-243
-72
156
395
587
689
729
920
1053
1169
1258
1283
1229
1175
1220
1217
1315
1338
1291
1260
1261
1107
993
841
664
513
197
-60
-384
-560
-700
-950
-1197
-1477
-1847
-2137
-2223
-2388
-2578
-2765
-3022
-3234
-3428
-3543
-3624
-3620
-3588
-3578
-3496
-3399
-3263
-3030
-2805
-2655
-2593
-2525
-2410
-2169
-1917
-1684
-1464
-1146
-835
-508
-206
-8
192
322
562
707
854
890
1044
1029
1030
1088
920
971
903
853
795
732
633
705
738
647
736
679
886
1006
1039
1166
1161
1220
1204
1263
1286
1403
1388
1372
1383
1356
1487
1519
1615
1732
1793
1852
2078
2216
2347
2494
2388
2578
2700
2681
2692
2509
2373
2294
2269
2300
2195
1975
1782
1579
1350
1292
1174
995
862
674
528
271
110
-23
-121
-229
-457
-783
-1085
-1341
-1481
-1474
-1478
-1357
-1404
-1575
-1742
-1783
-1652
-1476
-1270
-1265
-1488
-1680
-1782
-1766
-1736
-1702
-1750
-1848
-1974
-2104
-1984
-1785
-1587
-1599
-1765
-1954
-2045
-2041
-2037
-1963
-2023
-2161
-2363
-2466
-2417
-2388
-2426
-2533
-2621
-2737
-2830
-2816
-2831
-2834
-2862
-2902
-2829
-2681
-2567
-2525
-2455
-2360
-2164
-1840
-1628
-1410
-1346
-1268
-1069
-842
-501
-199
92
271
513
805
1139
1502
1707
1892
1954
2165
2408
2576
2716
2734
2827
2921
3001
3121
3158
3100
3029
2965
2849
2751
2629
2540
2511
2405
2293
2234
2163
2201
2194
2122
1996
1894
1783
1738
1723
1698
1662
1554
1528
1602
1661
1746
1797
1784
1784
1577
1441
1351
1158
1111
1066
1006
876
658
390
294
251
189
197
-24
-170
-326
-443
-341
-211
-128
-144
-349
-571
-642
-714
-634
-556
-509
-552
-775
-897
-954
-999
-944
-954
-990
-1069
-1255
-1437
-1598
-1538
-1408
-1309
-1439
-1651
-1731
-1742
-1629
-1581
-1493
-1500
-1452
-1335
-1250
-1039
-886
-752
-671
-721
-715
-682
-545
-373
-376
-411
-479
-560
-537
-387
-397
-397
-437
-518
-434
-321
-251
-229
-272
-294
-240
-197
-128
-172
-213
-265
-380
-384
-437
-497
-474
-324
-195
-28
24
46
6
0
59
175
253
283
300
112
92
145
399
541
663
592
532
447
456
646
869
1211
1261
1270
1200
1246
1334
1226
1222
1124
987
803
589
465
428
453
476
519
541
542
465
354
377
480
472
503
413
433
525
611
841
886
999
902
813
905
955
1066
993
895
625
429
340
344
396
333
190
63
-84
-181
-221
-315
-397
-569
-737
-866
-1033
-1112
-1258
-1364
-1338
-1351
-1383
-1459
-1496
-1458
-1312
-1120
-872
-704
-638
-641
-606
-479
-296
-161
-88
-101
-150
-166
-95
31
189
230
132
-57
-194
-185
-165
-171
-310
-500
-696
-858
-1025
-1180
-1376
-1518
-1648
-1793
-1837
-1906
-1848
-1807
-1758
-1690
-1635
-1607
-1611
-1612
-1567
-1492
-1369
-1206
-1078
-828
-680
-506
-299
-139
78
200
284
378
434
554
660
693
826
862
907
951
942
980
1010
968
898
842
754
739
667
564
416
136
-74
-226
-332
-379
-465
-513
-501
-426
-350
-268
-228
-163
-85
6
190
262
347
500
609
792
966
1212
1341
1520
1638
1706
1881
1973
2158
2191
2222
2212
2233
2241
2231
2222
2078
1956
1825
1672
1447
1179
989
851
689
539
338
178
46
-77
-185
-236
-329
-428
-565
-716
-743
-696
-652
-628
-687
-752
-793
-732
-551
-433
-327
-286
-307
-262
-155
10
195
205
168
151
121
159
203
227
232
248
214
69
21
-17
-45
-33
-43
-106
-167
-296
-384
-387
-443
-412
-401
-357
-382
-436
-506
-547
-598
-619
-597
-614
-578
-626
-649
-638
-617
-589
-542
-571
-597
-588
-629
-635
-691
-677
-638
-541
-399
-214
-119
-77
-121
-213
-171
-81
-43
-89
-168
-279
-290
-262
-229
-194
-158
-188
-208
-213
-256
-367
-432
-457
-498
-482
-499
-537
-629
-693
-689
-601
-564
-541
-552
-656
-660
-576
-429
-386
-388
-471
-505
-444
-376
-177
-43
42
66
81
160
317
517
747
832
852
822
752
851
969
1080
1128
1139
1133
1126
1047
1008
1049
1028
986
891
747
631
511
378
331
285
197
28
-199
-381
-481
-458
-409
-384
-366
-403
-415
-378
-261
-129
-57
-46
-51
-56
40
160
234
359
400
430
491
629
809
913
933
930
880
888
933
920
930
861
747
638
582
589
576
483
391
217
41
-5
-118
-234
-340
-454
-594
-738
-892
-1118
-1236
-1345
-1342
-1358
-1477
-1527
-1600
-1677
-1647
-1570
-1504
-1505
-1631
-1719
-1719
-1603
-1487
-1395
-1301
-1193
-1090
-1067
-1005
-918
-807
-685
-586
-468
-309
-181
-122
-96
-23
70
186
314
325
381
392
337
410
471
556
593
580
566
596
594
588
653
705
727
711
752
732
727
716
698
724
707
648
542
482
457
505
562
596
652
717
723
841
980
1072
1123
1101
1104
1120
1202
1253
1357
1440
1498
1544
1564
1613
1640
1636
1553
1427
1298
1308
1283
1249
1119
934
737
617
537
478
448
330
235
96
24
4
11
14
-38
-197
-333
-367
-403
-357
-402
-457
-558
-693
-729
-801
-791
-813
-813
-846
-907
-977
-1059
-1032
-957
-888
-789
-714
-658
-622
-602
-599
-566
-453
-430
-419
-423
-533
-527
-468
-443
-408
-388
-388
-379
-347
-328
-322
-297
-296
-307
-330
-351
-424
-454
-520
-551
-549
-541
-511
-448
-345
-301
-301
-273
-230
-238
-194
-174
-150
-80
-48
-49
3
16
-11
-36
-68
21
110
175
236
269
340
380
445
507
460
394
310
265
263
345
397
426
401
408
512
545
639
658
640
651
687
711
700
676
621
554
523
456
307
227
76
-64
-147
-240
-268
-410
-603
-724
-744
-785
-864
-948
-1004
-997
-918
-854
-842
-771
-753
-752
-703
-633
-526
-435
-390
-405
-409
-382
-277
-138
-35
52
29
44
140
280
376
396
427
406
409
394
321
296
271
190
101
24
-28
32
52
106
169
159
116
128
141
169
143
-5
-46
-121
-122
-166
-232
-215
-259
-266
-181
-90
-30
23
44
76
84
69
73
60
59
84
162
283
457
535
550
628
764
955
1085
1143
1160
1098
1024
1022
1065
1087
1001
901
871
843
786
752
686
636
556
413
260
119
-18
-146
-246
-340
-369
-389
-451
-494
-535
-556
-557
-533
-571
-588
-555
-541
-417
-314
-256
-243
-248
-177
-69
70
176
240
348
427
535
595
644
692
672
676
686
704
676
677
695
695
737
744
658
642
630
582
534
420
267
114
-59
-173
-239
-340
-443
-589
-695
-777
-807
-818
-790
-673
-586
-540
-584
-665
-653
-565
-475
-384
-303
-229
-123
0
142
260
420
537
563
567
473
423
446
440
475
503
418
371
283
147
91
77
38
2
-68
-172
-297
-393
-441
-478
-537
-596
-652
-719
-755
-732
-718
-697
-664
-653
-572
-507
-449
-390
-372
-333
-246
-107
22
102
149
187
270
393
480
515
506
441
420
459
566
593
562
531
524
574
589
599
598
597
571
531
547
558
558
532
502
442
393
333
259
160
51
-22
-104
-117
-114
-127
-89
-147
-171
-140
-143
-100
-67
-62
-63
-69
-114
-201
-216
-214
-193
-203
-267
-336
-329
-324
-312
-258
-258
-279
-329
-356
-340
-330
-298
-237
-222
-278
-353
-363
-299
-250
-234
-268
-322
-374
-458
-524
-585
-566
-585
-666
-718
-793
-768
-708
-687
-685
-750
-843
-851
-797
-714
-640
-635
-576
-570
-599
-540
-445
-363
-314
-312
-265
-147
-83
30
153
262
369
435
507
525
510
474
471
514
502
479
426
394
484
499
532
486
483
499
432
445
469
520
608
638
683
769
801
902
1007
1019
1068
1036
1021
1018
1005
1048
1097
1117
1049
962
858
764
654
600
527
443
376
291
175
92
29
-8
-34
-114
-203
-345
-406
-429
-426
-386
-394
-421
-444
-405
-314
-227
-194
-188
-216
-211
-174
-162
-166
-184
-169
-146
-159
-163
-151
-103
-52
-60
-140
-141
-111
-99
-60
-118
-121
-117
-124
-129
-163
-165
-188
-174
-167
-169
-147
-128
-159
-236
-290
-316
-302
-316
-287
-279
-293
-378
-384
-378
-343
-307
-301
-250
-233
-248
-275
-196
-105
-34
1
78
156
178
172
146
149
123
151
196
213
236
205
251
306
340
406
403
396
318
186
153
149
148
156
131
82
41
17
31
39
58
26
-37
-71
-149
-264
-301
-311
-284
-291
-314
-354
-410
-414
-443
-435
-446
-451
-458
-410
-343
-309
-235
-210
-157
-142
-152
-135
-133
-143
-92
-42
11
34
-17
1
-21
-1
104
204
253
254
206
148
96
61
58
24
-46
-158
-227
-255
-215
-204
-247
-325
-370
-361
-388
-398
-413
-429
-466
-471
-478
-435
-295
-145
13
77
41
41
41
160
315
406
483
521
538
575
630
680
757
789
816
817
781
737
692
614
544
451
393
367
248
133
32
-41
-158
-298
-354
-429
-576
-679
-816
-854
-846
-836
-884
-931
-921
-883
-794
-733
-704
-657
-568
-491
-398
-264
-99
51
210
353
399
450
475
470
531
562
610
644
617
615
617
578
537
522
486
439
353
227
127
45
-50
-134
-171
-185
-298
-397
-435
-414
-419
-490
-526
-587
-612
-635
-647
-575
-457
-445
-417
-393
-413
-339
-261
-169
-86
-43
78
187
287
357
350
432
533
618
686
674
722
804
852
890
870
873
853
808
792
715
626
562
527
479
387
306
277
267
225
125
-31
-163
-259
-319
-357
-413
-443
-513
-530
-541
-559
-569
-608
-599
-584
-503
-403
-359
-312
-271
-190
-59
22
119
179
229
271
244
202
192
270
389
439
414
411
414
424
418
409
367
287
219
118
56
29
8
-61
-86
-101
-133
-128
-164
-226
-332
-426
-436
-483
-533
-538
-552
-518
-459
-390
-356
-366
-364
-381
-405
-398
-365
-292
-212
-155
-83
-28
31
100
180
255
342
406
396
420
449
523
545
470
406
321
294
263
226
194
138
86
87
-13
-63
-79
-146
-161
-224
-260
-294
-334
-372
-415
-484
-499
-494
-489
-471
-456
-385
-375
-324
-240
-203
-132
-81
-37
28
24
-15
-32
-21
10
46
36
-1
11
48
87
97
139
195
225
197
95
8
4
52
151
195
181
158
198
238
264
274
298
352
322
334
327
352
405
421
416
414
364
305
242
197
164
145
124
120
103
44
-4
-21
-16
-30
-38
-47
-101
-144
-131
-126
-55
5
59
42
12
24
54
131
132
122
91
98
128
102
79
79
92
58
62
66
97
105
89
71
49
7
-54
-91
-153
-173
-218
-277
-302
-346
-366
-339
-391
-411
-431
-445
-445
-511
-552
-632
-654
-671
-712
-736
-752
-715
-651
-662
-668
-652
-634
-596
-558
-538
-538
-462
-391
-305
-178
-135
-72
-49
19
121
175
222
259
266
266
309
361
395
442
485
494
463
382
305
274
273
274
199
117
53
49
103
112
107
101
43
-1
-29
6
16
-13
42
44
107
198
303
455
520
536
579
646
735
780
803
805
756
746
787
825
809
801
739
677
638
569
515
468
386
251
164
88
32
-15
-102
-159
-212
-264
-295
-332
-372
-421
-488
-506
-501
-547
-596
-628
-658
-648
-644
-670
-666
-604
-584
-614
-600
-572
-527
-453
-403
-358
-308
-250
-181
-111
-106
-73
-52
-12
43
56
114
163
239
280
311
338
377
393
354
280
191
169
160
129
36
-39
-80
-132
-149
-149
-178
-208
-236
-284
-375
-469
-530
-607
-589
-550
-497
-470
-454
-410
-335
-176
-50
1
33
91
142
203
304
389
400
422
465
521
614
716
810
857
835
825
806
813
811
798
787
713
633
569
528
513
475
450
397
345
305
252
163
63
-12
-69
-84
-131
-193
-256
-288
-353
-430
-463
-547
-619
-652
-707
-713
-702
-685
-650
-648
-609
-523
-451
-387
-378
-331
-280
-228
-181
-173
-167
-147
-106
-9
55
74
103
103
82
63
26
19
33
-44
-117
-126
-113
-101
-117
-128
-147
-145
-150
-213
-225
-230
-259
-302
-351
-329
-310
-327
-358
-361
-305
-259
-244
-240
-207
-185
-245
-284
-263
-230
-186
-201
-244
-262
-274
-214
-117
-61
-15
35
105
128
160
183
182
222
275
262
237
213
202
211
240
280
274
236
157
145
175
154
115
46
-41
-131
-242
-316
-308
-301
-305
-333
-372
-409
-411
-383
-376
-359
-373
-405
-400
-389
-345
-253
-227
-170
-136
-179
-171
-124
-99
-75
-9
44
108
150
217
248
247
243
237
209
186
173
168
154
87
86
86
39
-2
-44
-96
-154
-214
-250
-219
-239
-296
-303
-306
-226
-189
-149
-110
-40
17
-33
-84
-63
-62
-81
-74
-116
-71
-37
-25
25
81
177
225
219
243
300
345
413
452
462
500
558
575
596
614
623
592
524
490
413
332
217
143
99
48
-28
-118
-182
-231
-245
-282
-343
-413
-430
-411
-419
-381
-323
-273
-259
-236
-206
-206
-161
-103
-7
85
151
226
288
364
405
421
446
482
522
546
578
584
536
484
444
420
430
443
461
405
367
369
305
272
247
215
144
40
-55
-127
-156
-184
-196
-230
-253
-282
-272
-294
-338
-320
-329
-328
-321
-321
-272
-263
-293
-320
-332
-287
-215
-154
-130
-107
-76
-49
-54
-40
-16
31
64
26
10
6
29
57
70
92
102
116
103
110
99
121
125
91
87
66
88
75
54
14
-83
-182
-250
-305
-384
-417
-489
-535
-552
-628
-662
-686
-685
-699
-684
-635
-595
-611
-709
-746
-753
-712
-642
-595
-583
-583
-544
-518
-469
-444
-468
-480
-450
-397
-324
-296
-294
-225
-174
-144
-53
0
94
155
163
228
252
222
203
181
174
192
175
198
207
208
175
143
130
98
78
51
0
-82
-127
-187
-209
-241
-331
-360
-382
-409
-415
-425
-422
-396
-352
-290
-222
-199
-170
-92
-37
17
103
170
237
311
327
315
345
357
413
409
402
418
419
399
338
314
205
129
110
38
-22
-73
-133
-196
-223
-269
-285
-346
-451
-497
-570
-621
-646
-677
-698
-674
-632
-578
-497
-455
-449
-417
-353
-332
-294
-240
-220
-133
-70
-73
-25
14
26
79
80
94
83
83
127
188
247
274
311
323
283
262
261
299
335
353
406
443
463
448
453
463
467
472
482
433
372
324
283
324
342
338
307
253
207
169
126
101
75
19
-36
-69
-123
-147
-84
-26
7
33
73
118
174
242
321
365
363
395
425
403
443
475
498
560
527
437
416
404
407
379
330
265
188
141
95
59
9
-22
-23
-73
-93
-93
-146
-178
-208
-180
-186
-271
-343
-411
-449
-436
-394
-317
-278
-263
-230
-193
-140
-74
-81
-91
-103
-104
-73
-32
-25
33
68
90
97
85
103
123
132
172
167
106
145
157
190
218
182
157
161
175
197
213
226
205
189
189
173
108
59
52
71
44
-17
-40
-85
-94
-84
-116
-125
-103
-112
-102
-68
-111
-134
-152
-169
-176
-219
-217
-205
-205
-199
-186
-158
-133
-130
-146
-172
-176
-185
-222
-241
-287
-337
-369
-354
-292
-291
-323
-356
-359
-376
-382
-416
-445
-498
-515
-500
-455
-413
-383
-384
-360
-323
-288
-246
-291
-325
-338
-343
-311
-292
-320
-325
-355
-378
-368
-337
-267
-212
-152
-148
-161
-168
-148
-156
-179
-180
-165
-132
-118
-86
-61
-37
-39
-29
32
28
18
24
44
98
130
157
183
236
276
258
274
296
315
276
220
194
165
165
144
148
90
22
-4
-13
45
58
32
-14
-81
-104
-109
-93
-47
-20
-40
-53
-39
-13
32
25
8
50
100
163
234
251
268
278
308
403
416
438
469
474
515
508
489
467
379
323
336
365
388
395
375
304
249
228
213
201
183
123
52
26
-5
-53
-53
-38
-11
-13
-61
-47
-46
-55
-49
-67
-53
-35
-20
6
79
126
157
169
137
130
149
163
158
165
121
92
123
164
209
237
274
307
277
316
419
437
451
517
559
580
589
619
684
700
718
680
666
647
544
478
422
344
293
234
167
150
81
57
9
-58
-92
-177
-211
-218
-271
-286
-254
-235
-212
-213
-221
-223
-220
-187
-128
-85
-29
61
131
200
213
210
218
199
265
296
296
285
267
281
303
281
275
269
229
189
147
118
94
61
19
-45
-97
-175
-253
-278
-356
-427
-421
-492
-567
-649
-699
-707
-725
-738
-741
-724
-694
-624
-596
-581
-540
-450
-341
-278
-230
-209
-183
-116
-53
20
113
169
182
126
122
187
227
314
346
343
357
348
309
265
213
163
91
15
-33
-94
-101
-121
-108
-81
-127
-164
-199
-279
-275
-313
-321
-271
-297
-294
-314
-318
-312
-348
-377
-341
-337
-334
-346
-385
-371
-366
-363
-385
-381
-375
-366
-342
-316
-260
-197
-107
-41
-35
-24
-29
-4
26
64
69
70
101
150
165
179
184
170
203
206
171
102
33
-31
-71
-86
-108
-132
-144
-181
-199
-189
-173
-144
-102
-75
-25
8
0
45
118
139
182
187
184
246
268
271
306
313
344
377
389
408
409
434
490
510
558
561
526
535
538
556
539
527
487
430
417
416
432
426
399
332
290
280
274
264
214
203
195
194
179
146
134
122
157
165
143
125
102
80
119
146
128
124
145
139
135
106
46
71
66
101
112
80
52
18
69
83
103
101
93
91
83
39
27
3
-78
-101
-113
-70
-28
-27
-55
-38
-33
-42
-20
9
31
16
7
-5
20
36
16
38
78
67
90
125
147
207
245
307
342
335
335
296
297
309
312
308
319
306
322
365
363
342
267
224
177
135
105
77
54
30
25
30
42
13
-26
-49
-16
21
7
-16
-45
-48
-59
-65
-102
-129
-139
-164
-147
-147
-179
-181
-192
-183
-182
-191
-182
-170
-158
-221
-245
-252
-243
-228
-222
-231
-247
-241
-217
-176
-203
-221
-205
-210
-208
-214
-246
-232
-166
-137
-127
-104
-94
-140
-140
-128
-143
-211
-295
-277
-301
-345
-415
-426
-405
-401
-412
-418
-379
-365
-333
-332
-331
-324
-296
-260
-240
-190
-191
-188
-112
-70
-36
-4
8
35
46
35
59
111
99
76
70
60
81
67
59
51
33
69
81
69
45
-2
-22
-28
-29
16
-9
-43
-74
-111
-99
-111
-134
-164
-184
-163
-133
-107
-87
-81
-73
-30
-10
11
15
49
66
73
101
109
111
72
63
47
13
5
-20
-34
-34
21
59
77
116
108
124
111
92
71
54
49
50
54
66
88
86
94
78
63
46
76
87
93
100
77
58
31
44
96
118
112
97
74
60
74
73
42
22
13
-5
-62
-90
-46
-1
36
-4
-64
-52
-31
-18
-21
-65
-36
22
35
54
9
-8
23
32
35
61
48
34
82
56
65
67
56
61
63
69
66
74
48
14
-17
-16
33
76
54
56
50
51
82
93
80
38
2
-5
8
13
40
70
106
134
159
199
246
282
243
229
248
255
249
226
210
229
252
236
223
191
198
160
97
90
119
144
152
142
122
163
173
165
163
158
179
191
174
213
274
263
252
232
195
195
174
156
105
53
76
102
97
62
38
-21
-58
-56
-89
-79
-64
-64
-110
-140
-138
-127
-119
-147
-179
-180
-169
-145
-96
-81
-81
-59
-35
-41
-44
-36
-40
-27
-16
-20
-23
-38
-17
2
0
-11
-40
-79
-126
-154
-154
-139
-151
-168
-164
-221
-199
-153
-157
-134
-146
-149
-113
-107
-142
-157
-229
-230
-229
-236
-193
-177
-171
-188
-200
-214
-234
-265
-298
-313
-302
-329
-306
-247
-262
-259
-244
-253
-241
-240
-232
-186
-164
-203
-192
-157
-183
-191
-195
-204
-200
-186
-170
-183
-161
-145
-146
-180
-211
-211
-215
-199
-201
-218
-222
-186
-197
-204
-236
-276
-296
-320
-277
-249
-263
-276
-272
-160
-52
18
73
108
138
116
124
144
198
234
250
242
250
274
283
286
300
278
250
289
292
302
304
299
298
243
167
92
23
16
23
19
1
-33
-37
-27
-1
-12
-73
-134
-171
-149
-76
-32
-16
17
26
49
77
74
55
56
41
29
67
116
147
105
80
120
149
142
95
87
123
150
152
131
139
154
134
132
152
96
54
-1
-45
-39
-37
26
25
35
78
72
84
105
95
62
60
72
107
123
124
145
166
179
184
136
102
173
209
173
105
86
123
149
132
117
87
107
144
166
172
181
193
243
272
265
284
297
318
359
420
406
373
303
228
192
156
182
156
113
100
127
190
147
48
-44
-97
-103
-82
-114
-157
-186
-237
-198
-177
-172
-202
-244
-246
-260
-232
-262
-275
-271
-257
-224
