-227
-411
-363
-378
-338
-305
-260
-260
-224
-217
-216
-195
-147
-133
-150
-225
-77
19
-10
7
-5
4
-4
3
-2
1
-1
1
-1
0
0
0
1
0
-1
0
0
0
0
0
0
0
0
0
0
0
0
0
0
0
0
0
0
0
-1
0
0
0
0
0
0
0
0
0
0
0
0
0
1
0
0
0
0
0
0
0
1
0
0
0
1
1
0
0
0
-1
1
1
0
0
0
0
0
0
0
1
0
0
0
1
0
0
0
0
0
-1
0
0
0
0
0
0
0
0
0
0
-1
-1
-1
0
0
0
0
-1
0
0
0
0
0
0
0
0
0
1
0
1
0
0
0
0
0
0
1
-1
0
1
-1
0
0
0
0
0
0
0
-1
0
0
0
-1
0
-1
1
0
1
-1
0
-1
0
0
0
1
-2
4
-7
10
-21
189
313
260
274
263
280
315
302
304
340
342
360
354
349
325
281
255
245
254
283
276
239
223
201
223
249
207
201
149
146
161
141
148
129
129
108
91
93
127
156
166
223
224
227
251
250
258
276
298
295
326
373
357
335
356
433
499
510
530
509
454
417
354
320
311
302
302
248
204
150
85
45
45
19
5
-10
-62
-138
-197
-27
8
-4
7
-26
-9
7
4
7
-2
-7
9
10
12
9
2
-8
-4
-4
-17
-8
10
-3
-25
-13
-16
-13
-6
-18
1
4
8
6
0
-10
-13
13
19
1
-1
-1
9
5
2
11
12
7
4
0
-4
4
-1
-5
1
2
1
25
14
2
1
1
1
5
1
11
20
4
3
-5
3
14
8
15
16
6
-2
0
-3
-7
1
2
-4
-3
14
1
-16
-14
0
12
8
-10
-1
2
9
14
2
9
15
0
-7
5
0
7
1
13
17
12
19
10
14
-2
-16
6
1
-7
6
-8
5
15
7
-7
1
9
-3
14
17
13
6
4
-1
-2
-2
6
3
0
6
-4
-7
-12
-5
-10
7
20
-14
2
8
-3
9
10
-4
4
12
13
5
-4
-8
3
-4
-17
-4
-5
-1
8
13
2
8
15
-2
-9
-4
1
15
6
2
-1
4
6
8
8
6
5
-4
-15
-24
-18
-6
-3
3
-4
-15
0
0
7
8
-9
-9
-8
-16
-16
-10
-13
-10
10
8
-9
-1
-8
-5
-8
-22
6
8
4
8
9
7
-15
-11
8
4
-9
-20
-21
-20
-4
-6
-2
-6
-18
-18
-12
6
-4
-1
-7
-17
6
2
-4
7
-3
1
9
15
-5
-13
-12
-16
-15
-6
3
-12
-18
5
12
4
-12
-18
-3
9
4
-2
1
8
1
-5
4
5
3
-8
-2
14
11
-6
-4
-11
-6
7
1
-3
-14
-14
-11
-7
3
-4
-16
-15
-13
-7
-17
-15
-2
-1
-10
-22
-24
3
-4
-3
0
-9
8
10
-2
4
-2
-8
3
1
-5
-2
-4
-12
-3
7
2
-23
-23
-2
2
9
8
-11
-13
3
11
6
12
1
1
8
3
10
27
16
6
-3
5
8
-5
-5
-1
8
-12
-11
-13
-15
-3
-2
3
5
7
6
5
20
8
-6
-3
1
2
0
-8
8
4
-4
0
4
1
0
11
9
0
-1
-3
10
3
8
1
0
-2
11
19
4
10
1
-6
-2
4
27
6
-12
18
41
43
21
10
14
26
16
27
17
-7
-19
-13
-11
-15
-18
-24
-3
15
31
18
6
7
-13
9
17
17
28
53
49
50
40
19
26
23
7
1
9
51
49
0
-18
-8
9
15
8
-6
16
-2
10
25
24
49
26
10
-3
1
25
31
31
9
-8
1
8
11
10
-12
-9
-25
-51
-40
-33
-14
0
-5
-21
-24
-4
10
-2
-2
19
23
20
19
6
13
2
3
38
40
44
16
-2
-20
-38
-58
-41
-17
0
-17
-48
-41
-24
6
6
-4
-15
-21
-31
-2
9
29
54
64
53
37
19
9
12
15
-28
-16
-3
-18
-13
-35
-30
-25
-39
-32
-48
-23
-25
-26
-5
-5
-1
0
-12
7
28
18
21
18
30
47
24
22
32
16
16
11
-14
-29
-41
-39
-23
-20
-33
-52
-44
-20
-5
12
5
-2
15
-16
2
39
26
24
39
22
27
27
15
48
20
-15
16
20
1
-37
-59
-37
-40
-42
-33
-35
-17
-9
-44
-44
-28
-1
17
16
15
16
12
30
15
5
28
34
19
13
27
23
1
-13
-5
-15
-35
-31
-32
-25
-31
-23
-29
-21
-25
-24
-2
-20
-10
-1
-3
0
18
19
32
48
35
44
32
-5
-14
-30
-45
-47
-45
-14
11
-6
-54
-78
-57
-42
-27
-43
-52
-37
-14
-5
35
88
81
83
60
35
13
-10
11
11
12
35
41
35
-5
-47
-79
-61
-50
-42
-52
-79
-97
-104
-96
-111
-107
-79
-51
-22
47
54
9
30
36
45
61
32
24
12
22
53
58
42
17
-13
-37
-49
-17
11
27
11
-37
-23
-24
-23
-4
-15
-16
7
59
64
50
1
-51
-25
14
26
19
3
26
8
-38
-34
-7
-6
-19
-26
-31
-38
-36
-32
-48
-23
-32
-46
-33
-33
-14
-10
-26
-45
-49
-41
-26
-11
14
52
70
80
62
37
16
-14
-42
-36
2
2
-4
6
6
28
-1
-19
-6
-2
0
12
2
-10
-7
-10
3
6
19
23
33
49
37
10
5
11
39
42
17
-9
-47
-34
-1
3
2
-9
12
40
29
47
49
32
38
30
43
30
24
34
19
11
-18
-33
-30
8
19
9
0
-21
-39
-56
-50
-32
-7
26
26
-6
-4
-20
-26
-37
-31
12
37
55
61
57
60
64
52
28
36
47
28
13
-3
3
30
6
-22
-21
-8
18
37
-4
-31
-20
-17
42
32
45
97
79
66
34
22
39
10
11
6
-21
-32
-8
-20
-18
-34
-61
-53
-90
-87
-66
-37
-28
-51
-19
44
57
84
82
100
117
107
90
52
30
31
22
5
-6
-39
-39
-20
-32
-63
-86
-118
-129
-119
-114
-121
-106
-72
-45
-36
-24
-4
31
72
82
61
61
58
44
65
59
13
4
7
29
18
-5
5
-3
-7
-23
-19
-24
11
13
8
14
13
39
62
64
54
64
88
83
80
91
88
102
84
38
49
29
23
41
5
-3
-24
-54
-90
-101
-90
-97
-112
-152
-159
-170
-170
-148
-128
-94
-78
-51
-19
18
22
7
26
47
58
56
39
23
36
16
-11
-3
-22
-10
26
-8
-35
-28
-50
-63
-35
-14
-1
10
10
-30
-41
-24
36
109
114
82
54
20
36
29
16
21
13
-10
-45
-43
-55
-64
-100
-112
-95
-92
-96
-110
-92
-54
-11
35
84
123
103
87
89
107
140
162
168
190
180
158
114
86
63
32
31
50
60
29
12
-24
-14
-26
-44
-56
-70
-52
-46
-19
26
48
21
-5
-25
-43
-19
-20
-13
10
-10
-23
-49
-51
-36
-22
0
-24
-67
-74
-102
-111
-106
-128
-122
-101
-59
-11
22
47
67
90
69
68
56
58
63
62
73
61
45
2
-16
-15
-53
-74
-65
-41
23
26
0
-5
-25
-44
-55
-53
-56
-51
-29
3
-18
-70
-92
-86
-53
-46
-47
-64
-80
-45
-20
24
21
-11
-21
-37
-46
-69
-86
-56
-54
-53
-31
-15
-10
-4
-7
-25
-23
-15
8
-25
-30
-21
-20
-7
-28
-13
-9
-28
-40
-55
-44
-8
-8
-55
-71
-109
-129
-108
-116
-119
-151
-162
-165
-140
-110
-64
-16
-4
-22
-28
-24
4
-7
-30
-12
-29
-46
-36
1
23
41
12
-26
-41
-29
-20
-5
12
-10
-3
8
25
36
51
72
120
125
108
152
161
164
148
144
135
105
129
104
86
98
94
76
35
-34
-21
33
43
56
17
-6
-9
2
30
18
-15
3
18
46
55
16
41
78
58
70
52
24
33
10
-11
-43
-75
-104
-111
-63
-68
-104
-102
-93
-117
-120
-112
-40
17
18
60
63
68
71
56
27
58
97
109
130
95
81
66
42
44
39
19
8
8
4
11
17
36
35
60
72
44
4
-21
-17
41
80
93
132
143
152
155
161
146
135
119
115
107
103
76
35
38
55
65
88
120
111
105
95
103
89
62
21
-6
38
82
90
92
86
94
98
76
52
22
6
20
-12
-23
-33
-27
-7
11
29
-5
-48
-101
-98
-71
-55
-32
-34
-26
-4
-15
-3
-13
-14
-31
-44
-22
27
22
11
53
58
83
76
78
66
52
72
52
38
66
66
76
89
92
105
73
76
94
76
82
88
61
62
17
10
22
0
-30
-73
-60
-50
-41
-31
0
8
9
-3
-39
-40
-28
-40
-27
12
20
-10
-7
-3
-14
36
19
9
36
17
54
65
50
48
18
0
-60
-94
-108
-124
-160
-155
-149
-135
-124
-165
-195
-210
-226
-228
-228
-202
-171
-212
-239
-237
-211
-149
-148
-136
-109
-127
-105
-72
-36
-49
-45
-30
-101
-163
-167
-180
-145
-156
-206
-209
-206
-225
-223
-184
-190
-173
-157
-143
-117
-127
-87
-17
-12
-58
-26
32
47
58
62
61
80
68
38
-9
-55
-60
-80
-88
-110
-161
-207
-221
-202
-207
-209
-215
-218
-224
-223
-217
-178
-123
-80
-48
0
20
-1
-19
-46
0
48
47
33
6
-14
-25
-55
-87
-108
-105
-92
-98
-94
-77
-52
-51
-64
-57
-96
-118
-77
-78
-54
-26
-31
-18
-13
-20
-20
-9
2
2
-19
-1
-14
-49
-38
-25
-53
-74
-50
-43
19
23
20
27
41
81
52
45
37
47
72
22
-4
52
93
122
153
161
146
126
64
65
96
98
90
58
38
15
25
17
-7
-16
-41
-36
-27
-12
-23
-41
-73
-86
-87
-47
5
-18
-37
-73
-80
-94
-151
-173
-156
-125
-124
-170
-204
-213
-237
-236
-259
-257
-195
-207
-208
-186
-197
-157
-140
-91
4
34
39
46
36
65
73
43
9
-54
-85
-88
-65
18
39
40
65
46
22
-1
-12
4
34
30
24
-4
-12
32
40
48
67
45
58
85
124
182
187
202
227
251
251
223
212
191
163
194
166
130
140
83
58
68
56
70
68
82
94
93
96
85
124
136
130
144
158
168
171
129
91
106
123
106
67
22
31
52
12
-11
-39
-59
-45
-19
24
73
100
105
116
134
166
163
147
142
144
128
130
136
134
152
156
122
87
46
19
31
31
30
48
102
117
112
111
99
125
108
62
73
80
100
111
102
71
59
53
-9
-49
-54
-47
-2
22
-4
3
23
79
119
114
121
163
189
225
260
244
208
205
156
155
174
142
109
55
39
7
-12
-8
1
-35
-58
-75
-76
-63
-67
-74
-96
-107
-119
-147
-157
-138
-147
-163
-181
-214
-213
-226
-232
-242
-228
-220
-162
-115
-100
-80
-90
-76
-65
-53
-91
-108
-95
-100
-85
-97
-97
-57
-47
-42
-55
-45
-29
-10
-7
16
37
45
95
142
152
150
137
90
78
113
131
123
99
84
77
24
38
9
-67
-115
-185
-218
-221
-173
-128
-62
-33
-44
-27
-24
-47
-87
-106
-106
-54
-35
-42
-12
7
0
-8
-17
-20
-14
-35
-59
-52
-49
-34
-14
6
-12
-51
-76
-81
-69
-40
-13
10
-44
-87
-122
-159
-126
-120
-169
-159
-144
-146
-143
-150
-120
-95
-118
-124
-140
-157
-117
-128
-118
-120
-112
-87
-102
-106
-106
-106
-64
-78
-46
-30
-72
-87
-62
-43
-47
-28
-40
-22
-2
33
20
37
71
46
34
41
32
37
22
-27
-51
-39
-21
18
14
10
65
102
127
105
121
110
90
69
62
53
33
-11
-87
-147
-156
-150
-141
-140
-186
-202
-186
-190
-184
-209
-223
-171
-150
-170
-151
-142
-129
-91
-56
-13
18
25
3
-49
-55
-61
-40
-17
-65
-89
-93
-84
-53
-41
-35
2
24
45
57
45
44
39
5
-40
-59
-44
-7
26
25
51
68
68
79
76
60
17
2
-11
35
118
136
113
97
39
20
44
35
34
2
16
17
14
33
-40
-74
-102
-138
-96
-46
-13
-2
6
69
97
98
136
168
163
135
80
75
104
113
82
20
11
31
28
-8
-61
-102
-104
-91
-97
-85
-78
-26
19
9
6
-5
23
53
67
54
37
-4
-31
-72
-103
-107
-98
-71
-43
11
42
96
90
125
144
165
229
272
272
276
272
260
255
204
175
111
84
95
52
17
-24
-76
-127
-158
-129
-100
-118
-128
-100
-64
-21
36
72
99
134
142
140
162
149
110
97
66
79
100
62
68
40
15
38
33
12
21
39
57
104
141
182
216
221
244
248
232
192
114
135
139
149
187
179
177
167
154
137
133
109
103
144
144
92
75
77
61
52
43
9
-3
-31
-65
-34
-30
-36
-22
7
16
39
18
5
28
20
61
114
140
157
186
199
202
256
259
276
305
316
323
319
319
309
289
257
243
217
216
249
245
190
190
196
203
247
242
233
302
331
310
267
221
196
192
176
155
162
153
158
137
135
166
201
180
185
205
189
189
188
168
149
145
154
153
158
154
140
140
109
64
20
-14
-19
-47
-38
-7
4
-19
-32
-11
-22
-44
-72
-64
-52
-26
12
50
83
151
215
225
224
163
131
108
111
118
103
98
76
28
1
-30
-43
-8
4
-1
-9
5
3
19
27
42
59
59
45
63
43
12
33
22
59
106
95
89
111
116
109
125
120
101
52
1
-4
17
23
18
36
14
12
10
-41
-47
-21
-14
-27
-16
7
-19
-48
-48
19
78
72
14
-11
1
0
12
14
-11
1
17
6
-2
-25
-30
-73
-90
-111
-121
-131
-142
-172
-188
-181
-173
-122
-113
-84
-72
-82
-76
-75
-67
-63
-75
-92
-104
-55
-12
16
79
116
148
181
189
234
263
267
274
267
209
206
214
204
210
187
134
108
91
60
23
-33
-64
-133
-186
-229
-271
-293
-310
-312
-293
-315
-285
-252
-236
-148
-140
-144
-116
-135
-140
-131
-122
-67
-49
-29
19
20
-20
-75
-110
-147
-112
-91
-133
-147
-160
-187
-147
-121
-156
-204
-256
-281
-310
-329
-331
-316
-337
-357
-337
-337
-271
-215
-205
-199
-216
-191
-176
-166
-147
-122
-129
-120
-91
-71
-58
-74
-70
-52
-21
27
41
35
52
40
33
13
8
50
39
20
49
48
46
43
21
-31
-79
-108
-131
-123
-160
-192
-233
-255
-271
-259
-243
-208
-189
-184
-201
-224
-208
-194
-179
-158
-131
-72
-76
-119
-121
-140
-146
-121
-116
-97
-75
-89
-89
-56
-11
32
54
37
80
97
128
162
210
222
224
228
216
214
207
199
181
203
195
200
185
173
189
178
182
215
229
224
220
227
234
226
219
198
186
189
160
163
184
210
235
244
274
304
332
333
309
294
269
283
246
222
207
181
182
178
183
151
100
67
88
98
38
17
3
-2
19
-25
-69
-68
-57
-17
40
82
102
93
112
133
119
136
159
183
205
205
218
244
245
229
213
205
183
170
182
190
201
217
245
258
273
290
278
245
259
259
223
212
198
171
153
138
152
170
167
188
164
104
88
77
61
30
-26
-52
-87
-98
-113
-134
-144
-120
-89
-94
-97
-86
-80
-67
-79
-121
-127
-119
-116
-103
-85
-65
-46
-15
-3
-32
-56
-108
-177
-200
-232
-188
-105
-103
-103
-104
-109
-85
-63
-65
-76
-42
-17
17
22
31
41
25
20
8
47
38
22
19
-14
-2
20
24
-2
-41
-37
3
61
87
97
72
55
51
33
23
15
-35
-93
-117
-167
-178
-198
-247
-297
-337
-342
-348
-312
-286
-289
-268
-288
-298
-276
-270
-245
-234
-257
-259
-301
-320
-280
-258
-214
-199
-216
-195
-189
-228
-233
-221
-165
-136
-77
-5
-2
6
0
30
83
118
121
94
64
62
20
4
-20
-66
-121
-169
-194
-211
-199
-189
-168
-146
-157
-183
-202
-203
-184
-184
-208
-254
-262
-246
-198
-177
-207
-199
-219
-241
-238
-229
-213
-176
-135
-109
-151
-195
-175
-153
-121
-72
-46
-41
-47
-63
-22
-29
-28
45
88
104
106
81
50
42
36
4
1
-39
-72
-37
-34
-59
-63
-45
0
16
10
7
14
21
12
39
31
28
83
116
111
88
66
68
57
29
14
58
46
48
60
69
87
68
19
-40
-53
-46
-51
-54
-43
-65
-87
-106
-110
-56
-68
-70
-75
-101
-88
-116
-138
-138
-148
-169
-204
-212
-204
-201
-209
-222
-231
-215
-154
-93
-72
-72
-52
-26
-22
-36
-53
-80
-110
-110
-107
-48
6
22
64
79
60
16
-23
-61
-101
-101
-63
-11
5
18
10
-52
-100
-137
-121
-118
-126
-155
-188
-217
-234
-226
-249
-241
-230
-230
-205
-169
-131
-120
-126
-132
-149
-153
-122
-102
-78
-91
-153
-167
-121
-72
-62
-60
-51
-54
-27
-3
-35
-15
16
35
68
43
14
-2
-6
44
62
70
101
119
118
95
62
55
25
0
-15
-30
-16
9
-5
3
31
-15
-42
-42
-59
-72
-60
-97
-116
-84
-39
7
13
31
29
95
41
50
21
55
45
157
21
-346
289
550
321
167
-379
-136
415
-32
-102
-143
-21
318
20
34
175
19
115
59
5
120
96
200
191
89
85
117
171
95
24
107
149
124
102
38
136
236
277
335
298
332
375
300
323
303
263
332
284
280
328
277
226
187
169
242
213
145
135
146
149
142
178
191
186
225
241
261
316
293
275
327
341
398
451
439
413
420
350
356
380
369
413
368
343
325
344
302
320
275
224
227
164
159
92
87
58
40
16
20
2
-53
-66
-117
-76
-37
-27
6
4
55
159
191
214
268
246
199
227
188
214
148
78
116
116
128
68
82
108
83
44
48
70
90
84
66
74
61
86
98
39
40
58
93
118
142
186
150
106
101
81
86
143
148
119
84
39
144
152
60
23
9
4
-15
-50
-48
-31
-74
-87
-140
-210
-236
-208
-147
-107
-119
-142
-95
-25
2
34
52
82
133
185
182
115
129
102
132
100
29
7
-30
-27
-23
-24
-28
-37
-70
-79
-95
-155
-238
-273
-299
-310
-278
-268
-207
-176
-219
-230
-240
-254
-202
-131
-101
-48
-13
-35
-97
-149
-116
-61
-58
-40
-8
46
86
78
93
68
62
25
-66
-82
-111
-145
-174
-226
-238
-236
-295
-288
-258
-214
-180
-219
-187
-161
-149
-153
-193
-200
-166
-156
-123
-63
-39
-25
-35
-13
-15
-50
-66
-82
-41
11
33
15
-22
2
12
-21
-99
-174
-202
-194
-196
-196
-205
-231
-248
-237
-200
-196
-240
-242
-188
-183
-144
-126
-135
-77
-76
-96
-76
-71
-45
14
14
-1
-5
-2
9
36
39
1
6
-4
-12
32
43
58
81
73
93
95
80
113
132
127
170
206
231
262
288
270
223
195
167
178
216
222
263
289
292
283
237
201
199
205
174
193
203
180
185
167
168
148
142
193
230
277
314
326
380
379
397
420
404
432
401
382
383
314
305
340
326
256
192
188
189
172
188
201
230
205
115
90
87
144
168
118
151
231
228
191
173
160
183
197
160
201
246
248
285
322
330
329
330
294
285
313
326
311
274
256
236
210
193
220
238
222
175
164
220
219
192
164
159
186
209
202
169
148
115
113
166
210
235
259
279
288
288
235
218
241
232
207
200
213
240
271
261
241
238
208
151
142
137
97
64
48
-1
-29
-38
0
74
14
-28
-57
-49
14
46
72
62
79
65
82
66
27
43
51
26
-38
-45
-58
-95
-102
-106
-92
-82
-93
-129
-157
-170
-189
-183
-110
-59
-50
-14
12
26
16
17
30
54
80
61
86
104
130
129
113
98
62
73
43
30
15
-5
8
14
-16
-84
-124
-152
-148
-182
-214
-197
-196
-208
-267
-306
-309
-286
-287
-320
-318
-317
-293
-235
-201
-156
-160
-176
-169
-145
-101
-76
-45
-29
-16
-47
-89
-116
-88
-62
-78
-95
-149
-161
-147
-171
-183
-226
-235
-215
-235
-240
-228
-215
-212
-186
-215
-200
-152
-180
-190
-229
-220
-187
-161
-146
-143
-126
-103
-96
-60
-28
-54
-48
-67
-69
-47
-43
-63
-38
-31
-60
-115
-215
-257
-235
-208
-203
-207
-189
-194
-192
-172
-129
-82
-79
-48
-15
5
50
85
97
140
159
133
157
201
240
268
255
266
266
246
213
173
181
164
138
120
84
35
11
-31
-51
-68
-98
-62
-93
-106
-57
-67
8
45
9
29
47
43
58
50
66
114
157
201
206
204
206
226
214
169
124
63
47
39
4
-17
-5
-24
-7
11
6
41
56
74
98
82
130
176
187
161
139
112
123
127
112
98
77
51
5
-16
-24
-10
-5
-31
-64
-69
-68
-77
-77
-132
-155
-84
-77
-104
-128
-168
-160
-191
-173
-116
-127
-194
-246
-247
-231
-206
-182
-153
-140
-140
-131
-113
-114
-113
-78
-55
-81
-75
-91
-91
-67
-78
-122
-234
-310
-333
-347
-362
-353
-340
-317
-289
-268
-289
-320
-364
-404
-402
-377
-357
-361
-355
-337
-339
-350
-363
-361
-307
-276
-284
-231
-167
-139
-126
-144
-147
-153
-161
-143
-129
-111
-86
-89
-103
-87
-96
-104
-151
-153
-90
-68
-52
-57
-97
-95
-111
-103
-76
-47
0
36
42
23
31
-35
-85
-80
-85
-102
-151
-193
-155
-160
-166
-185
-224
-226
-236
-270
-268
-227
-205
-184
-137
-87
-46
-19
-40
-51
-24
14
21
22
46
84
141
145
142
103
41
16
29
41
46
19
-10
-10
-21
-52
-96
-112
-143
-184
-201
-209
-237
-241
-273
-282
-306
-314
-298
-288
-255
-187
-97
-73
-21
17
44
82
89
107
139
155
191
188
152
141
141
156
112
45
1
-32
-22
-37
-25
-46
-64
-48
-52
-68
-130
-181
-195
-191
-163
-179
-263
-298
-314
-325
-315
-330
-297
-272
-245
-185
-165
-112
-32
-6
43
102
130
180
208
227
196
151
121
91
107
128
105
95
112
96
73
52
30
5
-41
-72
-52
-46
-96
-74
-16
31
48
39
67
101
136
156
159
97
81
114
120
108
75
52
73
73
79
50
23
39
41
47
63
79
114
92
72
85
67
130
188
215
202
165
159
118
68
90
98
59
30
-32
-48
-57
-110
-109
-90
-78
-105
-134
-125
-112
-92
-79
-100
-69
-95
-126
-109
-96
-44
-41
-71
-21
68
88
106
83
63
62
53
87
124
119
125
128
126
122
76
81
87
59
23
-42
-89
-87
-78
-83
-111
-140
-152
-132
-129
-134
-121
-86
-51
-65
-148
-194
-145
-116
-134
-132
-96
-28
18
3
-28
-40
-21
-23
-38
-16
-35
-58
-57
-127
-160
-135
-176
-184
-153
-155
-122
-135
-122
-144
-183
-160
-164
-165
-121
-140
-149
-124
-162
-160
-184
-175
-169
-118
-334
-122
-29
-91
22
-312
-154
-120
-145
-85
-236
-152
-160
-194
-190
-174
-229
-242
-253
-327
-332
-340
-294
-280
-316
-363
-367
-314
-387
-354
-253
-247
-214
-226
-227
-205
-177
-209
-236
-247
-211
-129
-143
-137
-195
-202
-168
-177
-165
-174
-212
-214
-179
-160
-130
-83
-79
-80
-62
-46
-57
-84
-48
-18
7
-11
-22
-14
-18
11
45
50
97
130
151
177
172
169
152
153
167
164
143
108
77
100
105
63
7
-37
-53
-82
-133
-150
-137
-151
-182
-230
-217
-208
-216
-162
-131
-93
-68
-65
-62
-32
-7
12
-7
-40
-38
-15
15
7
10
25
35
41
65
48
50
76
69
82
43
33
43
-23
-70
-91
-119
-134
-145
-142
-128
-102
-125
-136
-78
-45
-54
-55
-17
7
34
56
107
155
147
170
161
157
172
160
146
147
180
140
116
62
124
101
107
68
119
99
150
127
63
230
65
240
48
176
181
135
143
71
191
241
240
228
225
244
241
287
311
311
308
291
242
238
292
312
355
354
332
344
298
297
328
382
398
413
376
397
398
428
474
461
448
409
375
361
387
395
412
429
411
418
410
359
329
286
248
222
234
220
208
212
157
142
129
109
128
145
144
147
141
107
72
106
151
202
242
176
156
194
176
211
225
194
196
164
157
138
135
134
125
104
63
43
15
-25
-44
-55
-120
-107
-57
-37
-13
-7
1
6
11
49
76
53
72
81
80
74
24
21
34
25
-37
-62
-103
-79
-52
-23
-43
-21
-101
13
-281
-43
-250
-277
-145
-334
-89
-270
-178
-204
-200
-207
-266
-242
-243
-274
-273
-240
-208
-187
-171
-119
-102
-117
-124
-127
-129
-128
-119
-49
-37
-68
-103
-71
-53
-32
-7
-15
31
19
24
-19
-90
-64
-67
-77
-61
-50
-72
-66
-109
-135
-107
-141
-133
-129
-125
-127
-150
-85
-59
-32
-18
-58
-42
-35
-7
1
-39
-26
-14
29
27
27
25
29
76
19
26
34
38
56
59
71
90
110
112
127
114
64
30
53
53
84
75
70
120
107
106
94
88
74
82
110
123
129
128
107
120
97
83
66
25
36
61
70
87
132
180
236
265
307
353
391
420
407
409
402
340
301
312
316
322
322
307
283
273
242
248
199
182
171
179
173
146
147
63
14
-73
-145
-103
-106
-98
8
-8
24
66
97
124
143
188
245
302
335
372
361
368
345
313
272
248
195
186
168
144
111
109
155
123
74
-9
-34
-24
-18
-6
-6
0
16
46
53
47
22
-5
12
6
5
18
60
62
55
63
77
96
98
122
106
92
75
82
126
190
196
156
144
111
130
119
114
141
132
108
61
49
53
36
-3
-17
-4
-8
-44
-71
-111
-127
-117
-114
-102
-88
-59
-21
-43
-46
-66
-59
-71
-114
-109
-108
-73
-38
-12
-47
-63
-66
-72
-66
-71
-83
-91
-87
-110
-102
-120
-136
-137
-134
-122
-139
-156
-214
-230
-237
-221
-204
-242
-237
-263
-273
-243
-213
-188
-148
-143
-158
-181
-185
-163
-132
-157
-154
-131
-112
-97
-107
-134
-126
-102
-119
-116
-118
-143
-120
-115
-179
-189
-169
-236
-326
-208
-202
-124
-156
-232
-157
-171
-152
-172
-143
-72
-58
-110
-119
-110
-130
-112
-84
-60
-75
-93
-65
-85
-112
-180
-210
-195
-177
-122
-134
-123
-125
-123
-96
-73
-92
-93
-85
-36
-4
-34
-52
-65
-74
-81
-86
-80
-80
-76
-63
-77
-125
-159
-142
-83
-72
-56
-57
-62
-42
-41
4
21
-22
-6
-2
44
100
79
58
54
62
53
83
69
80
59
83
133
160
179
171
177
140
147
125
106
82
68
96
82
96
97
102
117
128
159
207
227
245
257
262
290
311
277
266
233
186
150
109
99
52
9
9
30
31
24
-17
-26
-35
-16
2
-48
-59
-99
-100
-41
18
62
114
141
196
258
296
291
250
243
253
272
241
216
214
220
235
219
162
133
109
81
18
-19
-10
-1
-15
-72
-99
-88
-70
-82
-120
-143
-177
-171
-184
-185
-175
-162
-142
-129
-101
-102
-68
-48
-43
-19
27
81
102
92
60
40
37
16
36
72
31
3
43
53
66
96
99
105
90
53
60
43
17
-62
-79
-88
-110
-91
-120
-156
-165
-173
-210
-214
-202
-192
-200
-195
-173
-128
-73
-55
-87
-122
-130
-99
-72
-55
-70
-99
-97
-87
-94
-93
-161
-208
-184
-172
-161
-182
-195
-240
-260
-267
-263
-267
-278
-294
-285
-287
-298
-320
-366
-373
-338
-315
-277
-242
-222
-188
-171
-162
-137
-119
-69
-62
-102
-135
-168
-170
-181
-223
-242
-262
-291
-312
-293
-278
-237
-195
-221
-216
-197
-213
-192
-178
-152
-130
-120
-118
-132
-146
-162
-174
-182
-187
-162
-155
-127
-100
-94
-86
-125
-93
-59
-43
-43
-54
-69
-98
-138
-181
-200
-210
-230
-237
-234
-246
-208
-185
-207
-190
-166
-160
-143
-175
-171
-177
-220
-234
-267
-276
-260
-283
-293
-303
-267
-218
-218
-198
-212
-194
-185
-178
-158
-130
-141
-135
-144
-153
-143
-135
-97
-27
33
24
-2
-16
-66
-101
-89
-107
-90
-86
-85
-93
-93
-87
-125
-133
-131
-135
-137
-156
-114
-92
-57
-26
-22
31
32
63
88
122
193
187
201
222
246
258
250
260
319
334
305
283
247
245
233
264
272
242
237
197
185
174
167
164
157
120
70
11
12
67
70
63
28
15
19
21
41
117
123
152
165
198
256
285
299
268
255
259
313
284
282
279
278
283
282
283
264
291
302
286
301
314
289
224
161
129
130
142
183
211
162
116
106
111
102
85
58
80
94
93
114
191
213
256
307
321
307
252
256
275
275
239
184
176
196
206
205
202
178
109
59
8
-2
5
-14
-19
-27
-46
-56
-44
-34
-19
8
6
24
23
13
2
3
22
66
95
77
121
161
163
135
112
129
105
76
84
52
56
39
7
-15
-15
4
-9
-19
-34
-56
-82
-105
-120
-118
-151
-158
-143
-155
-209
-264
-287
-294
-252
-208
-157
-125
-92
-107
-105
-58
-60
-41
-19
19
14
14
6
19
27
-9
-7
11
39
41
50
37
28
27
-3
-7
-8
-66
-76
-95
-133
-122
-178
-252
-290
-269
-242
-260
-297
-315
-307
-297
-203
-115
-42
-1
-1
11
39
72
101
105
108
157
133
141
157
155
162
134
176
232
278
313
313
302
275
237
210
199
190
180
136
97
91
79
63
56
54
29
25
32
28
40
29
-2
19
-6
-8
29
80
129
170
170
145
144
148
150
168
193
200
206
195
213
184
186
181
163
135
83
21
-21
-10
-28
-42
-94
-88
-88
-57
-18
-5
35
50
83
119
192
251
244
217
231
261
289
315
324
360
412
440
445
463
463
461
459
413
376
340
309
253
245
225
206
191
166
153
134
116
81
63
75
109
108
62
42
38
76
67
27
16
46
93
122
150
164
129
71
36
39
52
59
88
159
203
211
210
208
209
208
212
227
247
232
204
210
248
255
264
228
181
133
106
92
102
138
126
130
128
75
8
-21
23
85
149
180
195
227
236
193
177
154
143
148
127
114
143
182
181
154
133
140
165
184
202
196
189
189
146
92
95
103
96
59
42
75
78
74
52
15
-7
-37
-24
3
12
11
-17
-27
-38
-13
-18
-33
-27
-32
-37
-11
5
14
19
26
-31
-83
-77
-57
-47
-41
-43
-46
-53
-37
-31
-38
-28
0
28
29
-18
-58
-128
-147
-168
-166
-130
-108
-75
-61
-41
-43
-61
-73
-95
-111
-70
-14
56
59
61
93
123
145
137
82
122
153
144
127
49
32
83
97
42
-2
-45
-37
-3
10
16
21
19
-34
-20
3
54
115
126
179
197
201
221
245
279
264
238
269
295
338
330
278
260
245
221
223
225
227
219
195
209
239
243
259
260
221
180
150
164
197
207
199
200
215
216
181
172
163
137
162
140
144
118
86
75
42
63
27
-5
27
83
117
90
95
146
145
137
164
158
145
148
134
150
128
121
123
99
99
112
107
122
90
74
63
-34
-66
-75
-69
-58
-91
-148
-189
-189
-136
-56
-47
-24
-20
-9
-17
-39
-29
-14
-3
33
17
50
28
5
-1
-19
4
-15
-54
-73
-87
-114
-101
-91
-91
-103
-119
-121
-111
-104
-106
-73
-23
1
-38
-62
-46
-39
-3
-5
-7
-5
4
-22
-27
-19
-66
-72
-91
-107
-141
-130
-78
-80
-60
-80
-82
-99
-128
-130
-180
-210
-224
-263
-241
-198
-165
-143
-138
-140
-99
-62
-22
3
1
-7
-4
35
80
104
60
18
1
-23
-50
-87
-103
-86
-56
-35
-47
-21
-43
-85
-106
-126
-112
-33
-11
-17
-8
-32
-27
-7
-34
-49
-78
-59
-44
-38
-11
-75
-83
-94
-115
-86
-100
-100
-50
-56
-63
-49
-24
-7
-32
-56
-95
-140
-160
-121
-116
-101
-77
-78
-82
-155
-133
-139
-134
-124
-152
-115
-79
-68
-37
33
22
-10
-71
-90
-56
-48
-20
-26
-45
-3
31
37
52
21
-16
-18
-2
-11
-13
-16
6
-50
-113
-159
-144
-105
-78
-66
-52
-16
-12
-5
-40
-18
-55
-105
-81
-79
-85
-102
-146
-155
-142
-180
-184
-149
-163
-130
-147
-168
-154
-128
-100
-103
-107
-137
-115
-108
-88
-69
-105
-133
-132
-144
-172
-184
-239
-251
-228
-193
-190
-198
-196
-194
-218
-224
-168
-147
-145
-123
-91
-98
-96
-124
-182
-199
-202
-193
-173
-168
-133
-119
-114
-115
-129
-135
-139
-123
-154
-160
-142
-156
-116
-178
-214
-224
-232
-176
-141
-115
-49
-53
-64
-43
-104
-103
-88
-56
-58
-30
7
-48
-34
-14
-30
8
-3
-34
24
90
169
191
175
136
107
69
57
4
-3
-16
-40
-20
-57
-46
-96
-176
-181
-168
-159
-138
-151
-130
-143
-156
-132
-89
-131
-131
-175
-165
-117
-115
-107
-48
-23
40
27
30
38
29
68
112
180
218
265
290
305
285
235
190
222
202
160
173
97
87
64
27
40
10
-4
-16
-37
-35
72
95
81
71
24
2
3
8
10
38
75
140
106
155
135
160
232
197
190
158
127
98
166
151
109
97
77
38
33
12
-46
42
51
36
-69
-68
-112
-214
-197
-372
-376
-340
-348
-208
-334
-468
-501
-646
-628
-551
-580
-625
-527
-572
-582
-572
-714
-704
-607
-573
-601
-579
-538
-449
-369
-431
-433
-458
-428
-377
-394
-352
-417
-420
-463
-448
-417
-420
-453
-411
-403
-493
-458
-441
-422
-410
-393
-405
-350
-354
-349
-280
-153
-95
101
208
304
449
488
648
722
860
924
1078
1186
1308
1409
1415
1490
1451
1536
1484
1516
1479
1407
1389
1280
1195
1118
1057
937
860
715
618
519
438
353
203
10
-54
-172
-233
-296
-302
-314
-349
-347
-400
-485
-463
-546
-563
-412
-387
-319
-188
-347
-239
-172
-273
-214
-542
-438
-549
-561
-481
-547
-543
-943
-1028
-897
-894
-772
-816
-1403
-783
-1283
-1338
-997
-1436
-1162
-1592
-1415
-1120
-1391
-1276
-1499
-1534
-1493
-1339
-1238
-1314
-1284
-1311
-1113
-1084
-991
-1212
-1111
-1080
-1188
-1072
-1082
-1036
-1154
-1046
-1062
-836
-830
-767
-733
-791
-631
-583
-433
-227
-255
40
329
418
612
711
926
1031
1245
1319
1532
1678
1701
1754
1805
1879
1710
1665
1482
1529
1377
1258
1185
936
876
749
614
481
316
158
90
-7
56
-2
103
6
37
43
-129
136
-6
325
310
434
638
683
671
681
534
589
847
727
1010
1019
974
1082
912
791
956
723
851
864
872
832
604
724
326
714
459
274
380
325
171
489
122
55
195
-452
-143
-588
-89
-652
-287
-733
-444
-721
-905
-870
-1000
-689
-1148
-861
-1287
-906
-1083
-919
-906
-910
-1123
-1276
-973
-1347
-816
-1233
-991
-938
-1094
-1008
-1050
-1285
-1079
-1192
-1203
-1101
-1234
-1092
-1334
-1203
-1516
-1182
-1338
-1199
-1106
-1087
-882
-942
-846
-721
-692
-634
-269
-255
60
150
287
541
680
753
949
1046
1197
1363
1452
1576
1499
1639
1338
1417
1288
1200
1279
1101
1083
1083
1003
1072
1096
961
839
747
680
694
824
769
694
879
588
566
621
645
737
791
827
860
837
969
813
937
1037
970
775
1015
1119
684
1461
992
894
1461
554
1189
1239
554
1248
564
635
1128
375
733
892
-336
1056
-292
214
297
-581
162
-549
-490
-193
-793
-475
-606
-1048
-674
-950
-1244
-712
-1293
-524
-1183
-1229
-711
-1462
-757
-1045
-1456
-1107
-1169
-1575
-1288
-892
-1690
-1066
-1576
-1373
-1312
-1547
-1439
-1620
-1555
-1452
-1924
-1516
-1559
-1991
-1446
-1931
-1675
-1871
-1778
-1722
-1833
-1440
-1707
-1529
-1300
-1479
-1314
-1200
-1284
-1021
-936
-833
-520
-416
-290
-41
-91
156
256
421
757
775
1083
1102
1175
1297
1284
1453
1417
1451
1532
1599
1657
1725
1657
1653
1497
1468
1390
1450
1454
1347
1412
1115
1124
854
996
645
884
758
767
649
710
743
500
798
317
635
580
412
1106
251
1463
724
771
1244
300
1629
610
1570
709
1378
847
1246
1561
156
1653
438
958
1335
491
1454
71
1793
-475
1048
440
-567
1388
-1123
1497
-917
270
-20
-1243
268
-1314
-368
-648
-626
-474
-1329
-295
-1419
-498
-1071
-1087
-766
-1339
-614
-1433
-688
-1109
-731
-1223
-807
-1015
-1059
-790
-1001
-1161
-892
-1192
-1281
-635
-1357
-853
-1052
-1189
-1056
-1310
-868
-1253
-753
-1057
-1109
-787
-952
-782
-969
-850
-662
-863
-420
-521
-546
-31
-300
160
107
283
311
482
582
534
936
953
1162
1309
1285
1273
1368
1309
1467
1312
1585
1513
1688
1417
1661
1467
1357
1535
1220
1282
1438
1398
1012
1423
1107
940
1497
798
1053
1306
595
1938
427
1425
1221
366
1736
468
797
1393
247
1632
518
527
1556
-279
1667
328
681
1145
361
631
735
644
533
727
88
625
163
196
-50
37
-230
-16
-42
-324
-266
-737
-655
-682
-819
-546
-920
-436
-752
-1378
-460
-2023
-865
-1466
-1414
-1099
-1409
-1399
-1657
-1117
-1857
-1025
-1864
-1251
-1436
-1594
-1208
-1582
-1541
-1395
-1569
-1484
-770
-1617
-1307
-1082
-1600
-965
-1136
-1066
-1023
-994
-945
-1023
-843
-1156
-801
-906
-812
-789
-910
-838
-789
-685
-939
-682
-511
-749
-198
-733
-395
-421
-513
73
-444
167
-38
125
504
218
780
322
715
679
768
992
1070
958
1191
856
1091
1028
1062
1252
856
1413
993
1247
880
894
1018
898
1087
1066
709
1487
547
1046
1080
494
1186
634
984
933
1250
892
927
901
328
1071
472
981
1010
413
972
32
884
667
378
906
274
520
780
201
443
43
-236
86
-42
-344
121
-738
-433
-481
-994
15
-898
13
-864
-261
-614
-747
-28
-1395
-127
-795
-722
-346
-931
-660
-795
-119
-1284
109
-957
-724
-456
-1266
-67
-1042
-269
-1271
-35
-1524
-318
-892
-1203
-153
-1364
27
-674
-522
-558
-1229
-201
-1114
-260
-708
-279
-403
-422
-551
-392
-585
-688
-352
-712
-35
-497
-406
-160
-279
-466
-275
-341
-94
125
-84
108
147
-114
156
327
211
817
438
1078
707
1140
790
1219
1569
1127
1626
1031
1643
1208
1508
1401
1373
1513
1399
1454
1313
1588
983
1419
1043
1048
1121
964
995
755
1000
430
970
794
555
505
480
604
563
979
532
793
448
22
971
45
690
-89
445
207
445
907
-416
1370
-466
130
-387
243
-74
157
600
-669
831
-1049
504
-558
-285
282
1
-261
405
-427
-647
266
-1255
-137
-822
-365
-318
-535
-616
-591
-1029
-941
-548
-1317
-722
-714
-1195
-1066
-580
-1707
-697
-985
-1097
-753
-1134
-929
-1251
-406
-1520
-245
-1188
-663
-900
-1527
158
-1214
-640
-867
-1236
-850
-597
-895
-962
-777
-1050
-1658
-617
-1354
-879
-830
-1511
-606
-1276
-1236
-807
-1363
-799
-1034
-1256
-531
-1070
-487
-919
-483
-334
-735
-155
-545
167
-88
99
98
262
491
625
410
864
483
532
696
635
739
534
690
184
855
536
567
452
618
319
697
367
579
701
-164
1199
19
728
48
528
323
542
805
-295
645
276
665
488
589
136
497
399
1130
320
593
569
613
769
932
-165
825
905
55
1212
91
713
807
114
757
201
194
675
333
596
413
244
64
622
310
72
381
71
-727
708
75
-593
1240
-2018
465
-962
-647
989
-1269
683
-837
-350
-63
-985
-584
164
-619
168
-591
-299
-226
-1276
-402
-1342
154
-1101
-734
-487
-672
-269
-660
-1855
-259
-1393
-1059
525
-1662
-9
-1179
-964
-645
-836
-1228
-738
-639
-617
-319
-692
-363
-717
-722
-691
106
-536
487
35
378
556
373
693
652
599
594
1434
1023
1402
936
1267
949
1416
1074
1016
1556
749
1605
1014
1437
1315
926
397
1390
312
1220
1069
479
1228
257
654
884
671
707
331
453
322
168
603
108
947
126
535
206
2
928
-440
1025
475
237
710
796
342
710
451
-515
1334
-374
968
1093
578
1141
-622
843
-347
632
850
-257
621
90
-98
524
-657
1048
-1065
20
635
-1440
1546
-1767
117
-257
-566
-298
-592
-490
-441
-265
-1099
-153
-886
-676
-804
-752
-896
-977
-735
-1123
-187
-1522
-778
-737
-1420
-738
-1951
-911
-1535
-859
-882
-1847
-662
-2212
-1177
-1816
-1699
-1221
-1971
-1280
-1702
-1700
-1501
-1656
-2131
-1516
-1980
-1453
-927
-1362
-1158
-1327
-1306
-926
-1149
-406
-503
-421
58
-338
389
49
322
148
259
585
208
1251
485
577
659
403
1103
407
1323
443
818
917
426
938
424
159
419
850
240
685
256
845
-125
144
884
-529
1133
512
-365
1835
-697
613
96
65
703
-144
1868
-6
908
103
623
165
1375
777
1068
2093
817
1005
170
1692
642
1774
1057
1802
701
1146
1204
704
956
413
1037
192
1187
850
7
1325
270
-1225
1091
-603
524
765
-131
-443
1364
-2728
346
-1273
-1512
882
-1543
-207
-1254
-1588
-1651
-88
-2138
318
-2270
-1307
-12
-2573
-385
-2149
-1142
-2485
-805
-2376
-1238
-290
-2602
-1824
-1474
-2541
-1525
-916
-2112
-559
-1696
-1669
-944
-1006
-1062
-382
-932
-185
-189
-194
935
779
863
555
1182
865
1632
1605
1914
2428
1860
1859
1904
1724
2248
2220
1833
2723
1405
1658
2073
882
2621
1391
742
1481
1025
1119
1829
565
388
1160
-652
1095
-148
663
579
431
664
166
1123
20
799
357
716
-428
2273
90
1418
1312
-272
2854
-578
2239
1056
1520
1636
2069
586
1586
2147
-457
3078
-79
2565
1049
10
1669
248
1582
102
1697
-652
1568
-832
-180
1360
-1099
212
-486
-658
-1060
81
-2418
1405
-2069
-1737
145
-2855
589
-1349
-2260
267
-1618
-2727
-1760
-2042
-984
-2034
-1307
-2767
-1650
-2784
-1542
-2303
-2857
-1492
-3413
-1788
-3137
-1971
-3377
-2697
-2328
-3565
-2188
-2585
-1411
-1767
-1524
-2307
-2175
-1328
-1310
-212
-49
560
328
232
1087
462
1836
1756
1575
2756
2511
2630
2182
2957
2141
2708
2238
2109
2901
1707
2726
1554
1558
1342
821
796
607
1501
-73
1030
-583
-117
-263
-1311
451
-1064
162
-898
-315
-372
-805
-218
-888
-200
526
-492
289
941
81
1403
260
1273
929
1216
1779
1451
1890
2162
1676
1687
2568
1228
2200
2193
1506
1991
1909
221
2208
318
844
896
-432
1195
-1167
242
658
-1832
184
-1638
-2195
-945
-2206
-460
-2263
-1184
-2006
-4345
-770
-2954
-2703
-1957
-3763
-3144
-2614
-2483
-2047
-2028
-3266
-2201
-3700
-2497
-1844
-3242
-2647
-2010
-3201
-3544
-2987
-3834
-2670
-2540
-1964
-1132
-2125
-2527
-3033
-1629
-1015
-717
67
126
1098
765
1110
1630
2110
2330
2713
3584
4412
4826
4159
4362
4164
3951
4557
4351
5427
4957
3937
4326
3325
3106
3228
2723
2890
2795
2341
1035
963
1177
-53
352
-106
72
-257
-755
-254
-522
-695
-735
-701
-414
222
-292
343
-53
175
124
242
1746
1843
2073
1482
2304
1571
2955
2958
2752
4288
2785
2983
2788
2739
2915
3054
2797
2148
2509
1914
1877
743
653
546
280
457
782
-456
-1808
-1774
-3057
-2237
-1919
-2720
-2650
-2645
-4581
-3898
-5529
-3481
-3993
-4639
-3110
-4356
-4146
-4484
-5914
-4954
-3605
-5081
-3454
-4224
-4075
-4645
-5655
-5061
-5780
-3210
-2873
-1635
-1440
-2402
-3505
-4237
-2836
-1228
352
1710
2102
1223
1206
677
1649
3168
4548
5393
5856
5994
5545
5338
4389
4954
5393
5575
6308
6196
5510
4288
3056
1999
2353
2432
2934
2525
1677
683
-1287
-1327
-1507
-950
-830
-929
-1305
-2054
-2328
-2781
-2395
-2379
-1576
-1111
-276
-92
-99
-672
-975
-394
115
2222
3239
3507
3364
1967
1809
2137
3547
4559
4887
4747
4088
3518
2687
2571
2260
2208
2471
2099
2065
1369
144
-900
-1438
-1636
-1513
-1233
-2645
-2761
-4075
-4956
-3515
-5256
-4192
-3857
-5825
-5535
-6252
-6337
-6283
-5307
-6263
-5322
-5941
-5795
-5147
-6497
-6360
-6126
-5986
-5385
-5151
-5902
-4132
-3532
-2453
-2633
-3236
-3401
-3153
-1416
333
1842
1881
2050
1713
1805
2532
4205
5090
6323
6711
5804
6717
6261
6046
6183
6425
6426
6971
6401
5690
5222
3963
3316
2932
2970
2829
2375
1293
651
-830
-994
-1477
-1684
-1203
-1596
-2176
-2852
-3067
-3540
-3218
-2907
-2289
-2107
-1969
-761
-83
239
675
49
681
1729
2988
4156
4641
4651
3919
4110
4797
5500
6176
6245
6018
5841
5021
4757
4852
4134
3198
2724
2260
1389
1199
102
-1042
-2355
-2882
-2876
-2963
-3238
-4776
-5490
-6267
-6315
-6635
-6704
-6700
-6914
-6938
-7523
-7746
-7541
-7492
-7675
-6777
-6731
-6451
-6356
-6818
-6465
-7481
-5379
-3298
-1333
-787
-2587
-3896
-4002
-1666
934
2647
4175
3474
2714
2022
3211
5001
6152
7672
7491
7192
7438
7204
6554
6879
6553
6564
7467
7137
6354
4584
3081
2272
2014
2238
2310
1776
43
-1365
-3088
-3167
-2901
-2904
-2801
-3451
-4125
-4999
-4934
-4985
-4389
-4307
-3673
-2764
-2138
-1878
-1572
-1539
-1026
499
1502
3043
3942
3920
3898
4164
5025
6036
7137
7505
7328
6709
6294
6488
6262
6385
5733
4899
4343
3412
2698
1861
792
-62
-709
-1867
-2758
-4103
-5007
-6195
-6862
-7512
-7425
-7749
-8670
-8991
-10294
-10207
-10330
-9960
-9278
-9276
-9390
-9670
-9943
-9386
-9204
-8546
-6544
-3508
-1479
-2851
-4323
-5204
-2990
480
3644
5496
5524
4668
4080
4966
6677
9104
9751
10868
10609
10317
10022
9760
9401
8838
8906
9130
10026
8696
6373
3841
2399
1878
2382
2364
1930
-195
-2670
-4745
-5925
-5196
-4895
-5413
-5997
-6516
-7783
-8191
-8028
-8126
-7346
-6438
-5820
-5010
-4428
-4120
-4212
-3459
-2480
-529
974
2542
2948
2694
2919
3722
5381
6893
7621
7319
7366
6659
6592
7332
7303
6929
6684
5466
4553
3921
2925
2169
1154
458
-521
-1535
-2610
-3938
-5194
-5632
-6488
-6740
-7629
-8466
-9764
-10353
-10580
-10695
-10417
-11284
-11068
-11735
-11277
-11578
-11452
-9223
-6577
-4854
-5835
-6701
-7464
-4845
-1201
1895
3421
3679
3985
3689
5454
7757
9910
11863
12536
12721
12828
13179
13377
13294
13254
13403
14237
14213
13026
10595
8364
7372
7149
6990
6331
5042
2301
-417
-2250
-3544
-3287
-3813
-4895
-6209
-7925
-9126
-10017
-9588
-9995
-9792
-9512
-9121
-8484
-8518
-8617
-8189
-7127
-5532
-3737
-2521
-1743
-1625
-1334
63
1978
3460
4680
5349
5406
5100
5473
6109
6678
7214
6848
6782
5821
5135
4576
4093
3447
2873
1933
1017
-207
-1666
-2940
-4136
-4669
-5104
-6029
-6682
-8285
-9779
-10205
-11024
-10432
-11025
-11489
-12140
-12964
-12179
-9672
-7882
-7718
-8904
-10336
-8507
-5633
-2356
-561
43
184
878
2236
4842
7116
8802
10271
10987
12171
13075
14055
13999
13833
13866
15203
15921
15774
14275
12224
11208
10964
11020
10698
9420
7356
4882
3013
1956
1502
732
-778
-1831
-3326
-4452
-5921
-6667
-7615
-7594
-7196
-7339
-7293
-7941
-8435
-8414
-7801
-6653
-5401
-4558
-3994
-4312
-3918
-2727
-1605
120
706
1316
1500
1836
2632
3166
4037
3933
3802
3626
3500
3257
2877
2450
1934
1403
447
-26
-1092
-1826
-2940
-3150
-4168
-5295
-5595
-7304
-7386
-8652
-8977
-8852
-10178
-10751
-11949
-11744
-9324
-7359
-6963
-8584
-10335
-10147
-7997
-4900
-2380
-1454
-1414
-1535
-1343
601
2592
5154
6585
7267
8183
8658
9366
9475
9892
10273
11798
12866
13446
12201
10495
9331
9304
9697
10238
9869
8299
6491
4337
3620
3147
2999
2443
1172
64
-1050
-2082
-2946
-3766
-4232
-4248
-4056
-3779
-4123
-5092
-5568
-5622
-4718
-3443
-2511
-2083
-2500
-2865
-2454
-1248
258
1437
1674
1722
1592
1793
2278
3052
3524
3400
2823
2216
1911
1763
1637
1363
740
-227
-721
-1315
-2212
-3181
-4236
-4965
-5550
-6057
-6436
-7680
-8684
-9638
-10657
-10237
-11153
-11132
-9736
-8238
-7538
-8703
-9746
-10012
-7992
-5197
-3161
-2018
-1266
-1451
-1199
206
1937
4699
6507
7358
8039
8283
8815
9452
9826
10451
11401
12217
12569
11491
9780
8914
8546
8700
8975
8246
6778
5368
3492
2102
1620
1095
568
-686
-1604
-2553
-3484
-4154
-4765
-5481
-5274
-5309
-5088
-4639
-5017
-5011
-5025
-4306
-3259
-1941
-1231
-982
-665
-396
682
1774
2724
3402
3686
3843
4462
4869
5351
5786
5294
5092
4498
4137
4108
3961
3492
2509
1499
-15
-828
-1239
-1522
-2502
-3815
-5441
-6923
-6899
-7780
-7557
-8862
-9851
-10468
-11491
-11285
-11375
-9361
-8093
-8014
-9209
-10388
-9412
-7097
-4469
-2794
-2078
-1521
-1046
-431
1134
3291
5293
6698
7565
8163
8872
9516
10114
10519
10989
12045
12814
12807
11337
10048
9091
9125
9474
9496
8808
6499
4780
2876
1968
1856
1122
129
-1406
-2967
-3999
-4704
-5076
-5617
-6067
-6534
-6393
-6406
-6727
-6337
-6581
-5918
-5584
-4689
-3541
-3264
-2875
-2396
-1308
-266
753
1469
2081
2828
2881
3409
4182
4966
5465
5174
4646
4187
4203
4107
3955
3422
2852
1321
122
-273
-982
-1593
-2578
-3705
-4394
-5343
-6387
-6998
-8213
-8624
-9098
-9909
-9592
-10532
-9577
-7484
-7495
-7161
-9154
-8882
-6845
-4593
-1934
-1573
-476
-495
-551
815
3187
5394
6881
7567
7756
8222
8738
9449
9544
10129
10396
11178
11399
10601
9411
8201
7605
7507
7396
7458
6392
4625
2705
1000
680
457
292
-970
-1954
-3533
-4561
-4543
-4930
-4684
-5051
-5736
-6087
-6349
-5768
-5372
-4778
-4341
-4067
-3475
-2835
-2022
-1474
-603
-108
836
1569
2183
2959
2938
3084
3288
3828
4536
4759
4354
3229
2329
1789
1772
2017
1438
846
-981
-2588
-3170
-3463
-3834
-4200
-5398
-6619
-7365
-8380
-8795
-9428
-9938
-9852
-10489
-10407
-11154
-10042
-7056
-6908
-6712
-8720
-8221
-5367
-3298
-546
76
798
1477
2010
3164
5561
7476
9044
10083
10117
10728
10964
11498
11394
11556
12092
12818
12742
11549
9707
8086
7547
7545
7268
7000
5531
3643
1652
-132
-603
-1167
-1119
-1985
-3082
-4302
-5533
-6220
-6602
-6238
-5889
-5466
-5381
-6127
-6475
-6171
-4989
-3643
-2456
-1697
-1474
-922
-648
564
1846
2940
3970
4394
4806
5008
5024
5214
5764
5951
6073
5640
4713
4010
2949
2090
1851
1386
399
-1078
-2923
-3984
-4840
-5549
-5797
-7230
-7977
-9319
-10080
-10220
-10795
-10858
-11503
-11604
-11896
-11728
-12073
-9167
-6555
-6297
-6419
-8924
-7155
-4799
-1868
1141
2062
3063
3279
2919
4121
6651
8726
10726
11703
11521
11500
11108
11098
11518
11778
12687
12977
12411
10672
8445
6663
5949
5988
5841
5653
3780
1686
-817
-2642
-3327
-2942
-2731
-3352
-4467
-6250
-7402
-8215
-7559
-6593
-5715
-5297
-5671
-6067
-6222
-5103
-3607
-2074
-624
432
1090
1452
1737
2618
4230
5600
6805
7544
7326
7143
6905
6964
7695
7832
7541
6666
5201
4150
3178
2245
1680
595
-837
-2593
-4515
-5754
-6768
-7588
-8526
-9361
-10712
-11453
-12894
-13272
-13802
-13705
-12821
-13135
-13021
-13529
-13699
-10861
-7057
-5582
-4937
-7152
-6534
-4307
-1146
3082
4725
6113
5838
5247
5999
8931
11323
13787
14415
13554
13114
12612
12905
12820
12973
12730
12623
11533
10058
7912
6355
4924
3957
2990
2417
1178
-859
-2986
-5628
-6575
-6610
-6552
-7034
-7883
-9251
-10501
-11260
-10902
-9578
-8108
-6946
-6761
-7502
-7361
-6282
-4328
-1709
89
1627
2183
2112
3063
4399
6565
8396
9243
9811
9638
9576
9422
9771
9857
10119
9690
8661
7620
6215
4969
3539
2500
1312
308
-1039
-3089
-5052
-7028
-8392
-8934
-9133
-10249
-11601
-13007
-14539
-14970
-14945
-14331
-13923
-14250
-14988
-14976
-14847
-10607
-7144
-6054
-5772
-7858
-6537
-3881
271
3835
6189
6883
6869
6424
7566
10927
13143
15612
15835
15634
14901
14722
14532
14681
14596
14286
13991
12900
11298
9100
7390
5570
4582
3477
2364
786
-1220
-3740
-6134
-7514
-7958
-8419
-8890
-9628
-10962
-12296
-13088
-13207
-12172
-9978
-8858
-8264
-9081
-8962
-7828
-5660
-2763
-696
897
1713
2081
2945
4719
6659
8628
9478
10312
10460
10328
10385
10219
10584
10485
9664
9327
8570
7619
6113
4528
2981
1852
951
-137
-1390
-3473
-4878
-6605
-7708
-8532
-9511
-10131
-11025
-12164
-12720
-13543
-13185
-13560
-13925
-13556
-13757
-13444
-11628
-7607
-5996
-5154
-7071
-7853
-5273
-2029
2685
5374
6951
6926
5863
5227
8075
11263
14637
16642
15836
14601
13129
12598
13185
14218
14274
14666
13398
11368
9023
7388
5868
5079
4016
3209
2086
277
-1538
-3963
-5735
-6981
-7376
-7929
-7934
-8725
-10154
-11473
-12656
-13076
-12124
-10443
-8545
-7325
-7337
-7799
-8013
-7371
-5194
-1592
1244
2781
2624
2429
2766
4158
6377
8349
9942
10317
9663
8598
8450
8547
8386
8237
8173
7664
6367
4577
2736
1083
0
-1052
-1626
-2209
-3284
-4814
-6829
-8305
-9410
-9217
-8945
-9237
-9589
-10788
-11756
-12273
-12119
-11273
-10520
-10343
-10710
-10931
-8780
-4808
-3411
-2668
-4276
-5458
-3412
-878
3319
6318
7461
7281
5797
5162
7208
9914
12681
14618
13998
13081
11728
10569
10646
11222
11809
12215
11534
9588
7528
5588
4166
3145
2392
1966
1234
366
-1033
-2975
-5146
-6870
-7442
-7673
-7277
-7000
-7543
-8614
-9909
-10529
-10254
-8887
-7564
-5658
-3229
-3191
-3870
-4899
-4807
-2428
342
3611
4992
5054
4689
3519
3696
4782
6681
8704
9680
9134
7161
5894
5211
5002
4936
4819
4561
3671
2405
840
-767
-2451
-3752
-4402
-4443
-4247
-4168
-5185
-6841
-8366
-9482
-9132
-8166
-6675
-6316
-6803
-8389
-9570
-9748
-8893
-7161
-6879
-6511
-5421
-3200
-1472
-1255
-3392
-4558
-3773
-1855
1815
4347
5960
6219
4107
2145
2417
4206
8371
11206
11337
10220
8049
6808
6729
6841
7727
8803
8704
8126
6528
5082
4113
3418
2371
1368
684
943
1210
542
-730
-2784
-4214
-5240
-5104
-4225
-3203
-2529
-2964
-4331
-5725
-6203
-5611
-4457
-2849
-982
162
-128
-1481
-2634
-2628
-1024
1056
2955
3463
2910
1875
930
955
2171
3134
3493
3021
1991
1723
1306
1625
1645
1221
919
1067
1287
1608
2262
2326
2952
2544
2303
2141
2102
2615
2828
3034
2532
1936
1559
1759
1892
2098
2044
1411
348
-889
-1692
-1949
-2004
-2617
-3893
-4949
-5398
-5487
-5473
-5754
-6311
-6694
-7095
-7408
-7410
-7328
-7006
-6574
-6056
-5373
-4957
-4520
-4040
-3741
-3354
-2735
-1962
-1116
-168
728
1431
1898
2460
2929
3295
3549
3874
4333
4701
5293
5476
5591
5487
5098
5005
4746
5002
5301
4947
4042
3196
2351
1898
1844
1798
1867
1256
413
-542
-1393
-1696
-1724
-1585
-1466
-1725
-2315
-2801
-2810
-2588
-2077
-1814
-1545
-1387
-1084
-288
343
1167
1536
1735
2105
2801
3606
4314
5054
5419
5571
5287
5335
5532
5833
6167
5998
5603
5168
4833
4308
3785
3099
2523
2112
1570
734
-510
-1514
-2403
-3344
-4095
-4782
-5494
-6116
-6805
-7783
-8770
-9650
-10328
-10537
-10286
-9683
-9236
-9291
-9459
-9479
-9235
-8480
-7632
-6715
-5626
-4695
-3563
-2841
-2078
-1006
81
963
1562
2269
3009
3756
4305
5035
5406
5890
6192
6358
6317
6039
5612
4970
4608
4532
4729
4281
3497
2256
1239
734
653
711
391
-291
-1052
-1722
-2127
-1605
-920
-804
-1470
-2298
-2500
-2086
-1318
-690
-970
-1073
-807
-170
903
1626
2045
2050
1891
2162
3018
3741
4481
4681
4702
4922
5078
5594
5988
6274
6302
6037
5660
5106
4953
4783
4720
4527
3919
3034
2178
1277
618
257
-227
-950
-1791
-2419
-3115
-3687
-4073
-4055
-4281
-4455
-5107
-5881
-5962
-6082
-5436
-5101
-5083
-5131
-5605
-5712
-5372
-4615
-4049
-3962
-4094
-4271
-4644
-4419
-4384
-3852
-3152
-2341
-1810
-2266
-2557
-3030
-3130
-2799
-2135
-1072
-63
384
257
28
-10
628
1090
1472
1710
1840
2147
2532
3238
3612
4030
3724
3281
3062
3071
3928
4556
4587
3955
3061
2388
2294
2713
3229
3384
2872
1931
898
530
990
1589
1920
1829
1298
601
-110
-292
180
786
945
722
199
-19
469
790
1168
1109
739
500
367
847
1609
2080
2302
1828
1502
1332
1671
2516
2879
2803
2121
1774
1824
2152
2637
2848
2785
2332
1582
948
699
804
886
802
734
-21
-768
-1439
-1985
-1712
-2304
-2828
-3279
-2686
-2590
-3430
-4352
-5109
-4741
-4770
-4878
-5952
-6770
-6690
-6590
-6062
-6467
-7063
-7282
-7488
-7165
-7417
-7907
-7747
-8000
-8095
-7381
-5549
-2269
-21
4
-1200
-2372
-1708
308
2566
4847
6621
7702
7907
7707
7971
9382
10998
12296
12315
11505
10653
10420
10376
10183
9931
9243
8520
7232
5721
4328
3117
1937
376
-1471
-2726
-3305
-3735
-4131
-4820
-5818
-7218
-8450
-9402
-9587
-9064
-8399
-7864
-7825
-7887
-7659
-7072
-5940
-4458
-3390
-2812
-2385
-1876
-633
1063
2706
4071
4801
5519
6091
7102
8317
9453
10302
9952
9552
8938
8692
9160
9364
9110
8270
6971
5520
4084
2985
2289
1294
134
-1003
-2419
-3625
-5002
-6144
-7206
-8140
-8760
-9608
-10163
-10633
-10820
-11085
-11207
-11218
-10646
-10033
-9618
-8921
-8335
-7269
-6758
-6002
-5342
-4773
-3928
-3443
-2422
-1224
-893
-51
-499
-337
-712
632
4048
6757
9233
7898
6495
5509
5785
7150
8028
9114
9954
9743
8941
8508
7786
9017
9549
9438
8032
5670
4167
3310
2868
2422
1310
483
-354
-1687
-2975
-4387
-5160
-6249
-7280
-8854
-9560
-9533
-8894
-8311
-8082
-8049
-8070
-7740
-7478
-6632
-5786
-4465
-3340
-2347
-1439
-563
592
2202
3864
5038
5705
5913
6198
6824
7391
7924
8672
9481
9739
9806
9208
8657
8568
8144
7710
6661
5645
4756
3957
2939
2225
1336
610
-15
-766
-1538
-2379
-3175
-4046
-4696
-5270
-5305
-5369
-5461
-5546
-5598
-5783
-6044
-6043
-5981
-5524
-5274
-4654
-4271
-3763
-3611
-3367
-2835
-2337
-1560
-1441
-1347
-1779
-1846
-1802
-1658
-1256
-1151
-1411
-1886
-2604
-1726
297
2574
4553
4258
3637
3436
3270
4095
4679
5066
6355
6487
6761
6555
6456
7417
8226
8154
7164
5179
3464
2450
1215
468
-392
-1039
-2037
-3563
-5374
-6568
-7121
-7508
-8353
-9755
-11099
-11723
-11677
-11103
-10349
-9515
-8755
-8031
-7218
-6361
-5166
-4006
-2730
-1643
-732
463
2140
3853
5832
7347
8384
8949
9208
9573
10142
10641
11152
11633
11444
11281
10479
9874
9638
9574
9024
8311
6641
5128
3530
1906
885
-224
-754
-1536
-2196
-3135
-4053
-4943
-5571
-6205
-6714
-7233
-7731
-7927
-8097
-8066
-7726
-7250
-6673
-6091
-5509
-4748
-4376
-3588
-3451
-2748
-2396
-2240
-1612
-1549
-565
-246
246
147
151
-299
-468
-1363
-1896
-2363
-1681
-347
1088
2798
2793
3245
2737
3031
2880
2989
2688
2910
2753
2621
2291
2179
2810
3503
4001
3265
2368
809
-490
-2288
-3423
-4460
-4764
-5280
-5921
-6924
-7475
-7545
-7635
-7575
-8055
-8442
-8778
-9007
-8729
-7960
-6932
-5531
-4226
-2892
-1558
-138
1612
3291
4631
5567
6192
7063
8058
9288
10564
11337
12198
12224
12125
11933
11812
11736
11564
10395
9158
7691
6187
5276
4043
3541
2495
1422
-331
-1888
-3350
-4215
-5077
-5648
-6308
-6910
-7197
-7282
-6929
-6686
-6108
-5532
-4828
-4247
-3731
-3383
-3029
-2862
-2565
-2104
-1111
-125
1049
1594
2056
2354
2538
2762
2797
2652
2146
1385
413
-58
-611
-695
-1215
-1673
-2861
-3746
-5267
-5795
-5580
-5633
-4074
-4693
-3908
-3805
-3349
-2643
-2809
-2554
-2570
-2140
-1694
-1097
-718
332
1026
2075
2580
3171
3487
3635
3369
2533
1647
903
487
248
-226
-754
-1014
-1449
-1301
-1288
-1187
-1330
-1490
-2206
-2830
-3106
-2900
-2240
-1610
-792
-1
848
1852
2718
3386
4001
4394
4812
5026
5390
5520
5678
5570
5610
5842
5904
5994
5789
5530
5107
4691
4465
3804
3189
2580
1931
1497
668
41
-644
-1112
-1359
-1694
-1790
-1728
-1550
-1390
-1554
-1567
-1414
-1164
-858
-922
-918
-920
-971
-984
-840
-760
-707
-896
-1369
-1711
-1715
-1565
-1294
-1449
-1917
-2951
-3778
-4391
-4791
-4585
-5208
-5291
-6023
-6298
-6845
-6808
-7165
-7063
-7450
-7572
-6850
-6672
-4568
-3526
-1659
-162
1076
2352
3133
3883
4584
4972
5596
5803
5806
6147
6527
7414
7905
8278
7993
7345
6439
5269
4014
2857
1465
-32
-1820
-3468
-4563
-5306
-5530
-5820
-6090
-6526
-6891
-7273
-7695
-7872
-7741
-7025
-6418
-5762
-4920
-3862
-2362
-564
1146
2731
3927
5058
6112
6877
7720
8196
8646
8723
8731
8591
8437
8430
8238
7644
6941
6127
5548
5129
4523
3641
2336
1072
-274
-1460
-2446
-3286
-4174
-4993
-5713
-6096
-6072
-5778
-5097
-4540
-3983
-3697
-3685
-3750
-3749
-3532
-3239
-2964
-2695
-2425
-2226
-1850
-1587
-1142
-419
176
704
661
408
182
-700
-782
-1609
-1415
-1671
-1569
-1735
-2294
-2257
-2976
-2483
-3406
-3143
-4172
-4234
-4212
-3890
-2892
-2376
-1079
-442
1182
1897
2965
3178
3662
3675
3754
3699
3827
4204
4462
4750
4339
4288
3981
3846
3523
3152
2493
1762
675
-414
-1392
-2158
-2757
-3387
-4131
-4762
-4952
-4938
-4539
-4124
-3621
-3060
-2510
-1816
-957
171
1405
2453
2925
3264
3586
4469
5254
6128
6906
7241
7459
7427
7510
7497
7267
6593
5710
4246
2907
1601
442
-432
-1134
-1556
-1962
-2422
-2905
-3470
-3967
-4194
-4278
-4388
-4717
-5062
-5241
-5180
-4698
-3633
-2439
-1314
-472
188
899
1640
2587
3307
3717
3665
3467
3353
3280
3579
3690
3798
3524
3194
2777
2366
2248
1874
1345
417
-404
-1436
-2462
-3435
-4148
-4821
-5398
-6016
-6757
-7235
-7439
-7364
-7255
-6965
-7031
-6979
-6712
-6107
-5192
-4059
-2920
-1319
-368
943
1798
3037
4279
5363
6412
6797
7225
7060
6975
6647
6497
6037
5811
5224
4785
4271
4016
3598
2963
2302
1143
152
-971
-1909
-2814
-3822
-4645
-5221
-5435
-5205
-4691
-4085
-3318
-2791
-2329
-2010
-1511
-1096
-344
69
451
781
744
1101
1074
1665
1986
2314
2417
2364
1982
1806
1623
1473
1220
588
-178
-1095
-1640
-1888
-1669
-1597
-1543
-1715
-1940
-1841
-1297
-392
463
1069
1323
1286
1368
1667
2171
2703
2982
3058
2899
3060
3419
3872
4383
4627
4520
4065
3421
2574
1816
1163
506
-129
-870
-1506
-2156
-2764
-2910
-3211
-3477
-3731
-4321
-4768
-5239
-5696
-5785
-6278
-6150
-6465
-6398
-6207
-6405
-5843
-5809
-5148
-4846
-4325
-4060
-3458
-3058
-2022
-1479
-253
808
1640
3038
3371
4591
4725
5621
6004
6215
6356
5992
5876
5600
5335
4975
4215
3642
2838
2456
2128
1575
1162
250
-413
-1328
-1950
-2538
-2834
-3368
-4115
-4707
-5145
-5032
-4890
-4688
-4460
-4201
-3647
-2981
-2086
-1283
-630
-275
-114
145
304
706
1149
1528
1640
1668
1870
1953
2616
2928
3271
3301
2949
2867
2598
2775
2854
3071
3130
3197
3149
3085
3273
3467
3859
4068
4177
3957
3668
3365
3142
3096
3192
3371
3169
2995
2685
2306
2076
1817
1594
1246
909
524
232
-233
-496
-893
-1148
-1373
-1581
-1613
-1896
-2001
-2234
-2170
-2271
-2329
-2444
-2389
-2492
-2533
-2669
-2870
-2897
-3160
-3039
-3285
-3219
-3328
-3311
-3503
-3843
-4034
-4306
-4379
-4369
-4385
-4319
-4133
-3805
-3295
-2854
-2053
-1384
-491
-17
493
791
1232
1569
1867
2064
2098
2285
2412
2773
2970
3231
3280
3283
3154
2959
2773
2707
2550
2354
1904
1473
1000
803
763
602
401
-114
-616
-1144
-1369
-1382
-1218
-1197
-1388
-1723
-1965
-1995
-1616
-1154
-876
-653
-687
-693
-763
-550
-251
161
366
640
525
607
648
731
1052
1335
1834
2137
2712
2910
3053
3099
3297
3798
4062
4408
4562
4616
4701
4824
4884
4822
4747
4604
4454
4292
4189
4075
3959
3545
3107
2535
2054
1606
1228
758
64
-769
-1678
-2393
-3062
-3496
-3984
-4371
-4866
-5492
-6130
-6651
-6916
-6948
-6904
-6954
-7029
-7224
-7262
-7273
-6930
-6749
-6438
-6040
-5946
-5633
-5635
-5139
-4595
-3843
-3151
-2778
-2217
-1878
-1617
-1444
-1186
-565
0
729
1160
1799
2361
2953
3680
4111
4831
5167
5617
5827
5734
5561
5136
4836
4679
4532
4315
3797
3140
2305
1617
1021
552
178
-332
-1024
-1763
-2536
-2941
-3200
-3407
-3606
-4138
-4477
-4675
-4624
-4279
-3883
-3417
-2962
-2456
-1836
-1094
-274
586
1312
1908
2597
3190
3863
4299
4693
4956
5228
5529
5915
6081
6377
6489
6431
6447
6339
6425
6304
6184
5760
5284
4932
4589
4330
3732
2998
2205
1333
688
-5
-523
-1222
-2003
-2659
-3268
-3480
-3617
-3689
-3837
-4154
-4335
-4540
-4575
-4589
-4653
-4666
-4665
-4499
-4226
-3860
-3441
-3100
-2880
-2700
-2473
-1883
-1234
-637
-231
-92
-4
-74
88
245
457
518
364
192
-79
-195
-245
-349
-484
-524
-581
-803
-1005
-1125
-1501
-1527
-1741
-1880
-1954
-2115
-2060
-2147
-1923
-1631
-1297
-833
-552
-98
176
575
1127
1514
1930
1940
2058
2040
2232
2444
2561
2532
2181
1849
1427
1223
1093
1017
901
674
437
171
113
215
282
327
181
-52
-278
-272
-166
-56
55
148
377
658
1101
1473
1848
2155
2509
2757
3091
3313
3499
3670
3591
3592
3356
3263
3081
2975
2761
2532
2315
1983
1781
1421
1114
725
388
163
-250
-431
-808
-1004
-1411
-1847
-2174
-2587
-2670
-2882
-2841
-2877
-2759
-2626
-2530
-2381
-2330
-2140
-2002
-1711
-1384
-1035
-695
-537
-310
-190
-14
126
327
518
702
849
887
1001
1082
1286
1442
1544
1456
1263
916
538
225
-63
-340
-707
-1156
-1659
-2272
-2709
-2976
-3268
-3367
-3717
-3999
-4347
-4674
-4860
-5114
-5254
-5291
-5230
-5211
-5029
-4823
-4534
-4171
-3917
-3493
-3175
-2534
-1941
-1327
-880
-569
-155
390
1000
1710
2417
2823
3253
3355
3385
3283
3323
3292
3394
3455
3434
3369
3148
3033
2966
2842
2770
2599
2437
2251
1921
1669
1348
1095
754
578
405
216
175
-54
-164
-333
-405
-348
-235
-41
169
329
407
429
396
464
562
689
804
870
887
874
879
966
1121
1363
1632
1851
1855
1865
1721
1690
1780
2014
2164
2152
2115
1899
1912
1803
1872
1934
1862
1763
1452
1221
1135
1150
1221
1122
906
643
450
253
20
-142
-421
-809
-1257
-1606
-1731
-1658
-1777
-2095
-2490
-2936
-3154
-3323
-3450
-3639
-3850
-4020
-4200
-4327
-4361
-4332
-4136
-3897
-3668
-3484
-3219
-2927
-2710
-2474
-2354
-2121
-1840
-1663
-1452
-1320
-989
-647
-446
-348
-318
-194
-64
100
30
133
55
18
-82
-5
177
423
765
890
1160
1269
1509
1563
1785
1862
2093
2447
2550
2668
2538
2569
2613
2783
2949
3098
3264
3322
3407
3385
3371
3362
3250
3147
2895
2619
2283
1956
1767
1516
1350
1096
894
697
469
201
-52
-213
-348
-325
-412
-481
-532
-522
-484
-333
-172
66
229
265
327
222
427
517
692
898
961
1063
1103
1308
1527
1891
2207
2402
2355
2199
2085
2034
1974
1766
1431
941
492
72
-340
-577
-788
-1104
-1580
-2191
-2752
-3283
-3705
-4183
-4627
-5028
-5420
-5619
-5920
-6074
-6149
-6235
-6190
-6167
-5989
-5777
-5397
-4903
-4377
-3849
-3276
-2723
-2193
-1666
-1136
-515
59
637
1028
1315
1537
1782
2115
2473
2790
2958
3010
2892
2859
2632
2478
2257
1921
1630
1233
939
540
216
-53
-114
-205
-224
-131
-221
-194
-313
-355
-350
-219
-138
-123
-117
-202
-269
-417
-515
-481
-375
-183
-7
80
209
320
488
765
1093
1298
1520
1639
1679
1681
1632
1712
1795
1941
2121
2180
2145
2238
2333
2519
2720
2812
2817
2730
2513
2279
2186
2086
2045
1859
1571
1145
654
248
-163
-533
-888
-1231
-1721
-2128
-2530
-2744
-2826
-2935
-2943
-3011
-3045
-2977
-2860
-2786
-2662
-2529
-2322
-2092
-1778
-1429
-1066
-795
-632
-377
-150
153
417
705
973
1198
1399
1447
1540
1524
1571
1588
1600
1591
1454
1131
655
216
-72
-201
-117
32
-29
-219
-593
-942
-1167
-1243
-1217
-1166
-1340
-1551
-1784
-2012
-2032
-1961
-1803
-1720
-1677
-1633
-1568
-1439
-1343
-1295
-1184
-1034
-845
-654
-473
-274
-151
-166
-69
81
375
713
969
1173
1230
1357
1458
1610
1904
2160
2355
2487
2376
2282
2203
2182
2134
2110
2047
1857
1880
1769
1667
1637
1528
1461
1282
1123
1031
960
898
803
625
473
303
218
222
221
144
-5
-71
-103
-62
-7
44
118
189
256
230
225
223
244
294
427
575
680
794
723
732
671
660
696
676
618
464
354
217
124
-4
-116
-179
-214
-163
-106
-82
-83
-166
-370
-636
-828
-931
-920
-907
-959
-1027
-1165
-1272
-1322
-1276
-1142
-1091
-1070
-1180
-1314
-1473
-1487
-1412
-1293
-1138
-984
-889
-843
-690
-618
-458
-296
-118
-136
-272
-479
-782
-935
-1138
-1236
-1267
-1261
-1266
-1337
-1469
-1557
-1631
-1692
-1685
-1664
-1662
-1672
-1680
-1707
-1625
-1566
-1379
-1173
-941
-715
-541
-327
-171
103
411
793
1090
1374
1472
1621
1741
1949
2292
2467
2733
2749
2798
2686
2539
2344
2091
1825
1546
1376
1001
772
538
471
503
497
491
395
326
142
-51
-276
-466
-589
-740
-835
-819
-768
-626
-478
-365
-281
-173
-83
14
73
148
188
175
115
54
-9
-7
94
119
134
35
-47
-202
-328
-466
-577
-638
-632
-648
-801
-914
-971
-907
-821
-792
-778
-727
-760
-728
-683
-656
-608
-552
-474
-374
-282
-168
-64
-10
61
177
362
524
700
807
846
840
748
681
585
444
341
185
29
-84
-160
-222
-325
-310
-265
-184
-130
-71
-145
-248
-385
-531
-515
-536
-422
-385
-320
-262
-185
-119
5
147
301
537
644
769
815
926
1143
1373
1633
1837
1974
1933
1796
1550
1401
1269
1135
1086
1004
940
866
780
730
746
727
730
685
558
393
120
-78
-211
-249
-236
-280
-337
-498
-593
-566
-580
-618
-618
-622
-638
-694
-792
-917
-960
-1033
-1102
-1229
-1406
-1481
-1532
-1488
-1504
-1471
-1411
-1370
-1225
-1200
-1209
-1158
-1044
-940
-813
-638
-482
-313
-187
-81
164
446
766
1031
1086
1112
1222
1315
1441
1471
1396
1340
1338
1284
1214
1180
1199
1263
1261
1166
1066
966
895
896
835
719
600
503
472
480
496
501
500
459
301
174
64
17
-11
-28
6
7
-50
-143
-194
-159
-40
89
204
220
190
102
40
43
68
124
40
-17
-94
-157
-124
-38
78
181
315
339
391
465
581
662
662
536
369
157
-67
-288
-437
-490
-591
-692
-858
-985
-1115
-1164
-1216
-1262
-1328
-1449
-1621
-1810
-1922
-1960
-1972
-2002
-2133
-2266
-2352
-2410
-2328
-2295
-2305
-2319
-2301
-2320
-2288
-2219
-2086
-1893
-1773
-1647
-1554
-1426
-1286
-1090
-880
-673
-461
-297
-177
-41
103
242
395
554
709
804
875
966
1043
1111
1209
1291
1385
1494
1623
1704
1789
1738
1667
1633
1600
1660
1684
1684
1620
1397
1215
1147
1159
1227
1281
1262
1176
1126
1101
1181
1261
1267
1204
1127
1060
995
925
876
809
738
697
647
596
550
476
387
284
168
38
-38
-79
-125
-128
-108
-65
-56
-34
6
75
109
148
162
102
-41
-122
-171
-193
-178
-282
-286
-353
-387
-420
-538
-611
-665
-726
-798
-893
-1073
-1222
-1328
-1460
-1600
-1731
-1887
-1975
-2059
-2102
-2024
-1965
-1889
-1825
-1800
-1731
-1692
-1653
-1599
-1597
-1560
-1516
-1409
-1285
-1075
-905
-815
-838
-878
-860
-731
-535
-394
-284
-296
-248
-198
-41
204
407
578
678
796
835
934
1024
1083
1206
1317
1421
1451
1420
1339
1302
1281
1300
1368
1383
1422
1470
1484
1543
1561
1536
1510
1502
1479
1458
1428
1410
1451
1407
1249
1119
1032
1005
1041
1075
1085
1054
978
926
901
865
840
793
815
773
713
693
641
651
682
752
778
768
737
687
611
592
531
470
466
476
501
455
375
217
123
72
16
-30
-93
-133
-187
-276
-383
-466
-523
-534
-625
-789
-917
-1069
-1115
-1202
-1254
-1204
-1230
-1301
-1334
-1384
-1420
-1497
-1610
-1687
-1763
-1825
-1893
-1953
-2038
-2011
-2016
-1976
-1916
-1832
-1702
-1650
-1550
-1506
-1401
-1347
-1268
-1160
-1069
-976
-857
-771
-762
-682
-582
-426
-354
-305
-259
-210
-146
-103
-2
76
123
151
72
28
15
4
36
28
32
18
10
-17
-76
-115
-171
-216
-212
-237
-254
-237
-230
-236
-272
-296
-252
-180
-52
121
196
249
306
348
471
617
764
879
994
1086
1220
1360
1536
1692
1791
1845
1763
1704
1605
1533
1522
1452
1388
1320
1213
1120
1016
803
618
484
330
218
100
-33
-154
-271
-360
-402
-446
-488
-523
-601
-648
-668
-644
-618
-572
-535
-452
-364
-283
-245
-212
-202
-192
-83
10
62
71
75
79
114
190
193
137
99
-10
-67
-154
-259
-318
-371
-384
-388
-439
-485
-483
-481
-483
-556
-637
-711
-762
-849
-881
-908
-913
-892
-859
-829
-845
-853
-876
-841
-798
-723
-652
-664
-661
-649
-573
-491
-404
-318
-264
-201
-220
-233
-255
-243
-258
-303
-286
-259
-207
-164
-78
-3
48
133
222
345
420
497
550
613
746
878
1024
1144
1244
1295
1364
1371
1393
1441
1481
1540
1544
1578
1582
1593
1580
1513
1397
1258
1190
1129
1054
896
672
510
368
252
161
49
-46
-185
-293
-398
-416
-395
-399
-380
-392
-373
-310
-236
-203
-198
-170
-138
-84
-21
22
97
203
250
280
329
416
566
599
611
537
412
284
182
56
-61
-190
-340
-471
-663
-808
-924
-990
-1030
-1076
-1079
-1042
-1027
-1071
-1129
-1179
-1208
-1148
-1014
-906
-830
-783
-706
-605
-526
-428
-337
-292
-292
-280
-242
-236
-200
-179
-194
-203
-287
-351
-387
-371
-387
-402
-398
-405
-353
-342
-284
-265
-232
-194
-163
-87
-44
24
51
111
171
254
350
500
591
649
660
678
720
716
817
878
890
847
718
655
594
565
566
499
424
330
214
116
47
-9
-42
-109
-193
-264
-349
-355
-334
-342
-340
-382
-432
-457
-481
-431
-371
-320
-274
-268
-255
-226
-158
-31
37
11
-63
-86
-70
-68
-76
-133
-160
-227
-263
-314
-367
-403
-472
-507
-517
-530
-552
-573
-652
-723
-793
-820
-717
-688
-643
-544
-434
-316
-207
-137
-60
4
54
187
299
468
567
605
634
624
691
779
840
894
928
950
897
813
720
615
560
495
447
417
352
351
338
336
299
258
244
200
154
162
151
144
192
184
162
146
147
181
247
287
300
311
306
303
273
287
282
240
248
228
215
178
154
218
292
275
277
226
179
200
178
178
137
88
27
-15
-62
-116
-110
-105
-112
-125
-164
-202
-224
-227
-203
-201
-206
-251
-328
-396
-389
-328
-283
-290
-354
-485
-617
-705
-741
-726
-736
-812
-872
-889
-887
-847
-784
-696
-634
-604
-570
-530
-458
-391
-362
-335
-277
-169
-50
64
199
309
385
484
656
860
1062
1214
1311
1329
1309
1334
1367
1394
1348
1249
1136
1050
1023
989
988
953
824
613
422
288
258
260
215
144
42
-57
-105
-133
-129
-116
-103
-79
-85
-71
-75
-16
80
193
305
372
372
383
392
377
413
386
333
268
223
224
188
127
95
9
-51
-118
-181
-216
-194
-229
-252
-284
-361
-411
-477
-455
-439
-402
-421
-474
-499
-467
-436
-355
-305
-276
-313
-377
-420
-460
-448
-384
-361
-448
-522
-600
-654
-636
-642
-681
-706
-709
-657
-615
-555
-499
-501
-507
-500
-519
-541
-494
-399
-335
-255
-190
-128
-77
-81
-70
-76
-93
-65
-34
-44
-25
-5
-2
-13
29
34
45
103
122
150
133
117
69
20
-37
-115
-140
-126
-120
-129
-113
-82
-93
-54
11
80
131
140
159
154
160
176
175
154
163
153
98
93
83
131
162
200
272
300
348
332
286
262
191
79
29
15
23
39
-20
-72
-131
-181
-208
-185
-142
-128
-105
-118
-162
-157
-90
-25
67
124
132
149
182
247
329
395
418
375
273
212
218
296
348
341
333
269
255
213
188
228
180
169
129
34
15
7
-5
-2
-61
-62
-12
-27
3
1
23
102
104
179
277
306
356
341
323
337
324
427
494
566
654
683
691
643
610
577
554
526
495
417
332
180
26
-60
-160
-238
-270
-348
-452
-538
-617
-619
-654
-719
-686
-717
-692
-633
-615
-519
-440
-327
-216
-70
86
148
246
325
453
566
586
584
571
618
694
714
743
716
671
619
619
654
698
667
579
482
371
378
340
313
308
251
209
216
166
140
107
61
63
14
-11
-55
-123
-125
-134
-190
-159
-180
-154
-137
-56
52
85
105
146
143
141
161
160
212
214
214
241
234
270
258
187
195
145
91
44
-79
-221
-318
-412
-408
-412
-455
-502
-518
-502
-529
-517
-516
-542
-584
-615
-681
-729
-763
-832
-824
-818
-833
-798
-766
-734
-724
-697
-680
-658
-635
-647
-643
-690
-660
-582
-530
-509
-494
-455
-402
-369
-282
-222
-210
-196
-180
-182
-173
-124
-129
-51
-10
73
112
111
139
191
242
270
291
232
214
119
32
-31
-115
-113
-93
-37
-10
-7
24
69
131
243
328
349
351
308
327
306
301
334
446
535
611
672
690
745
790
842
841
839
820
823
792
696
669
621
602
606
529
505
450
399
360
256
181
82
24
-51
-131
-192
-283
-372
-379
-403
-426
-437
-528
-572
-602
-623
-604
-613
-584
-542
-482
-446
-446
-422
-386
-371
-357
-299
-254
-226
-196
-188
-115
-53
-1
48
83
146
190
194
195
199
178
189
173
176
160
146
96
52
16
-18
-71
-129
-175
-248
-291
-351
-353
-323
-262
-244
-228
-202
-199
-206
-205
-156
-107
-104
-47
30
36
69
68
143
219
222
234
274
343
464
553
580
662
719
769
801
832
839
838
834
805
756
724
691
618
623
594
547
532
485
475
440
430
416
368
332
268
200
165
106
50
17
-31
-55
-85
-101
-136
-201
-269
-272
-268
-295
-302
-306
-326
-332
-285
-215
-170
-138
-70
-25
18
36
55
118
109
111
91
59
41
30
-54
-114
-121
-120
-117
-136
-150
-196
-218
-253
-283
-309
-313
-338
-408
-461
-550
-658
-675
-694
-687
-634
-613
-584
-566
-541
-476
-454
-384
-278
-252
-167
-56
39
199
301
365
362
340
324
311
280
278
285
236
223
180
160
147
97
52
-8
-62
-119
-199
-249
-263
-261
-311
-352
-413
-446
-471
-542
-569
-602
-657
-705
-755
-790
-797
-814
-754
-707
-626
-473
-393
-330
-263
-210
-127
-63
45
135
201
298
298
319
314
323
349
390
457
515
552
510
504
459
418
393
366
343
308
252
149
78
21
78
30
-6
-33
-95
-69
-90
-100
-107
-172
-233
-254
-259
-176
-115
-66
-45
-56
-16
66
167
227
250
205
162
115
129
176
234
304
332
316
334
305
294
314
344
401
354
363
302
234
244
225
227
199
148
102
39
-36
-59
-57
-4
4
-26
-41
-108
-91
-75
-36
29
-16
-73
-127
-169
-92
-17
10
15
-46
-115
-144
-168
-188
-238
-323
-371
-364
-321
-265
-221
-193
-174
-162
-102
-45
6
13
25
27
26
78
121
177
207
221
223
237
247
309
360
383
439
430
445
488
476
489
466
412
371
321
328
315
284
244
179
189
217
259
328
365
342
297
282
319
399
411
351
327
339
370
389
441
481
471
436
399
366
348
330
305
287
222
161
143
84
88
73
33
33
-19
-35
-41
-47
-43
-32
-56
-72
-41
26
67
85
74
13
29
31
29
27
21
-31
-25
11
-22
-35
-118
-159
-171
-210
-273
-283
-339
-358
-361
-401
-423
-446
-445
-488
-490
-490
-437
-424
-425
-423
-433
-432
-418
-350
-325
-284
-337
-336
-315
-270
-233
-253
-217
-167
-104
-45
10
11
2
-26
-14
-10
-19
-27
-43
-101
-139
-179
-199
-177
-172
-141
-150
-143
-134
-138
-130
-174
-163
-144
-156
-113
-85
-36
58
81
91
81
51
58
71
82
149
139
98
115
87
106
116
134
192
221
258
270
260
188
128
118
120
73
24
8
-65
-92
-95
-51
-15
-39
-98
-197
-289
-366
-404
-437
-465
-475
-543
-604
-645
-654
-612
-547
-503
-452
-449
-432
-380
-334
-255
-198
-116
-102
-79
-20
46
132
177
205
215
236
251
268
252
251
207
189
168
160
169
143
174
199
231
259
251
212
151
132
144
198
262
290
293
289
257
251
293
328
364
360
346
350
344
362
358
352
368
375
362
346
284
300
344
361
381
376
331
318
327
364
361
298
215
162
165
160
160
105
96
96
80
58
56
32
62
75
80
111
81
65
39
-20
-65
-79
-54
-107
-167
-220
-228
-236
-246
-230
-191
-204
-223
-190
-209
-198
-166
-100
-72
-54
-64
-76
-95
-90
-58
-34
34
84
77
102
103
96
134
108
134
172
145
88
-7
-52
-28
-19
-42
-63
-121
-137
-127
-103
-54
-76
-43
-36
-65
-72
-47
-21
1
-25
-61
-40
-21
51
54
71
122
101
92
91
66
110
105
141
184
233
278
255
245
254
297
351
416
441
447
410
395
413
402
402
390
337
308
268
250
247
190
106
52
-11
-102
-141
-186
-231
-311
-365
-422
-450
-425
-482
-543
-604
-653
-689
-687
-703
-696
-698
-710
-682
-682
-663
-673
-635
-538
-502
-468
-414
-353
-301
-282
-268
-275
-268
-251
-157
-96
-69
-62
-70
-34
-17
8
41
56
65
63
39
8
-7
-16
-23
-48
-79
-70
-115
-111
-114
-110
-105
-148
-221
-251
-262
-261
-264
-306
-309
-325
-332
-369
-367
-346
-284
-230
-179
-161
-101
-43
-40
29
57
117
204
249
288
327
357
387
443
484
547
619
635
676
719
728
769
736
662
603
500
426
373
350
298
246
224
187
160
115
54
33
16
-22
-82
-156
-222
-253
-300
-342
-327
-321
-331
-289
-265
-212
-160
-191
-164
-108
-54
13
49
108
126
92
56
29
73
83
77
83
53
35
63
91
87
74
76
73
69
38
17
27
-8
-14
-45
-76
-81
-80
-41
-73
-111
-135
-150
-107
-106
-106
-125
-153
-156
-150
-117
-82
-76
-72
-72
-14
39
66
60
27
34
59
80
124
133
135
115
86
65
39
51
7
29
-19
-24
-31
-74
-54
-56
-71
-66
-81
-92
-117
-133
-102
-118
-110
-143
-209
-214
-217
-206
-197
-237
-298
-326
-322
-295
-253
-231
-214
-200
-163
-119
-143
-157
-163
-138
-79
-68
-24
-15
-14
18
48
112
128
173
176
138
141
144
168
186
228
277
263
253
199
160
159
134
124
100
104
106
49
-12
-78
-38
-2
-9
-48
-89
-113
-134
-156
-220
-262
-269
-268
-261
-277
-233
-222
-256
-249
-261
-273
-275
-270
-270
-283
-327
-356
-356
-385
-381
-359
-340
-311
-313
-289
-270
-271
-265
-257
-245
-276
-268
-258
-259
-238
-222
-195
-157
-98
-87
-118
-123
-88
-64
-36
-19
13
-17
-67
-67
-119
-138
-127
-127
-105
-105
-125
-128
-144
-140
-155
-170
-195
-231
-218
-222
-219
-172
-142
-90
-53
-54
-23
11
71
104
124
136
175
217
240
276
314
362
437
487
514
534
512
508
454
446
450
473
493
457
449
432
409
413
390
327
291
264
234
206
124
70
33
34
61
41
66
22
-7
-20
-69
-66
-101
-135
-188
-223
-248
-209
-199
-254
-253
-333
-393
-385
-387
-401
-406
-430
-433
-363
-337
-323
-273
-269
-234
-190
-127
-90
-86
-104
-101
-61
-26
-24
-49
-35
-29
-15
-7
15
53
78
53
0
6
27
52
42
-13
-85
-153
-208
-245
-253
-258
-244
-256
-294
-322
-326
-340
-364
-344
-367
-373
-376
-345
-292
-269
-245
-251
-220
-181
-155
-94
-36
21
70
106
141
168
225
265
314
356
413
444
494
537
561
616
656
696
730
744
721
714
705
676
647
625
597
545
440
366
289
214
164
112
28
-44
-97
-215
-273
-306
-324
-341
-396
-392
-376
-365
-367
-343
-309
-309
-291
-268
-248
-231
-215
-186
-119
-99
-148
-139
-144
-145
-106
-73
-34
-6
33
50
44
23
30
76
98
109
71
12
1
35
103
120
82
17
-31
-52
-84
-102
-151
-149
-125
-136
-187
-236
-267
-287
-281
-268
-233
-241
-218
-210
-190
-157
-103
-78
-75
-52
-43
-6
-10
-31
-8
-10
47
87
101
156
191
214
242
316
359
381
438
470
459
461
449
478
507
542
524
482
447
454
456
434
393
336
263
159
95
18
-47
-115
-172
-229
-251
-251
-261
-307
-355
-361
-340
-310
-299
-260
-208
-165
-154
-122
-109
-123
-112
-56
19
48
70
107
145
140
110
92
60
86
96
61
73
72
66
66
55
-14
-54
-102
-96
-55
-85
-143
-207
-229
-257
-299
-306
-320
-278
-243
-220
-185
-195
-201
-205
-192
-140
-110
-76
-53
-45
-29
0
46
76
89
104
87
100
131
181
216
223
227
184
157
133
155
155
138
127
67
-15
-64
-103
-134
-169
-200
-235
-260
-253
-283
-311
-318
-346
-366
-360
-339
-316
-295
-284
-247
-211
-223
-223
-211
-204
-161
-130
-146
-121
-63
-57
-34
10
34
25
28
41
47
66
62
74
96
104
123
132
103
83
38
32
27
22
10
-18
-26
-74
-88
-44
-51
-28
-5
-26
2
33
56
93
67
37
17
25
58
61
88
71
31
33
48
75
95
106
119
180
224
217
240
294
318
346
388
440
515
565
598
640
653
655
665
651
624
594
597
562
521
513
472
451
415
395
395
418
350
266
233
234
256
213
166
131
67
50
79
59
31
-25
-87
-148
-169
-182
-191
-168
-138
-133
-154
-207
-180
-74
27
107
158
175
192
231
248
287
309
305
315
353
359
337
323
281
204
194
149
119
117
91
50
-31
-114
-160
-203
-226
-189
-195
-226
-279
-298
-286
-257
-186
-161
-185
-176
-139
-99
-33
-1
36
58
38
27
7
35
56
62
54
29
-26
-66
-116
-141
-123
-138
-125
-120
-142
-98
-45
-23
-22
-54
-68
-39
-17
-17
-43
-59
-12
-11
-34
-57
-89
-123
-109
-124
-139
-134
-125
-123
-124
-114
-136
-126
-119
-121
-71
-34
-17
21
27
41
94
135
156
140
91
58
19
-27
-35
-59
-92
-107
-156
-141
-114
-120
-95
-88
-94
-79
-86
-47
-60
-106
-103
-108
-133
-152
-145
-160
-143
-140
-115
-83
-63
-46
-24
3
-14
-2
36
48
62
60
15
-10
-54
-50
-17
-6
-11
14
10
43
97
126
157
163
173
189
225
228
252
296
335
362
367
377
352
351
318
281
269
229
223
225
179
138
107
66
41
24
3
12
14
-5
-14
-1
-29
-6
38
43
89
77
46
100
124
82
91
66
50
69
53
11
13
19
-20
-9
-30
-37
-76
-121
-145
-141
-148
-185
-169
-145
-138
-122
-107
-101
-100
-96
-131
-148
-138
-165
-176
-203
-193
-159
-148
-166
-127
-73
-22
7
-7
2
18
47
44
66
104
158
186
187
235
291
347
394
379
378
371
344
378
384
355
345
271
210
177
155
146
80
26
11
21
46
61
80
106
93
94
121
145
218
270
267
269
271
325
368
351
305
217
165
141
99
91
65
63
83
80
69
45
70
74
83
86
75
80
85
75
66
82
80
86
77
65
53
43
28
8
-14
-37
-13
-4
-29
-13
-47
-75
-67
-89
-120
-102
-72
-93
-120
-136
-155
-178
-209
-217
-210
-244
-204
-197
-201
-194
-240
-235
-218
-221
-220
-214
-208
-149
-98
-98
-87
-73
-51
8
41
94
109
93
111
146
194
186
138
83
77
60
35
11
-42
-92
-121
-103
-50
-48
-67
-111
-130
-149
-148
-160
-140
-92
-92
-91
-103
-91
-73
-97
-132
-163
-163
-152
-163
-169
-205
-265
-285
-293
-273
-237
-223
-204
-162
-169
-208
-239
-255
-249
-241
-206
-225
-216
-179
-199
-178
-167
-167
-143
-134
-133
-72
-81
-103
-105
-157
-175
-204
-173
-138
-116
-119
-107
-70
-23
-8
-3
27
12
25
22
16
69
122
123
147
130
80
46
30
43
-13
-40
-89
-123
-105
-164
-217
-250
-249
-226
-238
-229
-234
-228
-247
-246
-235
-218
-168
-132
-115
-130
-88
-101
-88
-54
-65
-23
18
68
114
144
122
151
191
218
255
255
235
249
239
232
264
251
214
176
172
199
217
197
174
145
130
95
62
17
-24
-19
-64
-89
-102
-142
-184
-186
-200
-208
-200
-209
-188
-166
-138
-153
-155
-144
-156
-139
-123
-74
-65
-35
35
64
121
170
244
327
384
437
482
506
499
525
573
612
621
572
510
498
454
416
430
417
415
454
409
341
296
242
187
149
109
82
76
52
2
-46
-63
-78
-57
-46
-70
-95
-128
-162
-185
-248
-272
-241
-230
-194
-177
-181
-115
-78
-81
-64
-71
2
0
-15
5
-36
8
37
32
57
79
91
120
138
156
167
161
151
81
-12
-67
-134
-141
-100
-103
-120
-135
-207
-255
-303
-345
-304
-344
-375
-401
-430
-414
-404
-409
-406
-403
-412
-433
-468
-428
-372
-343
-314
-318
-312
-299
-263
-240
-213
-215
-209
-183
-125
-86
-65
-8
-4
13
11
4
38
18
-1
20
64
81
80
107
106
102
118
106
84
83
100
76
48
23
10
-19
-67
-99
-159
-219
-263
-279
-272
-267
-268
-272
-295
-277
-264
-244
-162
-133
-136
-86
-30
-11
-29
-63
-56
-48
-51
-63
-54
-25
3
33
32
12
-12
-47
-100
-144
-128
-106
-79
-58
-72
-112
-152
-175
-176
-163
-163
-181
-171
-168
-146
-145
-122
-119
-124
-136
-169
-210
-233
-245
-247
-204
-164
-161
-188
-216
-226
-160
-115
-108
-92
-57
6
25
16
30
77
149
192
226
209
199
213
219
224
207
228
248
244
246
249
282
315
298
296
352
411
432
430
409
382
369
346
293
299
330
335
377
390
334
300
269
274
298
277
262
234
229
260
234
220
231
241
262
248
248
264
270
296
332
346
372
409
428
415
377
324
279
234
184
159
158
132
101
36
-37
-73
-101
-130
-129
-124
-165
-158
-152
-127
-154
-166
-145
-81
-44
-61
-54
-23
-21
-20
-21
-45
-36
-62
-100
-119
-114
-100
-124
-110
-98
-83
-56
-54
-46
-42
-7
11
11
-5
-14
-28
0
27
28
27
9
4
-35
-69
-51
-51
-17
-9
-35
-33
-45
-43
-15
0
2
22
63
67
70
48
30
