-114
-131
-78
-75
-34
-43
-28
11
55
54
47
25
43
19
51
96
26
-5
3
-2
1
-1
0
0
1
0
0
0
0
0
0
0
1
0
0
0
0
0
0
0
0
0
0
0
0
0
0
0
0
0
0
0
0
0
-1
0
0
0
0
0
0
0
0
0
0
0
0
0
1
0
0
0
0
0
0
0
1
0
0
0
1
1
0
0
0
-1
1
1
0
0
0
0
0
0
0
1
0
0
0
1
0
0
0
0
0
-1
0
0
0
0
0
0
0
0
0
0
-1
-1
-1
0
0
0
0
-1
0
0
0
0
0
0
0
0
0
1
0
1
0
0
0
0
0
0
1
-1
0
1
-1
0
0
0
0
0
0
0
-1
0
0
0
-1
0
-1
1
0
1
-1
0
-1
0
0
0
1
-2
4
-6
10
-20
172
236
184
216
228
281
266
251
266
250
230
255
261
297
282
250
233
214
199
184
192
200
174
152
118
129
145
114
137
192
160
155
149
123
151
156
189
219
196
152
143
120
94
83
82
77
69
25
-25
-34
-69
-85
-84
-101
-106
-102
-120
-175
-215
-203
-190
-170
-157
-155
-208
-221
-219
-213
-211
-236
-246
-257
-240
-219
-221
-169
-170
-155
-101
-31
12
-5
-2
5
0
0
-7
-13
2
1
11
1
-1
7
-3
-12
-3
1
5
0
-9
-6
9
5
-6
-6
-4
-5
-4
-1
1
1
-9
3
0
6
8
-2
-5
-6
-9
-4
1
4
11
2
-15
-11
0
-3
9
0
-9
6
-7
-9
-1
-5
12
-3
1
-2
-6
5
8
-1
-18
-9
-3
0
3
1
-6
-12
-10
-6
-1
0
9
0
-6
-2
15
19
7
-1
2
2
8
5
-13
-3
-2
-11
1
1
-2
-2
-17
-8
7
2
-3
1
-4
4
0
-3
-13
-12
-4
5
9
-3
-15
-11
-5
-4
10
-17
-12
1
-2
-8
-4
-18
-15
-3
-19
3
13
-9
-9
-13
-17
-7
6
4
3
5
2
-11
-9
2
1
-2
-3
-13
-17
-7
-9
-3
6
12
-5
-10
2
0
-6
-2
-1
-7
-1
3
4
0
-10
-7
-12
-4
-2
-1
-7
-13
-16
-9
9
-4
-5
-6
-7
3
10
0
-12
-18
-7
7
0
0
-8
-9
-3
-10
-9
-9
7
7
-1
18
2
-11
-4
2
-11
-11
-9
-7
9
2
10
-3
-3
11
4
5
-4
-4
-1
-6
2
12
-1
-5
4
-9
1
-12
-6
4
-4
3
-1
13
12
5
-1
7
17
17
20
2
4
7
-2
0
3
-1
19
10
5
2
-5
5
-7
0
15
-4
4
5
-5
4
7
5
13
7
10
11
16
7
-2
11
9
14
18
-6
-4
8
13
18
6
-11
-11
-2
10
14
6
10
-7
-1
-2
-10
11
4
0
-2
0
2
11
11
-4
2
17
10
4
3
5
-2
7
16
6
18
8
5
3
13
18
6
15
7
-5
2
-7
6
19
-2
4
8
-2
-5
-4
10
14
10
1
-21
-4
-8
2
17
7
9
3
-14
-11
4
5
15
3
10
2
-7
-11
-15
9
0
15
24
10
-1
-17
-17
4
19
-1
-5
-6
-11
13
19
5
-4
0
4
5
0
-13
-16
-13
1
-2
0
9
-19
-2
9
-11
8
9
-18
-15
-8
-11
-2
-15
-16
-20
-16
-33
-31
-13
-13
2
-14
-3
1
-16
-35
-29
-8
17
18
1
-24
-50
-37
-28
-38
-25
-16
-14
-20
-22
-20
-1
9
7
12
-4
-1
0
2
2
-8
-20
-4
-10
0
0
-10
-7
-21
-14
2
2
-10
-26
-43
-32
-8
20
25
-1
-6
-30
-35
-23
-16
-5
-37
-28
-35
-43
-20
-27
-25
4
-15
-12
-4
-1
12
12
-11
-22
-10
-7
7
-9
-12
-17
-40
-20
-29
-4
16
-24
-34
-13
2
-1
-9
-10
-18
-33
-45
-29
8
5
-11
-7
-17
-15
-5
-12
-14
-9
-11
-1
18
7
12
-13
-22
-12
7
-1
17
29
-4
-8
-12
20
37
38
16
1
-10
-18
4
22
-4
-26
-19
-14
-6
7
5
-19
-4
-16
-11
4
-27
-23
-30
-32
-8
-18
-28
-22
-22
-2
6
-20
-19
-12
3
-5
-3
13
1
27
49
40
48
30
-4
6
20
33
34
19
13
8
-8
-18
3
22
31
7
-17
-27
-32
-8
12
20
28
-2
-15
-5
9
35
26
17
19
11
-18
-14
5
31
34
17
0
-15
3
13
11
28
28
16
29
21
13
13
21
23
26
23
15
-27
-29
-23
-13
14
3
14
8
7
34
52
30
19
15
11
35
36
26
4
-19
-12
3
-7
-6
-19
-5
15
-12
-13
12
20
31
28
5
4
3
3
10
8
-15
-22
-27
-28
-12
4
9
21
38
15
-25
-10
13
18
37
29
21
32
33
42
53
55
42
26
5
28
53
59
-3
-36
-19
-29
-25
4
7
-30
-26
-40
-21
-1
-2
0
-11
-8
41
20
-13
-30
-34
-11
19
14
0
-35
-64
-70
-50
-3
-17
-17
-8
-9
14
-29
-17
0
-32
-25
-29
-11
20
34
25
36
29
30
40
24
38
34
22
-3
-11
4
7
26
42
27
12
26
1
5
0
-17
-2
-34
-39
-14
10
23
0
-26
-30
0
44
60
20
-27
-24
-16
-21
-27
-45
-29
-11
-9
-25
-19
-4
-13
-11
-2
-15
1
-11
-33
-55
-82
-38
-5
-6
12
21
23
14
11
18
54
64
54
17
19
32
25
36
10
-1
-10
8
-8
-16
-25
-49
-26
-27
-24
-11
-2
7
-7
-21
2
29
50
61
42
-20
-62
-23
-2
-28
-16
-34
-58
-59
-38
-19
-32
-38
-45
-16
21
40
21
-22
-18
-16
21
55
37
10
10
-16
-16
29
56
41
13
-9
7
22
26
33
-5
-31
-1
1
23
31
27
27
12
25
30
12
0
15
11
-8
-28
-24
-15
3
-3
-13
-8
-20
-20
-6
21
-5
-14
4
-15
9
17
-15
-7
-16
-37
-35
-46
-69
-83
-58
1
29
-7
-53
-86
-80
-43
19
44
29
-9
-41
-19
25
55
47
50
42
42
42
21
5
-2
12
27
27
19
-4
-9
-32
-32
-30
-9
-24
-52
-60
-67
-32
-9
4
10
-18
-38
-71
-110
-110
-72
-27
-26
-50
-79
-40
27
78
102
83
51
47
48
63
95
80
23
-14
-45
-25
23
17
-6
-16
2
-23
-47
-73
-69
-23
-2
-40
-52
-44
-63
-35
-1
-5
-23
-5
-53
-50
-34
-17
10
-4
-28
-24
16
-1
-1
-20
-50
-17
-25
-45
-23
-59
-103
-97
-101
-111
-78
-56
-59
-86
-120
-127
-84
-30
-17
7
13
18
4
-37
-33
-25
-8
1
28
84
68
57
37
0
-2
-27
-10
22
59
39
22
8
-15
-30
-74
-53
-27
-19
14
48
35
0
-42
-66
-52
-22
33
32
43
33
39
54
46
56
62
43
-4
32
77
43
-2
-18
-8
21
43
2
-24
-11
-10
40
68
26
-25
-38
-46
-10
-9
-28
-17
-33
-26
-26
-7
-2
30
65
91
118
89
56
13
-13
3
18
2
-11
-19
7
54
78
64
19
24
55
68
49
19
20
51
57
49
16
-18
-34
-32
-21
-22
22
47
65
48
13
10
15
28
52
92
118
129
104
44
8
33
79
94
64
-8
-36
-42
-31
11
9
43
78
60
64
52
33
43
45
62
93
110
99
83
85
100
97
69
39
26
43
38
-1
3
-34
-60
-61
-51
-35
-68
-73
-45
-7
22
37
8
-14
-3
-22
-20
-5
-17
-29
3
2
-19
-40
-65
-99
-104
-81
-60
-49
-49
-46
-38
-36
-12
21
38
55
108
132
139
177
173
167
181
173
117
111
85
70
95
139
136
113
94
65
30
22
54
54
32
-5
-31
-31
3
-28
-67
-104
-105
-85
-42
-36
-94
-111
-99
-56
-21
21
15
-18
10
18
11
4
-9
-23
-24
-31
0
-5
-23
24
18
13
-24
-66
-54
-39
5
10
-1
-44
-81
-31
7
29
10
-16
1
19
19
-16
-42
-83
-105
-39
-4
0
-26
-99
-117
-102
-77
-59
-72
-102
-148
-172
-158
-102
-69
-65
-31
-36
-36
-58
-82
-103
-108
-116
-126
-114
-114
-117
-116
-99
-80
-59
-84
-95
-112
-116
-100
-93
-86
-91
-107
-131
-155
-172
-175
-166
-158
-159
-154
-165
-151
-132
-98
-89
-104
-116
-106
-100
-61
-9
-12
-52
-94
-107
-111
-91
-71
-53
-66
-103
-124
-125
-131
-127
-89
-75
-31
-60
-107
-94
-108
-59
-16
10
38
28
15
5
15
22
5
12
31
29
39
11
9
53
80
110
113
72
42
12
10
53
76
53
-19
-85
-125
-109
-46
-19
-37
-68
-111
-140
-143
-122
-93
-70
-95
-94
-60
-23
-10
-40
-57
-49
-19
40
74
75
137
140
146
149
129
143
173
167
135
145
141
127
115
117
118
112
106
65
43
17
-10
-6
3
36
60
39
20
32
47
66
118
103
63
59
54
81
120
117
105
108
106
153
193
177
162
155
155
198
205
170
171
162
174
192
210
183
166
149
81
77
77
109
153
132
126
115
108
114
133
135
122
139
107
98
131
165
178
160
161
146
163
184
160
159
129
102
81
107
100
69
46
30
37
68
87
82
98
70
41
36
51
82
66
86
142
182
189
150
122
130
129
86
106
127
115
100
97
105
87
96
109
120
117
97
61
16
59
86
91
68
31
34
12
10
17
19
16
20
5
10
4
-22
19
32
46
41
-12
17
2
14
45
17
7
-39
-95
-82
-67
-35
-11
-72
-108
-150
-133
-88
-91
-100
-124
-151
-149
-107
-72
-26
-14
-28
-2
-21
-54
-52
-53
-38
-13
3
-16
-18
-26
-24
6
19
-9
-45
-64
-111
-141
-152
-121
-98
-90
-117
-154
-129
-99
-77
-82
-116
-153
-175
-166
-168
-158
-182
-191
-190
-183
-185
-224
-222
-211
-180
-133
-150
-169
-182
-160
-170
-170
-129
-139
-131
-153
-155
-130
-142
-147
-158
-144
-99
-65
-42
-60
-88
-102
-100
-91
-91
-76
-64
-42
-6
7
7
8
-26
-61
-75
-105
-110
-78
-38
-10
-22
-46
-54
-72
-67
-48
-33
-7
38
34
50
53
54
69
59
82
66
85
129
103
111
116
114
69
56
71
67
65
41
36
15
-29
-25
7
8
-11
-20
-11
-27
-45
-45
-46
15
31
1
-16
-46
-46
-36
-15
11
21
25
33
25
50
101
148
196
204
173
162
181
194
213
203
182
195
214
246
279
251
213
218
223
203
219
223
220
270
296
267
219
198
207
202
196
163
170
155
125
76
51
52
75
103
89
79
76
92
93
94
96
94
111
123
92
96
93
72
71
43
-13
-24
2
12
49
78
63
83
78
80
94
73
69
65
48
51
73
83
71
74
68
46
72
67
43
20
16
12
-4
-27
-15
9
0
6
-10
-24
-21
-19
-20
-23
-24
-12
-12
19
45
71
124
147
132
102
65
42
65
104
127
146
177
164
133
119
98
106
134
122
93
42
-20
-21
-11
6
56
41
-15
-71
-80
-71
-64
-60
-89
-93
-92
-155
-205
-234
-248
-219
-191
-188
-187
-235
-241
-237
-190
-163
-147
-113
-76
-66
-103
-78
-54
-23
-17
-34
-30
-25
12
55
43
31
-17
-50
-19
-40
-30
-9
-49
-49
-88
-87
-52
-37
-24
-37
-77
-86
-77
-111
-125
-151
-165
-136
-162
-206
-191
-192
-159
-175
-210
-242
-243
-216
-187
-179
-239
-298
-313
-297
-253
-190
-147
-147
-154
-199
-215
-172
-128
-101
-122
-142
-118
-58
-78
-97
-121
-144
-117
-120
-132
-129
-136
-135
-117
-120
-112
-132
-156
-119
-94
-83
-66
-82
-39
-24
-77
-86
-63
-65
-60
-44
-31
-21
0
-25
-44
-4
9
11
59
131
167
184
149
107
106
116
165
203
235
217
195
182
179
226
251
264
249
201
188
209
238
264
265
231
191
197
223
234
235
241
240
242
220
209
203
194
224
234
257
272
225
204
224
238
242
276
279
263
240
219
277
303
321
341
317
331
318
277
254
256
307
355
386
382
358
324
313
315
331
345
326
321
316
311
302
279
279
261
220
238
253
258
258
277
264
198
204
205
246
297
288
294
299
305
322
343
335
338
352
352
366
346
360
385
360
345
333
318
309
281
241
196
167
194
242
250
213
161
127
112
118
143
164
126
108
68
46
46
58
57
44
61
36
-3
-2
-58
-78
-33
-31
-31
-39
-76
-60
-23
-17
-19
-59
-113
-145
-167
-138
-134
-135
-168
-233
-273
-260
-274
-266
-273
-281
-293
-342
-321
-339
-376
-357
-358
-382
-399
-402
-407
-419
-434
-422
-366
-330
-305
-282
-284
-289
-277
-276
-251
-245
-303
-365
-396
-402
-370
-325
-316
-302
-313
-334
-347
-342
-333
-320
-327
-333
-322
-308
-338
-385
-366
-379
-376
-355
-345
-321
-346
-365
-336
-309
-334
-374
-446
-444
-407
-411
-410
-470
-501
-460
-450
-446
-454
-464
-416
-421
-403
-362
-335
-296
-317
-365
-373
-394
-420
-448
-452
-411
-388
-405
-416
-421
-394
-359
-381
-412
-442
-457
-417
-390
-394
-387
-443
-467
-453
-428
-390
-379
-402
-424
-413
-399
-421
-416
-362
-348
-346
-345
-351
-332
-323
-298
-290
-297
-230
-210
-197
-184
-171
-165
-146
-105
-98
-122
-107
-149
-176
-211
-211
-182
-160
-127
-126
-128
-147
-109
-174
-89
-609
-481
-520
-519
-178
-335
-52
-1
-100
-210
-332
-208
-176
-275
-250
-157
17
8
-39
31
91
198
206
114
129
136
88
96
34
114
201
218
223
184
190
234
239
162
103
52
118
108
13
45
103
189
178
171
176
208
272
275
293
329
348
303
267
253
289
352
361
379
410
432
486
454
428
455
431
449
432
437
471
445
418
389
398
457
472
475
475
463
453
379
351
390
433
453
409
378
391
384
374
351
332
318
339
319
287
287
307
322
289
254
231
201
177
165
184
219
189
148
132
124
159
138
113
141
135
151
173
171
160
124
107
110
122
154
157
138
159
170
186
194
177
175
148
150
143
151
207
229
195
164
128
149
176
116
88
116
109
110
57
-5
20
43
41
32
73
107
76
45
33
21
73
71
42
11
-16
-43
-59
-47
-59
-88
-160
-216
-245
-248
-203
-180
-216
-263
-318
-339
-353
-348
-367
-402
-425
-397
-383
-387
-395
-401
-372
-364
-366
-367
-390
-419
-453
-448
-438
-437
-404
-390
-419
-418
-391
-372
-366
-392
-405
-422
-429
-401
-365
-374
-378
-389
-389
-330
-309
-301
-316
-303
-283
-239
-215
-217
-220
-246
-287
-265
-225
-257
-243
-287
-288
-241
-235
-215
-202
-224
-227
-187
-171
-171
-220
-250
-247
-232
-189
-177
-191
-219
-229
-189
-121
-98
-84
-94
-98
-74
-83
-69
-64
-64
-30
-17
16
34
23
21
6
13
25
14
25
40
-2
13
-22
-49
21
-15
22
31
-39
-3
35
-2
-54
-85
-102
-87
-101
-94
-95
-140
-160
-131
-87
-56
-42
-32
-37
1
35
41
39
21
45
87
127
140
149
153
149
163
166
146
148
149
130
124
144
88
58
54
73
120
137
116
57
22
18
37
33
4
-5
22
55
114
135
139
107
57
16
33
38
43
59
40
16
-1
-5
-11
-11
7
36
16
21
58
117
116
89
105
87
83
99
113
147
157
153
151
142
143
133
134
135
156
111
84
126
132
138
94
79
118
104
60
71
109
112
123
152
188
203
197
191
197
233
215
201
209
218
220
197
150
148
131
119
139
140
156
120
81
90
73
67
37
-14
-4
-32
-38
-13
-15
-16
-42
-34
-32
-13
-31
-87
-131
-156
-174
-162
-136
-182
-195
-185
-167
-178
-196
-224
-218
-227
-221
-190
-209
-195
-161
-177
-202
-207
-209
-191
-209
-212
-237
-235
-183
-154
-153
-178
-200
-184
-202
-200
-165
-148
-114
-124
-118
-123
-142
-149
-115
-77
-79
-105
-126
-140
-117
-47
-39
-48
-88
-106
-114
-132
-150
-141
-141
-139
-144
-167
-154
-114
-78
-69
-72
-116
-118
-102
-65
-22
28
55
84
60
53
45
11
49
69
73
75
55
0
4
33
41
84
115
145
145
129
143
138
139
127
106
105
113
111
106
117
111
161
163
159
144
124
124
110
131
158
178
191
171
141
139
114
126
149
173
174
138
162
143
140
168
192
213
214
238
225
242
259
280
313
347
369
354
331
277
276
311
330
338
302
306
331
354
377
375
392
389
373
367
386
397
402
409
413
423
421
394
414
388
387
400
371
368
366
348
323
259
228
233
246
264
293
300
292
253
232
221
224
246
267
298
289
278
234
228
262
255
226
208
160
120
115
89
82
49
18
37
46
62
13
1
11
-15
-23
-4
39
52
13
16
46
59
98
126
97
93
90
89
153
151
131
90
50
39
31
38
30
40
49
52
61
40
32
52
85
115
109
97
66
77
78
71
59
38
75
96
88
72
76
51
30
60
87
91
97
48
1
-10
-13
-25
-44
-91
-111
-129
-138
-74
-83
-86
-116
-161
-166
-163
-152
-133
-134
-114
-97
-94
-84
-76
-74
-108
-124
-153
-215
-243
-274
-287
-287
-318
-348
-338
-330
-331
-320
-314
-319
-301
-282
-268
-301
-315
-270
-227
-157
-142
-141
-104
-81
-79
-68
-74
-62
-20
13
62
24
-12
-17
-36
-49
-89
-109
-132
-146
-152
-205
-221
-178
-129
-121
-128
-108
-80
-90
-103
-108
-103
-87
-58
-59
-113
-145
-137
-133
-102
-123
-173
-166
-180
-199
-243
-260
-261
-276
-289
-280
-282
-274
-255
-259
-244
-242
-262
-258
-251
-258
-248
-211
-160
-120
-115
-87
-125
-161
-131
-116
-100
-109
-110
-119
-144
-131
-128
-113
-106
-117
-97
-96
-116
-82
-49
-24
20
55
47
38
12
-13
4
23
48
47
35
33
19
26
51
27
-20
-34
-60
-87
-112
-102
-120
-168
-161
-161
-158
-185
-142
-121
-123
-81
-50
-23
-11
1
-9
2
18
20
46
62
74
53
28
42
87
112
111
89
74
47
91
127
99
97
68
119
178
191
205
191
174
208
214
205
203
175
182
151
158
218
226
206
164
123
108
132
169
186
205
231
236
208
187
174
212
273
298
302
287
292
260
269
270
286
354
363
353
342
329
356
404
414
430
431
427
415
395
387
373
374
334
310
313
299
283
269
278
279
293
296
282
267
216
195
176
173
168
140
112
106
88
74
75
88
107
101
91
87
110
114
96
91
86
82
100
102
85
103
118
116
82
13
10
38
50
47
26
28
19
10
29
43
46
58
34
28
16
8
-1
-25
-21
18
64
47
14
-3
-53
-48
-29
-55
-84
-63
-36
-85
-75
-79
-84
-82
-28
-11
-4
9
-9
13
3
-7
-11
-53
-65
-42
-31
-32
-37
-40
-78
-130
-136
-147
-139
-142
-131
-140
-158
-168
-201
-183
-179
-160
-143
-115
-116
-118
-110
-125
-126
-124
-94
-94
-127
-104
-82
-53
-19
-19
1
1
-14
-17
-10
-7
14
1
3
-3
-37
-85
-101
-79
-66
-84
-121
-121
-106
-104
-113
-124
-136
-142
-131
-99
-83
-84
-72
-75
-93
-92
-118
-135
-145
-129
-116
-118
-116
-120
-124
-111
-97
-118
-150
-192
-175
-176
-142
-115
-123
-133
-135
-106
-107
-77
-76
-94
-118
-147
-173
-193
-165
-151
-163
-190
-197
-177
-158
-190
-219
-223
-231
-264
-260
-224
-180
-135
-146
-163
-151
-154
-122
-125
-132
-95
-81
-60
-44
-26
-52
-80
-86
-88
-78
-92
-108
-158
-160
-125
-98
-85
-115
-133
-127
-90
-82
-65
-52
-45
-23
-7
14
59
67
71
102
52
37
58
44
36
1
-18
25
23
3
5
-40
-29
-32
-29
-6
-21
5
10
-15
-6
-12
16
47
52
92
14
-38
-26
-50
-46
-18
-24
-31
-60
-98
-102
-65
-46
-35
7
2
-7
4
-4
-21
-26
-41
-52
-20
-15
-22
1
1
-10
-15
-32
-38
-46
-62
-51
-49
-65
-131
-180
-197
-158
-125
-150
-199
-244
-238
-208
-221
-224
-193
-229
-224
-233
-222
-184
-172
-198
-222
-236
-228
-192
-188
-192
-202
-177
-158
-120
-81
-96
-90
-75
-74
-34
-8
-5
-1
-36
-72
-45
-46
-27
-51
-91
-63
-3
46
29
4
-8
-30
-14
40
30
0
-11
-6
-12
-49
-64
-65
-72
-74
-107
-145
-134
-121
-82
-52
-50
-40
-7
19
19
30
37
64
91
103
157
210
238
213
174
162
173
212
189
176
143
124
136
119
131
120
78
51
19
32
26
-15
-27
-37
-32
-14
-29
-47
-22
-39
-43
-44
-74
-78
-61
-23
-9
-3
-1
-14
-27
-36
-15
8
47
58
48
92
91
112
166
193
194
221
246
209
175
167
148
145
162
168
134
87
68
91
154
206
188
212
217
173
200
223
243
248
221
183
177
212
184
161
172
138
121
154
170
194
199
220
230
213
218
220
200
161
149
117
83
76
62
47
55
60
61
63
48
42
17
28
-24
-82
-91
-94
-82
-124
-191
-229
-256
-244
-220
-220
-197
-183
-157
-110
-76
-63
-60
-73
-75
-46
-27
-56
-82
-66
-50
-49
-31
-3
-30
-69
-110
-149
-148
-150
-146
-170
-193
-173
-162
-158
-187
-228
-258
-276
-274
-238
-186
-203
-209
-196
-186
-148
-122
-85
-69
-78
-52
-28
-53
-60
-20
22
35
3
-43
-75
-70
-64
-74
-89
-99
-74
-40
-47
-36
-25
-15
-5
-8
-33
-61
-56
-37
-11
14
7
15
-11
-22
3
18
24
26
43
61
101
143
120
105
107
64
67
48
12
40
58
19
1
-44
-17
37
50
52
33
25
42
63
60
4
-23
1
1
3
-34
-59
-56
-95
-112
-113
-103
-73
-65
-95
-135
-164
-150
-117
-113
-135
-124
-125
-106
-87
-90
-81
-106
-112
-138
-159
-170
-226
-245
-278
-286
-273
-276
-244
-235
-220
-223
-216
-267
-275
-260
-241
-209
-166
-113
-108
-96
-88
-63
-39
-25
-27
9
24
7
-12
-17
-11
8
44
94
129
127
135
101
123
142
137
139
87
39
45
25
-5
-20
-49
-54
-77
-71
-64
-58
-44
-26
-4
40
70
54
11
-20
-3
67
116
126
82
57
36
16
18
-3
-27
-26
-6
24
63
88
124
131
129
151
183
160
155
176
182
190
181
130
96
81
75
76
72
99
131
111
70
32
5
3
-14
-25
-37
-38
-48
-60
-71
-81
-97
-50
25
53
77
66
59
89
116
167
187
202
217
227
199
153
142
142
202
212
188
151
145
92
79
110
68
67
56
42
54
26
-7
4
11
25
42
18
-1
-35
-53
-38
1
3
-4
-29
-71
-59
-21
19
40
27
-30
-37
-12
16
65
86
63
36
7
23
33
-1
-10
-13
0
21
-6
-21
12
58
92
73
51
45
32
57
80
125
166
134
75
4
-36
-15
-5
-8
29
10
-21
-32
-31
5
28
48
59
53
89
123
115
131
118
117
160
167
195
221
248
262
218
201
151
143
165
121
61
35
16
16
45
55
62
60
33
28
14
43
61
24
14
43
26
11
9
-4
22
23
11
-35
-74
-93
-93
-84
-71
-89
-151
-180
-175
-138
-98
-92
-95
-89
-89
-55
-41
-10
40
43
43
52
52
56
57
10
-26
-28
27
34
17
19
-7
-28
-20
21
68
113
119
101
86
110
145
159
166
191
222
241
202
164
132
151
164
141
152
149
129
112
65
57
62
53
83
83
71
57
39
57
72
70
73
50
19
1
9
7
-3
7
34
26
6
-32
-97
-115
-105
-85
-62
-90
-114
-120
-158
-146
-138
-185
-169
-179
-185
-154
-146
-122
-161
-193
-174
-155
-138
-154
-166
-122
-122
-107
-105
-133
-117
-113
-92
-98
-122
-140
-157
-166
-143
-118
-87
-64
-86
-83
-46
-53
-27
-10
4
4
-6
13
52
95
109
108
92
86
101
93
89
126
101
93
134
160
175
138
91
102
129
135
127
118
89
55
68
44
48
70
51
27
23
43
34
43
46
61
105
130
121
100
101
100
132
111
102
130
105
114
143
132
141
145
124
122
121
113
101
133
149
153
142
105
81
51
-7
-33
-14
-21
-9
5
21
-18
-60
-83
-101
-130
-138
-119
-107
-92
-109
-74
-44
-40
-32
-53
-35
-41
-39
-35
-70
-63
-87
-94
-83
-47
-52
-92
-131
-191
-194
-203
-194
-176
-169
-147
-118
-98
-27
-14
-26
6
-10
-1
-20
-61
-63
-82
-78
-57
-83
-103
-119
-105
-40
-7
-19
-51
-75
-37
-16
4
40
-9
-22
-11
2
93
135
153
142
98
70
86
132
146
147
142
133
133
157
148
141
126
123
153
183
161
125
117
87
86
95
81
60
51
45
67
116
112
119
126
116
114
91
50
60
101
93
87
59
40
42
36
-1
-24
23
69
85
97
73
42
39
3
-20
-18
-10
39
89
72
33
6
14
20
20
41
33
8
-46
-66
-73
-95
-80
-73
-116
-128
-156
-154
-51
-16
10
14
23
-6
21
59
9
62
31
31
56
53
79
86
56
65
95
129
176
148
73
40
48
38
59
68
49
32
27
31
26
-16
-30
-32
-46
-48
-65
-61
-58
-56
4
51
43
42
46
-8
-23
-22
-65
-68
-75
-110
-143
-137
-130
-110
-98
-95
-71
-46
-22
6
0
6
7
35
88
129
125
88
79
72
103
106
86
97
66
40
70
75
97
85
45
-6
-58
-75
-78
-79
-98
-127
-145
-129
-134
-137
-138
-157
-164
-133
-147
-162
-144
-130
-101
-51
-17
-18
-32
-46
-72
-75
-44
-27
-25
-57
-87
-119
-131
-88
-57
-44
-58
-115
-87
-72
-52
-28
-83
-90
-73
-65
-63
-46
-66
-70
-36
30
64
60
37
24
48
83
132
146
149
176
184
156
150
147
137
126
137
166
186
179
148
130
142
114
85
44
18
21
33
23
4
42
30
1
26
23
23
33
20
-10
-25
-48
-82
-66
-53
-39
-12
1
23
10
-19
6
40
53
52
40
38
45
32
17
2
1
6
-29
-62
-49
-51
-48
-62
-117
-152
-181
-192
-198
-170
-146
-135
-124
-99
-49
-78
-86
-74
-75
-20
17
35
11
-9
-23
1
7
12
1
-8
8
-16
-32
-20
-47
-62
-44
-57
-57
-43
-48
-72
-92
-74
-44
-43
-47
-75
-94
-97
-91
-94
-121
-133
-139
-138
-121
-116
-90
-62
-40
-54
-55
-41
-45
-68
-57
-43
-23
-32
-60
-65
-70
-50
-31
-2
27
4
4
19
7
27
39
52
82
68
53
66
57
63
70
49
46
50
64
102
106
115
91
61
65
90
71
4
-36
-67
-41
-44
-30
-31
-59
-56
-55
-52
-39
-28
-34
-45
-77
-116
-110
-94
-104
-69
-108
-162
-130
-109
-103
-48
-20
-20
-17
-30
-27
-33
-11
-30
-5
20
4
20
-1
2
-1
-20
-6
11
-35
-61
-23
-17
23
40
45
51
34
53
44
41
38
43
80
99
71
65
52
39
54
73
45
37
9
-46
-44
-33
-13
-46
-54
-52
-21
-19
-34
-43
-70
-31
10
28
2
-26
-9
45
81
147
202
218
198
165
136
129
89
47
20
21
42
28
36
13
66
117
113
131
120
138
163
119
85
102
85
89
101
67
28
19
36
31
0
-17
-52
-48
-25
-27
-36
-72
-88
-67
-44
-34
-27
-29
-25
28
71
71
85
84
76
122
135
136
142
117
114
114
109
122
139
132
116
86
48
39
-3
-12
43
58
86
78
14
37
58
62
56
54
79
72
55
39
33
-3
-40
-2
5
3
-6
-44
-51
-14
-5
25
49
40
74
96
141
153
158
170
161
154
157
153
145
162
139
107
82
57
64
82
63
40
-8
-58
-41
-39
-17
6
-22
-40
-54
-32
-11
-8
-17
-18
29
29
-7
-33
-50
-33
-19
-32
-34
-52
-41
-34
-60
-62
-65
-62
-66
-52
-38
-25
-19
-14
-28
-61
-82
-70
-32
-38
-74
-104
-113
-127
-130
-152
-198
-198
-233
-226
-220
-210
-180
-156
-134
-150
-136
-133
-132
-145
-137
-116
-104
-80
-88
-128
-119
-89
-99
-113
-123
-140
-160
-146
-118
-109
-97
-80
-70
-62
-48
5
13
37
47
32
36
20
63
107
129
162
122
104
110
105
145
118
107
99
83
66
38
3
16
13
-13
0
16
79
90
75
55
31
60
125
132
101
55
44
55
51
47
22
-3
-26
-43
-86
-54
-45
-39
-68
-80
-103
-89
-54
-49
-58
-74
-47
-24
13
51
51
33
21
-14
7
-1
-29
-69
-77
-6
8
-9
-19
16
43
68
78
92
129
151
164
180
175
137
118
123
140
157
160
121
136
110
69
54
46
74
66
38
43
33
-5
-26
-44
-72
-136
-180
-201
-215
-176
-137
-152
-122
-109
-131
-134
-137
-179
-169
-133
-114
-72
-68
-76
-64
-81
-80
-59
-38
-26
-30
-9
-77
-81
-59
-73
-47
-40
-34
8
7
-9
15
30
48
56
46
5
-45
2
-15
-27
-4
-50
-61
-46
-66
-85
-72
-71
-39
-75
-100
-105
-121
-133
-120
-115
-69
-42
-22
-10
7
44
47
105
95
115
149
173
193
185
210
214
208
220
198
186
209
219
197
175
178
143
151
104
86
93
43
60
2
17
47
12
-10
-62
-78
-59
-59
-58
-33
-75
-63
-25
-36
9
6
25
65
39
67
64
62
94
83
121
153
171
203
185
198
209
187
179
151
117
71
54
64
47
65
80
32
35
10
-16
13
9
2
30
44
55
78
70
19
11
6
-40
-39
-22
-2
16
9
4
13
36
103
92
89
88
83
133
103
83
47
3
27
52
51
59
39
26
44
47
36
60
31
17
49
35
79
71
28
27
76
48
50
23
6
25
31
14
-32
-60
-125
-93
-102
-149
-148
-131
-151
-129
-161
-173
-165
-184
-167
-183
-153
-192
-162
-121
-100
-105
-129
-113
-85
-42
-13
2
1
23
-13
-29
-33
-56
-44
-41
-29
-2
33
64
63
-15
8
-9
-11
16
15
3
-20
-33
-47
-29
-53
-46
-107
-133
-131
-131
-139
-149
-145
-130
-141
-127
-105
-87
-113
-153
-147
-107
-72
-47
-23
-15
21
8
-14
0
58
72
84
75
70
40
40
16
65
92
53
60
12
15
18
17
10
19
-18
-20
-44
-27
-23
-10
15
9
50
59
80
81
80
99
100
110
148
118
102
88
52
48
27
-8
1
-1
-19
28
-4
-39
21
12
-1
-16
-68
-64
-79
-159
-186
-205
-211
-173
-174
-200
-227
-230
-254
-290
-334
-390
-397
-382
-366
-391
-419
-412
-463
-498
-522
-581
-537
-548
-561
-567
-603
-605
-610
-649
-642
-593
-648
-581
-626
-620
-597
-616
-563
-597
-567
-460
-403
-331
-217
-204
-88
0
50
261
351
477
629
709
851
972
1045
1166
1301
1429
1563
1638
1699
1744
1797
1835
1905
1884
1850
1811
1740
1722
1639
1545
1474
1416
1307
1213
1032
886
716
568
450
293
200
109
-22
-125
-216
-304
-320
-380
-414
-414
-467
-472
-427
-378
-350
-335
-404
-480
-468
-561
-508
-489
-580
-549
-570
-680
-642
-697
-834
-870
-952
-1043
-1101
-1193
-1295
-1316
-1453
-1497
-1610
-1700
-1749
-1786
-1847
-1816
-1763
-1840
-1906
-1995
-2029
-1999
-2030
-2093
-2093
-2130
-2186
-2108
-1964
-1629
-1262
-1028
-721
-585
-443
-243
-1
384
866
1236
1547
1834
2027
2197
2411
2539
2634
2719
2650
2835
2942
2918
2917
2706
2346
2064
1738
1593
1505
1209
984
768
489
256
-40
-272
-489
-787
-928
-1003
-1025
-977
-1033
-1099
-1159
-1250
-1217
-1061
-886
-696
-589
-360
-210
-4
138
276
526
566
713
906
1168
1409
1576
1650
1744
1666
1621
1628
1632
1671
1597
1544
1529
1412
1232
1137
998
890
655
496
445
319
174
87
-60
-160
-382
-568
-583
-725
-802
-937
-978
-1028
-1290
-1258
-1331
-1422
-1463
-1539
-1503
-1534
-1414
-1530
-1286
-1468
-1558
-1512
-1470
-1472
-1591
-1681
-1692
-1492
-1577
-1525
-1777
-1942
-1943
-1956
-1932
-2050
-2134
-2207
-2051
-1613
-1478
-1284
-1219
-1288
-841
-748
-371
14
124
610
966
1277
1685
1708
1840
2193
2255
2482
2618
2670
2896
2987
2912
2871
2666
2431
2354
2171
2045
1890
1620
1425
1178
959
736
508
296
-34
-183
-316
-352
-329
-496
-552
-721
-852
-818
-834
-728
-608
-560
-365
-219
-58
89
213
425
566
808
889
1141
1374
1482
1729
1683
1666
1772
1733
1836
1854
1818
1890
1806
1768
1711
1641
1546
1406
1057
833
616
476
549
273
322
4
-397
-348
-649
-698
-956
-1017
-1271
-1115
-1161
-1234
-1297
-1391
-1569
-1391
-1244
-1334
-1478
-1497
-1324
-1462
-1164
-1690
-1407
-1480
-1563
-1280
-1436
-1379
-1739
-1551
-1796
-1643
-1592
-1849
-1927
-2169
-2211
-2294
-2339
-2371
-2576
-2433
-2268
-2193
-1840
-2086
-1935
-1905
-1814
-1333
-1074
-671
-292
-172
236
600
728
1120
1164
1409
1727
1957
2197
2436
2482
2505
2616
2423
2470
2366
2242
2302
2143
2034
1893
1619
1382
1066
754
450
268
66
-67
-170
-387
-481
-624
-736
-770
-843
-779
-675
-649
-567
-597
-558
-493
-368
-111
70
325
312
539
608
814
1054
1101
1333
1312
1374
1502
1509
1664
1759
1695
1763
1578
1744
1583
1497
1564
1196
1275
1044
1030
569
841
366
602
246
19
112
-728
-61
-766
-798
-634
-874
-906
-826
-1241
-1036
-1581
-1415
-1142
-1734
-969
-1757
-1491
-1686
-1765
-1885
-1757
-1801
-2017
-1698
-2210
-1677
-1994
-2139
-2055
-2292
-2107
-2308
-2425
-2059
-2557
-2378
-2536
-2731
-2433
-2537
-2442
-2195
-2072
-1936
-1717
-1864
-1572
-1576
-1330
-795
-629
14
207
479
962
1176
1460
1856
2020
2271
2545
2669
2978
3057
3110
3057
2969
2947
2783
2772
2712
2706
2558
2284
2079
1739
1389
1110
700
483
270
145
77
5
-40
-79
-236
-422
-472
-800
-604
-356
-136
-170
300
-18
-12
418
-44
559
535
626
1201
1106
1437
1594
1350
1595
1615
1429
1816
1990
2116
1867
2410
2037
1625
2363
1517
1518
1968
1068
1486
1556
871
1738
-72
1158
136
-605
831
-1015
46
-461
-580
-1432
-994
-1400
-1666
-1209
-1511
-1897
-1959
-1450
-2379
-1928
-1647
-2790
-1552
-2751
-2232
-2078
-2626
-1727
-2512
-2261
-2013
-2446
-2324
-1959
-2375
-2269
-1887
-2645
-1962
-2382
-2485
-2137
-2546
-2280
-2319
-2268
-2223
-1907
-2002
-1830
-1803
-1900
-1610
-1670
-1326
-1073
-659
-329
-229
303
367
661
926
1083
1598
1724
1978
2291
2409
2507
2565
2459
2501
2529
2314
2379
2269
2113
1938
1597
1520
1095
981
781
767
926
1119
936
812
679
301
387
110
494
201
559
760
469
838
533
575
748
787
901
1081
1437
1269
1543
1639
1248
1789
1521
1607
2131
1776
1999
2074
1765
2142
1404
1683
1806
810
1914
1333
958
1630
445
792
638
325
136
-420
340
-903
-466
-214
-1396
-489
-1131
-1705
-1402
-1689
-1706
-1448
-1445
-1644
-2028
-1492
-2137
-1997
-1754
-1997
-1732
-1878
-1872
-1731
-1999
-1894
-2013
-2122
-1779
-1867
-2111
-1510
-2015
-1822
-1683
-2086
-2228
-1838
-2448
-2243
-1630
-2731
-1557
-2091
-2566
-1219
-2320
-1587
-1588
-2012
-1286
-1568
-1076
-741
-686
-248
-210
152
426
529
1008
1014
1317
1630
1541
2025
1968
1939
2202
1877
2020
2002
1807
1927
1761
1825
1738
1860
1776
1695
1411
1175
1233
1179
1418
1422
1324
1355
1491
920
1166
1197
1005
1372
1588
1540
1354
1897
1185
1196
1757
1355
1207
2325
1295
1422
1959
1421
1543
1735
1421
1643
1457
1530
1328
1439
1881
94
1475
60
1258
22
709
540
-117
875
-1052
521
-565
-507
-722
-457
-756
-328
-939
-713
-1032
-1373
-1084
-1611
-529
-1926
-726
-747
-2100
-349
-2452
-1332
-944
-2331
-1226
-1115
-2429
-713
-2347
-2196
-977
-2922
-1412
-2175
-1723
-1855
-1577
-2141
-2224
-2458
-2401
-2457
-2214
-2495
-2429
-1990
-2987
-1547
-2990
-2122
-1853
-2309
-1478
-1517
-1398
-1204
-988
-996
-301
-272
34
180
692
704
1251
1485
1268
1786
1544
1782
1866
1954
1955
2054
1931
2072
1943
1964
1814
1802
1526
1452
1746
1491
1867
1327
1751
791
1686
1178
1006
1839
862
1621
1061
1008
1336
816
1572
540
1611
968
1223
1606
705
1311
1127
657
1810
555
850
1565
183
1797
801
838
1018
778
20
1651
-50
236
1488
-1488
1674
-809
207
565
-1147
239
-190
-923
62
-834
-868
-253
-611
-1403
86
-1561
-1103
-371
-1496
-869
-888
-1437
-852
-760
-1292
-1213
-1008
-1319
-1289
-636
-1290
-883
-1038
-1490
-1443
-1326
-1806
-1178
-1798
-1645
-1707
-1639
-1838
-1508
-2152
-2441
-1689
-2476
-1859
-1726
-2393
-1714
-2030
-2117
-1534
-1666
-1634
-1055
-1428
-875
-889
-1155
-406
-1052
-315
-353
275
335
545
632
506
1224
892
1060
1450
1391
1446
1925
1729
1777
1639
1604
1661
1723
1806
1746
1831
1784
1449
1780
1358
1773
1463
1429
1618
1361
1662
1456
2036
1280
1430
1659
720
1957
827
1250
1851
747
1703
1063
1479
1210
1354
884
1491
1369
1254
1288
1241
546
1507
438
1133
832
50
1887
-477
1496
303
-627
1375
-1085
415
86
-596
138
-711
-407
-967
-325
-1380
12
-1197
-1334
-1025
-1115
-604
-1074
-1275
-1102
-1741
-708
-1804
-1383
-658
-1747
-1638
-993
-1399
-1744
-510
-2434
-1269
-1431
-1853
-1272
-1119
-1933
-1188
-1731
-2101
-1197
-2858
-1052
-2282
-2079
-1551
-2394
-1531
-2154
-2257
-2154
-2502
-2220
-2010
-2150
-1424
-2099
-1478
-1479
-1479
-1202
-1334
-773
-890
-449
-551
309
-387
651
266
317
1125
637
1269
1237
1611
1639
1511
2108
1609
1479
2033
1128
2111
2016
1602
2626
1457
1807
2111
872
2442
1607
1463
1990
1667
1552
1583
1918
884
1768
1648
1029
1960
1162
1031
1660
728
747
1216
417
1069
1411
-177
1772
434
-1
2105
-1192
1454
110
23
1302
-358
946
-122
417
-239
-79
292
-716
623
-449
-37
653
-1335
76
-87
-2052
804
-2496
150
-1132
-1567
485
-2000
-119
-1565
-1962
-152
-2022
-765
-1377
-1415
-908
-1653
-1349
-1923
-429
-2298
-750
-675
-2633
762
-2587
-1226
-274
-3318
629
-2335
-1611
289
-4041
1428
-2159
-1991
384
-3748
351
-1867
-1605
-732
-2177
-454
-1367
-1390
-470
-1782
-1014
-721
-1005
-376
-250
-602
-239
-240
-86
243
268
786
515
594
1120
841
1106
1299
1094
1306
1513
1307
1608
1719
1257
1938
1152
1611
1478
1417
1486
1496
2018
790
2544
561
1801
1919
401
2690
967
1021
2057
508
2174
1249
1519
1134
1341
1231
1662
1285
532
2222
-1690
3586
-1546
1810
1728
-2083
3373
-2282
1890
256
-437
1292
-672
665
-344
-32
51
219
-1142
-105
67
-1626
1609
-1132
-884
492
-2938
1655
-2330
624
-914
-1373
219
-2150
-677
-1172
-151
-2629
1192
-2725
-475
-175
-2774
265
-1685
-1360
-1762
-383
-1840
-653
-1030
-2293
5
-1076
-1483
-106
-3380
-122
-2275
-503
-1411
-973
-1757
-1840
-439
-3624
918
-3682
-395
-1145
-3005
351
-2912
-538
-1389
-2062
-1039
-957
-1299
-386
-1136
-710
-361
-663
-226
-322
-387
288
-128
838
416
681
819
773
1098
889
1591
803
1835
1094
2037
1550
1311
1740
702
2018
1729
1614
1709
1624
1428
1493
2094
901
2601
1083
1305
2045
887
2243
1886
1331
1515
1807
-114
2425
1013
503
3377
-1115
2796
438
455
1615
-339
1861
-313
1245
1331
47
416
304
-117
1125
665
-70
1096
-238
339
252
-762
200
297
-1189
1431
-1499
-189
965
-2621
797
3
-2736
3129
-2649
-707
268
-3070
1132
-1572
-845
44
-2872
1290
-1730
-223
353
-2456
-464
-2043
-1145
-1096
977
-2143
56
-1957
-2293
782
-2987
396
-2080
-1595
-122
-2005
-948
-1343
-2657
-1678
-1474
-2037
-1661
-1519
-3374
-595
-2920
-1632
-968
-2946
299
-2437
-1456
-740
-1690
-661
-570
-954
-275
490
-593
1360
-356
1229
711
1235
1614
723
1760
1090
2644
1406
2545
2160
1542
2229
1356
1740
2799
1590
1905
2597
1142
1788
2244
527
2658
840
1025
2265
1019
1659
1051
148
896
1158
239
1551
312
-243
1169
-423
1757
389
280
833
-1568
2263
-2287
1677
342
-1433
2729
-2127
1404
-353
530
516
8
571
-946
1099
-811
1355
-1004
1280
46
-166
1150
-1643
966
-1661
1562
-2229
1388
-1480
-676
564
-1621
-330
-1426
-338
-693
-969
-1006
-360
-1690
-301
-2842
-938
-928
-1552
-24
-2470
-864
-1700
-2580
126
-2372
-1288
-760
-1391
-2206
234
-3608
-278
-1975
-2811
-749
-2774
-582
-2746
-1917
-972
-2616
-1004
-1901
-1764
-578
-2108
-652
-901
-995
-168
-738
125
615
-290
683
1156
155
2871
1176
1718
2723
764
2633
1938
3038
3150
2255
2900
1904
2383
2707
2151
1939
1972
1919
2664
2036
1801
1634
705
2917
1068
630
2332
977
1576
952
221
213
945
1751
-331
651
462
503
1279
535
403
407
436
603
701
113
955
1415
141
2434
-473
1336
987
-829
2755
-152
1806
1399
1416
796
801
282
3
509
-412
1590
623
-216
760
-3405
208
-2417
-1806
1311
-2737
2325
-2892
-1271
-738
-3160
-982
-1232
-2215
398
-3036
-2707
-268
-4563
-1113
-1612
-3132
92
-2267
-2950
-914
-3978
-970
-3195
-1917
-1013
-2979
-305
-3396
-3608
-3356
-2860
-2893
-1912
-2732
-2388
-1852
-1936
-1726
-2339
-1341
-2442
-1740
-1059
-30
147
1225
670
1022
949
1075
1748
2525
3009
2986
3998
3290
3803
2833
4039
3090
3839
3859
3321
4207
2965
3374
2366
2495
1996
2477
1849
2158
2072
1179
2482
-613
706
478
529
1555
260
619
-516
38
-13
-908
851
902
205
1198
-454
263
89
116
727
1090
1175
1571
966
683
1762
955
2116
951
720
2686
691
3105
700
128
1346
-260
2092
1238
498
951
-601
130
-154
-677
-748
-497
-950
-1148
-1661
-1966
-2052
-2467
-2743
-2415
-1822
-3901
-1908
-4879
-3273
-3549
-4784
-3290
-4154
-2594
-3889
-2623
-4083
-3851
-4893
-4358
-3557
-2555
-3201
-4002
-3650
-4801
-3779
-4626
-4690
-3036
-3540
-2247
-1151
-2299
-2384
-3474
-3351
-1239
55
1017
2096
1421
527
639
1415
3212
4652
5286
4857
5443
4185
4588
5529
5078
6031
5494
5478
5695
5197
4345
4095
3098
2770
2550
2710
3003
2549
1089
144
-682
-1518
-188
-54
811
62
-1548
-2485
-2602
-1851
-1155
-130
-823
-673
-1391
-395
-395
36
363
141
1537
1633
2397
2972
2478
2571
1756
3112
3548
5000
4526
3815
3653
2847
3645
2774
3848
3650
3112
2650
2462
707
892
1121
-830
-150
-723
-896
-666
-2460
-3638
-3519
-3721
-3222
-3731
-5051
-4688
-4494
-6154
-5470
-5147
-7593
-4351
-6171
-6001
-4910
-6864
-5003
-6232
-6446
-5453
-5036
-5574
-4656
-6351
-5512
-5442
-6351
-3631
-3109
-1045
-1492
-2960
-4077
-4029
-1809
-327
2603
2963
1839
1581
1233
1956
4265
5654
6847
6598
6273
5987
6253
6880
6672
6880
7114
7100
6516
6237
5274
4720
3771
3499
3949
3905
3219
1533
579
-474
-891
-397
343
283
-675
-2176
-3085
-3215
-2889
-1983
-1189
-1175
-1429
-2190
-1956
-1134
-796
355
630
1408
976
1569
2532
3047
3647
4251
4374
4958
5244
5345
5541
5557
5503
5521
6077
5617
5903
4807
3833
3963
2868
2892
2759
1006
882
-576
-1662
-1634
-2690
-2985
-3193
-5474
-5718
-6302
-6327
-5702
-6521
-7609
-7990
-7570
-7771
-6556
-7815
-7673
-7703
-8353
-7364
-7148
-7314
-6331
-6671
-7221
-6584
-6799
-7261
-7375
-4504
-2424
-1099
-1805
-4684
-5464
-3999
-1715
1648
3566
3670
2054
224
1403
2969
5769
7255
7347
7118
6385
6182
7097
7568
7162
7560
7240
6925
6330
5293
4414
3691
3210
3297
3535
2800
1065
-716
-1544
-1906
-1468
-618
-998
-1953
-4049
-4567
-4291
-3417
-2081
-2511
-1756
-2467
-3480
-2963
-1647
108
1362
715
1311
1257
1158
2501
4210
5625
5882
5669
5242
5965
6210
6572
7738
7744
7651
6669
6082
5736
5222
4753
4626
5060
4129
2677
980
-160
-2064
-1364
-1469
-2296
-3109
-5278
-6971
-7123
-7738
-7610
-6042
-7452
-8436
-9184
-9469
-9314
-8582
-8616
-8283
-8349
-8985
-8528
-7898
-7074
-7019
-7763
-7066
-7469
-7388
-2653
-946
-1936
-3658
-5693
-5039
-197
2151
3165
3536
1457
142
1521
5066
7542
9202
7314
5947
5559
6181
8315
9579
9494
8303
7208
6302
5706
5318
4472
4739
4303
3838
3215
1252
-752
-2391
-2285
-1500
-824
-1927
-3467
-5211
-6649
-5976
-4860
-3252
-3131
-4750
-5259
-4541
-3995
-2813
-1806
-288
311
-268
792
1472
2866
3722
4939
5964
7232
7172
7423
8195
8772
9057
9667
10632
9911
8848
7791
7795
7720
7634
7290
5814
4108
2196
1029
568
521
-681
-2350
-4063
-5689
-6665
-7104
-7324
-8332
-9099
-10185
-10775
-10776
-10394
-10175
-9864
-10744
-10990
-10898
-10773
-9414
-9155
-8203
-8050
-8296
-8752
-4608
-1708
-1345
-1890
-4225
-3069
174
3503
4873
6056
4521
3059
4024
7013
9927
11003
10154
8301
7968
8389
9875
10969
10396
8580
7390
6321
6493
5732
4542
3624
2638
1835
1009
-176
-2409
-3656
-4642
-4367
-4453
-4792
-6015
-8482
-9332
-9053
-7452
-6358
-6367
-7753
-7700
-8136
-7326
-5167
-3210
-1671
-2201
-2254
-1868
70
2326
3733
5283
6048
5386
6154
7202
8816
10045
10712
10389
10081
9886
9520
9391
9409
9053
8347
7147
6078
4700
3555
2313
1168
588
-605
-2696
-4147
-5834
-6655
-7187
-8434
-8561
-9648
-10873
-11645
-11954
-11873
-12254
-12122
-12482
-12299
-12002
-12375
-11998
-11928
-11521
-7802
-4456
-3873
-5200
-7683
-6452
-2286
2660
4494
5057
4253
2902
4309
7813
11809
13783
13210
11052
10322
11673
13898
15478
15758
13931
12053
10661
10116
9483
9287
8629
7161
5908
3502
1436
-878
-2042
-2238
-2483
-3473
-6228
-8300
-10452
-10617
-9661
-8713
-8796
-11345
-12245
-13761
-11370
-8968
-7937
-6999
-7749
-8362
-7729
-4893
-2549
233
692
645
1488
2562
3941
6317
7945
9015
9230
9434
9300
9832
10095
10011
10828
10493
9838
8819
7249
5605
5302
4441
4000
2572
219
-1625
-3537
-4072
-5091
-6038
-7121
-9442
-10592
-11628
-11478
-11974
-12106
-13105
-14753
-14402
-14954
-14461
-14168
-10655
-8122
-8582
-9743
-12357
-9770
-5369
-1060
952
1503
1094
4
2155
6007
10645
13150
12565
11328
11294
12490
15295
17339
18398
18157
16533
15166
14475
13913
14331
14429
14186
12847
10081
6602
4284
3577
4039
4088
2357
-1026
-4543
-7167
-7705
-6537
-5554
-6743
-9503
-11818
-13435
-12229
-10553
-9277
-9144
-10463
-10873
-10415
-8758
-6360
-4863
-4086
-3513
-2257
-1223
-135
1244
2870
4830
5988
6640
6523
6713
6552
7442
9187
10383
9507
7235
5893
5511
5867
6020
5904
4348
1156
-652
-1647
-1219
-1958
-3532
-4986
-7248
-8893
-9477
-9798
-9890
-10910
-12213
-12830
-13839
-14228
-14908
-11316
-9996
-10445
-11493
-13499
-11413
-8656
-5585
-4434
-3375
-3452
-3321
-1224
1682
4532
6847
6706
6752
8358
9864
12446
13689
14084
14257
14497
14380
14521
14478
14628
14369
14148
13592
12294
10617
8588
8003
7886
6986
5586
3265
1198
-849
-1941
-2185
-2085
-3640
-5620
-7790
-8450
-7850
-8353
-7649
-8615
-9289
-9964
-9604
-7935
-6288
-6009
-6412
-5712
-4983
-3783
-2012
-916
301
1035
1604
2775
3357
4222
4338
5060
5702
5996
6123
5400
4935
4646
4763
4460
3363
2049
857
345
-79
-568
-1998
-3624
-5393
-5966
-6672
-7175
-7219
-9102
-9900
-11442
-11443
-11323
-11535
-12286
-11968
-9120
-8523
-9186
-11006
-11285
-8515
-5445
-3309
-2825
-2736
-3006
-3041
52
3560
6071
6582
5208
5235
6779
8892
11065
12017
12067
11312
10326
10572
11212
11756
11966
11447
10921
9752
8035
6780
6245
6740
6724
5306
3575
1416
-7
-812
-768
-384
-1164
-3063
-5034
-5516
-5536
-4928
-4453
-4401
-4805
-5959
-6145
-5512
-3665
-2544
-2349
-2095
-1649
-1233
-418
1124
2307
3509
3706
3913
4473
4958
5450
5978
6658
7016
6260
5196
4633
4796
5226
4844
3905
2362
681
-454
-623
-433
-1352
-3239
-5182
-6772
-7270
-7749
-8035
-8872
-10196
-11160
-12439
-11903
-11916
-12482
-13197
-13003
-10029
-8397
-9091
-10109
-11640
-9297
-6299
-3104
-1896
-1319
-2216
-2413
576
4035
7396
7848
7087
6429
7880
9514
12615
13419
13490
12369
11081
11071
11747
12171
12236
11359
10927
9416
7577
6007
4994
5061
4649
3459
1922
-667
-2633
-3757
-3522
-3097
-3581
-5379
-7841
-8596
-8919
-7313
-6466
-5520
-6160
-7980
-8567
-7391
-4671
-2550
-1827
-2037
-1769
-1642
-627
1937
4190
5169
5238
5048
5922
7105
7560
8399
9189
9399
8554
8152
7788
7602
7531
6697
5955
5148
3477
2059
779
12
-393
-1970
-3053
-5389
-6379
-7825
-8580
-8720
-10170
-10525
-12601
-13203
-13625
-14266
-14204
-14644
-13677
-10689
-11065
-11503
-13427
-13179
-9777
-7000
-3583
-4054
-3780
-4192
-3128
837
4444
6815
7638
6216
6680
7825
10617
13509
14347
14259
12784
12324
12657
12828
13595
13467
12709
11760
9421
8039
6626
5790
5617
4703
3334
768
-2128
-3451
-4575
-4106
-4096
-5607
-7459
-10060
-11648
-10982
-9679
-8393
-8281
-9198
-10324
-10883
-9706
-7503
-5702
-3929
-3766
-3271
-2667
-1862
498
2514
4537
5472
6007
6150
6766
7388
9327
10900
11344
10345
9045
8669
8713
9111
9050
8674
6942
4362
2919
2527
2202
1576
-418
-2126
-3861
-5702
-6801
-7331
-7625
-8835
-10311
-11406
-12403
-13376
-14454
-14530
-13820
-13046
-9948
-10821
-11922
-13580
-13592
-9618
-5898
-3156
-3566
-4267
-4544
-3018
819
5269
7392
8133
6542
6752
8358
11458
14516
15745
15360
14533
13516
13602
14681
15018
15693
14287
13128
10991
9144
8107
7170
7365
6384
4299
1462
-1548
-3162
-3869
-3888
-3953
-5231
-7728
-10503
-12403
-12026
-10482
-9419
-9063
-10095
-10925
-11509
-11357
-8638
-6739
-4527
-3917
-3558
-3558
-3251
-1071
2083
4799
6316
5747
5694
5593
7121
9835
11726
12843
11235
9285
8004
8807
9991
10326
9725
7787
4996
3023
2145
1961
1918
760
-1346
-3828
-6488
-7902
-8190
-8394
-9102
-10189
-11740
-14132
-14997
-15467
-15128
-14335
-14092
-14288
-11817
-11863
-12387
-12955
-12343
-8515
-5460
-2764
-2868
-3061
-2534
-766
2721
7701
9530
10429
8675
8803
10814
13946
17233
18030
17235
15401
14293
14913
15766
16197
16224
13878
12369
10281
8556
7867
6787
6170
4624
1945
-569
-3336
-4863
-5837
-5939
-6114
-7716
-10691
-13378
-14980
-13978
-12525
-11601
-10494
-12173
-13584
-13604
-12196
-8616
-6458
-4656
-4494
-4388
-3605
-2044
1284
4667
6250
7365
6919
7408
8499
9871
12338
13344
13605
12376
10867
10480
9795
10186
10239
9053
7632
4349
1975
1026
607
325
-1879
-4153
-6879
-9502
-10667
-11257
-10689
-11907
-14211
-16305
-17772
-17639
-17832
-17204
-17820
-17895
-18354
-14910
-12394
-12365
-13380
-14794
-11313
-7222
-2951
-1718
-1286
-1254
-216
2252
7705
11765
14202
12624
11715
12860
15025
18555
20311
20639
19752
17566
16331
16969
17232
17654
15667
13967
11869
9497
7596
5963
5266
3959
1185
-1208
-3826
-5744
-7442
-8819
-9088
-9710
-11470
-13198
-14990
-15401
-15242
-14679
-13300
-12152
-11839
-12288
-11939
-9773
-7844
-5488
-3231
-1551
-593
33
1760
4513
7398
9433
10860
11792
11917
12086
13402
15004
16229
15591
14672
13944
12809
11761
11261
10447
9573
7426
5043
2936
1280
-306
-2086
-3421
-5225
-6805
-9255
-11559
-12953
-13810
-14389
-15586
-16327
-17164
-18422
-19729
-20343
-19813
-18887
-18720
-16343
-12176
-12541
-13290
-15327
-12958
-7766
-3205
121
125
696
620
1437
7104
13341
16495
16974
13663
14263
15401
17987
21596
22677
22662
20096
17174
17416
17172
17682
16416
14227
12812
9335
6941
4951
3468
2718
357
-2028
-3659
-6202
-8571
-11077
-11369
-10746
-11572
-12554
-13949
-15480
-15797
-16206
-14857
-12478
-10732
-9703
-11060
-9394
-7954
-6014
-2429
420
2942
2948
2578
4185
7478
10823
12697
13835
14791
13633
13579
13903
15840
17267
15733
14718
13357
11944
10987
9596
8985
7310
4638
2501
130
-1439
-3574
-5532
-6656
-8215
-9750
-11784
-13509
-14618
-15516
-16455
-17378
-18220
-18160
-19081
-19091
-19669
-19037
-19710
-19378
-18838
-14718
-9532
-9932
-10319
-13343
-12023
-7367
-1356
2992
5324
4104
2710
1453
6805
12787
17629
20077
16671
14951
13406
14982
18603
21257
22117
20198
16134
14328
11629
12131
12403
11406
10423
6509
3324
330
-1954
-2483
-3756
-4835
-6080
-8296
-10254
-12845
-14245
-14399
-14530
-13220
-12762
-13029
-13481
-15032
-15071
-13357
-10571
-7606
-5617
-3980
-4092
-3730
-2273
865
4757
7605
8784
9127
9519
10067
12069
14541
16951
17264
16705
15237
14654
14786
14975
15026
14216
12904
10998
8970
7071
5057
3314
1888
168
-1577
-4144
-6291
-8191
-9838
-11015
-11842
-12472
-13174
-14648
-16052
-16800
-17418
-16477
-16139
-15652
-15755
-16605
-16293
-16148
-14911
-13724
-12935
-11509
-7624
-5520
-3792
-4502
-6146
-3762
-475
4283
6667
7593
8308
7563
8002
10230
12196
16642
17451
17062
15977
13770
14596
14741
15341
16237
14540
13719
11757
8991
7992
5676
5196
3787
1809
513
-1438
-2673
-3828
-6248
-7936
-9320
-9782
-9429
-9626
-9729
-10642
-11543
-12156
-11984
-10383
-8369
-7296
-6865
-6883
-6637
-5820
-4380
-2177
-95
2075
3381
4195
4753
5264
5989
7556
9301
10965
11567
11464
11166
10775
10583
10391
10464
10468
10016
8768
7615
6299
5337
4705
3990
3482
1960
545
-361
-235
-341
-2484
-4654
-5888
-5534
-5409
-6657
-6968
-7134
-7391
-7046
-8805
-8977
-8868
-8202
-7341
-7328
-6959
-6524
-6529
-6405
-6197
-5294
-4055
-3023
-2800
-3628
-3974
-3294
-1331
933
1693
990
401
470
1001
1974
2981
4034
4420
3989
3876
4045
4422
4544
4214
3767
3299
2737
2546
2535
2456
2386
1753
1337
529
-122
-619
-1301
-1386
-1332
-1523
-1834
-2520
-2738
-2410
-2148
-1983
-2165
-2490
-2483
-2291
-1468
-905
-393
205
180
549
1082
1366
1530
1585
1809
2227
2632
2782
2962
3472
3563
3579
3184
3150
3355
3418
3146
2612
2562
2696
2718
2595
2202
1395
991
366
266
308
106
-299
-1296
-1900
-2160
-1967
-1849
-1641
-2176
-2932
-3376
-3498
-3417
-2978
-2233
-2005
-2379
-2933
-3055
-2972
-2427
-1764
-1373
-888
-1104
-1342
-1404
-1072
-698
-338
-436
-965
-1166
-1568
-1836
-1549
-672
-104
-93
-698
-1315
-1185
-1038
-1324
-1215
-1159
-769
-272
19
257
140
-155
-385
-463
-414
-490
-392
50
200
668
778
492
370
307
574
792
1051
1213
678
339
651
1813
2647
2620
1739
764
146
411
1423
2000
2084
1389
478
190
709
1237
1425
1067
364
-658
-1081
-688
-23
413
-131
-1107
-1574
-1529
-1405
-1042
-1236
-1509
-1841
-1976
-1889
-1281
-635
-423
-589
-904
-1031
-648
263
918
1487
1674
1204
1466
1895
2511
3137
3077
3211
2951
3396
3415
3254
3253
3154
3022
3593
3678
3427
3042
2028
1882
1641
2048
2040
1491
383
-1046
-1175
-1107
-606
-508
-1124
-1822
-2662
-3608
-4045
-4119
-3954
-4113
-4937
-5881
-6407
-5736
-4343
-3467
-3338
-4134
-5024
-5425
-5025
-3675
-2327
-887
-114
141
301
951
2050
3237
3655
4095
3936
3823
4624
5731
6642
6685
6015
5362
5157
4954
4705
4095
3449
2380
1592
1191
484
-117
-1200
-2329
-3035
-3701
-4179
-4948
-5589
-6199
-6595
-6836
-6922
-6584
-6361
-6224
-6102
-5960
-5898
-5105
-4648
-3798
-3176
-2452
-1578
-588
245
986
1551
2352
3687
4890
5632
5938
6540
6950
7646
8253
8392
8413
8193
7780
7818
7811
7750
7271
6482
5404
4535
4127
3671
3098
2427
788
-125
-949
-1154
-1248
-2279
-2365
-3383
-3927
-4689
-4267
-4056
-4289
-5003
-6625
-6829
-5608
-4393
-3125
-3130
-3105
-2317
-1601
-1560
-2257
-2725
-2687
-1204
-870
289
990
1337
1585
1116
-253
-797
-796
-136
1696
2674
2465
1772
402
-213
138
505
187
-394
-1209
-1376
-863
-361
134
-93
-731
-1369
-2082
-2687
-2948
-3050
-2723
-2579
-2925
-3616
-4454
-4527
-4374
-4264
-4373
-4903
-5334
-5520
-5080
-4208
-3599
-2999
-2520
-2171
-1569
-1012
-191
578
1238
1567
1901
2449
3542
5121
6173
6453
6297
6159
5843
6202
6447
6334
5841
5408
5323
5575
5676
5416
4996
3955
3052
2230
1435
1440
1520
1339
1042
22
-321
-556
-622
-688
-1241
-1459
-1532
-1577
-1125
-1442
-1673
-1612
-1610
-322
202
1001
1047
532
166
226
1146
2564
3076
2588
2455
2336
3504
3835
4139
3582
2514
2623
1747
1553
1043
127
292
552
53
-820
-2768
-4042
-4980
-6249
-6941
-8268
-9021
-9577
-10512
-10184
-9205
-7594
-6702
-7734
-8801
-9787
-8852
-7382
-6380
-5454
-5040
-3852
-1952
-93
1906
2985
3570
3900
3722
4085
4919
6037
7332
7701
7615
7432
7307
8150
8359
7981
6745
5177
4301
3598
3343
3472
3014
2441
1707
948
342
-350
-884
-1413
-1952
-2738
-3358
-3533
-3202
-2903
-2509
-2314
-2322
-2472
-2827
-3079
-3009
-2249
-1672
-1082
-1033
-844
-146
643
2061
2687
3221
3215
3137
3446
3973
4626
5173
5686
5770
5921
6015
6290
6511
6704
6522
6222
5734
5237
4750
4287
3884
3444
3049
2832
2453
1719
599
-553
-1429
-2204
-2948
-3563
-4146
-4713
-5424
-5893
-6192
-6714
-7149
-8398
-9115
-10206
-10703
-11235
-11578
-11169
-11419
-11404
-11851
-11606
-11347
-11534
-11840
-12182
-9918
-7351
-4283
-2361
-2255
-1159
118
1524
3180
4120
5834
6910
8347
9550
9927
11774
12653
13506
14195
13342
12776
11734
10653
9494
7712
6765
5604
4664
3746
1796
646
-464
-1768
-3273
-5332
-6812
-7999
-8669
-8986
-9536
-9443
-9008
-8523
-7985
-7954
-7550
-7131
-6083
-4864
-3924
-3099
-2148
-1120
177
1576
3247
4902
6185
6844
6670
6827
7226
8485
9041
9339
9210
8663
8843
8681
8779
8588
7969
7264
6232
5392
4502
3478
3106
2359
1668
1142
196
-171
-900
-1356
-1811
-2533
-2748
-3276
-3802
-4415
-5253
-5364
-5288
-5061
-4976
-5356
-5577
-5792
-5727
-5509
-5507
-5655
-5591
-5928
-5818
-5616
-5023
-4739
-4764
-4960
-4987
-4735
-4645
-4311
-4761
-5004
-5536
-6024
-5847
-4843
-2848
-644
1145
2043
2613
3603
4531
5441
6030
6013
6154
6462
7090
7372
7730
8570
9186
9703
9128
8293
7578
6422
4866
2824
817
-431
-1413
-2319
-3644
-4987
-5804
-6288
-6449
-6840
-7242
-7797
-8482
-9209
-9447
-9163
-7976
-6477
-5523
-4620
-3385
-1651
383
2144
3310
4024
4440
5024
5396
6230
7174
8181
8616
8644
8460
8463
8691
8780
8434
7765
6504
5385
4204
3061
2121
1283
851
336
-69
-900
-1240
-1641
-2122
-2839
-3598
-3872
-3742
-3789
-3727
-3405
-2688
-2030
-1362
-581
5
595
591
652
749
1005
1382
1837
1952
2012
1896
2038
2281
2167
1598
958
152
-608
-1442
-2025
-2580
-3166
-3841
-4719
-5668
-6381
-6900
-7143
-7652
-8328
-9001
-9859
-8959
-8226
-5641
-4328
-2624
-1839
-971
88
677
2147
3205
3975
4681
4717
5252
5831
6497
7554
7982
8240
7684
7413
6349
5426
4340
3342
2199
1239
-292
-1566
-2638
-3401
-4004
-4529
-4857
-5128
-5288
-5668
-5848
-5722
-5288
-5397
-5389
-5231
-4516
-3614
-2744
-1897
-871
352
1617
2663
3403
3851
4104
4325
4297
4250
4275
4105
4120
3907
3675
3579
3199
3126
2774
2296
1710
1084
471
4
-368
-565
-528
-273
163
434
853
1030
1603
2313
2930
3501
3825
4221
4566
4844
5162
5336
5549
5477
5170
4809
4251
3784
3450
2903
2210
1274
302
-904
-2264
-3416
-4414
-5021
-5657
-6551
-7578
-8495
-9240
-9478
-9469
-9550
-9948
-10408
-11028
-11324
-11404
-11117
-10917
-10078
-8942
-7595
-5534
-3849
-1397
481
2498
3555
4521
5224
6007
6762
7230
7315
7535
7851
8497
8926
9178
9027
8623
8067
6786
5503
4166
2818
1176
-561
-2439
-4086
-5575
-6735
-7501
-7988
-8200
-8154
-8177
-7923
-7545
-7051
-6446
-5793
-5012
-4595
-3964
-3471
-2528
-1196
298
2006
3611
5013
5974
6802
7512
8003
8298
8374
7994
7511
6645
5804
5147
4703
4580
4321
4138
3513
3056
2515
2210
2100
1883
1556
986
309
-250
-509
-445
-282
272
851
1450
1962
2318
2781
3085
3584
3942
4049
3672
3281
2787
2420
2016
1740
1219
725
256
-181
-391
-724
-1043
-1903
-2697
-3637
-4430
-5451
-6202
-6873
-7601
-8054
-8520
-8643
-8441
-8197
-7943
-7860
-7927
-8089
-8407
-8324
-8504
-7751
-7558
-6334
-5090
-3629
-1522
-79
1770
2712
3912
4478
5149
5691
5916
5927
5844
5678
5523
5416
5508
5497
5588
5335
5014
4556
4039
3558
2714
1676
330
-792
-1953
-2840
-3518
-4025
-4088
-4015
-3852
-3271
-2579
-1463
-591
138
476
624
885
1047
1529
1882
2110
2063
2160
2234
2681
3266
3862
4317
4306
3976
3451
2905
2289
1756
982
274
-610
-1041
-1294
-1269
-1088
-738
-203
498
1197
1789
2343
2386
2622
3140
3839
4536
4921
5081
5189
5319
5820
6493
7253
7760
7710
7070
6444
5678
5240
4576
3696
2486
1070
-157
-1509
-2614
-3555
-4476
-5494
-6587
-7609
-8436
-9173
-9866
-10679
-11211
-11757
-12220
-12466
-12514
-12442
-12418
-12137
-11533
-10850
-10024
-9470
-8928
-8319
-7582
-6976
-5766
-4579
-3228
-1727
15
1789
3766
5176
6722
8133
9211
10073
10591
10859
10627
10228
9817
9730
9640
9527
9005
8298
7504
6735
6041
5341
4261
2847
1086
-428
-1932
-3122
-4262
-5307
-6092
-6916
-7700
-8160
-8146
-7816
-7353
-7108
-6657
-6016
-5277
-4566
-4051
-3534
-3187
-2522
-1833
-894
124
696
1184
1685
2387
3415
4476
5273
5691
5666
5605
5669
6067
6426
6462
6450
5835
5420
5283
5657
6258
6808
6980
6894
6928
6860
6858
6837
6674
6114
5444
4649
3797
2804
1888
959
81
-755
-1554
-2382
-3010
-3714
-4331
-5083
-5853
-6588
-7322
-7831
-8254
-8794
-9292
-9622
-9638
-9426
-8985
-8326
-7827
-7375
-7021
-6491
-5437
-4426
-3405
-2779
-2388
-2031
-1456
-620
-117
495
647
837
722
981
1281
1821
1973
2393
2687
2874
3249
3556
4206
4545
4931
4649
4767
4382
4257
4023
3966
3660
3137
2334
1646
803
208
-398
-931
-1285
-1650
-2228
-2722
-2833
-2867
-3120
-3369
-3599
-3929
-4144
-4397
-4534
-4441
-4313
-4018
-3452
-2822
-2096
-1242
-400
467
1360
2169
2840
3516
4050
4478
5075
5512
5921
6091
6130
6030
6035
6062
5898
6053
5984
5883
5568
5029
4327
3791
3366
3069
2649
2104
1221
359
-176
-464
-339
-359
-631
-1049
-1403
-1626
-1512
-1282
-1372
-1803
-2235
-2501
-2519
-2453
-2266
-2113
-1899
-1779
-1509
-1252
-929
-642
-423
-142
116
495
798
941
856
732
465
444
559
696
658
396
207
-14
-144
-353
-496
-825
-1250
-1886
-2528
-3170
-3562
-3829
-4052
-4414
-4997
-5535
-6062
-6188
-6421
-6404
-6884
-6937
-7038
-6709
-6239
-5541
-4288
-3471
-2438
-1811
-614
251
1069
1508
2083
2484
2766
3027
3353
3936
4185
4405
4494
4593
4732
4720
4651
4599
4213
3829
3250
2931
2308
1463
572
-193
-863
-1529
-2182
-2832
-3345
-3806
-4032
-3971
-3650
-3435
-3226
-2844
-2427
-1997
-1669
-1439
-1073
-608
-150
180
639
1173
1646
2023
2539
3158
3861
4496
4973
5434
5594
5666
5533
5669
5761
5900
5693
5429
5095
4749
4427
4072
3893
3618
3468
3115
2784
2431
1982
1333
878
561
223
-318
-1016
-1613
-2052
-2384
-2607
-2749
-2800
-2926
-3360
-3738
-3886
-3772
-3679
-3691
-3855
-3988
-4168
-4261
-4151
-4027
-3931
-4012
-4056
-3955
-3809
-3519
-3222
-2885
-2681
-2539
-2434
-2340
-2029
-1962
-1857
-1842
-1998
-2128
-2277
-2465
-2533
-2592
-2600
-2516
-2546
-2379
-2519
-2347
-2096
-1613
-780
-185
506
727
1075
1269
1657
1896
2379
2434
2241
1952
1546
1446
1287
1446
1532
1455
1106
631
367
331
409
409
222
-102
-624
-936
-1086
-956
-726
-437
-215
-3
394
791
1447
2110
2769
3325
4144
4907
5600
6120
6414
6501
6561
6695
6704
6687
6539
6326
5898
5429
4883
4623
4213
3711
3015
2425
1569
801
-40
-767
-1384
-1970
-2399
-2931
-3155
-3588
-3809
-4003
-3903
-3593
-3344
-3249
-3199
-3207
-3051
-2589
-2100
-1508
-1172
-1012
-851
-458
141
714
1236
1453
1506
1514
1593
1713
1853
1955
1969
1826
1508
1159
728
347
50
-302
-634
-1170
-1795
-2402
-2990
-3485
-4012
-4568
-5180
-5869
-6455
-7017
-7327
-7616
-7649
-7629
-7786
-7896
-7958
-7867
-7642
-7252
-6749
-6238
-5678
-5212
-4661
-3902
-2940
-1956
-1005
-193
520
1427
2094
3026
3901
4810
5521
6200
6670
7120
7467
7665
7947
7888
7854
7543
7231
6849
6413
6041
5477
5018
4430
3830
3280
2919
2528
1992
1578
975
466
-24
-489
-843
-1083
-1549
-2174
-2719
-3089
-3103
-3010
-2801
-2704
-2477
-2273
-1917
-1542
-1053
-713
-551
-567
-549
-421
-312
21
179
424
650
939
1341
1660
2044
2196
2531
2737
2742
2881
2892
3076
2913
2777
2493
2386
2141
2052
1742
1494
1207
679
489
47
-23
-173
-350
-552
-1001
-1332
-1822
-2151
-2483
-3016
-3611
-4063
-4542
-4770
-5064
-5228
-5246
-5568
-5774
-5935
-5830
-5502
-5153
-4862
-4751
-4636
-4400
-3980
-3373
-2877
-2439
-2117
-1914
-1580
-1214
-609
-3
619
1120
1456
1755
2076
2498
2923
3234
3393
3324
3075
2764
2411
2175
1816
1412
999
563
204
-194
-445
-478
-388
-259
-168
-170
-127
-206
-151
-37
207
467
500
407
282
326
494
894
1255
1462
1547
1533
1621
1821
2049
2080
2167
2061
1938
1790
1811
1887
1931
1848
1485
1208
971
882
862
827
893
938
1103
1300
1501
1707
1874
1867
1776
1738
1643
1604
1331
934
607
368
357
391
446
415
367
300
329
267
317
371
219
92
-270
-469
-707
-944
-1199
-1305
-1404
-1357
-1310
-1204
-1023
-972
-678
-521
-203
13
16
-162
-439
-637
-913
-1076
-1217
-1386
-1649
-1823
-1862
-1672
-1501
-1323
-1236
-1167
-1051
-1011
-824
-807
-857
-1089
-1457
-1701
-1746
-1643
-1730
-1861
-1943
-1859
-1633
-1269
-908
-618
-539
-541
-557
-541
-478
-586
-731
-969
-1251
-1428
-1529
-1558
-1456
-1429
-1358
-1120
-909
-636
-556
-374
-98
151
532
809
1079
1125
1303
1458
1800
1955
2124
2304
2410
2521
2544
2686
2877
3053
3068
2922
2528
2209
1972
1846
1918
1834
1675
1368
1004
854
855
1000
1073
912
591
320
156
170
342
529
663
639
640
689
745
873
995
1029
1072
989
822
611
499
434
551
629
675
627
529
582
565
656
605
507
230
-27
-434
-743
-962
-1171
-1265
-1521
-1730
-1911
-2025
-1992
-1963
-1986
-2076
-2259
-2295
-2292
-2287
-2261
-2295
-2304
-2346
-2386
-2300
-2142
-1887
-1548
-1369
-1231
-1163
-1041
-749
-520
-275
-155
-72
15
195
442
668
966
1196
1268
1196
1171
1065
1037
1015
980
1030
854
589
235
-43
-184
-365
-496
-657
-993
-1294
-1572
-1597
-1534
-1610
-1758
-1871
-1987
-1952
-1906
-1715
-1508
-1420
-1280
-1219
-1020
-756
-361
178
621
941
1289
1584
2024
2592
3157
3660
3845
3910
3922
4014
4064
4103
4018
3796
3436
2992
2795
2717
2689
2535
2320
1979
1737
1342
995
770
408
-13
-561
-1003
-1385
-1726
-2039
-2303
-2459
-2464
-2460
-2472
-2470
-2526
-2464
-2532
-2450
-2379
-2310
-2129
-2057
-1912
-1832
-1689
-1541
-1314
-1017
-795
-686
-482
-334
-274
-230
-154
92
330
423
365
397
454
636
865
1068
1215
1341
1385
1431
1450
1428
1332
1226
1168
999
913
907
952
900
876
815
772
689
538
404
310
326
387
439
377
194
-56
-304
-397
-430
-510
-598
-898
-1213
-1385
-1460
-1435
-1408
-1350
-1403
-1469
-1419
-1265
-929
-584
-364
-144
27
146
218
377
505
668
793
880
1032
1155
1353
1557
1759
1948
2130
2267
2367
2307
2190
2019
1847
1683
1291
871
536
252
139
20
30
-126
-364
-527
-757
-901
-1078
-1290
-1626
-1953
-2326
-2423
-2487
-2454
-2318
-2303
-2089
-1944
-1729
-1527
-1363
-1199
-990
-846
-712
-630
-528
-527
-431
-310
-234
-60
27
39
-5
-32
3
110
193
292
346
380
366
382
544
718
1002
1153
1182
1181
1082
1203
1208
1371
1463
1420
1368
1352
1294
1360
1543
1548
1728
1785
1848
1786
1833
1800
1747
1604
1343
1222
982
839
608
497
382
276
188
72
97
106
88
32
-31
-213
-333
-431
-549
-666
-899
-1066
-1103
-1162
-1194
-1155
-1117
-1025
-1018
-899
-845
-644
-500
-472
-401
-511
-511
-507
-454
-379
-358
-296
-220
-190
-164
-157
-228
-225
-225
-315
-394
-663
-840
-1010
-1058
-1124
-1132
-1113
-1249
-1433
-1635
-1712
-1681
-1602
-1618
-1661
-1699
-1617
-1504
-1336
-1128
-1098
-1012
-1047
-998
-826
-676
-588
-569
-593
-517
-450
-404
-349
-308
-299
-362
-321
-296
-248
-213
-232
-205
-214
-232
-221
-149
-64
-32
-59
10
137
320
487
597
787
929
1151
1427
1758
2060
2359
2511
2603
2748
2765
2817
2806
2718
2578
2397
2159
2040
1872
1721
1632
1468
1451
1344
1271
1323
1296
1278
1010
835
688
483
347
154
-54
-275
-501
-633
-638
-616
-610
-607
-650
-678
-710
-657
-537
-386
-332
-398
-450
-560
-616
-732
-799
-811
-806
-760
-729
-521
-341
-179
-106
17
67
114
186
141
60
-113
-188
-271
-233
-309
-415
-534
-612
-678
-765
-801
-861
-906
-955
-1060
-1110
-1170
-1288
-1420
-1525
-1560
-1532
-1564
-1627
-1681
-1741
-1654
-1567
-1376
-1302
-1268
-1262
-1208
-1031
-926
-891
-807
-748
-748
-579
-544
-330
-120
30
257
454
720
887
985
1012
1196
1237
1302
1395
1430
1501
1381
1299
1279
1253
1286
1259
1208
1280
1239
1231
1286
1291
1231
1096
905
840
853
826
865
747
686
645
525
520
517
558
611
575
505
547
545
609
708
739
864
856
940
1035
1096
1151
1130
1126
1114
1035
931
823
721
666
612
538
410
268
114
-17
-60
-136
-206
-286
-430
-547
-649
-766
-910
-1135
-1312
-1477
-1580
-1629
-1655
-1640
-1604
-1575
-1607
-1609
-1635
-1576
-1562
-1569
-1599
-1660
-1690
-1772
-1740
-1742
-1674
-1664
-1633
-1654
-1666
-1660
-1678
-1612
-1607
-1589
-1724
-1779
-1791
-1668
-1445
-1238
-1125
-1090
-1142
-1179
-1095
-983
-878
-792
-771
-783
-849
-823
-703
-513
-366
-268
-220
-122
17
209
405
533
598
629
690
708
756
805
768
744
736
849
933
946
921
938
959
1065
1189
1249
1304
1281
1306
1241
1295
1298
1323
1309
1287
1292
1304
1421
1566
1736
1912
1956
2059
2064
2034
2085
2047
2109
2084
1970
1865
1699
1481
1392
1242
1179
1074
838
670
486
486
496
437
333
144
-15
-99
-134
-105
-209
-396
-460
-475
-477
-489
-504
-498
-435
-394
-297
-216
-106
-114
-186
-272
-325
-384
-458
-531
-632
-756
-881
-927
-884
-853
-890
-966
-1025
-1065
-1172
-1248
-1385
-1503
-1642
-1872
-2074
-2295
-2422
-2431
-2425
-2396
-2318
-2231
-2121
-1969
-1816
-1603
-1419
-1211
-984
-847
-713
-608
-430
-226
-32
57
146
216
313
458
565
720
891
1010
1105
1120
1124
1067
1070
1088
1021
936
788
727
686
623
567
602
566
533
461
406
497
556
605
631
718
755
849
971
1073
1194
1247
1261
1300
1335
1381
1382
1450
1521
1526
1607
1711
1870
2040
2180
2201
2213
2036
1913
1844
1753
1687
1437
1216
984
774
578
367
169
-37
-248
-466
-625
-756
-830
-889
-938
-934
-1033
-1097
-1220
-1298
-1300
-1303
-1266
-1247
-1201
-1233
-1271
-1234
-1147
-1070
-984
-962
-943
-941
-955
-892
-872
-898
-957
-1036
-1022
-1057
-1131
-1177
-1183
-1157
-1179
-1237
-1320
-1360
-1332
-1340
-1308
-1340
-1337
-1284
-1220
-1099
-1049
-1010
-956
-871
-765
-653
-547
-424
-337
-358
-356
-319
-202
-109
-86
-65
-99
-110
-164
-242
-189
-178
-184
-154
-194
-140
-136
-89
-40
-4
-36
-62
-85
-193
-96
-24
129
257
213
209
228
381
541
650
744
830
957
1140
1243
1441
1658
1739
1881
1912
1983
2084
2081
2098
2027
1834
1664
1556
1450
1350
1177
1052
944
846
814
714
643
483
343
206
65
-82
-274
-408
-555
-640
-714
-758
-774
-827
-903
-961
-1025
-974
-839
-732
-666
-653
-650
-608
-511
-380
-212
-69
43
27
85
228
355
465
476
471
458
435
349
294
229
214
238
182
134
10
-59
-15
4
53
66
69
36
0
20
4
-60
-144
-269
-348
-394
-351
-336
-319
-316
-374
-405
-419
-393
-404
-419
-441
-456
-477
-544
-558
-472
-393
-382
-382
-470
-486
-484
-464
-430
-455
-312
-224
-114
26
136
263
425
487
540
573
544
586
576
652
710
745
799
748
742
703
728
833
909
956
879
721
613
631
692
722
654
504
427
330
290
337
415
445
366
247
173
96
-6
-54
-66
-41
-36
-73
-52
-21
70
163
201
225
166
145
183
269
369
386
307
232
150
37
17
-15
19
61
48
90
91
99
178
227
283
321
337
297
238
189
190
200
188
120
34
27
48
79
74
84
84
85
16
-79
-141
-157
-180
-272
-361
-431
-495
-571
-654
-716
-766
-787
-840
-915
-928
-930
-914
-896
-857
-813
-826
-823
-751
-691
-593
-556
-491
-412
-354
-243
-156
-39
106
169
208
288
307
362
399
348
326
296
263
179
118
105
72
85
35
-7
-74
-91
-79
-38
-41
-109
-149
-187
-199
-179
-207
-211
-194
-251
-226
-224
-185
-130
-115
-116
-80
19
157
256
321
371
418
470
564
663
701
732
693
661
633
571
496
511
527
459
348
282
231
204
159
66
68
31
8
10
-10
-67
-143
-126
-168
-221
-282
-359
-432
-465
-474
-416
-336
-279
-211
-178
-106
-57
37
159
275
282
225
224
281
367
453
525
549
553
556
631
729
773
812
818
815
770
680
637
624
610
586
567
487
423
373
330
271
165
107
69
32
-27
-53
-42
-18
-26
-25
-22
-92
-164
-224
-302
-316
-352
-420
-411
-428
-460
-420
-419
-342
-234
-171
-143
-100
-23
79
160
222
256
274
289
303
364
390
450
521
570
626
702
813
909
956
898
838
742
692
618
466
303
62
-142
-323
-430
-529
-640
-744
-755
-749
-765
-766
-843
-878
-865
-891
-895
-871
-837
-838
-844
-776
-672
-526
-461
-444
-395
-323
-276
-181
-75
6
85
69
102
136
215
317
397
435
434
399
373
406
365
319
272
195
185
193
210
227
242
303
390
486
546
620
653
658
627
595
607
591
586
488
411
341
293
272
233
206
193
200
166
148
157
177
209
181
103
95
55
54
99
112
152
262
349
400
413
397
453
490
518
530
538
519
432
353
300
282
346
413
356
239
156
98
53
6
-116
-263
-409
-605
-719
-803
-837
-869
-971
-1047
-1141
-1237
-1343
-1442
-1498
-1545
-1594
-1621
-1611
-1577
-1549
-1519
-1452
-1331
-1228
-1131
-1001
-878
-723
-600
-494
-392
-329
-194
-109
-76
27
145
280
425
524
569
632
678
719
701
602
536
417
265
115
-32
-125
-204
-256
-337
-442
-522
-563
-613
-593
-617
-667
-685
-729
-726
-704
-635
-559
-468
-413
-352
-210
-65
47
120
250
420
543
677
820
858
919
989
1074
1173
1262
1286
1307
1299
1290
1326
1301
1224
1118
1048
975
905
779
656
571
523
478
386
291
238
169
126
70
-82
-250
-400
-495
-547
-569
-613
-668
-714
-737
-773
-720
-698
-696
-658
-673
-689
-664
-620
-599
-555
-546
-513
-446
-336
-197
-118
-60
-22
25
106
217
332
355
334
343
327
275
261
258
234
215
187
148
149
159
162
168
134
98
27
-24
-63
-65
-104
-181
-234
-310
-365
-430
-454
-479
-505
-555
-579
-535
-474
-384
-336
-285
-210
-175
-136
-64
3
75
154
226
284
354
413
474
530
598
694
763
803
801
769
754
745
727
644
525
443
368
273
177
96
63
-10
-85
-128
-178
-213
-248
-243
-239
-280
-322
-387
-452
-432
-399
-373
-357
-362
-345
-224
-93
53
194
284
368
347
368
373
391
437
447
428
405
334
286
281
273
323
305
265
204
116
95
93
129
126
68
28
-63
-131
-140
-144
-175
-193
-265
-340
-416
-450
-435
-452
-478
-513
-542
-545
-556
-598
-631
-686
-693
-694
-706
-699
-724
-763
-781
-778
-739
-704
-684
-669
-639
-624
-588
-478
-383
-296
-256
-221
-141
-62
23
61
52
66
55
25
10
10
15
-27
-95
-97
-109
-153
-208
-266
-362
-451
-549
-650
-706
-784
-871
-903
-950
-989
-966
-963
-925
-880
-845
-825
-811
-795
-803
-726
-644
-650
-638
-609
-544
-395
-292
-179
-67
20
141
266
391
545
703
797
933
1028
1041
1071
1084
1077
1075
1057
1008
954
896
826
775
700
621
521
434
358
296
211
95
-1
-147
-276
-355
-428
-461
-532
-594
-616
-618
-552
-498
-471
-484
-492
-433
-319
-215
-129
-25
56
145
226
261
319
341
324
319
341
373
386
405
378
322
343
350
315
297
250
211
170
96
15
-64
-129
-212
-329
-402
-438
-465
-479
-512
-522
-553
-573
-555
-543
-524
-514
-497
-476
-463
-433
-401
-324
-241
-219
-185
-202
-234
-243
-177
-115
-108
-86
-106
-62
4
100
154
197
240
266
309
341
419
424
436
433
427
455
503
566
638
648
597
591
586
643
689
716
712
681
638
647
655
611
601
557
507
474
446
477
508
553
541
462
421
403
377
345
336
320
279
220
195
168
203
293
289
326
362
348
378
415
438
458
431
449
481
427
413
384
355
309
194
166
108
53
27
-53
-145
-215
-272
-304
-340
-412
-496
-584
-654
-721
-738
-738
-781
-869
-896
-909
-896
-840
-826
-776
-697
-650
-595
-598
-627
-570
-538
-443
-351
-308
-251
-240
-203
-175
-132
-73
-60
-17
-3
23
63
108
203
266
279
295
263
267
261
215
183
104
47
-82
-170
-276
-331
-310
-316
-321
-378
-426
-452
-429
-397
-382
-433
-482
-488
-505
-440
-369
-269
-194
-178
-146
-141
-98
-22
55
116
169
246
321
348
365
357
346
346
343
328
283
225
166
101
52
23
-40
-85
-101
-153
-148
-116
-103
-89
-120
-154
-168
-184
-236
-300
-353
-428
-482
-544
-587
-611
-597
-534
-519
-523
-528
-522
-484
-427
-381
-355
-340
-319
-305
-255
-182
-125
-82
-44
10
90
158
218
235
322
432
496
536
522
505
529
561
622
594
516
499
430
401
420
373
316
259
163
109
42
0
-58
-114
-164
-212
-214
-209
-204
-226
-170
-118
-70
-25
-11
7
25
102
186
322
404
476
546
629
668
741
783
773
826
817
752
767
751
734
734
671
653
656
596
557
507
443
389
314
251
117
-9
-95
-187
-222
-251
-255
-286
-273
-269
-270
-244
-219
-202
-196
-196
-198
-153
-125
-84
-27
17
59
123
172
236
273
344
424
476
512
530
538
623
683
705
759
756
731
728
715
699
676
623
560
522
486
449
407
354
331
261
168
120
67
93
136
119
56
-7
-22
-56
-58
-59
-71
-76
-103
-129
-87
-51
-3
35
34
19
30
23
68
60
44
15
-13
-14
-20
56
93
100
69
23
4
-21
-17
13
19
2
-8
-22
-26
-41
-69
-98
-101
-123
-133
-143
-136
-71
-60
-69
-90
-151
-158
-121
-140
-138
-188
-291
-346
-360
-385
-401
-451
-531
-584
-653
-646
-650
-694
-698
-725
-745
-782
-832
-867
-870
-831
-853
-819
-818
-852
-779
-700
-628
-534
-469
-411
-328
-265
-176
-119
-11
7
7
9
-17
-3
11
-9
-41
-29
-69
-83
-87
-133
-157
-170
-146
-117
-86
-63
-75
-110
-163
-191
-249
-249
-241
-230
-240
-253
-217
-195
-197
-140
-123
-111
-89
-128
-121
-137
-147
-122
-89
-67
-36
-61
-39
-37
14
101
145
146
144
164
141
139
137
200
241
240
265
239
221
230
223
223
191
148
121
100
95
32
1
-7
2
26
29
18
50
69
80
107
110
148
221
270
325
370
412
489
546
569
635
699
704
698
717
740
765
809
791
763
729
673
672
663
611
565
537
501
446
418
411
350
339
298
262
228
146
113
83
47
44
24
21
51
39
44
37
9
5
38
60
45
5
-35
-17
18
64
69
36
58
66
87
160
224
294
325
352
394
416
441
481
527
535
505
473
511
476
442
474
400
365
301
212
161
53
-18
-67
-143
-182
-232
-289
-347
-391
-408
-467
-532
-566
-597
-624
-628
-650
-647
-613
-589
-526
-474
-453
-422
-372
-272
-188
-139
-60
-12
24
107
174
224
291
322
343
347
380
440
492
537
548
533
555
543
567
601
616
615
567
521
426
359
338
276
211
119
-2
-73
-130
-167
-219
-259
-315
-365
-471
-503
-510
-525
-509
-539
-576
-647
-712
-764
-757
-728
-662
-666
-677
-673
-685
-606
-554
-505
-452
-441
-468
-478
-478
-435
-372
-397
-406
-426
-450
-457
-450
-428
-401
-365
-375
-375
-376
-391
-366
-363
-333
-309
-279
-271
-295
-313
-369
-371
-321
-279
-266
-291
-326
-324
-306
-326
-347
-352
-396
-454
-488
-524
-557
-546
-515
-518
-535
-583
-546
-494
-488
-408
-382
-383
-331
-290
-276
-203
-129
-38
57
96
136
182
255
335
441
514
535
539
529
571
612
670
731
745
732
700
650
618
592
536
496
435
370
311
230
165
93
73
29
-39
-73
-103
-160
-188
-223
-288
-300
-312
-300
-243
-199
-126
-50
-21
52
147
205
254
279
304
296
346
404
436
473
443
423
420
435
470
471
442
429
368
361
306
271
279
255
206
155
105
80
66
47
58
35
18
-3
-32
-69
-63
-69
-53
-46
-68
-36
-29
-30
-15
-8
21
73
93
130
144
137
177
213
291
323
307
300
251
241
285
369
420
430
398
396
419
409
380
348
347
367
373
379
364
313
285
259
217
220
234
271
286
307
296
264
247
208
194
162
134
84
73
66
48
54
53
17
-4
-28
-66
-50
-67
-70
-96
-159
-189
-164
-179
-217
-254
-252
-220
-242
-201
-184
-159
-115
-85
-69
-42
-41
-32
-11
31
76
80
116
136
146
137
92
44
2
-30
-52
-114
-186
-230
-291
-347
-411
-473
-509
-566
-607
-628
-636
-663
-664
-666
-666
-652
-650
-618
-604
-568
-503
-456
-384
-350
-306
-239
-201
-127
-72
-61
-22
-12
-31
-32
-20
-18
-36
-19
-53
-116
-142
-184
-216
-225
-218
-286
-346
-401
-458
-452
-503
-535
-552
-582
-591
-599
-584
-568
-570
-579
-567
-566
-506
-475
-425
-396
-400
-372
-362
-346
-326
-287
-283
-253
-197
-136
-74
-17
-1
32
59
89
121
118
161
148
106
41
21
58
43
61
70
88
89
70
128
169
153
172
169
184
195
197
190
147
116
91
120
91
72
81
116
143
164
150
169
198
211
235
224
225
218
224
239
240
257
279
288
286
308
302
309
333
374
428
429
424
434
461
498
507
522
520
530
517
501
490
470
461
416
395
371
347
313
266
268
254
222
205
117
72
53
23
-24
-105
-150
-192
-189
-203
-231
-232
-264
-254
-250
-252
-249
-201
-168
-102
-87
-53
11
37
94
155
234
292
334
356
357
370
421
487
564
608
660
687
703
705
687
655
651
614
555
527
491
460
385
317
256
242
217
205
153
93
42
7
59
60
55
10
-31
-19
18
35
58
103
119
156
237
305
332
336
291
290
299
341
376
404
413
388
386
387
375
363
340
312
301
299
288
247
183
141
133
142
118
94
30
-17
-2
1
3
-77
-189
-246
-275
-301
-356
-377
-437
-492
-518
-582
-636
-659
-722
-764
-797
-843
-887
-924
-936
-920
-913
-898
-873
-850
-838
-841
-791
-749
-695
-596
-555
-541
-480
-431
-351
-299
-278
-262
-229
-185
-145
-102
-97
-76
-29
16
27
39
39
53
38
39
44
35
64
46
26
-35
-87
-113
-168
-208
-241
-310
-359
-350
-377
-410
-428
-404
-394
-392
-384
-355
-349
-343
-330
-363
-320
-325
-259
-189
-143
-111
-50
-10
6
63
92
144
186
259
302
338
330
340
362
357
332
282
281
296
300
291
267
254
234
225
217
167
118
88
49
37
29
17
7
-3
31
60
67
87
77
6
-25
-48
-49
-50
-82
-119
-109
-48
18
50
63
102
112
118
134
123
163
220
266
307
290
266
228
217
208
227
225
220
237
227
208
186
170
181
214
228
229
211
177
181
215
257
291
318
299
261
265
252
264
262
250
264
239
232
184
165
186
169
198
195
172
198
196
183
175
154
178
223
253
276
294
301
300
287
250
217
232
223
218
224
208
223
225
240
237
240
247
282
257
233
211
145
152
116
107
87
55
38
11
13
-18
-47
-79
-102
-111
-109
-166
-209
-185
-201
-170
-122
-140
-98
-84
-108
-101
-116
-98
-66
-36
-9
-14
-4
-51
-56
-48
-32
0
27
24
-10
-36
-38
-33
-83
-72
-93
-95
-97
-133
-151
-196
-191
-162
-154
-117
-81
-118
-156
-177
-207
-201
-199
-181
-146
-123
-128
-140
-108
-100
-93
-67
-77
-76
-56
-68
-79
-118
-155
-172
-197
-151
-143
-135
-88
-113
-131
-175
-207
-197
-179
-179
-186
-204
-207
-272
-314
-288
-274
-241
-220
-229
-223
-219
-251
-284
-295
-311
-330
-331
-311
-248
-248
-246
-254
-232
-215
-209
-194
-181
-165
-191
-214
-218
-207
-153
-73
-58
-62
-66
-41
15
28
66
70
33
3
2
32
14
37
27
16
-11
-46
-48
-57
-107
-115
-116
-114
-90
-122
-104
-115
-153
-197
-233
-239
-228
-227
-251
-248
-245
-224
-216
-211
-204
-217
-220
-204
-205
-187
-168
-149
-117
-93
-67
0
52
74
90
108
143
204
204
244
278
309
376
421
466
472
438
407
393
372
398
412
400
361
306
252
267
270
274
300
274
197
124
121
127
150
163
136
136
141
126
135
142
128
137
139
146
152
158
125
85
119
148
156
186
182
193
171
146
179
220
260
270
241
254
238
226
241
235
258
271
251
234
199
201
231
228
202
163
96
67
76
61
70
50
33
41
18
0
1
10
22
4
-37
-45
-61
-75
-100
-116
-105
-98
-115
-156
-164
-191
-174
-174
-219
-267
-276
-255
-228
-186
-185
-181
-176
-153
-144
-155
-153
-173
-187
-226
-232
-209
-202
-189
-187
-175
-184
-184
-183
-186
-211
-248
-260
-250
-260
-284
-277
-310
-298
-304
-307
-288
-319
-299
-315
-336
-273
-276
-302
-287
-277
-233
-214
-182
-155
-146
-143
-146
-118
-104
-48
-16
27
21
1
-1
3
27
50
45
18
41
26
37
2
-10
1
-29
-36
-48
-42
-2
16
-15
-26
-40
-77
-52
-33
-56
-65
-72
-82
-96
-107
-109
-133
-158
-158
-194
-195
-231
-254
-254
-243
-215
-217
-182
-162
-123
-107
-116
-109
-123
-132
-94
-85
-55
-74
-147
-140
-165
-144
-114
-160
-192
-207
-214
-212
-237
-280
-337
-331
-300
-329
-362
-420
-424
-382
-402
-398
-415
-445
-429
-382
-369
-331
-342
-358
-302
-293
-244
-207
-187
-141
-126
-128
-65
2
39
52
67
83
76
135
177
238
297
286
326
350
327
369
384
371
390
406
390
391
369
334
357
366
352
325
283
242
236
227
195
151
114
101
54
21
-12
-52
-63
-81
-51
-43
-12
60
100
144
191
219
220
259
251
257
277
278
273
252
270
316
332
311
292
281
319
355
366
363
335
297
280
252
230
213
182
149
66
0
-33
-25
-2
31
20
-39
-98
-145
-194
-190
-172
-149
-125
-143
-160
-189
-199
-185
-211
-213
-187
-185
-163
-109
-107
-125
-93
-71
-39
5
67
96
91
84
88
118
135
155
160
150
135
140
172
225
247
267
240
163
175
183
179
216
188
186
191
198
190
121
53
64
95
95
69
12
0
1
-11
-24
-61
-126
-155
-101
-62
-66
-55
-53
-59
-53
-28
-23
4
-17
-5
41
50
14
-29
-26
-7
35
56
32
19
16
-12
18
21
-3
17
-21
-59
-35
-86
-98
-131
-184
-142
-146
-195
-251
-297
-328
-327
-321
-320
-341
-390
-397
-389
-391
-415
-448
-421
-376
-351
-366
-403
-374
-344
-355
-308
-311
-319
-316
-283
-201
-173
-167
-163
-112
-21
18
15
-5
-39
-25
44
60
63
77
59
54
28
-5
-24
-16
-18
-31
-56
-77
-96
-106
-102
-127
-141
-155
-151
-162
-214
-247
-249
-275
-256
-262
-273
-244
-243
-242
-220
-193
-193
-204
-186
-161
-158
-149
-187
-179
-140
-139
-115
-90
-90
-87
-71
-57
-35
-29
-6
-13
-12
-4
44
82
84
113
116
119
159
177
124
67
8
-48
-67
-41
-47
-53
-39
-18
-19
-16
-48
-89
-120
-149
-147
-144
-163
-184
-169
-200
-200
-177
-148
-106
-80
-56
-71
-89
-95
-96
-57
-21
4
62
62
83
153
171
228
258
241
248
254
288
311
295
282
226
169
142
110
130
155
116
83
47
44
75
73
64
76
56
15
20
-8
-46
-49
-55
4
27
22
2
-15
-13
7
61
78
76
101
107
129
168
168
154
150
182
209
261
304
288
265
264
278
300
319
268
263
284
281
300
306
293
273
277
236
234
198
181
190
166
172
132
120
112
98
105
62
31
-1
-5
23
49
69
20
2
-7
-12
-9
-5
12
15
-14
13
19
31
77
96
131
135
137
153
146
158
184
193
212
234
241
239
237
216
212
203
192
182
154
175
161
111
61
7
-50
-103
-112
-102
-89
-104
-163
-203
-176
-171
-201
-211
-227
-243
-263
-282
-267
-277
-281
-303
-333
-335
-284
-230
-196
-215
-216
-169
-146
-108
-96
-104
-126
-134
-142
-127
-116
-65
-66
-115
-112
-118
-129
-148
-146
-132
-136
-102
-95
-97
-105
-128
-136
-168
-187
-152
-99
-104
-124
-114
-112
-125
-126
-109
-93
-101
-126
-152
-146
-126
-126
-128
-122
-107
-61
-26
32
62
50
71
76
56
69
95
129
150
153
177
171
154
138
110
129
131
105
75
28
27
24
30
23
26
51
35
-14
-65
-67
-63
-40
-66
-122
-171
-196
-184
-174
-162
-161
-172
-196
-254
-259
-236
-231
-223
-220
-216
-205
-190
-181
-154
-131
-113
-80
-61
-5
47
74
97
121
132
184
240
284
301
283
239
210
267
277
264
236
211
208
244
268
284
300
243
227
207
180
213
223
224
234
212
187
194
184
202
212
199
185
190
184
