-81
-133
-139
-152
-152
-193
-197
-215
-242
-215
-216
-220
-196
-168
-141
-163
-48
11
-6
4
-3
2
-2
2
-1
1
-1
0
-1
0
0
0
1
0
-1
0
0
0
0
0
0
0
0
0
0
0
0
0
0
0
0
0
0
0
-1
0
0
0
0
0
0
0
0
0
0
0
0
0
1
0
0
0
0
0
0
0
1
0
0
0
1
1
0
0
0
-1
1
1
0
0
0
0
0
0
0
1
0
0
0
1
0
0
0
0
0
-1
0
0
0
0
0
0
0
0
0
0
-1
-1
-1
0
0
0
0
-1
0
0
0
0
0
0
0
0
0
1
0
1
0
0
0
0
0
0
1
-1
0
1
-1
0
0
0
0
0
0
0
-1
0
0
0
-1
0
0
0
0
0
0
0
0
0
0
1
0
1
-1
1
-2
5
-47
-65
-102
-138
-127
-127
-90
-148
-238
-292
-279
-234
-221
-223
-270
-287
-281
-277
-285
-295
-258
-169
-109
-63
-81
-74
-64
-55
-65
-140
-177
-202
-220
-202
-175
-158
-112
-54
-50
-55
-107
-141
-105
-78
-82
-95
-78
-89
-62
-31
-59
-55
-28
-66
-83
-73
-85
-80
-83
-97
-120
-169
-205
-221
-245
-250
-261
-266
-272
-285
-258
-234
-255
-273
-283
-198
-149
-151
-150
-63
13
-10
3
-7
-2
-6
-3
-9
3
9
19
4
-13
-2
10
13
17
6
3
7
4
5
3
-5
-15
-12
-9
-1
9
8
-9
-7
-17
-31
-16
3
-9
-4
-2
-2
12
-1
4
13
7
4
14
12
-3
5
-3
-1
2
-13
0
5
2
3
0
4
8
6
-7
-8
-11
-6
4
-2
-8
-1
22
9
3
-9
-4
0
-4
1
4
-3
-9
-5
-11
-9
1
-2
-1
20
23
11
10
0
-6
-3
-4
-6
0
3
-2
-7
-12
-11
-2
-5
-13
-23
-21
-13
-16
-14
-12
1
-3
-5
3
-22
-9
-2
-7
9
-2
-14
-7
-16
-7
1
-2
6
-7
-11
0
5
5
-3
-15
-11
8
17
11
10
2
-10
-5
4
6
3
7
2
-7
-3
-13
1
0
-16
2
1
5
10
-16
-27
-23
-17
-9
10
-6
-5
2
2
7
-2
-3
-6
-8
-1
8
-2
-1
1
-5
2
-3
-4
-1
6
17
15
0
-7
-10
-13
-9
1
3
0
4
-5
-11
-10
-4
5
-1
-6
-6
4
6
-4
-6
-7
-1
1
0
1
-2
-6
5
18
13
3
7
-5
-5
-2
-8
4
4
3
-3
1
8
-6
11
7
2
17
10
4
-7
-8
1
2
1
-3
-10
0
-5
-6
11
14
9
7
8
4
8
-6
5
8
-2
5
3
1
10
7
8
11
4
8
2
-4
10
-8
-7
6
1
4
-7
-5
3
-19
-6
5
10
14
8
9
11
0
-6
5
13
8
7
17
9
7
11
-5
1
18
3
3
-2
1
20
11
2
3
-6
2
3
-9
4
-5
4
14
-8
-6
-3
-10
-4
-9
-5
9
6
12
12
8
21
12
-1
5
1
10
11
4
5
6
0
0
-4
5
8
-8
-2
-14
-22
-1
-8
5
3
-7
2
-4
-6
-10
-11
-13
-12
-4
4
-12
-4
1
5
3
-5
-1
-20
-26
-6
9
14
20
10
5
-16
-38
-26
-15
0
-13
-27
-7
-17
-15
1
-1
-10
-24
-22
32
17
-3
2
-18
-11
21
13
-1
7
-8
0
-3
-6
0
13
3
-5
3
-10
-14
-21
-6
-12
-29
-21
-4
-11
-10
23
43
33
3
-22
-33
-11
0
-15
-27
-15
9
10
8
-25
-24
-8
12
29
28
24
9
-7
-7
4
1
-12
-17
10
-2
19
37
37
3
-22
-24
-27
-22
-11
-1
-27
-33
-38
-42
-36
-42
-22
-21
-14
8
11
18
19
15
7
-7
7
29
13
11
21
16
8
-8
-17
-2
6
6
0
-10
-6
-15
1
18
16
14
24
27
21
31
23
11
-8
1
25
21
4
-11
-17
-20
-37
-30
-1
-6
-39
-39
-13
-10
3
13
-11
-27
-27
-26
11
38
47
51
22
-9
-34
-25
0
12
19
-15
-14
7
-3
-20
-39
-49
-20
-19
-29
2
15
18
7
2
-23
-32
-26
-21
1
-3
14
33
39
28
10
-15
-21
-1
7
9
6
-9
0
20
16
16
-1
-7
4
31
51
42
24
4
-19
-19
5
-13
-28
-4
-4
12
16
24
6
-14
3
-30
18
45
24
22
-7
-24
-6
19
24
-2
-12
-8
8
9
3
14
6
-3
-23
-25
-30
-20
-28
-32
-29
-27
3
-8
-10
7
2
11
-1
-13
-23
-30
-42
-56
-49
-41
3
25
12
17
1
-2
12
42
31
6
-40
-46
-8
-12
17
12
19
27
36
68
71
45
16
-33
-37
-35
-34
-16
-4
-11
4
20
-11
-2
12
9
23
4
-39
-14
12
24
2
-11
-5
20
29
-1
-3
-9
18
8
6
-15
-38
-1
-11
-9
-9
-3
9
12
16
14
28
11
-20
-29
-9
-16
10
-15
-51
-67
-86
-78
-41
-17
-1
22
26
24
40
62
40
27
22
35
49
37
-9
-2
-19
-10
16
-15
-13
-18
-25
-25
-36
-54
-38
19
30
31
35
11
10
20
23
26
16
27
47
47
45
50
24
29
17
37
33
22
49
17
13
16
6
15
35
34
6
7
7
6
3
-7
-16
-12
-20
-26
-26
-26
10
12
11
2
-2
2
-7
-9
19
23
14
-1
-6
28
16
-17
-17
-11
26
39
27
33
27
19
-26
-24
9
33
44
46
37
27
35
-6
-12
-7
11
6
-25
8
3
4
7
-5
-15
-39
-49
-36
2
22
47
39
18
14
-21
-34
-35
-34
-16
-15
-5
23
18
7
0
-30
-34
-15
3
7
-1
-14
19
63
57
54
14
12
15
20
22
6
-15
-23
-14
-38
-56
-44
-13
10
10
-5
-20
-18
-17
-43
-55
-51
-20
16
12
-38
-70
-84
-118
-54
-24
-24
-5
-13
-12
-34
-37
-53
-64
-44
-44
-75
-57
-57
-66
-47
-85
-83
-79
-78
-46
3
32
33
-8
-40
-21
-10
3
-12
-20
-5
16
26
23
33
42
49
52
38
63
104
97
36
6
-31
-32
-18
-2
-3
-29
-45
-39
-40
-46
-49
-79
-96
-80
-30
4
38
64
50
73
100
125
110
63
10
45
84
101
99
41
20
4
-16
-32
-18
0
-19
-62
-87
-72
-51
-44
-37
-37
-12
-28
-3
45
6
3
3
-12
-26
-41
-13
-19
-31
-39
-63
-44
-50
-59
-83
-121
-108
-76
-52
-24
-26
-45
-61
-80
-48
-38
-14
21
14
26
32
45
35
3
36
79
65
58
59
62
87
64
9
4
-24
-56
-60
-36
-34
-21
-5
-20
-32
-19
16
42
32
0
-23
-16
0
10
-24
-25
3
3
-19
-54
-44
-5
19
-12
-31
-23
-22
1
3
28
69
27
-20
-13
20
68
72
54
39
44
28
-18
9
38
51
63
46
18
11
-13
-30
-25
-29
-34
-44
-57
-38
-27
8
50
29
24
27
22
41
31
45
57
30
52
15
-10
41
34
-8
-32
-26
14
37
31
3
-39
-28
-33
-31
-8
-10
-10
11
15
28
51
33
60
69
37
31
32
21
18
25
38
52
50
50
39
36
53
54
57
14
7
-9
-9
25
33
7
-42
-74
-88
-73
-81
-72
-74
-61
-61
-31
-21
-34
-65
-129
-137
-125
-107
-74
-52
-28
-35
-58
-92
-71
-21
9
60
75
96
87
49
33
20
-9
-6
6
53
87
62
36
41
42
2
-12
2
-19
-19
-9
-33
-62
-76
-98
-74
-53
-63
-64
-90
-100
-87
-95
-95
-76
-63
-45
-31
-10
12
28
56
41
28
58
60
55
81
70
47
21
14
24
2
12
10
9
30
24
24
40
70
88
74
58
61
70
69
56
47
44
-1
-41
-38
-8
8
13
52
71
68
87
85
64
53
45
49
42
28
40
45
2
-25
-34
-44
-24
-17
-34
-32
-59
-89
-95
-108
-97
-51
-30
14
56
79
82
56
5
20
65
78
79
45
21
18
25
49
52
27
7
29
30
19
4
-22
-18
-19
-16
-28
-54
-48
-30
-18
-36
-35
-15
1
33
40
43
51
55
41
19
30
51
34
5
1
-23
-37
-57
-57
-32
-24
10
7
3
5
-2
-27
-47
-34
-11
-11
-19
-43
-57
-21
-33
-25
-12
-39
-55
-63
-75
-58
-30
-1
21
7
44
19
-37
-38
-79
-69
-55
-65
-50
-24
-20
-11
-38
-45
-26
-12
9
8
5
28
24
35
46
55
42
-8
11
28
20
32
13
40
67
46
9
-5
-19
-76
-84
-105
-116
-107
-97
-67
-41
-54
-104
-140
-144
-112
-98
-96
-137
-129
-87
-58
8
29
38
27
9
10
28
24
15
-18
-44
-39
-55
-71
-54
-39
-30
-29
-73
-83
-67
-26
-33
-44
-39
-31
-13
-39
-36
-18
-28
-43
-50
-99
-105
-55
-46
-12
-10
-27
6
84
118
144
168
145
132
128
122
143
163
146
195
194
156
137
89
73
67
46
42
76
81
59
62
90
98
85
58
33
62
64
57
-7
-84
-111
-118
-145
-120
-84
-61
-26
-51
-49
-60
-83
-100
-129
-168
-161
-174
-196
-184
-216
-213
-228
-250
-208
-215
-223
-187
-190
-209
-222
-246
-226
-174
-139
-126
-123
-126
-132
-116
-78
-66
-61
-38
-19
-1
52
88
131
140
136
188
220
263
277
205
192
201
208
222
173
152
126
88
70
48
40
49
54
38
39
59
54
51
25
29
34
59
31
-16
-10
-40
-18
36
9
-11
-16
-32
18
34
17
21
-6
10
36
11
22
-3
-28
-50
-79
-66
-38
-54
-50
3
27
41
50
43
22
32
48
71
87
94
74
47
26
9
16
52
83
88
92
87
67
59
64
81
108
87
104
112
93
129
130
101
131
130
111
118
116
125
125
104
97
81
54
45
60
49
54
87
118
139
144
145
128
127
114
92
78
58
53
69
87
88
60
25
43
27
50
78
42
-5
-23
-32
-40
-43
-64
-84
-48
-24
-56
-67
-96
-115
-90
-103
-89
-63
-82
-97
-96
-66
-68
-112
-115
-77
-41
-25
-23
-38
-39
-54
-45
-18
-13
-9
19
40
74
121
130
125
115
122
133
123
124
155
185
178
168
131
88
70
91
99
68
78
75
38
17
37
35
69
83
93
118
110
113
112
90
69
45
-9
-37
-31
-14
12
30
7
-43
-44
-25
-42
-68
-81
-79
-118
-97
-120
-141
-113
-130
-119
-138
-164
-144
-113
-84
-79
-103
-138
-127
-94
-66
-40
-11
1
-13
-20
-1
9
-2
-5
-35
-33
-12
-3
0
-22
-48
-74
-55
-47
-40
-29
-60
-53
-75
-78
-75
-71
-43
-13
23
36
-14
-44
-30
-15
-45
-76
-77
-71
-73
-58
-54
-68
-92
-120
-130
-136
-91
-93
-106
-102
-90
-69
-89
-93
-123
-163
-176
-143
-117
-109
-161
-216
-246
-220
-230
-246
-238
-270
-280
-261
-249
-229
-224
-243
-262
-275
-257
-246
-225
-197
-182
-196
-212
-207
-200
-238
-246
-246
-218
-209
-201
-207
-245
-233
-232
-216
-191
-172
-175
-166
-158
-147
-125
-122
-129
-118
-74
-38
-24
-15
8
-11
-12
-1
1
-16
-47
-41
6
75
113
114
91
98
135
166
139
114
115
68
55
96
156
190
170
123
109
106
114
111
103
110
107
123
104
104
109
81
96
89
38
-25
-14
28
45
60
48
40
56
42
54
74
52
89
84
78
78
89
120
103
89
67
66
89
89
85
135
137
135
148
142
146
150
174
182
184
144
164
174
146
147
144
149
155
147
176
211
214
197
151
139
142
170
169
162
130
103
121
168
167
151
154
131
139
146
189
210
180
146
148
136
136
174
175
173
203
220
177
123
113
131
118
55
59
78
93
85
70
113
131
130
113
116
146
124
123
103
79
104
94
95
89
73
90
96
88
104
109
79
54
37
1
6
49
41
25
17
-24
2
53
118
144
145
154
147
180
204
217
209
154
125
124
145
134
149
151
138
153
141
123
127
156
180
178
178
136
115
140
128
126
118
95
99
126
110
103
66
45
67
101
163
181
178
174
152
140
123
109
94
100
118
113
138
141
153
97
125
94
96
15
-29
-119
-102
-122
-80
-121
-134
-295
-573
982
-1284
430
194
-1387
1299
-1035
-117
141
-540
64
-248
27
-219
-145
-116
-129
-102
-214
-144
-89
-226
-46
-70
-158
108
-85
-119
214
-154
28
73
-169
13
36
-32
-26
78
-98
51
-33
-50
127
-64
46
19
-34
80
121
50
158
171
34
172
73
156
204
163
249
129
206
78
171
141
48
204
104
149
171
72
72
102
107
82
52
48
-20
6
13
-6
69
54
71
67
1
54
41
8
-2
-48
-40
-47
-51
-88
-67
-65
-76
0
-5
-13
-30
-67
-55
-40
-50
-49
-18
-34
-60
-86
-127
-152
-160
-150
-167
-167
-130
-147
-157
-143
-165
-152
-140
-100
-104
-86
-50
-94
-74
-61
-77
-69
-70
-57
-48
-61
-38
-9
11
-8
-28
-22
-45
-31
-66
-48
-91
-66
-3
-136
-44
-28
-75
16
-63
-180
-56
-159
-216
-133
-235
-255
-204
-228
-283
-180
-212
-232
-196
-254
-252
-224
-266
-271
-229
-225
-212
-235
-274
-247
-240
-246
-231
-185
-212
-170
-192
-262
-199
-266
-266
-274
-320
-326
-294
-289
-279
-277
-307
-245
-256
-284
-262
-267
-293
-225
-237
-312
-268
-291
-334
-288
-286
-342
-314
-292
-284
-232
-224
-218
-273
-277
-234
-260
-235
-268
-277
-221
-150
-128
-140
-136
-132
-190
-170
-75
-126
-53
-114
-175
-119
-152
-133
-109
-92
-111
-129
-161
-128
-102
-82
-100
-76
-24
-20
10
-35
-15
-49
-90
-69
-58
-56
-26
-12
-26
-25
-30
74
28
47
53
-68
37
6
-62
16
-24
-42
-39
-8
-7
41
54
17
72
51
72
94
100
93
82
66
36
48
126
104
69
144
135
204
191
170
198
155
206
218
240
223
158
198
206
195
327
244
264
273
110
234
202
200
269
236
183
221
257
254
375
268
237
239
260
291
313
355
248
280
332
285
319
337
255
315
311
259
257
250
211
209
227
196
200
151
179
129
167
156
56
154
52
61
92
64
54
27
88
-14
79
110
-42
78
65
4
67
52
16
81
85
36
124
136
134
177
134
112
171
109
90
121
69
66
69
72
51
41
5
-38
15
22
10
22
-22
-35
-4
31
41
111
161
152
167
99
141
106
115
108
52
118
23
53
29
-69
-7
-44
-75
-37
-44
-32
-39
-107
-119
-126
-139
-137
-123
-183
-162
-152
-151
-94
-134
-96
-95
-161
-132
-176
-143
-60
-98
-92
-117
-129
-98
-65
-94
-82
-29
-74
-1
7
-39
21
-29
-50
-4
-24
-26
-68
-41
-66
-36
-46
-109
-11
-74
-68
-35
-114
-95
-67
-40
6
0
-18
-19
-63
-72
-72
-60
-68
-81
-124
-139
-107
-94
-134
-167
-183
-198
-196
-191
-185
-228
-234
-222
-253
-191
-196
-239
-169
-215
-234
-181
-211
-241
-215
-284
-307
-257
-249
-225
-236
-275
-280
-268
-274
-315
-344
-288
-281
-271
-231
-280
-245
-221
-286
-295
-290
-287
-304
-240
-263
-269
-243
-293
-327
-273
-254
-276
-204
-248
-300
-294
-282
-238
-170
-141
-155
-68
-48
-99
-96
-125
-133
-108
-112
-103
-66
-76
-66
-64
-72
-71
-84
-48
-23
14
93
127
108
110
102
96
116
118
140
180
178
217
164
54
90
33
57
87
30
-5
-5
-1
-37
30
23
26
81
44
30
31
35
23
32
17
-7
-48
-31
-33
-29
-25
-99
-67
-81
-88
-39
-82
-80
-46
-92
-92
-58
-92
-74
-59
-91
-22
-16
20
72
22
51
90
62
72
104
51
91
127
79
121
119
100
143
124
155
163
122
148
173
156
135
138
103
149
194
114
108
110
49
88
59
-6
35
46
50
85
90
83
120
89
103
101
100
125
118
115
134
155
133
163
93
66
71
-21
8
-9
-9
-1
-52
12
-13
17
36
-49
-48
-70
-118
-94
-86
-134
-146
-160
-168
-152
-187
-190
-191
-196
-119
-151
-153
-126
-169
-155
-144
-171
-154
-209
-234
-224
-196
-141
-123
-93
-103
-57
-36
-21
-31
-27
-9
-16
5
-3
-13
-37
-1
12
-34
-11
-19
-54
-51
-20
19
71
83
60
64
42
3
55
76
60
87
96
78
81
78
84
87
36
41
-6
24
84
57
62
46
36
17
49
75
101
185
180
119
136
108
97
114
92
51
57
97
76
61
89
91
80
144
125
103
139
83
83
55
15
88
113
176
158
126
129
100
104
97
67
71
62
64
49
36
46
70
43
74
59
14
65
80
98
121
138
96
104
132
113
137
149
137
169
163
147
167
167
178
190
173
126
150
135
101
109
51
57
80
74
85
75
86
142
142
136
105
65
117
76
61
97
78
88
110
160
168
238
199
166
188
172
159
134
90
59
68
26
60
69
103
120
98
87
61
4
-62
-4
-10
-17
-30
-49
-66
-42
-52
-60
-12
-75
-27
-34
-25
10
-26
-37
-97
-114
-115
-62
-39
-66
-43
-72
-24
42
33
84
76
55
76
119
136
130
174
140
148
205
184
195
161
137
150
168
188
136
78
29
18
64
98
100
59
58
14
46
63
23
65
-19
-20
-30
-104
-73
-71
-105
-96
-161
-220
-198
-189
-152
-144
-123
-144
-159
-150
-161
-185
-183
-215
-256
-227
-219
-180
-156
-154
-140
-154
-201
-211
-191
-196
-178
-180
-204
-182
-170
-228
-253
-242
-269
-210
-218
-225
-230
-284
-286
-311
-252
-238
-198
-205
-247
-191
-177
-170
-183
-242
-255
-281
-255
-220
-226
-252
-301
-284
-294
-250
-262
-258
-251
-275
-217
-207
-133
-116
-126
-139
-127
-87
-69
-18
-24
-27
-46
-54
-32
4
43
56
66
76
-30
-13
17
-65
-28
8
-50
-22
10
-67
-23
27
-9
34
49
27
55
38
59
59
75
99
68
64
55
61
61
66
43
-9
-10
-34
-47
-38
-68
-44
-61
-90
-69
-49
-11
-54
-60
-18
-16
50
47
72
96
71
128
131
149
185
214
261
287
350
360
367
394
406
387
354
337
322
325
307
276
288
285
330
369
387
396
388
378
346
337
331
334
314
286
290
265
254
278
283
228
182
185
198
224
255
249
270
217
183
203
127
160
173
147
247
283
274
239
196
182
192
165
125
165
124
133
139
147
205
228
253
204
212
204
197
239
238
261
194
200
197
154
181
168
158
123
119
132
104
116
80
44
56
69
55
30
-20
-62
-76
-114
-126
-117
-95
-77
-36
-23
-33
-42
-92
-139
-109
-106
-96
-37
-70
-90
-33
-67
-16
38
56
70
55
54
21
42
15
-1
-21
-62
-52
-47
-49
-58
-74
-76
-83
-94
-113
-154
-154
-150
-171
-181
-184
-154
-121
-105
-125
-98
-105
-116
-81
-69
-108
-107
-117
-122
-102
-77
-75
-72
-73
-95
-33
-53
-68
-87
-134
-94
-129
-137
-110
-133
-110
-98
-111
-104
-62
-54
7
24
12
1
-74
-94
-105
-80
-29
0
24
36
13
12
-14
0
2
-9
15
-37
-52
-37
-79
-96
-62
-98
-110
-74
-118
-158
-193
-251
-240
-218
-188
-207
-177
-160
-146
-76
-85
-38
-1
-22
-19
-49
-87
-55
-13
-7
22
-8
-39
-65
-90
-61
-39
31
29
-37
-58
-79
-73
-41
-101
-134
-115
-176
-217
-274
-340
-333
-361
-342
-288
-246
-167
-151
-132
-82
-79
-58
-87
-86
-57
-46
-34
-88
-82
-46
-88
-75
-87
-86
-39
-59
-17
-50
-18
-19
-63
-18
-71
-65
-30
-62
-66
-45
-58
-22
2
3
8
39
51
24
40
9
27
40
39
79
47
47
29
37
54
24
65
81
81
65
55
88
78
58
55
9
28
19
41
79
64
8
60
20
2
33
-21
40
36
55
33
69
87
159
184
138
163
146
102
101
89
81
57
37
12
-12
-13
-27
-45
-17
-44
-81
-74
-113
-92
-97
-134
-82
-79
-81
-58
-37
-2
23
32
49
65
60
61
29
-5
-39
-41
-39
-47
-22
-52
-67
-63
-131
-163
-163
-185
-152
-123
-105
-90
-100
-102
-77
-71
-95
-56
-17
6
14
-14
-27
-8
8
-28
-64
-45
-80
-73
-29
-46
-79
-88
-87
-56
-40
-66
-57
-75
-58
-53
-111
-103
-118
-88
-86
-59
-46
-105
-52
-35
-27
-35
-56
-21
-30
-7
-14
-63
-32
-18
-22
-4
17
6
-51
-74
-89
-77
-73
-78
-66
-76
-58
-22
-2
20
33
25
19
-37
-70
-61
-92
-66
-52
-58
-32
-40
-5
-7
-8
30
35
60
35
21
81
110
98
97
113
119
141
154
105
117
116
76
78
42
18
41
46
63
56
47
40
26
16
7
29
15
15
-19
-32
22
37
41
68
61
41
71
85
61
70
91
115
138
136
139
140
160
181
184
167
173
224
244
286
267
253
210
195
209
175
175
167
185
182
153
138
121
115
125
153
144
118
126
97
108
139
107
91
107
109
122
109
70
96
116
122
113
123
71
62
46
14
51
63
81
46
38
26
13
48
57
66
63
25
17
-18
-106
-142
-157
-160
-90
-125
-132
-120
-124
-80
-164
-10
-84
-72
-110
-104
-80
-57
-65
-121
-78
-55
-46
-36
15
34
17
21
1
-36
-61
-78
-78
-68
-78
-88
-53
-60
-57
-49
-46
-22
-47
-53
-94
-95
-109
-157
-129
-96
-96
-125
-140
-153
-148
-122
-131
-160
-107
-154
-183
-194
-226
-193
-184
-109
-89
-40
-21
-30
-14
-6
-11
-49
-56
-59
-98
-83
-86
-73
-77
-80
-48
-43
-68
-123
-131
-117
-107
-129
-174
-200
-170
-133
-121
-85
-76
-73
-93
-105
-118
-107
-154
-176
-171
-197
-183
-197
-205
-154
-138
-124
-119
-105
-86
-99
-92
-103
-62
-38
-60
-64
-76
-93
-79
-70
-89
-69
-49
-49
-60
-68
-101
-117
-110
-127
-163
-185
-162
-124
-125
-199
-208
-211
-157
-181
-190
-154
-151
-158
-148
-188
-184
-127
-130
-102
-88
-96
-59
-23
-27
-31
-6
11
24
67
59
62
87
79
61
72
86
89
101
138
126
152
166
177
198
209
205
185
157
130
153
177
194
188
156
99
81
37
32
49
75
76
51
50
13
-6
-32
-41
-27
-27
2
21
22
42
66
42
30
38
50
100
109
92
119
151
157
172
196
198
197
190
166
173
192
185
170
178
171
156
151
148
148
128
125
126
139
124
154
147
97
62
31
20
10
4
-28
-40
-66
-106
-96
-82
-24
-5
9
32
4
-15
-22
-38
-75
-95
-116
-115
-123
-146
-181
-184
-160
-127
-102
-112
-106
-119
-131
-137
-143
-114
-108
-88
-54
-12
-1
-19
42
82
103
101
57
14
11
37
36
20
12
0
-6
-17
-19
-29
-54
-91
-78
-73
-103
-103
-73
-83
-109
-61
-24
-4
6
3
1
17
20
26
44
49
94
161
189
175
226
215
199
185
203
218
194
217
224
181
129
106
115
117
81
37
17
5
-12
-37
-76
-110
-69
-57
-79
-94
-112
-131
-105
-61
-46
-31
-53
-64
-71
-78
-72
-46
-27
-1
-13
-34
-34
-21
-10
-36
-46
-56
-43
-35
-62
-79
-102
-89
-80
-73
-78
-72
-58
-53
-62
-60
-35
-41
-42
-61
-86
-108
-72
-62
-69
-46
-75
-104
-106
-111
-100
-87
-84
-44
-2
-16
-40
-76
-112
-100
-91
-86
-44
-63
-55
-47
-28
-20
-21
-29
-42
-52
-59
-69
-58
-47
-8
24
26
43
39
-10
12
-17
21
-69
-352
-352
-221
4
74
-31
-159
-21
-136
-217
-211
-219
-39
-11
141
242
142
120
97
90
91
53
185
330
314
271
263
269
130
-18
-34
45
84
79
56
96
106
80
87
112
93
64
83
99
137
170
163
161
170
164
178
161
154
139
129
131
112
122
141
168
179
189
181
191
168
124
101
91
81
61
8
-44
-28
-38
-8
41
-7
-29
-26
-42
-24
-3
15
38
51
48
66
93
56
45
25
8
37
73
69
48
65
59
75
106
83
70
94
69
67
94
136
174
193
178
166
161
160
142
144
125
150
169
240
221
172
274
165
242
161
134
192
179
227
171
199
208
228
228
161
167
156
118
87
73
114
86
23
30
37
52
91
59
25
21
-4
43
83
82
29
17
24
18
34
37
40
-1
-27
-27
-23
-35
-64
-106
-120
-136
-180
-204
-217
-234
-237
-258
-278
-304
-301
-295
-331
-324
-317
-332
-333
-345
-349
-328
-347
-334
-297
-284
-307
-309
-311
-322
-317
-326
-287
-240
-210
-156
-162
-153
-143
-177
-168
-196
-173
-132
-115
-98
-86
-112
-103
-74
-61
-75
-97
-91
-102
-82
-28
11
-8
-41
-70
-91
-103
-89
-73
-43
-57
-37
-18
-21
-53
-82
-100
-114
-105
-85
-102
-83
-47
-47
-29
-16
7
33
27
69
105
91
103
88
87
126
156
193
203
166
170
141
135
124
102
125
106
126
134
119
110
100
73
98
103
97
127
127
122
146
144
163
187
177
187
197
184
150
151
151
172
195
188
171
160
150
113
107
129
141
154
160
153
112
49
6
15
19
63
93
118
136
131
134
110
64
92
63
35
36
-8
31
13
18
32
3
-19
-36
-13
1
15
2
-7
-9
2
5
1
-21
-46
-63
-81
-52
-50
-14
24
48
88
101
84
53
31
12
15
10
-1
5
-14
-26
-47
-61
-39
-26
-37
-54
-14
-30
-48
-57
-84
-49
-35
-28
-30
-18
-33
-69
-62
-73
-81
-93
-139
-121
-118
-98
-32
-15
-35
-27
-28
-29
10
-29
-41
-12
-32
-31
-57
-70
-41
-44
-2
18
22
43
32
40
63
47
44
47
50
71
88
60
44
26
20
40
22
12
-14
4
15
27
36
-33
-65
-104
-157
-175
-166
-177
-163
-173
-169
-118
-96
-63
-40
-28
-33
-83
-108
-87
-111
-98
-58
-41
14
12
-5
0
-37
-49
-29
3
14
-28
-78
-101
-121
-108
-78
-61
-65
-69
-43
-34
-32
-47
-41
-53
-44
-32
-21
19
9
-28
-70
-51
-36
-22
-27
-42
-32
-55
-65
-51
-11
6
-8
-20
-47
-49
-30
-7
2
-10
-23
-15
12
28
66
97
64
31
-19
-60
-54
-69
-104
-112
-56
-43
-37
-22
12
30
35
29
29
51
89
136
142
135
119
102
82
86
72
33
31
52
42
34
25
9
-13
-14
1
-1
14
-6
6
33
3
41
60
64
72
64
111
121
96
89
64
46
88
92
81
85
72
32
13
73
108
102
80
55
52
34
16
46
90
123
126
97
121
153
140
87
83
102
122
122
93
108
103
92
74
51
58
54
74
96
109
98
80
76
45
60
57
12
1
27
62
37
18
13
12
-8
-50
-78
-92
-103
-91
-86
-91
-93
-112
-122
-123
-138
-141
-160
-173
-159
-156
-164
-149
-159
-151
-127
-124
-108
-113
-113
-86
-42
-63
-70
-100
-107
-94
-101
-112
-136
-160
-191
-167
-165
-190
-223
-227
-211
-192
-181
-182
-197
-187
-177
-165
-176
-205
-198
-176
-166
-106
-68
-63
-63
-128
-121
-49
-24
12
-3
-27
-28
-34
-20
-54
-45
-27
-24
-45
-38
-4
26
54
58
70
74
47
29
19
13
21
45
30
5
24
71
95
97
88
69
83
87
107
106
126
170
197
224
198
203
156
119
112
129
112
65
73
50
27
23
20
74
90
52
66
109
150
176
172
174
193
221
238
224
204
165
151
167
180
209
197
170
141
124
121
112
130
132
102
79
56
84
112
131
127
83
58
59
88
112
88
28
-20
-8
45
89
128
133
125
121
110
127
122
82
65
47
65
73
61
28
5
14
11
6
2
-9
-19
-31
-62
-52
-27
-54
-56
-60
-51
-4
11
22
-4
-47
-37
-24
-51
-47
-20
-11
22
30
-15
-25
-31
-48
-64
-52
-62
-85
-79
-79
-77
-83
-69
-59
-35
-23
-37
-54
-63
-33
-43
-44
-31
-39
-45
-61
-87
-69
-56
-63
-108
-148
-147
-108
-77
-96
-98
-104
-76
-42
-36
-26
-104
-166
-170
-149
-70
-43
9
33
10
4
25
21
68
66
57
58
1
-35
-34
-4
4
42
46
43
38
37
45
39
23
21
26
26
39
31
9
-13
-46
-87
-107
-108
-113
-103
-98
-125
-135
-141
-143
-131
-111
-122
-125
-108
-101
-107
-117
-102
-64
-36
-32
-20
-9
2
13
13
42
80
72
72
114
134
163
187
194
160
142
161
187
225
176
130
102
99
98
127
149
104
107
78
65
95
79
70
105
75
43
59
23
19
-8
-27
-23
-34
-59
-64
-78
-100
-121
-136
-129
-112
-94
-40
-20
-40
-16
-22
10
10
-4
-10
-3
-17
-18
6
10
11
13
-13
-45
-76
-90
-57
-78
-87
-99
-116
-103
-96
-77
-59
-80
-48
-28
-54
-25
0
27
23
26
46
64
31
-21
-28
11
13
36
42
38
57
28
14
43
48
20
49
60
65
79
53
61
65
22
41
67
58
69
69
69
64
51
28
-11
14
38
75
106
78
97
123
72
65
70
53
112
121
134
130
87
42
33
32
30
27
13
-13
-3
-9
-20
22
18
26
20
0
9
8
-4
15
43
17
-14
9
-5
14
20
8
43
38
34
47
23
5
-12
-47
-45
-43
-71
-81
-98
-102
-101
-112
-107
-99
-113
-115
-98
-78
-89
-114
-91
-117
-114
-122
-112
-102
-101
-68
-68
-77
-64
-57
-65
-90
-98
-90
-90
-57
-82
-82
-83
-82
-50
-38
-26
-24
-54
-58
-54
-37
-34
-64
-49
-70
-84
-94
-131
-138
-139
-137
-134
-149
-153
-148
-165
-175
-158
-130
-95
-92
-100
-127
-117
-114
-72
-43
-71
-51
-68
-70
-50
-47
-45
-43
-38
-12
44
53
55
67
78
98
116
110
137
161
166
167
148
152
152
140
136
147
182
154
145
166
133
132
164
152
126
128
92
64
75
61
101
99
90
115
114
128
129
142
153
155
133
151
167
169
154
124
169
158
142
146
168
191
167
122
93
69
126
137
108
115
63
68
113
138
101
121
107
100
119
75
84
59
65
48
20
45
62
61
54
37
19
27
22
49
58
35
24
-15
-14
29
-6
-33
-44
-51
-64
-94
-103
-109
-111
-106
-116
-127
-87
-41
-7
43
48
-17
-41
-76
-27
39
56
64
32
22
12
36
79
78
50
47
21
39
70
66
84
116
93
83
85
45
38
-8
-38
4
42
39
28
37
37
21
10
-7
-27
2
-30
-34
-10
-11
52
58
49
60
53
54
82
101
96
92
76
41
40
42
39
65
44
18
36
41
51
41
9
-15
-9
-11
23
32
7
-22
-81
-127
-135
-144
-152
-142
-151
-192
-210
-193
-191
-193
-196
-214
-221
-200
-144
-118
-148
-170
-198
-233
-211
-163
-144
-83
-67
-62
-55
-75
-62
-72
-82
-106
-130
-132
-126
-101
-50
-14
-9
-27
-59
-71
-40
-48
-40
-13
-53
-77
-82
-92
-98
-74
-52
-56
-61
-70
-104
-148
-137
-79
-85
-118
-102
-136
-162
-189
-209
-216
-238
-280
-305
-301
-302
-289
-280
-266
-267
-258
-235
-217
-206
-229
-219
-217
-218
-168
-133
-109
-60
-9
-29
-27
-22
-21
33
59
66
50
33
61
90
97
77
58
55
41
33
37
45
28
-14
-57
-91
-124
-151
-147
-158
-169
-161
-122
-112
-130
-140
-161
-170
-168
-163
-152
-164
-185
-171
-157
-143
-152
-138
-145
-160
-153
-141
-130
-129
-119
-105
-93
-90
-99
-106
-60
-43
-42
-29
-23
21
63
45
67
58
46
24
9
20
24
46
48
38
43
78
95
126
133
134
119
105
101
137
173
164
156
146
160
130
107
121
136
155
152
168
192
209
208
173
180
185
186
232
235
245
246
218
243
278
288
287
260
229
196
184
174
181
175
161
135
119
114
99
135
105
78
82
86
115
124
121
128
124
123
126
87
82
77
61
67
92
130
156
152
157
118
99
72
44
58
49
32
70
106
101
92
32
-39
-92
-117
-101
-70
-54
-79
-87
-100
-150
-124
-129
-141
-134
-119
-115
-93
-101
-113
-107
-150
-174
-192
-256
-252
-202
-246
-218
-166
-171
-190
-216
-241
-236
-201
-164
-159
-170
-201
-190
-182
-199
-195
-210
-207
-186
-192
-239
-251
-229
-219
-209
-190
-223
-227
-220
-197
-168
-190
-250
-285
-287
-258
-202
-191
-168
-167
-189
-186
-156
-100
-91
-104
-100
-103
-68
-66
-53
-48
-69
-95
-87
-74
-75
-58
-47
-26
-48
-57
-19
-31
-10
-15
-27
21
-30
-50
-70
-97
-93
-71
-46
-43
-50
-70
-98
-98
-66
-117
-149
-149
-135
-94
-76
-73
-80
-90
-100
-112
-149
-124
-101
-84
-53
-64
-59
-62
-75
-97
-97
-92
-82
-91
-70
-69
-105
-118
-112
-95
-48
-48
-58
-60
-89
-100
-133
-135
-106
-81
-72
-46
-54
-40
-27
5
28
37
83
125
143
141
112
168
542
151
181
18
-173
6
-229
-97
-46
202
138
34
134
35
62
2
-52
-41
-78
-11
-32
11
29
-6
16
-1
-25
-7
56
59
11
4
-1
-71
17
15
3
41
176
268
376
309
32
-83
-192
-219
-228
-165
-5
149
213
188
163
125
39
-49
-165
-166
-150
-106
29
117
175
196
164
132
112
42
-9
-93
-126
-96
-44
5
52
89
88
101
102
74
-3
-72
-77
-60
-16
40
72
99
47
-22
-48
-29
2
-13
-8
14
45
81
76
59
27
17
13
-3
12
42
41
26
53
40
13
15
0
11
38
-3
-44
-50
-65
-83
-85
-74
-51
-24
-1
-5
-5
0
-42
-60
-106
-135
-110
-81
-65
-58
-92
-128
-107
-69
-41
-68
-78
-97
-64
-2
34
74
74
99
111
100
60
12
33
21
42
24
-9
-5
-45
-52
-65
-42
-49
-46
-38
-54
-71
-94
-95
-99
-77
-57
-38
-35
-43
-39
-30
-46
-66
-62
-81
-59
-61
-54
-2
18
-9
-26
-48
-24
22
-12
-22
9
31
43
49
35
32
49
16
-11
-23
8
14
-18
30
64
103
126
111
114
105
100
118
95
103
127
120
150
162
166
146
143
147
143
128
109
113
123
156
144
133
99
79
75
45
26
36
73
88
99
82
62
71
54
65
91
125
104
107
63
11
9
-45
-19
22
38
63
42
36
69
40
35
24
53
89
37
70
110
84
90
54
13
8
10
16
8
7
4
6
18
41
52
39
75
140
160
145
140
91
69
71
115
150
156
151
99
59
42
66
80
83
94
46
26
31
-1
20
32
9
-18
-62
-40
-42
-64
-93
-110
-78
-83
-68
-36
-35
-44
-37
-12
10
16
4
-8
-1
14
22
-10
-8
27
53
59
87
106
99
74
59
65
67
30
36
58
95
123
108
95
39
41
26
-19
4
15
47
93
63
41
43
68
100
110
55
5
-31
-18
4
11
29
21
38
34
6
16
-10
-23
-28
-53
-13
-5
-20
-15
-19
27
62
42
-12
-55
-74
-86
-46
1
37
84
91
60
30
34
12
16
3
101
210
121
24
-47
52
107
70
22
-20
11
24
-65
-126
-116
-56
-15
-12
-25
-25
1
32
45
37
28
21
16
26
8
21
71
67
56
-19
-70
-41
-18
16
9
-24
-10
-3
13
15
8
22
11
17
9
9
37
56
37
56
10
-25
-5
-9
14
5
-4
6
28
14
12
43
78
82
113
87
56
41
-5
3
9
-19
-52
-98
-147
-149
-131
-125
-104
-130
-123
-92
-103
-61
-43
-3
16
-20
-18
-25
8
38
33
36
21
17
46
74
30
17
-35
-51
-70
-88
-87
-74
-43
-23
-36
-18
-22
-35
-40
-72
-80
-119
-90
-90
-97
-100
-150
-104
-102
-88
-119
-135
-126
-80
-60
-44
-28
-47
-22
3
19
38
39
38
50
33
57
121
112
161
186
161
184
180
208
272
301
292
300
270
284
269
254
283
256
287
290
245
270
239
217
202
151
130
148
134
199
195
169
140
139
106
92
89
67
103
115
116
152
167
154
163
170
198
199
243
183
195
196
177
252
185
205
226
226
288
227
213
232
156
241
200
181
203
139
170
158
123
133
139
71
88
59
13
32
39
34
112
70
42
3
-1
12
20
3
3
23
9
52
58
33
60
47
22
7
42
62
55
58
48
44
50
49
70
70
70
75
30
36
28
15
23
-39
-25
-42
-46
-10
-37
13
-19
23
40
37
54
1
40
26
-36
-57
-96
-88
-33
-13
-32
-67
-138
-157
-113
-136
-132
-130
-140
-70
-98
-125
-131
-110
-108
-83
-77
-147
-125
-194
-170
-151
-182
-115
-167
-208
-142
-194
-113
-122
-230
-199
-225
-199
-195
-247
-171
-152
-135
-137
-156
-151
-202
-160
-192
-197
-191
-203
-164
-224
-237
-155
-177
-160
-162
-247
-160
-200
-190
-136
-156
-76
-79
-88
-64
-87
-96
-86
-53
-40
-66
-103
-83
-61
15
-14
-6
-20
16
87
58
73
28
2
98
66
121
95
62
125
102
141
160
146
157
150
124
173
171
201
204
246
269
248
251
242
289
303
242
304
234
245
281
190
199
177
129
148
136
214
196
106
155
40
130
136
98
180
83
55
194
-35
140
133
-94
48
-83
-133
3
-149
-96
-91
-214
-222
-424
-178
-276
-372
-464
-619
-501
-616
-654
-626
-960
-663
-837
-780
-697
-879
-814
-920
-777
-918
-849
-927
-919
-967
-1006
-943
-1046
-964
-1075
-1107
-1190
-1183
-1246
-1233
-1101
-1007
-904
-762
-710
-693
-589
-596
-362
-71
244
518
687
899
1100
1212
1426
1567
1738
1945
2046
2258
2351
2470
2487
2468
2433
2284
2135
2099
1962
1908
1717
1508
1392
1072
827
609
351
175
-57
-204
-199
-226
-216
-165
-279
-224
-384
-534
-318
-371
-43
-24
136
166
220
335
141
319
234
480
613
829
588
930
485
731
687
360
743
412
616
426
851
-155
857
48
-379
595
-819
-47
295
-955
143
-263
-1236
394
-1710
-367
-529
-1807
-185
-1491
-1405
-808
-1645
-1589
-1047
-1731
-1630
-1399
-1871
-1570
-1799
-1784
-1884
-1817
-1815
-2114
-1963
-2125
-2205
-1970
-2179
-1874
-1947
-1978
-1478
-1762
-1553
-1421
-1560
-1183
-948
-941
-351
-130
-5
410
419
705
896
976
1283
1513
1596
1793
1922
1944
2121
1987
2034
1951
1817
1851
1694
1709
1555
1338
1188
935
724
493
328
191
62
-92
-121
-94
-59
31
-204
-383
-377
-481
-338
-4
-56
34
192
-4
-91
317
-89
459
451
563
1005
745
1108
904
1015
682
1202
753
1075
1283
734
1508
1182
907
1155
1263
325
1248
679
495
934
457
920
-44
777
404
-766
875
-512
-361
100
-551
-160
-895
-316
-1112
-1155
-973
-1232
-1461
-1032
-1174
-1454
-1356
-1433
-1812
-1426
-1514
-1908
-1403
-1506
-1565
-1468
-1842
-1583
-1539
-1827
-1640
-1707
-1747
-1678
-1856
-2009
-1647
-1975
-1930
-1789
-1896
-1804
-1700
-1694
-1762
-1609
-1528
-1279
-925
-870
-552
-412
-335
122
76
380
764
772
1109
1348
1483
1782
1909
1989
2030
1995
1951
1977
1985
1977
1908
1704
1558
1415
1153
971
835
768
720
1069
923
927
604
760
161
375
564
34
823
452
317
589
727
136
1070
485
381
1144
133
972
708
600
909
596
1072
670
1183
573
1527
547
1002
1119
776
1289
999
1126
762
935
997
550
1104
905
309
1275
-40
1088
221
705
185
284
-118
7
525
-938
1499
-1590
664
-782
-1264
657
-2247
522
-1825
-775
-823
-1718
-260
-2283
-672
-1622
-2208
-368
-2585
-1025
-1545
-1932
-1712
-1853
-2012
-2112
-1766
-2425
-1806
-2484
-1739
-2245
-1999
-2068
-2498
-2044
-2355
-1943
-2093
-1892
-1721
-1778
-1414
-1340
-1029
-816
-534
-491
-116
100
73
788
555
1055
1131
1101
1614
1404
1723
1678
1729
1690
1677
1717
1637
1623
1541
1566
1492
1644
1501
1291
1325
978
870
1344
730
1072
1311
433
1253
316
502
639
144
882
267
790
763
414
465
567
-70
955
-176
1131
645
249
1681
44
1001
1358
342
1030
1034
587
1424
787
1706
952
1197
1576
318
1474
1154
906
1188
1026
906
757
842
556
48
103
624
-1347
1116
-867
-677
94
-1616
-522
-1577
-1157
-1673
-938
-1795
-1482
-1117
-2664
-827
-2515
-1971
-1361
-2604
-2011
-2194
-2179
-2253
-1925
-2430
-2085
-2449
-1774
-2689
-2005
-2254
-2930
-1871
-2854
-1951
-2002
-2591
-1789
-2501
-2235
-1563
-2397
-1373
-1533
-1608
-1159
-1196
-1024
-744
-381
-506
212
-12
619
699
873
1035
1218
1343
1370
1655
1510
1767
1714
1870
1690
1975
1659
1830
1852
1367
1715
1254
1207
1252
1433
964
1363
944
776
1274
345
1357
647
1139
983
589
1068
810
255
1455
696
675
1845
-446
1946
991
477
1681
485
1402
1573
730
2073
1002
1936
1340
1431
1765
564
2248
667
2640
714
1468
1672
-62
2697
-614
1508
27
252
1521
-872
1975
-1061
-170
550
-1868
943
-1884
54
-1065
-435
-626
-1593
-512
-3217
-571
-3021
-384
-2349
-436
-1748
-2183
-710
-3228
-514
-2962
-779
-2006
-1820
-987
-2436
-1264
-2441
-2098
-1321
-2700
-1181
-2469
-1874
-1426
-2354
-1036
-2354
-1393
-2389
-1416
-1993
-1183
-1295
-1248
-616
-1173
-299
-838
-96
-397
75
281
540
1163
822
1372
1210
1219
1563
1412
1797
1814
2023
2196
2028
2208
1751
1870
1541
1775
1645
1963
1937
1693
1973
1208
1450
847
1454
890
1570
1264
1423
1275
925
1187
1183
758
904
591
711
1693
528
2334
-191
2004
577
739
1824
643
1737
1561
1581
1777
2003
1021
1706
1658
1031
2210
1554
1381
1827
1213
1957
231
1574
-245
936
647
-201
934
-1548
1887
-2180
600
-346
-2251
278
-2176
7
-1612
-1608
-1556
-2667
-35
-2137
-1751
-1827
-2321
-2114
-2017
-1830
-2393
-1658
-2394
-1001
-2709
-1616
-2409
-3691
-520
-3235
-1322
-1245
-2699
-258
-3453
-1942
-2238
-2377
-2166
-2061
-2492
-2192
-1257
-3150
-1618
-2564
-2723
-2276
-2237
-1809
-1254
-1539
-1420
-994
-1877
-819
-1046
-868
309
-147
463
1131
943
1033
988
1290
825
1637
1599
1890
2885
2029
2536
1933
1856
1750
1430
2349
1753
2843
1740
1944
1222
1245
1488
782
1856
546
1852
807
2057
733
1517
372
754
902
265
1589
1154
1275
2159
522
841
1399
435
1775
897
1350
1459
869
2703
351
2208
1022
702
1487
1044
2278
191
2276
593
541
1381
407
-367
1591
-517
-539
1121
-1096
717
-978
-2
-1576
-805
-1224
-362
-1141
-1025
-1188
-1981
380
-2942
-510
-1863
-1660
-1315
-2033
-618
-2182
-954
-2483
-1018
-1782
-3138
-23
-3884
-294
-1967
-3593
658
-4161
-1607
-2008
-3062
-1420
-2366
-3233
-1875
-2553
-3278
-1185
-2573
-1618
-2287
-2355
-1670
-1651
-1567
-1326
-708
-954
-299
-379
274
862
499
1279
1126
1628
1953
2144
2967
2438
2930
2209
2798
3035
2435
3037
3061
2685
2254
2643
1969
2547
2149
1564
1943
1629
1702
979
1304
969
698
1660
313
588
1127
-369
905
831
-383
861
666
-41
1612
1509
-32
1423
368
-548
2013
601
878
3131
-221
1998
1581
-239
2690
1213
24
3834
80
842
3369
-1755
3306
862
-1096
3021
-969
1482
-394
1000
-201
-547
-605
-1863
1589
-2010
-1322
-899
-2182
-1885
-608
-2057
-1517
-875
-3451
-2793
-129
-4136
-2152
-1369
-4189
677
-4442
-2554
-2539
-2802
-2672
-1817
-3016
-2687
-1664
-4238
-962
-4002
-2370
-2920
-2825
-3226
-3386
-3511
-3450
-2361
-3187
-2761
-2808
-1802
-2886
-1665
-1895
-2063
-336
-1280
-208
857
215
1467
1266
1555
2277
2058
2922
2977
3763
3471
4081
3592
3604
3869
3003
3620
3235
3431
3254
3190
2384
2062
2109
1112
1647
1426
98
1419
1266
4
460
-247
-1413
454
-96
-930
476
-911
-30
161
616
-602
391
333
869
808
752
2002
759
1864
1526
1639
2094
2735
2381
2874
2550
1982
1903
2903
1802
3205
1530
2405
3230
-1451
3502
-566
1021
1150
814
368
-678
600
-3003
410
-1531
-3069
-1175
-1029
-2133
-2524
-2619
-4490
-3064
-4216
-3371
-2603
-3795
-3752
-4052
-4838
-2025
-4146
-5398
-1377
-5402
-3823
-3119
-4472
-4141
-2541
-5405
-3711
-2956
-5339
-4392
-4886
-4038
-3828
-2473
-2519
-1773
-2286
-2826
-2663
-2186
-1113
-120
401
1726
2184
789
1750
2192
2427
4003
4495
4675
6121
5101
4756
5267
4660
4689
4796
4986
5210
5573
4439
4218
3171
2213
1822
1740
2568
2010
1634
1004
229
-341
-893
-824
-109
-638
-334
-599
-1063
-808
-1050
-502
-173
410
370
656
1731
1023
1897
1897
2080
3000
2302
3224
3314
3459
3307
3807
3304
3390
4293
2794
3819
3087
2892
2250
2531
2594
1098
2194
-399
725
92
-693
110
-1827
-1655
-2836
-2574
-1704
-3346
-3239
-3918
-4802
-3138
-4335
-4517
-4393
-5705
-5142
-5160
-5440
-4804
-5031
-5482
-5661
-6213
-5077
-6156
-4584
-5543
-5872
-4432
-5860
-5805
-6298
-5652
-4104
-3076
-2591
-2305
-2841
-3402
-2623
-2287
-349
1423
971
2029
2381
1514
2728
3352
4046
5392
5653
5954
6490
6318
5688
5626
5474
5363
5397
5704
5883
4970
4196
3019
2230
1765
1885
1945
1637
1323
172
-885
-1335
-1334
-1541
-926
-1112
-1169
-1533
-2298
-2428
-1906
-1554
-944
-137
304
1152
1062
1876
2149
1989
2772
2620
4016
5168
5377
5535
5119
4346
4510
4792
5687
6052
5543
5178
3879
3744
2792
3184
2107
1727
1846
-290
-85
-1015
-1796
-2040
-2516
-4717
-3268
-3959
-5881
-4248
-5253
-6671
-4708
-6221
-7136
-5085
-6563
-5102
-6269
-6709
-6716
-7081
-5290
-4944
-4935
-5546
-5954
-7080
-6535
-6093
-6316
-5704
-4674
-3866
-2914
-2038
-3918
-4158
-4232
-4074
-1455
605
2166
2678
1455
649
499
2329
4173
5740
6822
6553
6108
4770
5427
5158
5919
6302
6343
6306
5020
4574
3130
2541
1898
1608
1768
1505
1336
-29
-1011
-2411
-2632
-2138
-2333
-1049
-1762
-2536
-3010
-3292
-3233
-2254
-872
-106
342
113
401
1211
1903
2793
4272
4508
5477
5791
5623
6555
6720
6554
7246
7493
7140
7506
6497
6179
6167
5114
4668
4446
3542
2519
1898
371
110
-280
-1625
-2280
-3492
-3812
-4442
-4041
-4582
-5866
-5944
-7180
-6891
-5878
-5988
-6425
-6394
-6938
-7021
-5968
-6521
-5379
-6007
-6005
-4856
-5000
-4383
-5371
-5691
-5739
-5002
-2623
-1233
49
-1109
-3631
-3410
-3070
-731
2208
2938
3341
1965
889
726
2515
4745
5874
6905
6052
5094
4447
4295
5211
5780
5937
5609
4899
4211
3455
2264
1911
1189
909
866
322
-214
-1411
-2719
-3565
-3655
-3193
-3046
-3064
-3492
-4763
-5371
-5011
-4183
-2758
-1347
-1709
-2278
-2005
-1963
-375
1518
2341
3524
3963
3707
4150
4992
5512
6763
7559
7912
8313
7763
7406
7344
7140
7055
7478
7138
6148
4971
3642
2791
2079
1177
941
70
-1886
-3055
-4423
-4929
-5187
-5637
-6026
-7173
-7536
-9142
-9252
-8741
-8927
-8226
-8322
-8360
-8399
-8876
-8456
-8265
-7847
-6378
-6314
-6158
-6502
-5217
-3426
-893
5
-1349
-1658
-1707
124
3235
5374
5906
5769
3791
3902
5028
7568
9825
9856
9288
7420
7029
6965
7668
8111
7959
6826
5609
4480
3662
2359
1736
1054
-137
-143
-1252
-2413
-3720
-5130
-6484
-6326
-6079
-5659
-5605
-6964
-8094
-8733
-8312
-7003
-4839
-3586
-4014
-4802
-4933
-4105
-1967
292
1812
2186
1976
2240
3048
4875
6648
7405
7858
7587
7228
7867
8550
8862
8848
8641
7866
7290
6696
5916
5243
4617
3943
3021
2200
709
-994
-2062
-3008
-3209
-3647
-4790
-5803
-7673
-8557
-8748
-8840
-8088
-8355
-9004
-9736
-9988
-10184
-9564
-9432
-9082
-8305
-8292
-8310
-8316
-5913
-4117
-1011
-1377
-2798
-2964
-1883
1514
4817
6977
7111
6383
5140
6095
8579
11704
13472
13339
11496
10986
10402
11657
12713
12122
11711
10118
8723
7814
7214
6019
4849
3498
2184
1030
-322
-1953
-3498
-4685
-5651
-6061
-6837
-7584
-8305
-9638
-9605
-9837
-9207
-8646
-8492
-8695
-8464
-8205
-7206
-4919
-3471
-2847
-2554
-2728
-1624
297
2166
3962
4473
4730
4490
4887
6045
7479
8184
8275
8051
6956
6812
6441
6340
6349
5589
4949
3243
2680
1683
236
-599
-1840
-2159
-3023
-3972
-5446
-7019
-7778
-8447
-8589
-8695
-9170
-10229
-10745
-11310
-11584
-11130
-11484
-11039
-11355
-9854
-8140
-5925
-4871
-7211
-7292
-6445
-2997
1193
3430
4179
3444
2743
3657
6551
10779
13043
13565
12754
11386
12224
13173
15188
16302
16042
15070
13549
12392
11609
11199
10908
10183
8842
6980
4884
2785
1115
365
52
-1057
-2249
-4232
-6579
-7781
-8144
-7496
-6970
-7299
-8746
-10095
-10614
-9903
-8198
-6775
-5944
-6113
-6987
-6414
-5114
-3061
-931
-202
308
552
736
1304
2709
4006
4911
5423
5097
5115
4633
5046
5031
5200
5020
4290
3696
2643
2089
1010
1005
388
-848
-1505
-3038
-4455
-4914
-5409
-6092
-6126
-7841
-8633
-9292
-9775
-9838
-10233
-10151
-10937
-11742
-11839
-9792
-8531
-6823
-8461
-9485
-9138
-7145
-3819
-1588
-356
-1019
-1056
-420
1702
5125
7658
8228
8886
8262
9593
10704
12514
13459
13526
13586
13097
13175
13016
12855
12510
12008
11415
10394
9220
7872
6386
5512
4667
4167
2950
1295
-695
-2427
-3012
-3120
-3039
-3339
-4989
-6647
-7591
-7531
-6811
-5423
-5306
-5428
-6405
-6832
-6264
-4702
-2905
-2255
-1602
-1892
-1513
-1108
-27
1700
2465
2819
2887
2799
3019
3333
3811
4437
4202
3380
2982
2666
2329
1897
1527
673
-251
-1030
-2022
-2740
-3401
-4268
-4837
-5530
-6391
-7048
-8392
-8016
-9026
-9268
-9259
-10384
-10577
-10883
-9643
-8740
-6564
-8253
-9085
-8508
-7748
-4511
-2895
-2058
-2251
-2031
-1869
57
2755
4821
5542
5697
5369
6275
7515
8781
10011
10097
10043
9732
9702
9455
9890
9605
9694
9367
8597
7290
6244
5158
4798
4992
4450
3882
2318
820
-678
-1360
-711
-486
-382
-1780
-3294
-4419
-4513
-4190
-3203
-2530
-2646
-3252
-4025
-3656
-2586
-1316
-484
189
113
138
282
791
1871
2929
3563
3564
3683
3285
3221
3527
4106
4238
3917
3274
2217
2034
1848
1385
1131
71
-836
-1520
-2642
-2753
-3799
-4160
-5392
-6134
-6620
-7878
-7350
-8219
-8822
-8945
-10710
-10672
-10822
-9414
-8021
-6831
-7797
-9841
-9170
-8351
-4769
-2475
-1626
-1712
-2305
-1791
-281
2545
5150
6057
6060
5591
6155
7363
8660
9647
10009
10249
9659
9367
9050
8771
8789
8707
8322
7499
6160
4617
3903
3670
3430
2967
1606
84
-1516
-2368
-2698
-2390
-2412
-3354
-4557
-5562
-5473
-5198
-4967
-4197
-4281
-4020
-3778
-4150
-3112
-2556
-1830
-766
227
880
1133
1445
1550
2520
3828
4856
5068
5061
4618
4444
4891
5653
6264
6008
5038
3783
3357
3386
3481
3059
2268
1150
-337
-1207
-1876
-2416
-2443
-3505
-4734
-5361
-6967
-7179
-7379
-8458
-8188
-8790
-9936
-10234
-11523
-10461
-8850
-7221
-8162
-9960
-9943
-9534
-6052
-3715
-2599
-2480
-3005
-2980
-1313
1659
4374
5579
5904
5328
5591
7038
8939
10345
10867
10858
10155
9994
9729
9735
9718
9835
9361
8519
7129
5428
4309
3568
3255
2889
1880
382
-1676
-3096
-3939
-3592
-3566
-3986
-5223
-7049
-7538
-7333
-7085
-6574
-5968
-5883
-6204
-6268
-5756
-4973
-3713
-3094
-2015
-1007
-493
-32
812
2030
3107
4158
4590
4975
5149
5022
5671
6367
6797
6868
5982
5584
5063
4717
4587
4220
3512
2343
1734
-32
-650
-1350
-1541
-1945
-3486
-4292
-6207
-6754
-6777
-7193
-7146
-7673
-9363
-10289
-10949
-11215
-9325
-7330
-5724
-7500
-10037
-10845
-9317
-4812
-2236
-1340
-1902
-3199
-3254
-1470
2190
5888
7149
6907
5677
5542
7178
9171
11412
12541
12356
11361
10430
9838
10255
11005
11835
11300
9953
7595
5435
4461
4337
4924
4586
2941
365
-2358
-3988
-4393
-3526
-3180
-3956
-6005
-8055
-9246
-9140
-7739
-6583
-6293
-6616
-7796
-8631
-7554
-5976
-3743
-2179
-2236
-2290
-2287
-1629
110
2059
3951
4525
4365
3928
4147
5318
6533
7596
7754
7031
6128
5184
5213
5711
5758
5154
4020
2313
999
33
-891
-1108
-1272
-2264
-3823
-5290
-7040
-7375
-7527
-7902
-7815
-8982
-10196
-11464
-12117
-12411
-11496
-8868
-7084
-7373
-10006
-11658
-11107
-7122
-2873
-812
-887
-2229
-3603
-2635
1142
5587
8717
9186
7418
5995
7009
9407
12761
14825
14853
13299
11695
10749
11315
12931
13653
13532
11814
9310
6970
5592
5493
6126
6048
4469
1715
-1252
-3334
-3943
-3542
-3110
-3408
-5649
-8710
-10611
-10769
-9795
-7736
-6594
-7621
-9218
-10895
-10748
-8330
-4962
-3402
-3027
-3648
-4416
-3526
-1371
1495
3853
4880
4354
3572
4264
5703
7599
8974
9422
8848
7729
6956
6709
7325
7580
7173
6088
4416
2404
1058
211
-102
-591
-1508
-3657
-5570
-7699
-8340
-8704
-8577
-9053
-10796
-12397
-14235
-14916
-14572
-14420
-13567
-11400
-10265
-10898
-13197
-13840
-12618
-7810
-3866
-1971
-2135
-3363
-4130
-2450
2142
6853
10133
10025
8330
7212
9067
11910
15360
16976
16556
14530
13158
12585
13481
14863
15513
14561
12536
9680
7399
6568
6561
6915
6019
3713
539
-2070
-3544
-3916
-3441
-3566
-5155
-7891
-10255
-11148
-10604
-9217
-9044
-8298
-8993
-10711
-11185
-9971
-8120
-5737
-4127
-4325
-3663
-3150
-2747
-452
2042
3919
5644
5899
5693
6154
7390
8846
10522
11285
10977
10072
8849
8357
8872
9328
8952
7591
5623
3758
2258
1252
987
297
-1175
-3632
-5983
-7664
-8410
-8661
-8953
-10257
-12068
-13748
-15252
-15085
-15190
-15251
-16181
-15518
-13229
-11961
-12702
-13906
-14786
-12422
-7879
-4670
-2423
-2319
-3300
-3747
-1320
3299
8457
11208
10891
9160
8785
10283
13535
16916
18470
17682
15441
13569
13549
14799
15833
15874
14319
11997
9301
7320
6536
6391
5638
3741
1446
-780
-2471
-4071
-5324
-5914
-6493
-7355
-8608
-9677
-10772
-11409
-11648
-11236
-9574
-8143
-8153
-8581
-8657
-8356
-6634
-3952
-1756
290
712
-326
267
2552
5541
8059
9191
9090
8582
8510
9235
10874
12409
12581
11450
9606
8565
8366
8139
8018
6898
5322
3422
1394
-255
-1282
-1978
-3277
-4741
-6728
-7921
-9536
-10337
-11058
-11900
-12575
-13781
-14683
-15446
-15586
-16064
-16030
-16549
-13531
-10792
-10541
-11751
-13559
-12939
-9041
-4923
-1969
214
-326
-1399
-1681
1886
6886
11035
12736
12102
10557
10266
11519
14464
17402
18087
16672
14507
12935
12446
12710
13305
12953
11533
9354
6335
3964
2808
2030
1305
-22
-1581
-3370
-5557
-7271
-8378
-8697
-8894
-9367
-10349
-10847
-11277
-11860
-11957
-10042
-8109
-6861
-5931
-6726
-5658
-4072
-2930
-131
2316
3530
4297
4608
5482
7239
8624
10071
11628
12527
11923
11053
10425
10562
11479
11538
11125
10326
8425
6398
4806
3576
3427
2830
1145
-889
-3137
-5243
-6908
-7705
-8152
-8304
-9321
-10750
-12318
-13601
-14547
-15025
-14268
-13673
-13812
-14391
-15648
-16640
-16454
-13253
-7499
-5552
-6304
-9834
-11758
-8623
-3531
1528
5526
6189
3518
1179
1637
5965
11608
16065
16641
14781
11887
10570
11541
14639
16940
17695
16098
13175
10246
8242
8281
8821
9293
7932
5005
1953
-544
-2343
-3329
-3845
-4195
-4713
-6035
-7740
-9316
-10897
-11624
-11407
-10465
-9238
-8574
-9262
-10352
-10670
-9875
-7423
-4628
-2024
-744
-990
-1220
-950
1461
4680
7657
9038
9135
8514
8539
9561
11114
13043
13414
12943
11827
10954
10466
10038
9567
9007
8086
6662
4760
3010
1297
-178
-1401
-2595
-3616
-4982
-6434
-8088
-9429
-10250
-10320
-10557
-10937
-11654
-12400
-12773
-12733
-12376
-12122
-12076
-12020
-11813
-11625
-11338
-11315
-9640
-6044
-3558
-1884
-2674
-4874
-4406
-1889
1691
5605
7609
7496
6577
5631
6256
8694
11856
14079
14464
13334
11954
11372
11473
11844
12207
11821
10976
9743
8107
6966
5926
4660
3497
1791
-173
-1402
-2102
-2386
-3235
-4856
-6516
-7836
-8585
-8513
-7805
-7292
-7400
-8283
-9318
-9143
-8532
-7318
-5986
-5035
-4177
-3707
-3236
-2446
-1204
346
1622
2914
3867
4558
4979
5214
6032
7199
8090
8374
8239
7819
7349
7129
6865
6673
6572
6022
5056
4136
2734
2109
1185
27
-390
-1551
-2068
-2779
-3059
-3286
-3781
-4479
-5773
-6763
-6832
-7163
-6052
-5729
-5784
-6289
-6606
-6178
-6225
-5922
-5735
-5088
-4489
-4165
-4475
-4750
-4570
-3838
-2789
-1795
-1211
-999
-689
-514
-182
350
853
1141
1274
1303
1793
2602
3473
4010
4057
4012
3966
4170
4301
4314
4306
4052
3820
3781
3872
3865
3361
2483
1657
1095
939
1053
1215
955
194
-547
-1166
-1316
-1451
-1641
-1676
-1734
-1992
-1945
-1732
-1716
-1491
-1532
-1725
-1302
-642
-132
241
368
188
193
460
995
1596
1820
1611
1367
1358
1495
1889
1881
1978
2108
1887
1446
1328
1438
1632
1773
1331
796
418
110
-111
-142
-17
-124
-554
-1292
-1835
-1748
-1385
-1245
-1249
-1589
-2047
-2178
-1891
-1713
-1680
-1403
-1347
-1491
-1648
-1683
-1419
-756
-427
-263
-665
-823
-582
-217
393
549
380
-612
-1262
-1401
-892
-103
5
-269
-715
-794
-982
-902
-607
-515
-951
-1537
-1863
-1414
-301
370
782
667
85
-259
-128
294
1060
1756
1989
1974
1728
1596
1527
1734
2140
2579
2862
2763
2373
2003
1922
2148
2597
2625
1972
1248
676
300
700
1267
1828
1665
485
-1075
-1973
-1647
-1120
-264
-192
-614
-1367
-2256
-2412
-2186
-1812
-2233
-2610
-3045
-3197
-2900
-2715
-2326
-2242
-2383
-2620
-2738
-2323
-1600
-1202
-1211
-1265
-1110
-923
-343
532
1286
1616
1633
1588
1903
2405
2723
2705
2993
3024
3410
3437
3264
3496
3121
3583
3276
3436
3182
2564
2203
1444
1680
1650
1921
1632
384
-158
-863
-936
-847
-1064
-1258
-1476
-2569
-3582
-4494
-4585
-3794
-3487
-3933
-5462
-6540
-6974
-6139
-4481
-3732
-3202
-3825
-4864
-5126
-4626
-2942
-1174
-154
135
115
268
1094
2267
3507
4317
4728
4939
5215
5817
6436
6353
6028
5722
5600
5830
5596
5147
4354
3607
2526
1615
790
-219
-1135
-2172
-2940
-3403
-3618
-4385
-5215
-6036
-6819
-7303
-7674
-7948
-7955
-7498
-7043
-6626
-6346
-5972
-5247
-4822
-4266
-3942
-3307
-2304
-1116
-220
413
1306
2539
4020
4924
5723
6283
6670
6909
7155
7732
8421
8804
8524
8136
7885
7783
7814
7359
6580
5952
5121
4186
3416
2733
1851
927
45
-302
-122
-521
-2173
-3922
-4906
-5252
-4636
-4473
-4344
-5116
-5809
-5819
-5963
-5230
-5505
-5817
-5964
-5701
-4321
-3299
-3153
-3045
-3019
-2373
-1471
-1021
-1023
-1104
-1110
-1614
-2174
-1846
-582
1731
4204
4436
3399
1478
174
670
1641
3001
4273
4858
4871
3829
2714
2294
2610
3753
4426
4001
3183
1937
665
-109
-763
-716
-1092
-1739
-2464
-3359
-3871
-4543
-5334
-6457
-7327
-7642
-7332
-6200
-5208
-5042
-5356
-5933
-6093
-5154
-3750
-2247
-801
-207
118
486
1325
2754
4064
5223
6108
6498
7066
7478
7811
7762
7752
7761
7830
8118
8270
8852
8684
8285
7290
5860
5069
4171
3936
3682
2951
1801
208
-931
-1902
-2341
-2282
-2637
-3019
-3673
-4752
-5372
-5798
-5845
-5661
-5326
-5014
-4769
-4608
-4296
-4043
-3516
-2948
-2582
-1771
-1047
-192
336
736
699
948
1355
1377
1539
1400
1028
814
141
-673
-1104
-1804
-2011
-2990
-4127
-5717
-5956
-5338
-3439
-1782
-2300
-3603
-5628
-6014
-4931
-3390
-1558
-492
-334
-359
-1270
-1276
-210
1592
3624
4393
4067
3103
2042
2000
2308
2939
3469
3370
3073
2230
1648
1201
1067
1165
619
-174
-866
-1069
-412
68
8
-380
-989
-977
-458
560
1539
1911
1449
651
426
1021
2196
3245
3647
3458
3247
3012
3290
3481
3530
3257
2590
2249
2229
2676
2897
2798
2491
1600
1370
1015
725
1034
632
-101
-870
-1674
-1662
-1165
-511
-62
29
-129
-547
-429
-201
217
747
722
625
547
390
431
656
1035
1385
1080
495
-379
-788
-1149
-1251
-1699
-1789
-2242
-3110
-4138
-5314
-6095
-6249
-6827
-7644
-8487
-9752
-10273
-10906
-11703
-11820
-10696
-9326
-6626
-5152
-4777
-4669
-4489
-3707
-1530
414
2071
3578
4450
5038
5813
7000
8784
10796
12150
12020
11245
10465
9718
9399
8730
7994
7151
6284
5283
3931
2828
1864
926
-147
-1741
-3507
-4696
-5354
-5726
-5841
-6043
-6133
-5825
-5628
-5229
-4625
-4158
-3559
-2924
-2463
-1845
-893
199
1209
2048
2577
3417
4446
5293
5752
5637
5305
5249
5639
5895
6082
5904
5369
5205
5265
5190
4781
4128
3219
2422
1854
1207
1078
901
397
-43
-469
-542
-440
-349
-539
-907
-1190
-1360
-1287
-1432
-1843
-2154
-2519
-2631
-2456
-2269
-2340
-2783
-3477
-4155
-4307
-4237
-4054
-4390
-5282
-6194
-7061
-6986
-6756
-6501
-6378
-7057
-7435
-7762
-8014
-7927
-8261
-7417
-6251
-4484
-1985
-921
474
1780
2601
4090
5393
6467
7623
7945
8339
8273
8913
9993
10960
11968
11824
11142
10497
9418
8487
6986
5166
3447
1547
119
-1274
-2251
-2933
-3823
-4908
-6062
-7052
-7603
-8063
-8469
-9142
-9462
-9401
-8926
-7742
-6571
-5200
-3792
-2504
-1209
-168
980
2306
3493
4656
5440
6076
6734
7387
7881
8251
8664
8816
8512
7762
6802
5824
5149
4355
3633
2735
1843
1248
393
-167
-695
-1436
-2065
-2872
-3521
-4043
-4350
-4188
-3839
-3318
-3151
-3239
-3089
-2909
-2339
-1676
-971
-622
-694
-1020
-1300
-1222
-855
-671
-579
-748
-1168
-1397
-1650
-1602
-1310
-1299
-1685
-2096
-2945
-3292
-3653
-3937
-4157
-4724
-5102
-5458
-5814
-5810
-6103
-5684
-4742
-4097
-2786
-1372
-589
1157
2441
3072
4115
4666
5034
5685
6095
6456
6885
7335
7409
7389
7489
7104
6871
6487
5526
4452
2823
1107
-556
-2240
-3433
-4507
-5367
-5837
-6481
-6861
-7003
-7159
-7045
-6851
-6655
-6225
-5572
-4893
-4422
-3545
-2418
-1006
593
1963
3431
4595
5470
6173
6598
7120
7350
7421
7061
6551
6068
5621
5236
4667
3780
2902
1816
931
101
-494
-886
-1685
-2226
-2962
-3775
-3963
-4232
-4308
-4257
-4173
-3703
-3207
-2358
-1496
-846
-221
271
988
1914
2981
3894
4373
4409
4336
4334
4690
5059
5104
5082
4724
3952
3276
2540
2021
1583
821
-216
-1320
-2403
-3343
-3907
-4545
-5114
-5701
-6570
-7161
-7631
-7796
-7860
-8096
-8535
-8990
-8512
-7716
-6187
-4524
-2814
-1378
479
1625
2624
3674
4705
5510
5910
5891
5744
5644
5824
5892
6052
6225
6140
5875
5255
4557
3755
2758
1597
192
-1262
-2616
-3955
-4769
-5295
-5674
-5744
-5871
-5742
-5281
-4791
-4046
-3465
-3170
-2923
-2656
-2214
-1543
-611
438
1432
2427
3154
3775
4490
5106
5720
5904
5725
5239
4647
3941
3103
2273
1512
942
240
-301
-563
-700
-626
-615
-540
-313
-241
-241
-425
-516
-443
-174
252
802
1399
1983
2604
3265
3921
4566
5215
5628
6021
6032
5600
4997
4221
3388
2894
2381
1817
1200
349
-533
-1394
-1894
-2343
-2548
-2958
-3725
-4832
-5885
-6977
-7486
-7772
-8071
-7915
-7992
-8054
-7954
-7685
-7302
-6763
-6544
-6389
-6628
-6272
-5588
-4824
-3404
-2153
-952
712
1954
3129
4419
5219
5741
5947
5848
5517
5026
4350
3701
3324
3059
2685
2423
1760
1296
755
97
-237
-760
-1434
-2165
-3225
-4376
-5148
-5493
-5534
-5118
-4786
-4492
-3906
-3178
-2252
-1078
32
1060
1949
2547
2949
3439
3936
4295
4389
4335
4461
4868
5143
5343
5391
5165
4812
4295
3713
2957
2235
1292
218
-865
-1747
-2281
-2413
-2265
-2092
-1703
-1233
-561
74
632
1132
1541
2019
2323
2579
2736
2634
2646
3021
3703
4682
5476
5772
5753
5307
5053
5118
5248
5065
4302
2982
1356
173
-411
-676
-680
-1222
-2137
-3129
-3949
-4413
-4351
-4451
-4756
-5311
-6101
-6727
-7054
-7351
-7583
-7903
-8027
-8055
-7865
-7631
-7700
-7682
-7967
-7988
-7977
-7084
-6375
-5391
-4758
-4138
-3164
-1712
-335
1042
2227
3106
3590
4062
4611
5044
5317
5273
5206
5169
5203
5242
5333
5380
5608
5479
5307
5089
4732
4134
3326
2437
1672
1031
445
-237
-841
-1271
-1447
-1298
-1023
-765
-577
-637
-577
-417
-454
-496
-737
-1056
-1270
-1437
-1430
-1352
-1181
-1109
-1192
-1139
-822
-312
31
39
-96
-286
-324
-66
294
677
929
1241
1522
2039
2767
3664
4519
5020
5465
5872
6349
6869
7295
7567
7727
7476
7115
6748
6573
6290
5733
4954
4030
3242
2391
1623
948
353
-390
-1460
-2726
-4011
-5226
-6096
-6893
-7601
-8225
-8910
-9431
-9690
-9736
-9675
-9721
-9733
-9774
-9450
-9051
-8693
-8333
-8109
-7918
-7555
-6957
-6228
-5461
-5078
-4723
-4295
-3621
-2767
-2036
-1142
-336
580
1628
2851
4321
5635
6690
7357
7898
8453
8978
9280
9399
9205
8909
8305
7581
7113
6661
6032
5261
4423
3572
2811
1781
655
-400
-1319
-2228
-3189
-3999
-4919
-5818
-6613
-7219
-7375
-7365
-7319
-7136
-6917
-6587
-6048
-5313
-4394
-3385
-2550
-1734
-1065
-172
756
1688
2559
3239
3862
4299
4613
4985
5430
6029
6574
6825
6990
6862
6680
6405
6293
6253
6222
5991
5435
4852
4409
4108
4082
4174
4018
3641
2792
1993
1421
853
478
-72
-813
-1780
-2846
-3637
-4157
-4394
-4690
-5167
-5533
-5938
-6074
-5983
-5985
-5862
-5763
-5695
-5523
-5376
-5315
-5105
-4812
-4199
-3506
-2775
-2219
-1811
-1421
-953
-340
463
1380
1781
1739
1328
942
881
1185
1489
1532
1274
597
-4
-392
-389
-192
-204
-520
-1244
-1781
-2252
-2195
-1920
-1475
-1093
-956
-846
-673
-100
666
1207
1348
1347
1068
836
592
373
316
122
-141
-248
-299
-133
-121
-169
-216
-222
-205
-174
-134
-233
-499
-888
-1343
-1535
-1382
-1205
-843
-634
-424
-61
416
949
1487
1919
2237
2572
2885
3338
3608
3677
3465
3262
3088
3046
3027
3098
3019
2803
2578
2315
2307
2326
2312
2052
1756
1348
1126
1016
965
690
347
136
-40
85
198
302
229
61
-119
-127
216
694
1065
1171
1185
1042
811
687
720
841
949
897
782
610
466
389
365
417
425
370
58
-326
-700
-1046
-1261
-1453
-1644
-1981
-2532
-3066
-3461
-3715
-3747
-3773
-4066
-4375
-4764
-4956
-5040
-5068
-5112
-5210
-5229
-5330
-5325
-5254
-5124
-4871
-4575
-4436
-4299
-4183
-4185
-3749
-3210
-2588
-1834
-1173
-362
282
925
1626
2531
3500
4233
4628
4681
4718
4732
4795
4788
4585
4313
3799
3243
2683
2234
1898
1585
1234
664
4
-725
-1327
-1772
-2092
-2393
-2660
-2887
-3164
-3350
-3389
-3241
-2783
-2155
-1559
-984
-373
332
1205
2212
3159
4065
4752
5274
5789
6184
6582
6862
7017
7097
7013
6887
6571
6263
5906
5397
4717
4063
3474
2912
2365
1669
1028
487
-28
-378
-809
-1150
-1382
-1711
-2078
-2437
-2720
-2921
-2927
-2851
-2710
-2632
-2668
-2787
-2726
-2433
-2051
-1728
-1478
-1498
-1593
-1664
-1614
-1309
-995
-808
-803
-984
-1010
-899
-697
-359
-232
-255
-412
-657
-697
-589
-510
-574
-753
-1147
-1624
-1998
-2305
-2462
-2596
-2826
-3234
-3677
-4109
-4429
-4527
-4675
-4684
-4766
-4832
-4937
-5068
-5006
-4833
-4598
-4305
-4165
-4089
-3933
-3813
-3371
-2707
-1803
-1031
-278
234
857
1583
2357
3342
4149
4978
5296
5532
5708
5847
6104
6222
6270
6207
6086
5752
5569
5431
5412
5399
5336
5179
4845
4516
4096
3617
3213
2883
2483
1973
1236
550
-122
-549
-737
-858
-922
-1175
-1449
-1497
-1320
-1083
-823
-786
-949
-1138
-1247
-1292
-1254
-1180
-1182
-1196
-1276
-1309
-1254
-984
-605
-214
49
206
370
548
995
1374
1737
1929
1983
2115
2116
2252
2395
2526
2603
2510
2338
2145
2075
2028
1936
1850
1671
1474
1130
667
125
-368
-780
-1352
-1896
-2637
-3337
-4031
-4734
-5257
-5648
-5885
-6073
-6256
-6369
-6443
-6310
-6018
-5650
-5164
-4990
-4714
-4458
-3967
-3286
-2580
-1925
-1520
-1148
-826
-163
524
1276
1934
2198
2272
2129
2191
2435
2715
2817
2673
2307
1906
1544
1174
942
807
576
339
110
-144
-155
-7
185
458
700
1018
1167
1321
1466
1510
1717
1893
2059
2143
2104
1837
1515
1320
1111
1002
781
461
63
-247
-353
-342
-230
-285
-507
-803
-938
-946
-801
-609
-572
-622
-645
-607
-335
127
662
1124
1493
1698
1914
2219
2546
2866
3063
3023
2914
2776
2641
2545
2415
2224
1992
1735
1389
1145
780
452
103
-162
-278
-439
-628
-874
-1117
-1334
-1505
-1616
-1634
-1656
-1722
-1789
-1950
-2067
-2156
-2168
-2211
-2122
-2081
-2034
-1900
-1778
-1610
-1547
-1355
-1083
-753
-325
-35
182
384
494
657
914
1177
1413
1627
1705
1736
1807
1897
1946
2047
2046
2015
1973
1859
1706
1449
1001
475
38
-391
-714
-1178
-1655
-2163
-2582
-2854
-3074
-3179
-3337
-3366
-3438
-3364
-3313
-3270
-3193
-3075
-2797
-2451
-2118
-1939
-1760
-1609
-1389
-1006
-594
-215
121
277
493
726
1128
1584
1925
2288
2406
2643
2796
2973
3185
3345
3442
3337
3170
2890
2799
2736
2632
2603
2379
2051
1731
1392
1246
1231
1249
1119
877
564
374
389
378
312
120
-202
-509
-735
-762
-684
-650
-696
-750
-830
-837
-681
-413
-94
75
112
66
39
161
275
429
563
731
770
723
705
781
983
1025
1106
1086
1223
1231
1034
808
605
521
344
153
-75
-297
-570
-853
-1028
-1037
-1015
-1131
-1357
-1536
-1655
-1746
-1819
-1964
-2091
-2252
-2258
-2165
-1907
-1584
-1428
-1223
-963
-616
-239
112
414
684
690
616
581
606
722
714
662
617
616
544
450
330
246
168
21
-53
-217
-334
-548
-809
-1078
-1280
-1350
-1410
-1356
-1359
-1393
-1440
-1393
-1244
-1075
-916
-837
-728
-596
-458
-440
-300
-218
-172
-48
-9
130
273
376
425
476
622
843
1072
1335
1540
1673
1730
1744
1821
1993
2076
2073
1954
1713
1504
1250
1135
1013
940
813
562
439
309
269
180
137
-22
-125
-320
-582
-790
-1108
-1316
-1560
-1712
-1809
-1807
-1803
-1934
-1983
-1998
-1919
-1755
-1492
-1253
-1070
-974
-940
-767
-530
-186
214
569
855
1031
1027
1167
1322
1505
1682
1683
1607
1514
1450
1359
1379
1502
1633
1736
1840
1891
1937
1958
1872
1760
1649
1617
1568
1385
1085
799
451
202
79
-43
-198
-365
-593
-788
-812
-837
-868
-951
-1131
-1243
-1195
-1063
-823
-727
-819
-853
-776
-551
-284
-8
197
349
404
482
680
1011
1383
1666
1821
1990
2166
2179
2214
2161
2028
1841
1487
1089
678
260
-159
-462
-679
-904
-1098
-1381
-1513
-1676
-1857
-2053
-2348
-2544
-2843
-3098
-3336
-3523
-3582
-3598
-3598
-3510
-3270
-3143
-2798
-2609
-2278
-1935
-1800
-1643
-1483
-1215
-1082
-771
-684
-420
-312
-318
-223
-136
154
317
500
410
375
237
87
100
189
307
360
379
332
295
403
588
846
1156
1263
1323
1266
1235
1253
1375
1423
1593
1815
1878
2008
1951
2043
2158
2418
2698
2787
2823
2558
2393
2220
2075
2023
1919
1670
1341
1042
738
651
600
554
482
252
78
-26
-65
-88
-121
-198
-319
-349
-319
-202
-177
-180
-208
-221
-75
16
245
429
499
582
600
660
809
929
971
948
892
813
739
672
516
328
141
-72
-258
-406
-542
-732
-923
-1109
-1237
-1289
-1411
-1535
-1719
-1918
-2084
-2229
-2466
-2684
-2925
-3144
-3234
-3301
-3260
-3267
-3273
-3269
-3210
-3101
-2835
-2654
-2515
-2471
-2527
-2490
-2428
-2276
-2215
-2122
-2028
-1898
-1752
-1502
-1271
-1091
-909
-836
-684
-577
-446
-276
-148
-43
18
78
197
402
641
887
1073
1246
1428
1615
1790
1942
2093
2172
2240
2325
2447
2436
2400
2355
2222
2215
2171
2121
2083
2007
1907
1831
1787
1786
1862
1931
1957
1907
1853
1759
1782
1903
1933
1981
1874
1810
1707
1607
1639
1610
1627
1496
1328
1161
1060
1042
994
863
672
477
214
163
153
96
-1
-225
-406
-503
-500
-433
-345
-277
-266
-308
-260
-236
-204
-202
-250
-271
-336
-382
-382
-388
-414
-495
-570
-620
-671
-727
-826
-884
-971
-1049
-1110
-1205
-1205
-1186
-1163
-1158
-1180
-1277
-1438
-1552
-1632
-1651
-1626
-1695
-1836
-1964
-2104
-2157
-2205
-2255
-2306
-2390
-2464
-2439
-2382
-2329
-2256
-2129
-2032
-1925
-1701
-1559
-1383
-1232
-1065
-903
-777
-682
-596
-463
-387
-249
-64
133
343
499
539
675
853
1009
1185
1305
1325
1275
1240
1181
1211
1232
1073
987
860
768
670
555
535
595
693
731
736
762
734
600
520
484
523
615
576
593
584
661
826
966
1095
1135
1169
1157
1275
1405
1515
1580
1592
1636
1611
1706
1793
1907
1968
1939
1892
1871
1872
1924
2001
1946
1835
1681
1564
1451
1332
1095
794
490
258
86
-90
-218
-430
-649
-934
-1120
-1271
-1413
-1438
-1495
-1581
-1685
-1776
-1871
-1885
-1874
-1831
-1762
-1719
-1676
-1657
-1621
-1609
-1509
-1343
-1166
-1018
-939
-890
-828
-759
-704
-646
-609
-644
-701
-710
-684
-687
-745
-758
-826
-837
-804
-743
-599
-490
-463
-516
-575
-635
-649
-645
-729
-819
-965
-1064
-1180
-1187
-1190
-1200
-1158
-1180
-1131
-1097
-1056
-997
-1018
-1007
-908
-786
-637
-478
-337
-220
-74
86
235
446
651
836
1044
1175
1305
1489
1625
1810
1991
2124
2198
2185
2208
2190
2186
2070
2001
1867
1724
1603
1428
1351
1262
1165
1047
920
770
687
635
552
484
445
390
365
345
363
365
332
382
392
504
601
640
665
715
770
857
962
953
951
856
803
874
842
764
696
569
460
377
301
287
259
101
-143
-389
-578
-746
-889
-939
-1037
-1136
-1250
-1334
-1313
-1314
-1309
-1283
-1290
-1292
-1309
-1315
-1283
-1201
-1126
-1085
-1013
-931
-877
-835
-736
-612
-421
-242
-109
-24
-30
-18
56
167
256
316
289
234
199
181
191
205
178
131
102
65
79
88
77
35
5
45
76
98
68
7
35
53
91
97
138
224
265
333
371
351
352
326
337
363
361
376
346
342
335
358
425
511
563
514
369
243
198
175
127
53
-49
-149
-253
-350
-385
-429
-475
-568
-615
-667
-685
-732
-801
-818
-768
-668
-624
-539
-461
-441
-398
-386
-429
-354
-366
-412
-398
-361
-292
-214
-81
37
121
92
86
46
42
-4
-117
-191
-280
-320
-438
-515
-542
-574
-592
-571
-547
-489
-412
-298
-216
-93
-10
78
273
387
540
603
634
683
727
769
763
786
758
691
595
582
659
727
788
755
719
657
534
483
475
510
548
487
365
291
249
311
392
407
327
173
65
-23
-8
112
183
238
199
153
192
275
423
524
589
613
543
522
524
556
593
662
711
757
735
612
531
410
401
367
309
186
-13
-169
-275
-277
-283
-289
-353
-552
-788
-944
-1064
-1074
-1078
-1115
-1147
-1237
-1273
-1222
-1099
-1004
-922
-906
-900
-972
-988
-938
-828
-637
-580
-514
-447
-401
-285
-141
-23
68
38
-85
-163
-190
-159
-160
-129
-161
-191
-181
-176
-114
26
131
216
310
385
476
543
693
805
958
1063
1110
1184
1273
1326
1350
1429
1414
1432
1372
1305
1267
1212
1245
1166
1064
1001
878
734
592
494
414
315
243
131
69
20
4
-43
-115
-145
-201
-287
-262
-174
-99
-14
-59
-76
-62
-8
130
282
357
362
340
357
436
562
677
741
770
810
788
751
698
638
574
505
371
217
61
-95
-132
-131
-121
-119
-215
-371
-495
-643
-745
-830
-950
-1126
-1309
-1433
-1501
-1514
-1493
-1442
-1361
-1308
-1261
-1177
-1091
-1066
-1040
-996
-990
-938
-920
-902
-833
-871
-899
-958
-993
-973
-926
-866
-831
-771
-757
-707
-587
-457
-332
-224
-132
-57
-10
22
90
166
251
319
354
468
532
570
565
569
624
672
771
794
726
662
631
605
606
561
460
394
278
185
127
68
2
-68
-124
-219
-205
-167
-69
46
141
176
231
260
302
439
578
686
716
720
735
848
949
1047
1100
1139
1127
1086
1054
1010
911
775
677
579
517
434
371
281
240
158
49
-5
-36
-61
-68
-113
-161
-187
-270
-311
-309
-260
-200
-186
-166
-141
-132
-76
-34
-2
-9
-63
-79
-82
-57
-12
-28
13
25
27
84
80
116
171
130
24
-114
-248
-344
-487
-565
-620
-657
-639
-717
-761
-702
-643
-610
-563
-555
-524
-497
-492
-455
-443
-441
-398
-339
-318
-281
-234
-164
-58
65
168
276
305
276
201
100
100
146
153
108
14
-119
-168
-159
-140
-91
-131
-234
-307
-341
-331
-260
-199
-202
-191
-195
-133
-30
47
205
276
296
313
368
474
568
633
695
783
845
907
909
958
983
1002
1021
938
851
677
559
519
466
467
486
440
379
316
234
231
181
162
173
97
12
-73
-153
-193
-169
-135
-115
-98
-80
-44
78
163
189
247
272
267
320
344
300
273
143
69
4
-95
-44
-85
-184
-250
-320
-347
-321
-321
-318
-348
-459
-502
-513
-443
-402
-429
-403
-451
-467
-453
-482
-501
-567
-674
-763
-798
-811
-829
-851
-860
-893
-854
-809
-793
-747
-731
-637
-611
-657
-680
-687
-693
-676
-659
-638
-514
-403
-322
-265
-122
59
302
481
588
694
743
818
921
992
990
957
923
903
887
862
794
735
742
703
651
583
467
361
236
160
83
9
-80
-149
-207
-269
-287
-340
-387
-411
-412
-389
-337
-252
-153
-94
-94
-69
-17
110
262
435
579
653
717
770
832
913
960
1005
985
926
827
733
739
714
749
682
549
392
249
189
113
53
-44
-257
-490
-716
-956
-1051
-1168
-1269
-1334
-1382
-1402
-1440
-1361
-1261
-1174
-1087
-1060
-1001
-964
-941
-912
-824
-735
-613
-497
-387
-276
-171
-52
59
196
283
364
391
422
500
489
428
448
472
499
451
369
322
238
180
105
16
-43
-133
-202
-204
-205
-208
-278
-313
-286
-291
-226
-142
-80
18
52
73
129
93
100
77
105
177
246
312
297
336
378
485
609
726
803
809
752
720
788
854
839
778
721
696
668
610
622
660
670
626
558
485
404
353
310
262
180
123
39
-50
-154
-178
-221
-311
-370
-470
-588
-627
-669
-728
-749
-840
-922
-960
-994
-986
-946
-924
-892
-878
-882
-882
-839
-822
-776
-681
-656
-575
-488
-427
-325
-306
-315
-265
-170
-21
121
243
255
198
161
182
258
306
291
222
118
25
-3
6
35
-39
-150
-272
-388
-430
-474
-518
-553
-613
-700
-757
-727
-678
-652
-630
-679
-702
-674
-637
-588
-500
-372
-266
-130
0
99
250
384
494
552
526
516
527
510
447
401
344
309
278
274
255
233
174
112
131
138
164
194
169
85
-16
-117
-125
-115
-187
-246
-285
-267
-243
-218
-172
-89
-38
13
58
30
8
-9
-4
-23
-159
-245
-287
-311
-279
-253
-204
-223
-242
-239
-218
-173
-149
-132
-126
-154
-185
-130
-107
-87
-28
-10
56
59
109
195
265
314
328
285
242
209
194
225
190
172
136
122
97
22
14
-5
-43
-91
-149
-176
-170
-178
-161
-130
-107
-101
-95
-90
-55
-27
-23
17
55
94
120
101
127
174
170
204
225
211
197
197
218
244
298
292
255
196
172
152
124
92
12
-35
-110
-157
-232
-277
-298
-338
-382
-360
-310
-297
-306
-338
-343
-361
-369
-391
-380
-431
-452
-398
-313
-234
-220
-225
-204
-127
-56
-33
27
90
155
215
281
330
297
282
275
292
369
332
299
274
236
271
287
325
393
403
416
408
360
358
286
233
185
143
137
115
136
143
144
86
34
-11
12
44
31
19
-31
-85
-119
-95
-32
-6
-28
-44
-123
-135
-123
-131
-149
-181
-238
-272
-300
-242
-135
-154
-160
-186
-200
-178
-206
-173
-130
-98
-100
-162
-176
-132
-110
-101
-74
-42
0
16
-13
-9
16
16
82
75
81
23
-82
-139
-217
-270
-323
-410
-477
-537
-626
-707
-778
-827
-852
-831
-809
-806
-827
-796
-776
-767
-758
-754
-705
-659
-661
-633
-589
-535
-410
-322
-212
-76
33
213
323
469
603
655
687
711
773
789
779
779
821
810
742
700
663
638
586
527
433
368
330
264
202
130
49
-48
-68
-167
-214
-244
-247
-265
-280
-247
-259
-202
-154
-164
-183
-148
-123
-39
-21
40
99
161
266
378
471
508
563
579
600
547
503
475
424
463
434
426
418
350
337
292
264
256
196
134
46
-42
-67
-117
-156
-173
-224
-305
-334
-393
-415
-456
-495
-469
-461
-380
-358
-288
-270
-255
-243
-235
-150
-55
25
67
167
225
314
439
540
604
657
692
754
793
780
767
714
721
691
653
579
500
422
362
287
258
185
126
111
23
-44
-151
-191
-201
-199
-209
-172
-150
-115
-84
-61
44
57
70
87
120
218
255
313
293
275
294
296
341
403
450
500
501
468
452
386
343
389
351
343
310
314
346
335
289
237
242
245
207
111
50
-56
-165
-202
-277
-327
-387
-486
-596
-674
-738
-774
-828
-953
-1075
-1173
-1191
-1192
-1131
-1096
-1082
-1041
-1037
-927
-847
-769
-644
-527
-398
-296
-176
-21
94
160
234
320
425
504
559
573
591
582
551
552
522
476
424
391
350
299
218
167
126
55
-15
-65
-166
-209
-188
-187
-144
-168
-190
-211
-197
-129
-74
-29
-27
-11
57
135
224
267
329
392
426
470
484
497
493
487
491
424
406
376
310
326
262
270
265
168
80
75
-3
-58
-124
-173
-164
-177
-165
-175
-175
-194
-186
-166
-203
-204
-267
-347
-372
-408
-409
-427
-411
-428
-424
-445
-432
-440
-411
-363
-367
-344
-413
-431
-459
-461
-411
-335
-290
-266
-270
-260
-201
-120
-9
54
105
109
97
101
155
216
251
247
256
242
211
187
167
174
161
156
173
203
149
147
105
69
105
64
77
84
61
71
100
120
95
90
41
-15
-9
19
69
80
86
50
32
63
133
218
231
247
283
355
429
492
497
498
488
448
466
510
582
667
723
707
735
689
685
714
695
748
753
749
699
633
565
556
505
504
466
414
380
341
300
255
234
158
119
70
37
-9
-54
-77
-84
-82
-135
-205
-255
-276
-323
-340
-338
-297
-345
-349
-303
-262
-216
-201
-141
-102
-59
-34
25
48
52
20
34
49
35
21
37
56
54
40
46
109
101
82
47
10
-4
-36
-73
-103
-163
-206
-256
-276
-283
-327
-305
-316
-328
-305
-374
-415
-452
-499
-491
-487
-499
-500
-545
-544
-546
-531
-498
-505
-497
-438
-408
-445
-452
-453
-416
-336
-259
-216
-200
-150
-85
14
130
184
197
163
100
116
111
116
120
91
84
52
15
52
55
62
49
29
26
-36
-103
-153
-142
-137
-162
-157
-155
-171
-153
-176
-125
-100
-84
-38
-72
-62
-54
-36
14
-16
-28
0
-50
-86
-104
-127
-87
-49
-10
-5
-35
-35
-23
-19
-27
63
76
87
106
51
85
95
150
174
172
192
120
73
60
-47
-72
-140
-155
-89
-182
-191
-259
-289
-248
-238
-248
-216
-223
-259
-257
-273
-275
-273
-263
-262
-215
-235
-271
-296
-259
-214
-187
-174
-212
-233
-239
-220
-229
-240
-270
-247
-211
-191
-130
-99
-68
-39
-85
-117
-118
-104
-46
-20
8
46
20
9
-18
-39
-28
-28
-15
-22
-48
-96
-115
-141
-123
-134
-129
-91
-91
-74
-58
-5
16
45
105
122
146
171
216
250
328
407
452
526
552
606
702
774
839
881
918
942
940
917
901
890
889
862
810
746
693
643
566
482
384
274
166
78
25
12
-42
-108
-184
-247
-284
-332
-311
-334
-357
-327
-396
-408
-432
-443
-381
-374
-408
-376
-380
-366
-324
-279
-181
-122
-75
-67
-67
-78
-26
32
96
141
137
180
202
251
250
233
260
277
306
297
255
253
232
197
124
36
2
-71
-138
-210
-276
-359
-399
-442
-520
-580
-623
-641
-663
-644
-680
-670
-699
-712
-651
-635
-559
-497
-458
-419
-331
-203
-68
57
114
211
290
329
365
416
476
568
623
644
661
686
691
665
651
665
678
662
632
585
546
487
446
409
371
285
166
88
11
-53
-102
-135
-199
-259
-342
-372
-375
-383
-394
-405
-391
-444
-455
-397
-359
-323
-311
-324
-297
-288
-261
-221
-264
-265
-303
-260
-237
-188
-89
-65
-61
-69
-64
-102
-138
-154
-189
-214
-233
-263
-258
-299
-317
-315
-349
-345
-377
-389
-352
-350
-317
-365
-401
-451
-517
-475
-496
-479
-440
-391
-339
-315
-293
-306
-280
-245
-284
-273
-186
-155
-101
-78
-86
-59
-34
-48
32
36
52
95
121
145
118
95
63
105
122
96
90
114
102
130
137
115
148
146
148
172
145
177
227
271
303
307
281
313
357
360
404
399
360
332
288
296
272
203
149
78
26
-50
-106
-145
-223
-257
-319
-362
-417
-501
-537
-541
-519
-466
-396
-389
-328
-271
-185
-104
-65
-33
19
56
95
154
190
213
203
163
125
112
109
110
104
70
31
22
8
-27
-67
-93
-133
-178
-203
-236
-231
-277
-270
-259
-235
-147
-96
-52
-30
-5
13
47
72
92
96
131
119
137
140
139
172
136
114
106
80
72
57
51
80
50
69
44
7
56
44
59
75
88
118
127
131
138
139
150
191
262
280
273
277
281
272
263
262
246
241
190
156
194
150
116
134
97
75
65
5
12
22
11
10
-38
-44
-31
-23
-4
16
9
23
53
88
121
128
136
140
145
183
191
186
145
103
152
176
193
185
167
159
90
61
85
59
59
42
2
46
49
13
-3
-65
-26
-30
-30
-20
-86
-129
-122
-142
-143
-178
-208
-206
-272
-265
-274
-287
-232
-224
-218
-167
-143
-94
-75
-60
-35
20
83
110
110
176
186
237
282
258
282
278
236
215
166
155
159
121
81
11
-30
-88
-157
-195
-264
-314
-339
-419
-423
-494
-518
-458
-470
-495
-534
-547
-489
-446
-401
-378
-351
-338
-318
-250
-216
-183
-138
-89
-3
60
50
82
80
126
150
165
159
145
115
72
79
72
32
-19
-33
-97
-87
-117
-153
-139
-186
-236
-282
-297
-327
-316
-302
-316
-313
-294
-339
-296
-251
-226
-180
-192
-204
-197
-153
-143
-114
-111
-114
-94
-98
-97
-44
35
114
172
152
125
120
134
130
201
218
227
259
277
281
299
321
325
340
348
385
446
477
464
439
420
421
437
419
385
351
292
264
206
152
110
71
12
-52
-88
-148
-196
-199
-226
-250
-288
-295
-313
-295
-327
-350
-342
-356
-326
-268
-197
-160
-149
-171
-159
-98
-34
23
89
118
153
197
263
305
342
369
352
366
405
374
367
351
287
283
250
225
233
160
105
46
6
-16
-47
-89
-123
-134
-143
-121
-108
-91
-128
-165
-190
-217
-192
-153
-100
-82
-108
-93
-61
-25
45
76
90
59
44
33
30
53
60
90
123
162
121
129
139
126
138
213
262
263
240
182
185
172
192
178
145
104
87
95
146
169
213
234
238
283
258
256
264
209
209
166
72
46
-10
-49
-67
-81
-79
-109
-130
-118
-107
-85
-56
-77
-50
-53
-47
3
12
28
24
6
62
102
127
168
148
165
165
172
168
173
229
286
311
345
297
282
294
329
405
407
398
367
318
331
391
399
359
293
278
272
268
230
174
159
141
120
90
75
22
-54
-65
-53
-63
-93
-134
-143
-183
-229
-209
-212
-230
-214
-203
-185
-153
-137
-96
-93
-77
-47
-28
8
6
-38
-52
-27
-40
-15
-55
-121
-169
-207
-195
-182
-206
-266
-319
-374
-372
-409
-447
-488
-504
-453
-423
-383
-411
-427
-406
-421
-401
-408
-404
-358
-314
-279
-279
-253
-209
-176
-179
-174
-187
-192
-187
-200
-181
-222
-195
-181
-191
-170
-170
-122
-75
-65
-73
-95
-111
-79
-60
-5
22
38
105
85
104
144
138
131
93
80
117
111
130
140
125
122
92
66
63
69
58
71
24
6
2
-35
-70
-99
-84
-79
-104
-76
-70
-72
-28
-34
-31
13
6
53
89
81
89
63
103
159
157
213
213
159
161
111
110
71
56
22
-26
-24
-75
-105
-131
-102
-98
-122
-134
-117
-130
-152
-128
-113
-95
-109
-108
-129
-154
-125
-116
-69
-9
-10
32
59
73
100
131
129
147
151
148
240
227
277
292
276
266
265
241
258
298
267
238
222
188
166
166
89
73
83
63
80
41
14
-20
-37
-29
-64
-46
-110
-141
-99
-103
-66
-21
10
34
52
50
108
106
83
110
136
151
181
230
252
281
304
336
351
395
396
375
313
296
308
312
332
315
289
270
272
298
316
288
306
288
289
261
235
198
125
73
31
30
35
50
33
-15
-2
33
-8
-8
0
-16
-11
-23
-8
18
23
51
62
47
61
85
113
113
129
167
191
159
168
188
175
229
237
261
254
272
270
251
244
233
224
191
214
151
100
73
1
-43
-105
-129
-128
-217
-244
-254
-260
-244
-297
-312
-374
-438
-447
-428
-426
-402
-445
-474
-513
-565
-524
-512
-441
-428
-411
-387
-383
-348
-283
-276
-233
-209
-226
-185
-148
-102
-94
-88
-116
-101
-86
-70
-48
-41
-47
-74
-68
-104
-152
-185
-203
-229
-239
-273
-309
-335
-359
-358
-377
-400
-423
-454
-475
-474
-489
-530
-504
-556
-583
-561
-557
-538
-480
-452
-456
-446
-421
-392
-358
-320
-304
-236
-242
-228
-163
-158
-116
-59
-69
-81
-93
-106
-46
10
34
87
113
113
178
184
197
213
196
211
242
224
201
229
211
169
172
116
126
174
124
84
38
48
78
110
67
48
64
48
83
108
114
139
140
99
111
115
126
156
185
169
112
147
148
178
202
192
194
163
200
215
252
246
213
224
208
182
166
143
140
165
157
142
168
167
157
160
155
185
159
149
130
118
130
95
97
115
101
73
50
33
24
-1
15
10
-14
-14
-53
-23
-24
7
55
78
94
100
121
157
192
253
304
283
272
249
284
297
333
363
369
355
315
323
