-28
-67
-87
-102
-109
-129
-144
-137
-135
-124
-110
-142
-153
-167
-138
-120
-42
11
-6
4
-4
2
-2
2
-1
1
-1
0
-1
0
0
0
1
0
0
0
0
0
0
0
0
0
0
0
0
0
0
0
0
0
0
0
0
0
-1
0
0
0
0
0
0
0
0
0
0
0
0
0
1
0
0
0
0
0
0
0
1
0
0
0
1
1
0
0
0
-1
1
1
0
0
0
0
0
0
0
1
0
0
0
1
0
0
0
0
0
-1
0
0
0
0
0
0
0
0
0
0
-1
-1
-1
0
0
0
0
-1
0
0
0
0
0
0
0
0
0
1
0
1
0
0
0
0
0
0
1
-1
0
1
-1
0
0
0
0
0
0
0
-1
0
0
0
-1
0
0
0
0
0
0
0
-1
0
-1
1
-1
2
-2
3
-6
12
-97
-146
-75
-50
-76
-126
-112
-60
-18
-49
-110
-170
-191
-190
-183
-176
-172
-191
-182
-190
-223
-220
-203
-224
-267
-283
-314
-311
-292
-339
-393
-458
-464
-418
-370
-305
-279
-288
-299
-294
-275
-220
-184
-199
-233
-223
-170
-123
-123
-135
-182
-214
-207
-169
-147
-135
-183
-228
-201
-169
-111
-119
-181
-222
-214
-190
-131
-50
-62
-75
-83
-63
-43
-72
-92
-102
-115
-129
-154
-77
27
4
3
1
1
1
9
11
5
-9
-12
-9
0
17
8
-4
-9
-11
0
13
2
-12
-4
5
2
-1
5
-4
-6
-6
-2
13
13
14
12
-11
-2
-3
13
12
-8
-4
-12
4
13
15
4
-18
-19
-15
-9
11
5
-12
-11
-4
8
15
-3
1
-13
-16
7
13
26
10
-7
-9
4
11
11
1
11
16
13
19
14
11
10
-16
-5
-4
8
5
-2
-1
-3
4
6
11
-10
3
4
11
21
-1
2
3
-2
-3
1
-4
22
26
18
9
2
5
10
13
12
11
4
-1
-5
2
-1
-4
-10
-4
-4
-15
-6
-8
-13
9
13
-8
-7
3
16
-5
8
9
4
12
0
-2
-13
-5
13
13
2
2
8
9
-15
-6
-1
-1
6
-2
-4
1
9
16
6
1
5
19
9
-8
-15
-10
6
1
1
-6
-10
-8
5
7
6
-8
1
6
19
19
-4
-8
-6
12
9
-11
-21
-16
-11
-6
-12
-16
-15
-13
0
6
11
11
4
-6
5
16
8
8
10
17
17
14
9
3
8
-6
-6
-1
2
-4
-10
-5
-11
-9
-8
-7
-2
-9
5
4
8
4
2
7
-5
-6
-17
-20
-8
-5
-12
-13
8
8
-11
-9
-9
0
14
10
3
-5
-8
2
13
3
-5
-27
-4
9
17
-5
-20
-9
-20
-11
-3
2
12
-11
-2
10
-31
17
1
3
33
-16
18
5
-16
14
3
0
3
-11
-2
-4
-1
11
-10
-16
-14
-13
0
0
-7
-3
-1
2
16
6
4
-5
-7
-7
4
13
9
-14
-8
1
-8
-7
-22
-17
-14
-10
0
0
-4
-1
-3
-18
-9
7
13
3
-2
-5
-8
-5
0
0
1
-8
-9
-4
5
14
-6
-7
-3
1
9
26
15
-10
-9
-16
10
24
9
-4
-10
2
-1
1
-8
-6
-1
7
20
13
14
-1
2
9
11
5
-2
-4
-1
-5
-4
-8
-8
2
9
5
4
8
1
-3
0
20
18
2
-2
-12
-7
12
17
28
7
-30
-37
-46
4
36
0
-8
-29
-39
-48
-49
-49
-71
-34
5
20
24
22
17
-8
-6
-10
-8
19
15
0
-2
-3
3
24
10
3
-31
-29
8
27
27
9
11
-7
-26
-17
27
38
27
-12
-31
-2
-3
-3
2
14
-4
-31
4
18
12
1
-11
-14
-11
1
3
9
18
14
-7
-16
-14
7
2
-3
-34
-59
-39
3
8
-7
-21
-36
-31
4
27
-5
-4
-7
-7
-7
-13
-2
16
20
-1
-10
-21
-4
17
1
12
-4
-21
-3
7
5
28
22
-15
-22
-28
14
12
2
-13
-39
-26
-11
-4
-1
-9
-12
-4
-11
15
21
11
3
-2
12
20
-3
-3
11
15
15
13
5
4
-16
-5
32
20
50
58
18
-15
-48
-35
-13
23
29
9
-8
-2
17
4
-13
-24
10
14
-1
11
10
11
7
11
0
13
52
37
32
5
13
47
22
15
14
-27
-42
-30
-32
-16
-32
-32
-22
-25
-17
-13
-10
1
-8
-2
32
13
0
-6
-3
8
-1
-6
16
14
-15
-25
-21
-1
8
25
10
14
27
18
-13
-27
4
30
23
5
-8
-13
7
21
27
29
31
21
0
5
21
12
-1
3
-3
-10
8
34
27
-14
-33
-29
-5
47
45
19
15
22
10
10
4
-2
17
7
-6
9
12
12
-4
1
30
35
14
-7
-7
-6
-24
-34
-60
-51
-4
7
12
-23
-38
-36
-18
10
24
19
9
-13
-43
-68
-59
-9
30
70
86
46
8
6
27
28
-1
-17
-16
-30
7
13
30
43
11
2
-8
-15
-8
-2
-14
36
8
64
-7
-82
58
-32
36
-82
-138
1
-38
5
-45
-2
-17
-45
-62
-23
61
-10
-6
-12
-3
-12
-37
2
-6
-15
-49
-51
-14
-22
-45
-66
-95
-108
-85
-29
23
15
-19
-35
-41
-44
-36
-26
-35
-16
-31
10
39
30
15
-21
-14
1
25
7
-3
-36
-34
-17
13
11
8
-41
-56
19
-24
1
-55
-57
-27
-42
22
-49
-22
-10
-44
-40
-53
-32
0
16
3
-13
-50
-10
-26
-6
4
-33
-38
3
64
59
15
-20
-32
2
9
26
-1
-23
-27
-37
15
9
1
-41
-101
-54
-17
14
-4
-25
-12
-31
-24
-4
12
-6
-23
-38
-11
58
90
83
66
34
26
6
17
42
44
22
-31
2
8
20
-40
-77
-41
-36
-4
-22
-39
-57
-68
-69
-58
-38
-1
34
14
-33
-46
-3
4
-18
-35
-11
31
28
52
78
63
29
-2
18
46
39
31
-24
-48
-18
1
1
-4
-6
-20
-3
2
10
33
60
45
7
29
27
4
10
20
50
12
36
62
49
60
29
22
-1
13
13
49
80
113
135
72
100
81
95
91
16
6
22
60
35
12
-12
-33
-12
-12
10
53
47
52
64
82
99
93
114
109
126
107
90
99
90
116
94
50
43
23
4
41
32
17
48
6
-12
-30
-69
-86
-76
-58
-90
-61
-21
-32
-23
-40
-38
-7
17
20
-1
-31
-9
56
68
45
15
5
14
45
64
67
73
83
57
19
38
61
57
55
44
34
29
-7
-22
-18
15
49
32
-18
-45
-66
-52
-63
-42
11
4
-26
-62
-49
15
26
6
-3
22
-7
-1
-63
-23
-45
-9
-32
47
-91
101
87
-188
191
-184
15
249
-52
64
14
-81
93
174
117
67
-58
17
73
15
40
-20
-88
-43
-37
-86
-98
-110
-131
-112
-61
-119
-107
-83
-111
-118
-34
-42
-33
13
-4
17
50
45
51
45
25
24
-45
8
27
-16
11
-13
-19
7
-9
-36
-32
28
47
49
45
18
10
-32
-98
-112
-106
-109
-139
-134
-119
-119
-62
-73
-53
-68
-39
-34
28
10
-47
-20
-49
-16
-11
-7
-28
0
-61
-21
-104
-37
-40
-111
-52
-103
-85
-20
-20
-44
-36
-69
-78
-70
-9
50
60
42
63
69
44
45
-43
-66
-60
-18
-3
25
-9
-14
13
8
-14
-56
-84
-67
-32
-29
12
10
-20
-53
-53
-32
0
-20
-65
-66
-82
-86
-47
-33
-8
-9
-19
5
36
50
78
100
88
95
123
190
188
163
133
81
73
72
51
64
75
4
-34
-39
-42
-48
-72
-30
-25
7
-1
-12
18
-4
-14
-2
-6
-17
-19
-60
-45
-42
-35
-61
-79
-47
-27
30
56
53
42
23
30
52
83
127
151
152
150
151
164
165
139
116
84
51
23
68
103
62
35
3
-35
-45
-44
-21
16
-3
-1
1
10
23
4
-27
-33
-31
-4
5
-4
43
37
-3
-9
-24
-3
71
148
175
175
157
125
127
138
172
157
146
115
78
82
62
53
40
-15
-54
-52
-41
-30
-15
-30
-60
-26
35
68
52
20
9
63
126
142
166
159
157
126
85
102
98
47
21
5
-2
-7
-25
-9
-26
-66
-71
-58
-35
-1
-27
-79
-119
-115
-71
-68
-63
-23
14
21
-12
-42
-43
19
80
112
154
168
140
103
112
116
171
156
158
146
66
29
3
26
53
105
80
24
-9
-7
49
47
22
-18
-32
-91
-53
-5
16
82
21
-165
-81
12
56
203
1
-81
-113
-67
54
104
137
25
-15
55
156
84
-19
-19
-39
-52
-58
-155
-179
-139
-229
-197
-166
-68
-63
-68
-155
-178
-144
-152
-107
-28
-14
-70
-73
-32
33
40
-11
-60
-137
-77
-58
-24
-31
-23
-12
-30
-21
-66
-71
-102
-70
-65
-70
-26
-45
-37
-28
6
-76
9
-5
-74
-82
-143
-119
-156
-102
-109
-129
-146
-145
-106
-93
-81
-109
-152
-205
-94
126
-14
153
-3
-147
11
-91
147
151
91
73
-8
73
235
218
151
181
26
44
70
84
128
76
82
91
0
15
-12
-24
-33
-107
-59
-21
-72
-94
-96
-123
-57
-106
-113
-101
-60
-81
-87
-170
-97
-9
-110
277
-96
31
-5
-111
76
-59
167
147
41
40
-129
169
257
-4
102
6
-105
131
120
117
195
-26
-37
226
-3
73
-58
-221
50
-20
62
114
-163
-159
-86
13
163
129
103
68
52
15
73
81
22
65
54
68
69
27
34
61
5
-33
19
-21
0
38
6
33
31
-26
-1
-20
-38
-75
-96
-62
-12
30
24
39
8
-34
-48
-9
-3
35
-57
61
44
0
33
-40
48
-22
-2
5
24
11
-53
-70
-122
-133
-163
-145
-110
-124
-113
-115
-96
-125
-138
-70
-27
19
7
2
3
-14
12
8
47
74
46
-16
-28
4
27
23
14
50
91
57
0
-40
-72
-126
-111
-152
-216
-194
-222
-183
-156
-195
-193
-180
-182
-162
-104
-19
-104
-208
-210
-99
-18
-59
-84
-68
-66
-58
-56
-25
-29
-40
-72
-52
-30
-91
47
-112
-26
-37
-178
-29
-129
-98
-8
-60
0
31
65
93
98
100
109
113
82
125
149
131
247
239
281
295
175
160
15
43
131
120
217
204
159
129
20
-8
30
79
175
269
248
222
203
139
112
65
37
62
73
96
111
76
55
22
-22
10
16
21
55
31
24
11
-18
-29
-13
3
14
14
-3
-24
-36
-56
-101
-128
-112
-83
-57
-36
-17
-16
16
25
-8
2
-27
-57
-26
19
-12
-35
-13
-1
9
-12
6
13
11
8
29
26
9
2
15
6
-31
-36
0
49
14
34
-6
25
85
66
71
73
119
197
262
268
211
160
128
139
209
249
200
158
70
19
-4
-34
15
40
8
1
17
63
73
43
73
40
119
144
195
228
280
152
146
415
316
341
371
226
215
195
169
311
303
206
236
216
232
217
142
166
129
89
135
129
44
29
62
49
60
53
133
234
213
206
237
256
237
279
337
333
312
302
306
296
262
265
213
141
113
100
119
114
74
-18
-117
-140
-175
-201
-201
-206
-187
-233
-234
-215
-244
-258
-280
-282
-232
-231
-187
-166
-191
-192
-181
-136
-127
-140
-110
-101
-129
-96
-79
-58
-76
-92
-72
-93
-132
-135
-147
-151
-155
-175
-128
-135
-174
-226
-195
-100
-85
-98
-104
-97
-113
-118
-107
-127
-167
-200
-196
-211
-223
-232
-237
-223
-256
-239
-205
-202
-139
-98
-72
-49
-29
10
-1
-25
-11
24
28
52
55
56
81
40
1
26
-6
-67
-146
-209
-179
-176
-168
-160
-205
-251
-300
-356
-342
-311
-292
-306
-348
-393
-367
-333
-320
-342
-339
-348
-370
-316
-260
-264
-235
-251
-235
-230
-283
-289
-254
-260
-275
-246
-235
-263
-253
-245
-266
-272
-274
-278
-234
-262
-312
-298
-283
-288
-280
-264
-274
-272
-273
-245
-200
-160
-152
-157
-194
-258
-241
-210
-165
-156
-148
-140
-180
-205
-181
-170
-163
-150
-172
-174
-169
-191
-218
-255
-248
-259
-306
-303
-286
-299
-287
-291
-269
-269
-281
-298
-264
-235
-214
-197
-157
-97
-81
-61
-67
-35
-69
-54
-50
-11
72
-16
19
32
25
59
34
25
61
46
53
58
56
93
106
162
196
214
252
258
238
248
265
245
276
330
359
383
388
387
411
420
449
435
400
412
428
452
459
443
402
361
343
332
310
303
250
232
228
162
174
180
184
172
217
253
241
257
255
242
246
273
283
338
383
391
390
419
432
405
403
386
377
394
396
421
440
443
442
422
457
481
499
484
427
412
408
414
411
384
369
357
383
385
399
377
362
402
418
409
381
360
395
409
407
437
438
433
408
428
471
476
451
406
364
350
375
390
386
365
356
355
337
345
328
316
341
312
312
353
360
360
338
287
264
241
205
223
245
217
206
243
213
196
175
147
173
161
118
77
42
10
-7
-48
-75
-94
-133
-148
-153
-140
-158
-160
-150
-176
-191
-227
-197
-184
-183
-196
-169
-155
-145
-99
-104
-91
-88
-79
-61
-66
-97
-79
-125
-215
-197
-249
-252
-280
-328
-311
-338
-363
-384
-401
-375
-321
-289
-291
-314
-278
-281
-261
-271
-331
-303
-288
-296
-286
-291
-294
-302
-361
-408
-434
-440
-431
-463
-493
-514
-487
-458
-451
-464
-452
-442
-464
-460
-457
-490
-494
-477
-469
-478
-491
-507
-509
-475
-466
-501
-518
-504
-426
-396
-437
-412
-402
-417
-371
-348
-353
-279
-338
-311
-280
-318
-302
-317
-296
-234
-227
-194
-176
-156
-137
-113
-68
-50
-16
-38
-59
-84
-108
-122
-111
-146
-157
-155
-176
-180
-238
-239
-243
-208
-178
-221
-218
-243
-288
-293
-350
-377
-366
-368
-350
-367
-357
-346
-332
-328
-295
-246
-200
-165
-184
-194
-185
-133
-33
-1
-26
-45
-71
-96
-89
-66
-30
-3
-41
-60
-64
-40
-1
25
7
-2
10
18
46
45
13
-1
11
41
56
24
9
9
11
9
4
-26
-52
-44
-17
18
29
45
43
51
33
39
73
77
120
144
140
103
65
90
133
137
107
79
111
127
137
134
101
86
94
114
72
27
7
-2
49
92
132
115
112
109
119
155
177
188
180
131
127
145
146
182
177
179
216
219
234
186
181
209
230
253
271
285
247
269
253
259
318
306
338
354
326
299
291
332
331
343
337
306
317
316
325
370
356
352
356
330
338
341
349
351
347
290
256
259
267
311
300
269
234
214
216
197
180
172
148
140
141
129
145
174
172
145
145
145
151
149
128
120
85
62
67
83
83
72
55
50
58
82
78
37
5
-1
-9
-15
15
20
22
11
-13
11
63
85
77
40
-2
33
49
44
23
2
23
7
-7
1
36
65
41
11
-54
-65
-16
-25
-22
-30
-35
-28
-42
-27
-17
-31
-38
-5
39
89
78
68
92
79
72
63
70
60
25
21
44
52
22
21
-13
-45
-1
24
-5
3
-8
-12
-19
-62
-69
-109
-101
-82
-127
-195
-231
-217
-238
-311
-342
-340
-332
-284
-287
-262
-208
-239
-230
-230
-253
-210
-175
-126
-77
-95
-76
-64
-41
-59
-76
-75
-94
-132
-115
-69
-65
-61
-88
-102
-72
-49
-60
-65
-82
-64
-47
-91
-122
-128
-97
-82
-103
-140
-145
-97
-93
-144
-174
-233
-238
-222
-221
-173
-126
-100
-62
-36
-47
-3
31
72
61
48
71
69
136
150
150
121
70
58
17
24
47
22
-12
-35
-1
26
24
22
-8
-20
-14
33
35
-5
-19
-45
-54
-63
-82
-80
-68
-33
-37
-64
-44
-60
-46
-42
-13
39
17
6
36
19
35
46
12
35
-10
-3
-7
-3
-16
-46
-42
-58
-28
0
29
11
29
29
41
40
35
-3
-10
24
2
9
22
33
14
21
5
-14
2
-5
-23
-18
-17
-37
-61
-80
-105
-96
-84
-56
-33
-34
-10
-6
43
65
58
29
4
1
26
17
10
33
29
16
7
12
36
45
19
29
54
51
53
52
49
52
57
80
94
92
99
94
68
57
63
39
-35
-51
-81
-112
-119
-131
-126
-152
-103
-129
-160
-153
-155
-156
-181
-178
-142
-142
-170
-186
-208
-206
-214
-205
-229
-257
-262
-226
-145
-118
-142
-130
-99
-118
-121
-101
-106
-91
-69
-55
-49
-47
-43
-24
-45
-51
-86
-137
-141
-120
-121
-125
-144
-189
-204
-218
-221
-246
-243
-261
-282
-289
-287
-287
-284
-294
-342
-348
-329
-318
-315
-315
-289
-253
-224
-202
-200
-202
-183
-143
-115
-115
-91
-86
-116
-128
-108
-104
-86
-84
-107
-145
-138
-142
-154
-123
-106
-103
-95
-112
-145
-155
-127
-127
-111
-92
-55
-51
-56
-60
-78
-60
-77
-108
-91
-55
-33
-42
-59
-103
-90
-57
-39
-31
-26
2
43
89
110
158
170
138
150
154
194
219
214
209
234
209
132
131
130
154
151
160
178
174
171
180
166
157
134
107
98
115
123
115
134
158
168
182
192
182
185
187
166
167
160
126
116
114
141
190
195
170
143
105
129
188
181
188
224
211
227
267
270
253
227
185
180
200
217
219
199
215
241
215
185
147
155
188
199
157
166
187
217
223
206
195
176
178
149
184
199
208
235
223
209
181
185
169
131
91
66
55
83
47
-5
-1
-11
-48
-46
-47
-86
-76
-128
-119
-97
-80
-100
-105
-99
-87
-63
-76
-67
-97
-107
-122
-116
-69
-29
5
5
-40
-60
-35
-28
-8
-16
-2
58
75
71
38
-5
-38
-49
-13
-24
-5
8
9
-14
-36
-24
-27
-14
-36
-71
-75
-77
-95
-97
-141
-218
-254
-258
-242
-192
-151
-123
-107
-112
-135
-123
-109
-90
-67
-37
-16
-17
-36
-52
-70
-103
-124
-121
-124
-119
-127
-157
-186
-155
-136
-161
-191
-239
-202
-200
-216
-207
-223
-232
-279
-277
-281
-287
-276
-264
-269
-260
-254
-233
-254
-310
-323
-304
-277
-285
-260
-251
-258
-289
-323
-359
-347
-337
-375
-400
-431
-457
-467
-487
-488
-484
-499
-500
-496
-458
-422
-409
-376
-387
-341
-292
-279
-262
-232
-232
-206
-175
-196
-187
-224
-227
-228
-241
-244
-274
-301
-330
-353
-365
-374
-393
-392
-389
-383
-417
-413
-381
-371
-355
-300
-276
-256
-265
-284
-288
-321
-289
-306
-302
-286
-289
-283
-279
-250
-196
-148
-130
-154
-151
-123
-85
-62
-48
-39
-75
-77
-98
-93
-60
-63
-51
-35
-46
-41
-64
-106
-142
-164
-123
-96
-52
-6
0
-23
-60
-65
-59
-41
-5
10
-6
-20
-4
22
42
35
65
62
70
56
64
113
159
178
215
235
216
225
249
272
312
365
362
336
338
338
308
313
259
243
270
284
296
280
288
265
266
272
278
292
317
329
317
345
348
381
434
488
495
462
451
455
435
412
389
441
434
374
351
337
360
365
390
391
381
360
346
354
377
376
377
349
326
309
287
296
287
313
290
267
293
312
339
349
370
389
391
386
398
394
384
374
361
349
362
376
373
319
312
303
300
297
239
213
202
220
206
162
115
110
79
67
76
63
46
24
18
25
50
32
10
32
71
145
166
152
142
122
145
131
100
100
118
127
143
156
162
165
136
124
98
93
92
52
-10
-19
-20
-37
-38
-46
-27
-13
8
-36
-117
-136
-138
-143
-143
-155
-151
-78
-28
-17
-35
-65
-75
-86
-91
-75
-51
-66
-55
-68
-110
-140
-188
-198
-188
-197
-166
-173
-155
-115
-103
-122
-140
-124
-115
-134
-160
-154
-170
-198
-188
-153
-176
-193
-204
-215
-190
-210
-184
-192
-233
-228
-245
-236
-192
-220
-196
-188
-214
-192
-200
-174
-183
-203
-186
-191
-212
-242
-254
-217
-213
-231
-261
-287
-279
-305
-331
-328
-323
-282
-274
-289
-307
-346
-361
-385
-356
-304
-320
-326
-343
-387
-349
-314
-263
-224
-249
-237
-265
-255
-182
-177
-153
-144
-156
-106
-79
-30
-51
-51
1
-20
-30
-74
-99
-109
-126
-105
-77
-69
-64
-99
-102
-93
-78
-56
-28
-8
-19
-52
-82
-79
-74
-61
-43
-50
-49
-16
-9
4
42
22
-27
-42
-24
4
29
45
55
90
64
38
16
7
-2
-23
-16
-11
-4
-5
-12
-41
-23
-27
-23
-54
-62
-7
14
64
59
23
39
3
1
27
48
74
79
91
129
124
147
176
168
188
134
80
88
109
95
70
74
87
103
111
105
122
136
123
131
110
102
157
182
177
194
187
178
151
163
179
187
146
117
99
69
101
118
157
166
165
179
190
217
236
228
238
236
194
187
184
163
154
130
121
129
166
199
227
241
234
234
256
279
293
327
313
297
289
285
319
319
279
248
271
277
239
201
185
163
168
148
95
67
35
20
31
28
28
3
6
22
34
56
84
109
114
112
106
151
185
202
187
148
161
159
165
186
170
171
184
183
200
204
208
172
146
141
127
137
165
166
160
157
163
149
128
124
73
51
71
42
43
48
64
77
41
40
25
5
43
61
47
54
16
22
63
80
76
35
24
22
67
150
146
148
149
95
107
94
54
25
22
0
-29
-62
-115
-162
-157
-166
-197
-211
-223
-200
-164
-172
-170
-163
-159
-126
-115
-90
-67
-52
-45
-55
-39
-20
-10
14
51
87
93
99
108
112
152
169
160
150
116
156
154
152
141
115
123
125
126
95
33
14
44
64
86
87
59
46
59
60
14
-23
-56
-80
-39
-25
-48
-76
-127
-95
-60
-57
-64
-99
-107
-89
-82
-98
-103
-167
-189
-218
-252
-235
-237
-244
-227
-207
-210
-203
-198
-174
-174
-200
-202
-152
-118
-90
-65
-86
-82
-59
-50
-48
-39
-38
-46
-61
-71
-74
-84
-68
-79
-60
-9
-2
27
40
6
25
30
17
-3
-22
-17
-11
-19
7
1
-2
35
35
34
26
1
11
-2
-30
-57
-74
-25
-16
-54
-68
-75
-78
-79
-81
-62
-60
-73
-63
-47
-30
-53
-75
-81
-91
-100
-102
-106
-123
-146
-163
-160
-153
-152
-149
-165
-156
-121
-138
-143
-139
-173
-196
-186
-197
-203
-236
-244
-255
-299
-270
-258
-238
-202
-184
-157
-155
-134
-110
-91
-62
-48
-30
-10
6
11
-15
0
31
66
66
41
24
3
27
29
31
21
-3
3
-24
-22
-25
-32
-47
-66
-67
-106
-132
-146
-140
-100
-114
-139
-145
-140
-102
-98
-128
-111
-103
-100
-72
-40
-28
-65
-86
-81
-63
-35
-50
-60
-87
-127
-157
-116
-86
-99
-109
-139
-154
-198
-191
-172
-200
-190
-216
-223
-246
-244
-234
-269
-284
-280
-255
-188
-189
-201
-197
-175
-111
-86
-101
-110
-123
-99
-66
-19
6
28
58
49
72
91
62
92
95
108
104
86
113
97
108
115
119
108
131
147
150
139
111
142
162
176
175
128
113
105
118
154
159
153
161
175
183
191
204
202
204
214
227
228
220
233
226
269
277
243
215
209
208
233
219
181
200
166
153
149
160
174
189
240
271
309
268
214
231
225
244
243
193
167
107
99
129
129
138
118
76
100
124
151
145
120
121
83
88
110
111
103
110
157
192
230
227
217
190
165
148
152
195
194
172
130
115
112
114
114
44
-32
-63
-93
-102
-119
-105
-108
-117
-123
-122
-99
-94
-89
-93
-91
-111
-57
-30
-62
-73
-83
-67
-54
-54
-64
-52
-40
-24
-31
-50
-5
7
-15
-38
-77
-61
-29
-2
10
-15
-54
-77
-101
-101
-101
-96
-118
-134
-138
-177
-218
-228
-201
-206
-200
-228
-246
-247
-247
-217
-204
-227
-257
-274
-269
-231
-210
-221
-193
-111
-99
-139
-163
-159
-135
-133
-144
-149
-158
-156
-134
-134
-134
-140
-168
-164
-147
-141
-149
-205
-222
-205
-194
-189
-193
-156
-123
-96
-63
-46
-34
-92
-112
-82
-85
-60
-56
-48
-9
6
45
76
89
100
80
53
47
10
9
35
54
91
71
35
1
-38
-43
-23
-28
-18
-14
-45
-60
-64
-24
-3
3
-17
-29
-38
-28
-1
-17
-27
-38
-37
-45
-51
-97
-142
-184
-167
-156
-136
-143
-149
-123
-155
-125
-97
-61
-54
-57
-21
1
41
24
39
66
49
42
45
49
65
62
81
87
72
57
46
40
39
79
117
96
93
126
126
103
77
60
45
39
56
69
83
67
39
37
13
49
89
64
42
32
33
53
56
61
82
27
-18
-45
-66
-40
1
5
16
-33
-94
-113
-121
-96
-83
-80
-80
-112
-162
-171
-167
-136
-182
-197
-208
-222
-177
-166
-140
-151
-171
-183
-183
-142
-142
-116
-111
-100
-80
-83
-112
-162
-192
-191
-204
-206
-192
-163
-145
-150
-195
-184
-162
-122
-75
-39
23
38
54
61
79
102
113
114
93
108
129
168
166
148
174
203
255
266
268
246
225
246
265
312
337
345
402
470
513
541
510
490
485
483
487
526
544
532
529
544
582
602
606
614
631
620
634
651
679
698
682
684
719
698
651
624
597
591
585
588
575
555
511
452
440
433
442
422
382
346
264
204
155
130
75
21
-37
-104
-157
-277
-355
-404
-512
-609
-721
-761
-774
-872
-949
-1085
-1099
-1170
-1237
-1263
-1325
-1355
-1413
-1402
-1416
-1459
-1509
-1546
-1568
-1605
-1635
-1661
-1671
-1618
-1614
-1559
-1345
-1156
-973
-808
-676
-552
-388
-136
127
375
601
858
1080
1283
1486
1727
1905
1967
2031
2129
2277
2363
2394
2378
2269
2094
1958
1884
1849
1738
1580
1463
1368
1212
1051
917
779
608
419
289
210
170
152
117
44
-108
-221
-268
-254
-180
-154
-124
-67
-10
55
134
222
294
350
443
534
652
757
794
836
871
897
906
952
960
982
956
926
928
850
811
776
704
606
480
350
308
220
89
-34
-159
-270
-426
-571
-691
-823
-941
-1043
-1114
-1177
-1268
-1396
-1463
-1532
-1604
-1706
-1809
-1838
-1921
-2013
-2085
-2153
-2196
-2242
-2285
-2317
-2414
-2521
-2611
-2684
-2762
-2836
-2882
-2903
-2826
-2695
-2449
-2152
-1961
-1794
-1640
-1458
-1182
-857
-491
-58
309
606
930
1230
1505
1728
1912
2020
2123
2274
2450
2573
2551
2459
2290
2120
2031
1979
1918
1749
1504
1334
1222
1138
1030
805
590
410
226
153
145
111
12
-119
-275
-429
-497
-501
-491
-470
-503
-502
-455
-401
-248
-150
-149
-130
-54
161
458
626
697
815
910
1069
1305
1516
1644
1675
1698
1842
1925
1962
2038
2038
1950
1790
1665
1648
1606
1452
1287
1108
920
692
566
511
292
-35
-325
-439
-504
-643
-747
-861
-991
-1125
-1225
-1211
-1257
-1396
-1497
-1571
-1604
-1606
-1650
-1671
-1703
-1806
-1905
-1939
-1925
-2001
-2144
-2256
-2329
-2375
-2462
-2517
-2585
-2772
-2990
-3111
-3098
-2950
-2757
-2483
-2219
-2084
-1969
-1765
-1446
-1100
-745
-387
4
310
687
1055
1344
1598
1839
2037
2169
2336
2505
2706
2783
2672
2564
2463
2379
2330
2278
2164
1991
1805
1704
1700
1561
1401
1215
969
751
553
506
482
355
207
94
-5
-125
-231
-293
-373
-401
-426
-369
-293
-299
-259
-205
-177
-162
-108
77
360
643
789
864
1007
1148
1305
1520
1752
1904
1971
2057
2238
2365
2369
2322
2324
2253
2127
2076
2059
2085
1910
1606
1383
1122
830
702
583
371
39
-307
-371
-429
-611
-818
-1051
-1266
-1491
-1601
-1574
-1567
-1747
-1937
-2079
-2196
-2216
-2232
-2303
-2392
-2548
-2681
-2720
-2741
-2820
-2994
-3134
-3204
-3263
-3323
-3302
-3337
-3490
-3689
-3737
-3493
-3213
-2928
-2664
-2545
-2322
-2070
-1716
-1205
-759
-320
129
509
935
1406
1793
2108
2402
2577
2735
2942
3121
3375
3407
3330
3256
3098
2996
2918
2777
2662
2448
2145
2031
1973
1828
1598
1321
1047
775
485
353
260
83
-139
-335
-465
-530
-611
-682
-722
-849
-1001
-1004
-895
-769
-705
-666
-614
-572
-501
-364
-166
105
427
688
830
1009
1171
1301
1556
1892
2204
2363
2441
2598
2734
2756
2682
2605
2500
2315
2176
2107
2123
2019
1729
1429
1134
766
431
229
34
-267
-644
-835
-898
-1031
-1304
-1631
-1858
-2080
-2228
-2256
-2267
-2348
-2555
-2766
-2898
-2956
-2967
-3016
-3079
-3176
-3287
-3373
-3353
-3325
-3470
-3669
-3796
-3854
-3897
-3890
-3911
-3994
-4056
-3980
-3654
-3232
-2886
-2674
-2485
-2181
-1840
-1373
-808
-309
178
557
888
1375
1793
2073
2315
2452
2604
2701
2922
3311
3477
3426
3163
2863
2702
2570
2487
2429
2227
1898
1656
1595
1567
1430
1145
767
457
201
42
70
119
24
-215
-421
-547
-585
-653
-683
-733
-839
-851
-725
-493
-334
-314
-340
-310
-242
-93
160
416
723
1017
1234
1438
1625
1803
1959
2145
2411
2604
2749
2929
3074
3212
3172
3053
2971
2857
2681
2553
2460
2377
2239
1903
1564
1143
714
427
173
-110
-453
-845
-1094
-1228
-1472
-1771
-2060
-2347
-2570
-2711
-2786
-2797
-2930
-3134
-3261
-3337
-3357
-3472
-3587
-3684
-3771
-3868
-3922
-3860
-3854
-3914
-4063
-4245
-4265
-4266
-4346
-4342
-4233
-3990
-3623
-3120
-2655
-2435
-2234
-2008
-1664
-1131
-501
130
686
1043
1447
2002
2493
2870
3007
3008
2988
3100
3390
3783
3984
3881
3590
3271
3038
2934
2773
2591
2324
1982
1813
1725
1656
1495
1167
747
302
-30
-113
-20
10
-93
-274
-449
-509
-497
-481
-503
-648
-792
-770
-629
-347
-77
0
46
42
33
131
304
528
804
1105
1460
1804
1999
2204
2331
2384
2551
2775
3013
3198
3282
3347
3428
3412
3274
3089
2905
2618
2276
2090
2013
1866
1504
1049
605
168
-216
-578
-839
-1184
-1700
-2006
-2126
-2223
-2398
-2734
-3026
-3265
-3446
-3502
-3483
-3455
-3547
-3711
-3748
-3711
-3689
-3651
-3623
-3625
-3670
-3748
-3808
-3792
-3757
-3795
-3843
-3885
-4092
-4231
-4008
-3486
-2890
-2562
-2484
-2323
-2146
-1937
-1412
-756
-122
324
730
1320
1921
2345
2659
2967
3197
3143
2987
3149
3556
3914
3968
3833
3671
3379
3047
2921
2845
2563
2121
1858
1813
1804
1733
1550
1260
784
180
-125
-119
-50
-127
-341
-481
-572
-661
-604
-485
-470
-630
-864
-887
-673
-397
-133
107
284
387
391
484
648
775
906
1145
1599
2073
2387
2601
2767
2854
2909
3010
3202
3377
3429
3451
3512
3543
3450
3278
3057
2717
2229
1708
1408
1239
1029
691
244
-213
-676
-1046
-1334
-1593
-1951
-2319
-2567
-2676
-2702
-2809
-3025
-3252
-3475
-3642
-3703
-3635
-3619
-3686
-3802
-3819
-3786
-3791
-3751
-3871
-3986
-4159
-4303
-4265
-4164
-4211
-4373
-4560
-4710
-4572
-4066
-3353
-2707
-2367
-2309
-2228
-2185
-1969
-1219
-313
472
1099
1571
2201
2745
3129
3609
3917
3839
3529
3416
3757
4172
4277
4172
4076
3849
3389
3022
2760
2480
1986
1461
1291
1371
1384
1303
1152
903
446
-80
-349
-346
-376
-493
-596
-612
-497
-317
-175
-107
-258
-592
-835
-866
-732
-485
-169
57
259
355
502
679
756
755
684
754
1003
1457
2012
2591
3088
3185
2880
2703
2564
2476
2560
2737
2912
3201
3060
3211
3565
3307
2841
1669
1077
1815
2107
1675
651
-339
727
702
13
-1621
-3201
-2979
-3007
-3336
-4147
-4899
-4817
-4520
-4661
-5314
-6067
-6281
-6105
-6031
-6076
-5951
-5570
-5232
-5369
-5709
-5921
-6070
-5946
-6236
-6402
-6597
-6542
-5361
-2636
1072
3827
4826
4560
4129
3520
2620
2520
4066
5925
6876
6943
7140
7309
6098
3889
2083
874
-513
-2083
-2672
-1652
-676
-815
-1054
-1075
-1317
-2406
-3544
-3519
-2558
-1441
-122
1508
3136
3958
3809
3331
2680
2112
1619
1529
1683
1881
2275
2772
2713
2030
1138
214
-629
-1623
-2103
-1630
-840
-156
453
1189
1876
1918
1504
1235
1078
1196
1531
2384
3612
5011
6191
7022
7365
6657
5492
3968
2550
1671
1397
1910
2620
2645
2418
1650
385
-929
-2293
-2696
-2288
-1603
-779
-5
426
459
-278
-1185
-1885
-2442
-2523
-2392
-2003
-1727
-1706
-2085
-2686
-3590
-4570
-5382
-6118
-6538
-6453
-6362
-6006
-6055
-6528
-6586
-7153
-7516
-7884
-8200
-8119
-7808
-7939
-7835
-5958
-2025
4148
9104
10694
10297
9069
6995
4574
2791
3178
5511
6426
5973
5911
5463
3422
-268
-3800
-4817
-5134
-6200
-6247
-4590
-1915
525
1659
2320
2840
2039
845
303
636
2392
4818
6588
7318
6838
5700
4359
2028
-366
-1554
-1694
-1442
-1299
-804
380
1144
578
-363
-835
-927
-989
-938
-248
1102
2524
3793
4611
4695
4282
3539
2631
1584
822
892
1544
2084
1993
2666
3499
4159
4119
2908
2489
2039
1210
942
1006
1745
2607
2358
2127
1905
1083
376
-700
-1236
-808
-388
288
777
570
391
-243
-1147
-1850
-2448
-2551
-2453
-2645
-2855
-2885
-3305
-3726
-4676
-5948
-6545
-7280
-7818
-7796
-8209
-7731
-7281
-7499
-7363
-7939
-8230
-7968
-8471
-8518
-8285
-8573
-6847
-2744
3265
9970
13433
13182
11786
8707
4726
2041
658
1738
3543
3476
3362
3165
1254
-1211
-4093
-6411
-6806
-7271
-7039
-4801
-2041
1256
4630
6086
6100
5051
3472
2901
2507
2235
3700
5798
6895
6463
4814
3306
1601
-1179
-3561
-4142
-3533
-2580
-1799
-907
401
1233
1232
1021
558
-55
-305
-44
790
1998
3179
4283
4649
3874
2662
1676
848
24
-579
-631
-120
148
738
1698
2511
3752
4542
4576
5195
4055
2939
3163
2214
2534
2857
2604
3287
2521
1152
919
-185
-909
-1126
-1763
-596
139
-41
454
140
-588
-1165
-2520
-3011
-3012
-3311
-3050
-2917
-3015
-3123
-4108
-5285
-6365
-7815
-8532
-8877
-9073
-8573
-8369
-8073
-8208
-8603
-9049
-9439
-9627
-9780
-9770
-5709
1797
8993
14909
15401
14085
12401
6826
1676
-772
-460
2210
2645
1636
2895
2627
162
-3363
-6602
-6735
-6439
-7249
-5519
-1489
2931
6337
7396
7326
6686
4751
2654
1592
1200
1914
3295
4668
5158
3999
2165
647
-1067
-3201
-4887
-5217
-4237
-2564
-1043
648
2205
3114
2681
1250
229
-157
483
1260
1836
2942
4327
5168
4687
3186
2057
1308
353
-420
-588
25
1001
1284
1329
2016
2669
2853
3239
3864
4798
6091
6604
6657
6290
4771
3174
1705
493
-123
-621
-735
-707
-992
-1014
-1079
-1066
-938
-1275
-1230
-1036
-768
-407
-457
-417
-555
-1129
-1878
-2687
-3413
-3993
-4693
-5598
-6174
-6714
-7552
-8550
-9468
-9860
-9935
-9244
-8930
-8291
-8140
-8486
-8714
-9270
-9580
-7631
-873
7134
14549
17242
15320
13460
8882
2676
-1224
-2145
-251
1113
-411
-797
692
377
-2288
-5623
-7131
-6489
-6266
-5640
-2237
2621
6439
8600
8997
8064
6431
3944
2089
1669
1445
1659
2927
3682
3165
1724
143
-1015
-2418
-4481
-5593
-5102
-3700
-1653
85
1405
2607
2820
2160
1321
469
541
1408
2227
2857
3428
4081
4383
3785
2884
2068
1309
301
-651
-1073
-802
-125
481
1032
1282
1250
1413
1846
2406
3877
5310
7070
8221
7184
5836
4363
2714
1070
-692
-1803
-1872
-1805
-1514
-1060
-371
230
-295
-1125
-1575
-1669
-1273
-737
-234
345
437
-128
-1302
-2373
-3411
-4663
-5582
-6388
-6915
-7163
-7436
-8020
-8579
-9223
-9774
-9802
-9923
-9711
-9544
-9249
-8764
-8520
-8604
-8810
-5543
2112
10495
17350
18283
15274
12258
6340
-22
-3120
-3393
-1691
-1195
-3052
-2774
-588
-775
-2786
-5131
-6357
-6080
-6018
-4634
13
4968
8582
10872
10491
8586
6267
3342
1836
1039
-454
-214
1349
2202
2091
608
-899
-1858
-3735
-5698
-6055
-4829
-2699
-377
1142
2415
3448
3451
3025
2334
1665
1951
2799
3336
3619
4156
5038
5378
4589
3238
2047
966
-156
-1089
-1251
-485
356
1141
1817
2040
1996
1895
1593
1727
2113
2781
5270
7625
8780
9477
7714
4535
1442
-2812
-5465
-5588
-4877
-2530
-29
1037
1631
1128
-322
-1863
-3386
-3656
-2554
-987
838
2244
2559
2002
84
-3007
-5388
-7209
-7956
-7723
-6824
-5983
-5616
-5549
-6367
-7964
-9554
-10617
-11476
-11160
-11302
-10930
-9481
-8417
-7703
-4789
3430
11856
18401
18178
12826
9732
4374
-2113
-5291
-5289
-2572
-1002
-3185
-3554
-396
46
-2116
-4903
-6844
-5651
-4627
-3187
2147
7962
11638
13569
11920
8468
5390
1512
-296
-401
-1425
-562
1612
2772
2694
478
-2234
-3478
-4951
-6471
-6188
-4499
-1582
1334
2457
3022
3874
4147
3869
2973
1862
2171
3385
4226
4692
5007
5476
5392
4065
2246
529
-776
-1399
-1693
-1425
-446
584
1400
2052
1832
1516
1518
2092
2667
3268
4580
5453
6678
6728
6152
5100
3532
1471
-1251
-2319
-3278
-2989
-1486
-740
148
455
-326
-1179
-1705
-2502
-2589
-1738
-719
408
909
668
143
-841
-2254
-3696
-5198
-5883
-6012
-6260
-6039
-6026
-6060
-6117
-7152
-8502
-9531
-10831
-11216
-11581
-10861
-9327
-8210
-7525
-4576
3906
11862
17953
17474
12428
9248
3320
-3374
-6443
-5272
-2017
-282
-1707
-1481
1354
844
-1994
-5092
-6563
-5194
-4123
-1720
3936
9142
11933
12788
10137
5782
2022
-1392
-1545
-500
-645
769
2952
3732
2450
-822
-3408
-3996
-4748
-5700
-5009
-2903
221
2772
3198
3137
3346
3110
2284
956
357
1957
3983
4820
4563
4290
4545
3772
1713
73
-579
-641
-565
-518
64
929
1300
1138
911
292
-25
459
1459
2698
3688
4793
6680
6872
6802
6281
4533
4256
1766
-478
-1279
-2675
-2629
-1861
-1378
-787
-534
-1392
-1602
-2032
-2792
-2272
-1628
-664
132
186
387
395
-322
-1584
-3040
-4686
-5568
-5845
-5847
-5408
-5280
-5320
-6303
-7893
-9377
-10603
-10836
-11084
-11005
-9926
-8513
-7503
-7598
-8220
-4729
3953
11713
17110
15813
11237
8343
2038
-4370
-6205
-4235
-589
1019
-1067
-796
1900
896
-1706
-4114
-5155
-3521
-2350
75
5417
9500
11250
10951
7654
3443
217
-1633
-494
525
76
1234
3102
3378
1192
-2041
-3418
-3327
-4203
-5052
-3634
-475
2719
3995
3623
3522
3510
2752
1736
1119
1593
3220
4232
4215
3825
3768
3778
2682
914
-269
-865
-829
-514
-185
649
968
344
-127
-199
-95
726
1741
3363
5226
5354
5402
6349
6429
6673
5691
2873
1683
-272
-2706
-3081
-2875
-1627
-256
-838
-1790
-2118
-2584
-2743
-2757
-2437
-845
567
1314
2003
1871
1607
768
-1107
-3114
-4590
-4844
-4301
-3587
-3598
-4261
-5532
-7491
-9809
-11739
-11664
-11073
-10663
-9835
-9482
-8333
-7586
-8625
-8490
-3684
4851
12936
17100
15084
11474
7421
626
-4331
-5118
-1984
1861
2113
788
1895
2653
314
-2858
-5275
-4983
-3490
-2676
693
6041
9569
10688
8873
4789
1011
-1824
-2496
-350
1469
2761
4622
5198
3643
355
-2907
-3930
-3992
-4763
-4402
-2062
1230
3637
3878
2877
2233
1667
398
-636
-330
1615
3730
4528
4047
3228
2928
2053
201
-1011
-1028
-308
589
1216
1691
2016
1491
293
-675
-756
-17
1576
3623
5458
6306
7003
7433
6817
6095
3934
2198
1101
-83
-432
-102
672
949
186
-1490
-3148
-4366
-4666
-4500
-3700
-1910
-29
1412
1907
1416
544
-375
-1708
-3115
-3599
-3359
-3028
-2495
-2453
-2999
-4158
-6426
-9162
-10740
-11617
-11551
-10322
-9466
-8797
-8393
-8535
-8770
-8815
-9944
-9865
-5222
2661
11421
16703
16378
13063
8202
1325
-4118
-4895
-1836
2284
3473
3030
3605
3029
85
-3301
-5295
-4833
-3514
-2758
432
5568
8844
9681
7882
4191
1004
-1021
-1092
1263
3902
5793
7117
6419
3491
-377
-3552
-4826
-5111
-5033
-3375
-451
2046
3308
3010
2011
957
-232
-1306
-1212
410
2933
4966
5210
4206
2845
1606
356
-934
-950
599
2221
2872
2896
2876
2413
960
-851
-1666
-798
1043
2803
4328
5346
5903
6303
6004
5369
4317
3143
2425
1757
1388
1985
2664
2223
485
-1870
-3448
-4216
-4721
-4368
-2921
-920
525
866
697
594
-109
-1204
-2295
-2982
-2659
-2114
-1729
-1915
-2514
-3211
-4624
-6717
-9163
-10428
-10459
-9883
-9006
-8566
-7245
-7046
-8248
-9286
-10365
-9666
-9372
-9181
-6341
1107
10356
16494
17269
12937
8461
2802
-2806
-3850
-498
4891
7408
5840
3685
2107
-1568
-5576
-7179
-6053
-3435
-1923
204
4215
7370
7637
5774
3166
998
47
605
3515
6964
8750
8675
6075
1766
-2741
-6082
-6626
-5217
-3605
-1520
502
1060
246
-1369
-2897
-3168
-2672
-1615
489
3047
5335
6497
5572
3283
906
-540
-657
80
1743
4273
5827
5191
3084
581
-1242
-2632
-3449
-2517
246
3345
5499
6302
6646
5908
4610
3027
1821
2504
3092
3812
4267
4559
4584
3252
642
-2396
-4456
-5492
-5417
-4615
-2876
-959
-374
-722
-1492
-2030
-2262
-2818
-3038
-2560
-1693
-976
-514
-220
-776
-2021
-3699
-5224
-6609
-7943
-8692
-8856
-8659
-8353
-8221
-8110
-8450
-9494
-10480
-10450
-9598
-8973
-8923
-6597
104
8466
14471
15270
12192
8369
3665
-921
-1474
2613
7464
8642
5913
3058
706
-2941
-6665
-7444
-4878
-2387
-1848
-684
2622
5181
4781
2726
1415
1544
2061
3124
5874
9088
10233
8199
3849
-579
-3426
-4782
-4451
-2665
-583
769
325
-1689
-3556
-4285
-3963
-2960
-1078
1390
3618
4926
5273
4813
3520
1845
458
285
1575
3385
5239
6422
5618
3046
80
-2108
-3041
-2765
-1362
1110
3551
4776
4472
3544
2030
1493
1372
2072
3352
4537
6094
5883
5610
3732
2463
1613
-695
-1537
-2026
-1776
-1755
-2583
-3120
-2865
-2998
-3610
-2953
-1932
-683
-897
-1885
-1669
-1827
-2064
-2051
-1225
-448
-960
-1974
-3678
-4918
-6525
-8583
-9479
-9033
-8328
-7458
-6845
-7039
-7700
-8924
-10167
-10338
-10027
-9221
-8233
-4254
3673
11592
15597
13893
9424
5284
1567
-390
2074
7373
10930
9614
4975
1596
-1480
-5198
-6720
-5133
-2194
-761
-941
181
2350
2173
40
-540
1022
3249
4639
6376
9028
9701
7166
2942
-548
-1894
-1914
-1357
156
1671
1410
-755
-3702
-5555
-5636
-4802
-3293
-1030
1758
3498
3393
2473
1893
1396
661
457
1510
3884
5904
6234
5393
3883
1741
-512
-1835
-1524
85
1899
2914
3132
2775
1842
362
-394
-300
1393
3608
4468
4940
4202
3207
2181
1214
1915
3202
3591
2423
539
-1259
-2415
-3775
-4538
-3550
-2381
-1406
-1687
-2225
-2781
-4173
-5409
-5870
-4426
-2003
-37
1246
1368
177
-2053
-4245
-6166
-7108
-7284
-7084
-6835
-6392
-6234
-6831
-7834
-9666
-10863
-11309
-11025
-10101
-8707
-7376
-5581
-1018
5499
11262
12090
8770
5257
2877
2242
3645
7326
11160
11261
7086
2560
-501
-2870
-3827
-3075
-1179
-488
-1672
-1971
-869
-410
-1581
-2240
-648
1761
3223
4481
6153
6859
5477
2917
1362
1227
1442
1864
2690
3074
2061
-563
-3236
-4314
-4164
-3622
-2948
-1916
-667
-199
-690
-1036
-469
612
1357
1740
2691
4085
4832
4713
4377
4246
3946
3098
2508
2967
3690
3831
3097
2138
1882
1453
442
-56
530
2392
3408
2822
1695
522
517
626
1615
3608
4674
4224
1890
-372
-1514
-2230
-2401
-1702
-670
-408
-1491
-2902
-3650
-4439
-5401
-5729
-4639
-2405
-982
-163
506
159
-877
-2500
-3532
-3606
-3968
-4978
-5594
-5783
-6168
-6769
-7556
-8160
-8696
-9601
-10244
-10151
-9960
-9073
-8021
-7301
-6145
-2572
3520
8430
8983
5697
3044
2706
3634
5781
9043
11568
10408
6047
1932
117
-297
-150
1212
2617
2067
-500
-2425
-2113
-1671
-2104
-2103
-394
1835
2996
3433
3799
3335
1738
623
1478
3622
5043
5295
4883
3669
1511
-897
-2213
-1855
-1035
-777
-781
-821
-1211
-1847
-2074
-1403
-306
315
451
649
1348
1959
2426
3201
3863
3843
3359
3159
3288
3215
2862
2655
2929
3049
2675
1858
1073
878
1015
1368
1116
577
371
594
1372
1941
2871
3435
2606
1177
-321
-775
-856
-897
-601
-143
-225
-1346
-2653
-3428
-3683
-3936
-3866
-3350
-2301
-1175
-415
127
104
-517
-1680
-2697
-3227
-3903
-4553
-5051
-5397
-5488
-5967
-6198
-6592
-7622
-8919
-9751
-9293
-8246
-6863
-6203
-5686
-6117
-6830
-5312
-746
4958
7432
5325
2343
1603
2888
5037
7109
8744
8841
6116
3174
2268
2788
3417
3671
4007
3586
1001
-2011
-3148
-2154
-994
-710
-335
416
533
105
242
809
1009
816
1376
3123
4589
4726
3911
2605
1144
254
416
1315
1833
1012
-264
-884
-1059
-1208
-1234
-951
-586
-536
-571
-336
236
711
1217
1934
2431
2215
1753
1884
2398
2994
3753
4595
4883
4201
2862
1940
1549
1329
1303
2997
3416
3238
1755
19
1050
1279
2683
2939
1685
832
-951
-1612
-1678
-1466
-895
-343
-863
-1847
-2524
-3361
-3750
-4119
-3499
-2062
-888
67
74
89
-172
-1398
-2495
-3424
-3773
-4139
-4701
-5016
-5339
-5346
-5880
-6701
-7238
-7851
-8879
-8891
-8203
-6929
-5944
-6200
-6420
-6868
-6923
-4279
729
4957
5431
1713
-270
1460
4083
6515
7428
7428
6751
5220
5226
6866
7522
6612
5204
4167
2818
255
-1519
-1155
-105
325
16
-513
-1211
-2759
-3361
-1873
244
1370
1101
564
994
1574
2205
2452
2118
1611
1223
1359
2242
2453
1624
501
-301
-218
352
704
889
611
-86
-398
-100
432
656
559
211
-129
-358
-195
456
1411
2607
3812
4359
3899
2782
2149
2491
3295
3932
3860
3854
2994
2299
2013
2064
2828
2567
2051
1117
-245
-945
-1674
-1861
-1394
-758
-300
-601
-1676
-2980
-3793
-4261
-4062
-3177
-2150
-1177
-533
110
357
107
-759
-1987
-2869
-3219
-3136
-3282
-3369
-3647
-3988
-4591
-5747
-6346
-6892
-7385
-7699
-7625
-6576
-6201
-6869
-7722
-8099
-7330
-6591
-2747
1608
3853
2067
-2231
-2044
816
4112
5668
5801
6375
6356
6640
7880
9337
8282
5860
4351
4104
4092
2800
2108
2204
1870
1037
-187
-897
-2086
-3512
-3370
-1575
254
399
-267
-802
-479
269
920
1322
1076
415
21
705
2342
3379
2982
1453
221
-73
306
859
1509
1781
1623
1012
649
432
-240
-1184
-1955
-1854
-1041
26
1276
2475
3314
3490
2860
1995
1333
1607
2076
3125
3952
3960
3788
2693
2342
2654
2870
3243
2872
2153
1592
621
-216
-369
-402
95
488
-78
-942
-2304
-3551
-4054
-4178
-3345
-2160
-1120
-615
-671
-597
-494
-774
-1423
-2299
-2730
-2661
-2657
-2520
-3076
-3328
-3891
-4701
-5413
-6025
-6100
-6524
-6998
-7233
-7200
-6896
-7488
-7424
-7237
-6501
-5530
-3279
151
1366
-462
-3715
-3381
432
4377
6387
6363
6339
6374
6788
8091
9266
8580
6170
4621
4881
6171
6318
5149
3834
1920
374
-430
-482
-519
-1423
-1755
-1065
-124
47
-375
-1048
-1608
-1855
-1353
-207
537
256
135
642
1608
2045
1462
540
214
709
1970
3294
4035
3661
2392
1052
338
53
-102
24
431
1155
1513
1812
2271
2284
1780
1339
1482
1669
1602
1643
2022
2225
1624
962
1184
2286
2686
2632
2406
2116
2331
2299
2214
1563
292
-290
-28
657
740
-295
-1704
-3288
-4231
-4045
-3046
-2059
-1997
-2119
-2280
-1982
-1773
-1588
-1524
-2075
-2801
-3157
-3037
-3015
-3003
-3343
-3356
-3846
-4653
-5244
-5662
-5707
-6652
-7046
-6928
-6341
-5842
-6303
-5594
-5785
-5225
-5374
-4347
-1317
-510
-907
-3423
-3360
46
3608
5713
5300
4577
4384
5522
7074
8426
8057
5513
4221
4638
6566
7483
6137
4099
1577
126
93
1249
2333
1762
353
-736
-857
-883
-907
-1237
-1843
-2133
-2191
-1820
-1566
-1552
-1233
-843
-358
-332
-827
-1206
-720
665
2592
3873
4048
3242
1963
1224
1107
1443
1979
2307
2354
2250
2032
2084
2178
1941
1388
1364
1499
1642
1195
1225
1333
935
818
755
1997
3091
2736
2149
1754
2051
2665
2921
2558
1662
555
282
659
759
142
-1455
-2666
-3229
-3277
-2633
-2031
-2033
-2492
-2816
-2492
-1926
-1704
-1810
-2200
-2561
-2520
-2266
-1903
-2017
-2336
-2784
-3166
-3980
-4634
-4563
-4582
-4790
-5492
-6152
-6252
-6019
-6080
-6162
-6008
-6267
-6183
-5885
-5466
-3115
-1871
-1821
-3517
-4798
-2041
2242
5143
5120
3732
3643
5062
6761
8002
7979
5655
4027
4544
7012
9023
7897
5395
3049
1401
1385
2559
3890
3847
2136
191
-456
-700
-1109
-1583
-2165
-2291
-2461
-2763
-2744
-2594
-2205
-1915
-2076
-2267
-2293
-1626
-124
1655
3169
3740
3165
2225
1667
1973
2687
3038
2901
2765
2685
2606
2496
2494
2485
2067
1526
1232
1029
875
434
812
1577
1410
896
665
1540
2637
2473
1933
1757
2151
2785
3004
2648
1665
413
-53
405
627
58
-1110
-2323
-2787
-2607
-1890
-1287
-1793
-2630
-2944
-2628
-2072
-1952
-1964
-1818
-1745
-1734
-1452
-1376
-1609
-2245
-2783
-2674
-2706
-2615
-2914
-3429
-4190
-4782
-5204
-5187
-5142
-5674
-5791
-6208
-5734
-5207
-4843
-4264
-5022
-4476
-4281
-3537
-3132
-3551
-1413
1675
4738
4958
3220
2168
2783
4761
6177
7342
7020
6240
6112
6621
7941
7102
5166
3604
3497
4823
5557
5590
4427
2376
227
-853
-659
-518
-784
-1885
-2687
-3447
-3847
-3609
-3470
-3380
-3453
-3546
-3207
-2453
-1038
736
2035
2338
1929
1321
969
1385
2415
3569
3926
3436
2909
2644
2619
2504
2355
2437
2327
1755
1277
1303
1717
2043
1799
966
504
858
1412
2339
2334
1780
1588
1341
1853
2046
1435
555
-474
-606
-41
203
-86
-1013
-1931
-2073
-1877
-1665
-1602
-2235
-2864
-2972
-2883
-2373
-1902
-1501
-1119
-1350
-1804
-2117
-2094
-1981
-2040
-2221
-1979
-1806
-2142
-2646
-3578
-4272
-4982
-5452
-5610
-5432
-5239
-5111
-4662
-4499
-4430
-4732
-5305
-5623
-5999
-6443
-5331
-3272
-1487
-999
-2737
-2561
-516
1359
2103
1101
1338
3406
5439
7141
7478
6087
4426
3954
5204
7232
7683
7024
6679
6394
6138
5310
3879
2526
1158
649
950
1003
383
-808
-2213
-3060
-3500
-3852
-4018
-4203
-3790
-2843
-2150
-1473
-716
-40
131
-287
-588
-307
392
1406
2590
3373
3106
2128
1484
1768
2595
3234
3347
3026
2547
2011
1866
2220
2598
2174
1850
1206
1136
957
1009
2366
2694
2554
1229
438
1142
1409
1215
196
-373
-336
-89
240
262
-40
-984
-1519
-1604
-1210
-1091
-1631
-1808
-1775
-1358
-1012
-924
-899
-1388
-2005
-2449
-2176
-1546
-1121
-1126
-1290
-1616
-2293
-3006
-3627
-3842
-3796
-3782
-3638
-3601
-3467
-3318
-3292
-3195
-3134
-3663
-4192
-5035
-5157
-4626
-4512
-4329
-5058
-5021
-4172
-3398
-2384
-2660
-2402
-596
1685
3504
3208
2392
2616
3861
5272
6048
6292
6257
6532
7229
8365
8536
7172
5953
5197
5038
4978
4602
4371
3547
2030
600
-580
-1382
-1819
-2084
-2333
-2599
-3174
-3179
-2771
-2247
-1513
-1425
-1917
-2366
-2198
-1156
-83
455
842
1057
960
765
939
1623
2203
2347
2446
2741
2885
2787
2809
2916
2815
2033
1132
942
1369
1938
2412
2470
2069
1483
947
1105
1374
968
447
302
791
1322
1074
453
-86
-472
-505
-323
-132
-180
-770
-1303
-1082
-604
-417
-897
-1594
-1958
-2349
-2523
-2391
-1854
-1408
-1291
-1505
-1766
-1981
-2248
-2427
-2715
-2837
-2662
-2320
-2145
-2042
-2050
-1996
-2310
-2874
-3157
-3448
-3610
-4117
-4505
-4559
-4518
-4638
-4751
-4924
-5346
-5448
-5603
-4905
-3493
-2578
-1674
-2143
-2279
-1125
515
2089
2220
1977
2670
4120
5762
6927
6870
5893
5194
5258
6472
7400
6827
6036
5218
4781
4385
3243
2161
1099
151
-335
-660
-924
-1321
-1678
-1701
-1425
-1490
-1883
-2388
-2829
-2372
-1522
-919
-609
-715
-610
-492
-622
-544
-143
506
988
1537
2316
2890
2839
2328
2087
2185
2189
2217
2533
2930
2986
2718
2375
1996
1220
660
709
985
1342
1265
1421
1724
1447
1133
792
507
424
161
163
329
231
22
85
185
36
-490
-1207
-1392
-1659
-1971
-2073
-1993
-1430
-1062
-1079
-1341
-1828
-2340
-2674
-2741
-2426
-1980
-1581
-1301
-1073
-822
-591
-684
-982
-1423
-1938
-2362
-2761
-2881
-2759
-3006
-3461
-4079
-4384
-4468
-4447
-4489
-4251
-4166
-4199
-4046
-4121
-4379
-4576
-4156
-3192
-1623
-1614
-1178
-418
859
2724
3367
3254
2872
3087
4329
6041
6687
6392
5782
5033
5177
5367
5083
4617
3524
2957
3174
2949
2754
2092
1205
654
412
291
202
-490
-1177
-1163
-1118
-1080
-1278
-1727
-1852
-2066
-2015
-1437
-1040
-777
-594
-228
402
842
819
688
708
1071
1587
2092
2566
2809
2623
2305
1916
1549
1247
891
997
1397
1597
1883
1654
1488
1091
805
1300
1506
1590
1264
907
803
869
812
728
641
84
-167
-231
-249
-209
-575
-598
-192
167
316
-234
-1088
-1773
-2239
-2378
-2179
-1844
-1428
-1164
-1087
-753
-361
-149
-303
-555
-712
-807
-1190
-1404
-1418
-1667
-2087
-2609
-2879
-2919
-3064
-3235
-3208
-3161
-3229
-3172
-3108
-2879
-2786
-3194
-3057
-2945
-2819
-2845
-2931
-3013
-2540
-2211
-1591
-766
-652
-82
254
781
1578
1956
1846
1929
1778
2185
3148
3557
4011
3821
3410
3316
3496
3763
4197
4141
3889
3592
2978
2489
1990
1509
1161
876
362
121
-572
-1296
-1589
-1619
-1188
-732
-603
-587
-696
-936
-856
-663
-462
-237
-103
103
473
717
810
717
385
183
186
566
1246
1620
1614
1172
805
863
1121
1414
1563
1420
1247
1062
1009
1078
1092
1263
1267
1189
930
661
405
378
479
608
724
728
719
440
-6
-689
-1437
-1947
-1940
-1571
-1020
-627
-444
-400
-385
-357
-402
-454
-475
-476
-528
-466
-392
-337
-476
-920
-1329
-1670
-1961
-2216
-2267
-2201
-2133
-2144
-2239
-2052
-1849
-1788
-1856
-2218
-2325
-2460
-2466
-2164
-1914
-1740
-1890
-1910
-1921
-1741
-2043
-2453
-2790
-2464
-2008
-1557
-1243
-1168
-927
-1267
-1012
-316
456
716
853
976
1555
2108
2492
3220
3544
3456
3169
3206
3413
3903
3870
3872
3514
2572
1759
1278
1560
2198
2364
1936
1438
736
278
-42
-110
34
139
2
-4
77
-3
-252
-800
-1142
-1123
-917
-688
-429
-334
-461
-653
-603
-171
418
762
856
861
776
722
810
991
1109
1140
1217
1381
1486
1472
1314
1389
1736
2016
2361
2360
1952
1210
247
-485
-914
-924
-722
-265
180
361
183
-94
37
221
268
370
485
545
436
211
117
-20
-379
-813
-1023
-1185
-1352
-1532
-1542
-1296
-1004
-794
-683
-642
-799
-1077
-1346
-1376
-1125
-866
-684
-470
-315
-158
-276
-556
-733
-975
-1148
-1127
-1118
-1041
-1119
-1451
-1842
-2307
-2737
-3003
-3219
-3319
-3385
-3227
-2932
-2597
-2539
-2487
-2359
-2312
-1835
-1282
-642
-111
275
501
808
974
1231
1724
2109
2517
3027
3769
4372
4357
3845
3568
3260
3017
3043
3321
3601
3485
3106
2605
2145
1368
788
569
477
190
-243
-591
-848
-1189
-1571
-1632
-1537
-1440
-1283
-1060
-952
-1097
-1309
-1151
-788
-529
-342
-29
380
727
847
819
762
840
1128
1435
1363
819
149
-258
-429
-372
-70
274
446
492
696
926
1031
947
925
1179
1457
1649
1717
1588
1270
945
731
612
271
-284
-789
-1013
-876
-543
-187
-48
-232
-597
-933
-1089
-1104
-998
-768
-513
-295
-146
-113
-126
-217
-380
-536
-664
-638
-511
-258
-42
-32
-234
-534
-611
-497
-505
-781
-1073
-1319
-1538
-1792
-2017
-2241
-2572
-2951
-3181
-3261
-3279
-3379
-3618
-3820
-3993
-4010
-3916
-3842
-3666
-3203
-2799
-2350
-1657
-1012
-423
-204
-95
330
930
1653
2375
2992
3222
3148
3252
3518
3836
3973
4051
4250
4171
3816
3470
3104
2740
2210
1734
1584
1397
1070
855
567
67
-543
-1027
-1193
-1144
-1070
-925
-788
-691
-618
-503
-434
-540
-585
-622
-592
-692
-944
-1152
-1341
-1412
-1141
-687
-366
-221
-204
-55
235
431
683
1115
1461
1564
1495
1479
1539
1423
1213
1106
1013
864
720
776
1075
1390
1582
1766
1885
1635
1206
878
751
807
824
922
1020
1014
869
619
441
176
-83
-338
-438
-330
-180
23
144
121
-64
-266
-336
-345
-423
-565
-559
-395
-369
-483
-683
-899
-1105
-1328
-1434
-1442
-1541
-1775
-1990
-2067
-2080
-2192
-2329
-2517
-2828
-3058
-3134
-3071
-2871
-2829
-2984
-3170
-3307
-3264
-2995
-2743
-2482
-2175
-1906
-1784
-1504
-1024
-496
87
473
880
1215
1440
1600
1773
2120
2479
2898
3322
3569
3564
3303
3099
2989
2789
2581
2391
2321
2386
2332
2313
2194
1856
1395
973
742
630
561
362
-21
-620
-1202
-1473
-1504
-1451
-1284
-1132
-1075
-1006
-818
-612
-461
-442
-346
-87
69
198
368
412
256
-66
-341
-462
-556
-663
-487
34
538
1026
1213
1213
1080
827
826
1087
1548
1968
2321
2518
2640
2445
1969
1546
1289
1175
1124
1255
1475
1575
1470
1142
724
286
-114
-260
-260
-307
-357
-428
-457
-402
-490
-775
-1272
-1743
-1798
-1484
-1255
-1244
-1281
-1162
-1065
-1212
-1308
-1340
-1452
-1725
-1891
-1676
-1366
-1177
-1234
-1420
-1661
-1906
-1971
-1910
-1869
-1993
-2198
-2384
-2438
-2335
-2220
-1998
-1940
-1999
-2146
-2415
-2620
-2680
-2567
-2363
-2240
-2067
-1710
-1352
-1095
-988
-875
-764
-738
-644
-288
385
1018
1421
1759
2023
2017
1923
2018
2312
2639
2697
2706
2709
2477
2147
1966
2051
2161
2057
1779
1469
1212
1032
902
817
675
554
367
159
85
100
-18
-462
-935
-1178
-1303
-1398
-1317
-1019
-790
-825
-866
-789
-719
-826
-898
-540
-18
590
1061
1376
1522
1366
1139
1082
1246
1511
1741
1978
2321
2496
2431
2266
2186
2212
2204
2157
2217
2302
2330
2224
2028
1868
1518
1026
580
324
208
142
15
-187
-375
-514
-606
-784
-1052
-1368
-1568
-1640
-1686
-1614
-1411
-1179
-1103
-1136
-1062
-930
-816
-769
-743
-715
-707
-690
-653
-547
-304
-121
-31
-137
-357
-492
-662
-737
-768
-683
-548
-518
-543
-537
-618
-953
-1392
-1723
-1968
-2151
-2284
-2255
-2122
-2159
-2437
-2598
-2696
-2797
-2892
-2897
-2525
-2053
-1836
-1818
-1807
-1722
-1560
-1189
-635
0
467
580
765
1153
1524
1885
2252
2659
3068
3315
3500
3672
3568
3273
2865
2489
2242
2084
2001
1905
1792
1571
1139
621
211
14
-195
-409
-493
-379
-123
-42
-79
-255
-425
-559
-550
-339
-86
142
205
163
211
271
353
515
735
1038
1237
1251
1247
1378
1521
1598
1628
1534
1319
1147
1159
1269
1474
1489
1476
1477
1316
1169
1046
871
659
447
379
363
353
387
393
323
115
-71
-157
-303
-450
-510
-548
-691
-868
-927
-815
-728
-715
-734
-940
-1108
-1130
-965
-681
-410
-155
25
132
194
301
371
324
261
181
127
197
265
333
247
-3
-352
-676
-915
-974
-908
-937
-1096
-1361
-1747
-2092
-2374
-2605
-2637
-2715
-2761
-2763
-2823
-3013
-3269
-3404
-3305
-3096
-2820
-2443
-2183
-1938
-1823
-1669
-1453
-1432
-1359
-1158
-965
-687
-349
85
550
805
960
1051
1083
1179
1392
1835
2258
2475
2589
2528
2445
2476
2558
2485
2175
1872
1723
1614
1578
1451
1304
1161
966
966
1036
976
735
443
378
467
536
564
428
293
91
-123
-45
107
194
260
316
332
216
28
-35
-7
17
70
274
583
768
824
935
1072
1102
1039
1097
1269
1260
1191
1156
1060
907
770
713
736
687
406
119
-55
-151
-135
-8
150
305
248
107
61
92
168
151
8
-26
33
27
36
-9
-91
-103
-128
-160
-82
121
237
277
153
-62
-120
-72
59
165
177
181
179
81
-93
-356
-620
-730
-732
-627
-518
-495
-571
-822
-1167
-1430
-1703
-2032
-2411
-2696
-2810
-2804
-2699
-2616
-2625
-2771
-3100
-3373
-3457
-3313
-2926
-2553
-2297
-2164
-1995
-1736
-1383
-1200
-1089
-878
-690
-376
59
499
878
993
1146
1494
1925
2255
2472
2602
2715
2882
2998
3177
3222
3019
2721
2487
2302
2140
2051
1938
1742
1416
1079
744
416
194
77
25
-56
-99
-24
12
11
-83
-147
-137
-59
64
261
496
556
542
523
437
432
420
489
652
651
598
602
559
490
461
696
1088
1261
1229
1078
1031
1175
1172
1095
1061
974
876
774
785
742
570
326
167
78
54
72
108
50
-50
-131
-276
-339
-381
-327
-182
-171
-177
-304
-399
-425
-298
27
389
740
922
1036
1082
1102
1067
869
643
412
265
217
147
98
63
-36
-301
-655
-1067
-1354
-1525
-1683
-1732
-1757
-1825
-1936
-2075
-2331
-2538
-2748
-3011
-3138
-3241
-3205
-3110
-3012
-2924
-2872
-2849
-2842
-2682
-2530
-2359
-2170
-2010
-1798
-1640
-1397
-1107
-888
-614
-319
-85
116
390
672
916
1032
1044
1111
1239
1449
1797
2063
2118
2037
2074
2115
2089
2103
2111
2041
1894
1829
1809
1610
1320
1003
681
553
465
343
231
69
-68
-153
-244
-313
-335
-186
78
319
522
519
534
619
743
956
1044
1131
1219
1312
1319
1297
1313
1250
1188
1099
1059
1050
971
880
753
591
396
238
169
100
56
-17
-130
-317
-562
-735
-742
-581
-408
-273
-148
-55
107
157
69
-50
-100
-43
95
254
403
574
678
670
670
650
537
447
397
478
690
864
911
816
659
534
360
164
-53
-182
-222
-257
-372
-542
-779
-997
-1137
-1296
-1363
-1444
-1623
-1760
-1850
-1978
-2180
-2400
-2614
-2674
-2716
-2751
-2769
-2795
-2876
-2946
-2926
-2876
-2753
-2765
-2728
-2531
-2267
-2108
-1887
-1694
-1585
-1429
-1257
-1016
-664
-376
-143
111
395
648
789
873
914
984
1132
1312
1446
1451
1373
1312
1152
1046
1072
1277
1563
1633
1647
1544
1416
1409
1387
1509
1521
1455
1353
1319
1308
1311
1279
1209
1208
1215
1257
1334
1461
1496
1435
1343
1242
1190
1214
1316
1344
1266
1093
896
673
556
529
520
640
710
711
678
571
353
24
-191
-373
-554
-630
-582
-441
-309
-316
-369
-451
-519
-561
-606
-566
-469
-334
-192
-12
153
184
165
169
257
384
395
495
600
674
734
719
723
690
682
693
793
849
797
750
640
476
378
250
215
215
110
43
-67
-260
-503
-798
-1073
-1294
-1462
-1577
-1636
-1705
-1850
-1965
-1993
-2046
-2156
-2277
-2335
-2247
-2003
-1850
-1839
-1843
-1848
-1855
-1875
-1925
-1873
-1739
-1626
-1609
-1549
-1473
-1464
-1487
-1550
-1437
-1194
-905
-672
-564
-578
-678
-682
-551
-334
-83
96
110
118
189
392
555
653
753
895
977
1045
1180
1309
1397
1425
1487
1581
1703
1784
1882
1908
1749
1588
1504
1363
1375
1457
1503
1560
1554
1548
1555
1436
1270
1090
938
904
923
944
899
827
702
539
403
244
62
-116
-203
-330
-380
-357
-334
-293
-390
-501
-560
-610
-695
-771
-772
-640
-556
-555
-437
-312
-362
-455
-498
-296
4
154
185
162
116
168
219
295
511
613
657
613
568
523
437
281
134
21
-76
-31
-27
-42
-75
-175
-303
-339
-407
-379
-221
-73
60
58
8
-52
-94
-179
-231
-302
-420
-471
-529
-602
-773
-1065
-1287
-1423
-1504
-1483
-1341
-1293
-1336
-1390
-1504
-1631
-1810
-1899
-1774
-1517
-1319
-1341
-1356
-1242
-1116
-1014
-902
-777
-724
-719
-695
-637
-579
-536
-451
-408
-363
-369
-311
-214
-165
-142
-184
-79
119
318
575
812
1010
1218
1293
1362
1358
1328
1352
1466
1565
1538
1466
1482
1509
1446
1404
1356
1350
1252
1236
1211
1186
1173
1207
1241
1256
1169
1029
920
773
618
513
514
495
328
169
89
-9
-57
-138
-194
-189
-184
-206
-270
-349
-448
-514
-537
-499
-398
-325
-357
-417
-486
-541
-646
-817
-880
-915
-841
-721
-585
-435
-309
-244
-195
-234
-116
72
271
447
501
648
693
758
818
870
1003
1052
1011
964
958
984
891
712
593
521
452
404
334
182
-31
-236
-400
-562
-622
-573
-588
-554
-603
-638
-655
-731
-779
-765
-838
-968
-1061
-1132
-1211
-1269
-1352
-1507
-1581
-1619
-1660
-1702
-1751
-1782
-1703
-1670
-1648
-1512
-1359
-1201
-1047
-823
-622
-488
-440
-459
-414
-405
-439
-319
-251
-227
-191
-154
-118
-159
-196
-231
-199
-155
-179
-116
18
132
253
376
363
361
368
501
636
743
856
874
972
1073
1088
1091
1131
1241
1387
1382
1334
1320
1257
1248
1230
1176
1199
1199
1210
1248
1291
1278
1069
799
570
358
128
-75
-144
-223
-339
-453
-555
-648
-896
-1076
-1180
-1147
-1037
-1011
-943
-896
-887
-893
-757
-599
-416
-304
-186
-63
61
202
276
256
305
442
600
730
738
756
723
604
452
438
478
529
614
757
851
875
775
697
666
641
614
591
517
390
338
227
181
86
-43
-70
-184
-314
-385
-405
-479
-594
-734
-802
-880
-865
-816
-790
-714
-766
-790
-907
-938
-920
-849
-789
-699
-604
-619
-669
-719
-764
-776
-820
-812
-789
-752
-754
-804
-781
-816
-869
-872
-848
-845
-832
-791
-768
-729
-774
-849
-866
-827
-713
-611
-547
-469
-380
-351
-260
-230
-154
-45
84
292
584
827
979
1199
1408
1512
1513
1447
1525
1652
1686
1754
1765
1790
1788
1722
1566
1361
1197
1079
951
877
867
860
812
673
521
456
440
405
420
412
288
174
166
129
38
-51
-119
-107
-134
-126
-152
-289
-443
-601
-535
-400
-272
-76
130
224
287
381
408
442
483
598
817
1017
1027
937
839
796
894
1021
1026
946
798
653
503
380
301
237
127
-84
-211
-264
-168
-124
-213
-337
-488
-525
-463
-366
-258
-265
-234
-183
-219
-250
-316
-288
-233
-253
-309
-297
-284
-349
-442
-483
-513
-550
-574
-564
-594
-627
-691
-772
-746
-749
-764
-921
-1027
-1067
-1097
-1128
-1213
-1264
-1348
-1424
-1476
-1491
-1496
-1439
-1406
-1342
-1247
-1201
-1179
-1086
-953
-887
-799
-733
-584
-435
-310
-103
56
167
246
324
447
499
557
657
810
970
987
1011
1049
1130
1221
1323
1398
1458
1445
1316
1244
1231
1295
1315
1308
1198
1109
1057
956
823
639
467
350
305
275
233
74
-6
-115
-157
-167
-211
-211
-186
-117
-78
-126
-176
-204
-169
-40
69
242
323
356
348
303
316
289
304
346
410
504
568
608
649
618
574
432
320
283
339
418
409
439
430
345
200
90
33
57
30
-34
-46
-140
-243
-292
-285
-226
-248
-240
-243
-239
-230
-267
-217
-125
-72
-94
-127
-147
-131
-204
-252
-242
-297
-329
-371
-457
-562
-692
-711
-759
-784
-794
-855
-906
-936
-916
-885
-944
-1052
-1073
-1060
-1001
-1013
-1069
-1083
-1062
-934
-873
-888
-891
-843
-770
-729
-737
-722
-640
-631
-561
-427
-274
-150
-71
-31
-10
29
207
416
646
767
839
961
1022
1107
1187
1254
1264
1228
1264
1366
1421
1448
1444
1385
1300
1296
1375
1412
1318
1204
1115
1033
985
1004
1085
1140
1099
993
867
748
596
471
416
366
289
314
320
214
79
1
-104
-192
-253
-278
-235
-138
-14
129
191
153
154
206
250
204
208
263
413
488
496
495
386
329
294
237
172
148
138
117
66
39
67
41
-16
-112
-164
-210
-297
-327
-306
-268
-263
-291
-345
-366
-388
-467
-507
-535
-537
-479
-442
-414
-391
-373
-434
-494
-494
-430
-374
-451
-522
-642
-638
-612
-661
-719
-948
-1043
-1012
-992
-1074
-1188
-1214
-1259
-1266
-1345
-1334
-1268
-1190
-1097
-1081
-1078
-1034
-969
-844
-824
-849
-844
-781
-657
-590
-550
-480
-359
-415
-487
-532
-470
-340
-243
-196
-99
-33
80
227
257
368
453
516
643
837
1066
1291
1445
1465
1459
1401
1259
1204
1249
1385
1418
1289
1176
1034
928
810
721
626
504
308
188
152
189
183
-4
-171
-329
-425
-384
-353
-338
-284
-296
-233
-211
-218
-158
-57
70
137
183
232
277
304
306
372
486
561
547
484
421
459
465
435
394
307
306
291
191
113
25
-47
-66
-142
-159
-183
-215
-235
-246
-257
-305
-327
-300
-295
-306
-368
-395
-354
-329
-384
-432
-450
-456
-545
-612
-581
-552
-577
-565
-548
-537
-473
-441
-426
-408
-378
-351
-367
-353
-288
-301
-224
-246
-261
-128
-69
-41
-35
-163
-277
-270
-296
-286
-364
-413
-356
-365
-367
-417
-536
-624
-709
-697
-600
-613
-508
-361
-147
25
55
159
172
275
427
569
829
958
1063
1203
1276
1347
1418
1445
1537
1538
1523
1570
1531
1513
1581
1578
1529
1330
1138
1027
871
722
663
594
503
420
243
162
113
-5
-86
-177
-200
-98
-21
23
136
130
139
205
254
407
540
517
551
536
525
608
489
424
378
333
429
486
447
408
323
337
331
316
290
210
113
119
87
102
81
-29
-61
-204
-255
-299
-340
-321
-429
-493
-509
-558
-577
-640
-700
-764
-865
-918
-938
-910
-943
-971
-976
-1020
-1033
-987
-920
-885
-863
-772
-698
-671
-611
-620
-544
-457
-475
-416
-338
-223
-101
-117
-81
-125
-236
-320
-413
-464
-541
-614
-647
-644
-632
-661
-735
-761
-819
-929
-1029
-1045
-927
-792
-756
-737
-744
-636
-562
-472
-377
-330
-254
-215
-117
43
228
404
495
590
578
520
498
509
624
740
887
905
824
778
716
704
623
560
555
540
629
616
546
465
347
293
275
253
258
303
357
413
466
524
465
458
421
351
359
331
309
351
340
411
411
339
394
338
289
316
320
400
424
415
417
395
358
285
210
209
212
177
125
69
53
-2
-67
-120
-205
-318
-402
-452
-531
-656
-737
-799
-871
-933
-968
-1020
-1039
-1042
-1076
-1103
-1120
-1077
-953
-793
-698
-614
-600
-502
-399
-291
-156
-115
-121
-141
-117
-61
63
104
89
150
137
176
162
168
78
-71
-119
-141
-75
-63
-46
-95
-120
-143
-216
-296
-314
-270
-218
-220
-207
-94
-29
79
76
101
157
176
286
298
309
438
472
470
425
447
547
608
592
533
562
573
577
591
572
566
593
550
517
537
536
601
613
627
652
614
603
583
541
542
521
487
513
560
674
704
739
725
660
642
559
526
550
608
587
505
427
364
319
301
362
422
443
387
354
433
475
507
511
416
368
387
385
320
229
121
35
-51
-169
-258
-281
-354
-446
-563
-740
-777
-806
-837
-898
-1057
-1122
-1084
-1033
-992
-951
-904
-856
-927
-1054
-1150
-1179
-1132
-1053
-947
-826
-744
-753
-802
-791
-807
-745
-708
-641
-583
-552
-427
-361
-303
-330
-429
-465
-493
-444
-385
-398
-397
-390
-392
-363
-350
-286
-265
-248
-154
-134
-15
70
88
156
158
221
208
218
233
216
300
280
305
293
247
279
318
327
328
369
401
390
377
390
433
408
361
305
279
258
248
292
297
297
362
387
451
423
410
376
342
324
301
344
316
260
262
249
147
140
125
159
172
116
66
31
53
111
171
208
193
134
152
177
210
165
144
156
120
73
60
20
-20
-26
-96
-172
-212
-226
-243
-292
-342
-375
-406
-389
-386
-409
-449
-497
-546
-594
-570
-515
-536
-534
-487
-461
-478
-527
-557
-544
-561
-626
-683
-692
-621
-585
-600
-623
-673
-744
-755
-720
-638
-563
-566
-580
-563
-535
-549
-548
-455
-376
-306
-281
-232
-149
-100
-16
21
37
91
153
307
407
480
506
467
518
555
616
633
628
659
695
780
752
667
610
513
509
474
480
532
539
494
409
408
430
444
496
548
592
671
668
696
737
739
749
734
769
816
826
834
835
814
776
683
660
640
603
549
522
509
474
446
433
432
455
431
406
393
345
350
287
210
171
166
186
186
131
11
-42
-13
8
50
53
54
3
-100
-152
-127
-67
-29
-76
-151
-200
-213
-237
-254
-264
-300
-269
-238
-204
-231
-303
-339
-313
-315
-333
-320
-325
-296
-289
-325
-317
-284
-281
-317
-326
-299
-273
-331
-407
-475
-581
-640
-695
-725
-742
-792
-838
-906
-895
-826
-836
-830
-750
-653
-595
-590
-572
-522
-458
-392
-337
-256
-174
-151
-101
-8
111
213
213
208
198
200
291
323
362
355
286
273
270
333
334
275
269
273
280
269
243
227
176
124
127
159
143
173
202
169
110
43
59
118
141
135
102
137
181
168
147
173
203
176
113
154
220
280
312
310
328
248
186
191
195
229
241
215
220
239
222
199
172
137
128
97
52
51
40
13
-71
-137
-172
-187
-245
-302
-283
-306
-310
-307
-375
-408
-423
-409
-371
-337
-327
-318
-277
-246
-233
-231
-234
-230
-184
-116
-11
23
3
-34
-58
-61
-39
-14
-33
-73
-89
-131
-184
-211
-215
-220
-274
-274
-303
-302
-317
-314
-343
-420
-453
-444
-375
-297
-245
-264
-332
-403
-366
-338
-325
-339
-317
-250
-184
-125
-33
-18
-14
-11
-22
50
122
217
283
280
231
284
313
382
393
364
392
413
375
360
369
316
256
238
272
311
299
279
250
298
337
326
367
336
277
271
267
342
390
415
446
377
375
362
342
358
337
281
242
233
260
318
378
357
287
272
271
290
314
360
340
317
287
276
304
286
292
281
262
205
165
191
221
182
124
108
100
50
-15
-66
-56
-52
-97
-169
-192
-175
-172
-197
-242
-272
-277
-281
-319
-295
-294
-233
-230
-288
-307
-268
-195
-122
-102
-88
-41
-69
-61
-6
6
39
40
-4
33
48
38
46
70
85
61
64
36
-26
-38
-57
-92
-118
-169
-136
-134
-150
-122
-118
-154
-149
-124
-67
-37
-70
-112
-70
-22
-5
14
24
31
28
37
27
45
22
12
31
44
74
112
86
31
39
90
115
123
68
26
32
19
26
17
-11
-70
-76
-108
-124
-115
-136
-117
-103
-107
-108
-102
-104
-106
-116
-116
-100
-126
-115
-69
-102
-115
-110
-112
-108
-151
-160
-157
-134
-140
-162
-158
-117
-56
-28
11
19
22
47
36
36
1
-3
34
48
64
68
6
3
4
6
-1
-33
-46
-102
-193
-258
-262
-236
-205
-195
-199
-219
-221
-238
-220
-191
-113
-97
-110
-108
-157
-167
-170
-155
-96
-42
-5
41
47
17
-20
-5
3
-26
-43
-106
-132
-107
-65
-42
-21
-10
-36
-75
-107
-120
-91
-95
-103
-102
-93
-61
-80
-88
-102
-123
-163
-205
-182
-154
-153
-183
-221
-262
-302
-319
-322
-378
-412
-439
-484
-484
-468
-474
-441
-455
-488
-519
-538
-456
-405
-381
-339
-302
-241
-216
-207
-174
-200
-199
-185
-215
-156
-65
-22
-33
-74
-88
-89
-45
-5
-10
0
-10
-11
10
4
28
52
89
93
108
99
104
134
123
164
187
200
222
260
292
335
401
455
475
485
501
511
537
542
504
531
552
551
556
527
493
453
408
379
334
316
336
331
307
213
140
121
129
114
74
115
123
96
120
99
96
100
104
194
233
223
203
179
210
222
288
268
250
207
200
294
341
389
344
359
418
418
453
434
449
436
376
353
344
339
319
325
345
334
358
327
297
264
151
60
9
9
50
96
59
-40
-101
-191
-214
-228
-283
-338
-395
-389
-380
-350
-326
-348
-357
-415
-470
-457
-413
-345
-355
-400
-448
-419
-378
-364
-303
-331
-391
-461
-381
-320
-313
-337
-345
-240
-306
-349
-400
-335
-291
-273
-215
-209
-189
-120
-62
-24
-43
-29
17
80
96
50
38
37
29
15
-16
-21
5
27
3
0
55
82
74
87
113
109
94
10
-27
-40
-75
-75
-81
-59
-41
14
27
3
6
30
17
-4
29
22
25
60
50
22
-42
-86
-104
-175
-227
-258
-201
-191
-161
-163
-158
-168
-252
-286
-363
-336
-328
-333
-313
-332
-343
-334
-362
-356
-382
-367
-351
-389
-339
-326
-254
-230
-208
-232
-279
-298
-343
-360
-373
-357
-336
-347
-347
-319
-322
-327
-343
-345
-335
-307
-289
-303
-286
-253
-241
-224
-200
-175
-153
-153
-128
-73
-71
-106
-190
-226
-213
-198
-218
-214
-221
-213
-200
-209
-189
-233
-238
-218
-207
-189
-120
-129
-124
-114
-117
-89
-63
-58
-80
-93
-50
16
56
106
128
148
119
107
133
206
196
167
188
198
243
218
190
187
176
189
266
308
322
366
396
395
376
327
280
292
341
372
441
467
464
457
390
367
387
416
426
410
380
371
429
443
430
442
440
399
321
236
230
280
285
253
263
289
316
306
240
189
180
189
170
186
180
183
198
200
175
133
148
148
98
68
49
46
90
129
125
95
83
40
42
79
68
24
-11
-21
-49
-33
-10
-17
32
78
64
97
85
117
109
28
-8
-6
103
144
164
174
191
185
157
109
59
73
69
63
83
137
133
104
121
95
101
17
-26
40
51
67
23
21
44
30
56
91
84
47
18
13
65
37
33
6
-16
-34
-47
-21
-9
25
62
15
0
-24
-93
-67
-80
-45
-35
-54
-62
-70
-93
-108
-155
-178
-194
-168
-167
-204
-162
-121
-73
-90
-120
-121
-81
-33
-34
-69
-81
-65
-72
-115
-136
-125
-96
-114
-177
-239
-211
-209
-216
-249
-290
-258
-238
-267
-314
-359
-409
-426
-473
-464
-436
-459
-455
-466
-501
-479
-496
-481
-498
-541
-541
-554
-505
-459
-409
-343
-377
-413
-356
-264
-202
-174
-185
-171
-155
-170
-163
-177
-160
-138
-93
-83
-70
-107
-80
-44
-71
-78
-68
-31
-54
-81
-96
-14
16
-4
-38
-60
-70
-47
19
52
59
31
7
15
26
68
63
88
124
149
169
163
140
106
147
163
180
188
222
245
180
131
114
105
86
68
31
44
66
81
143
137
113
90
27
38
39
26
-5
-13
-47
-42
12
-9
-51
-119
-116
-81
-88
-89
-91
-65
-79
-66
-45
-9
38
44
73
100
124
125
102
108
114
128
193
201
196
158
164
220
222
276
319
304
270
239
230
255
257
293
270
245
235
197
205
180
118
103
159
192
186
230
252
254
219
195
215
233
227
247
291
293
265
243
174
109
91
76
97
122
94
77
101
167
203
106
87
110
110
109
55
86
105
65
84
128
176
137
119
127
155
198
228
248
229
163
159
207
215
237
190
131
136
131
137
182
222
223
225
237
274
322
353
339
368
408
411
434
384
304
293
275
272
258
204
188
145
119
71
38
28
-42
-81
-71
-86
-85
-90
-73
-97
-180
-262
-261
-216
-225
-267
-272
-281
-355
-353
-386
-408
-381
-386
-364
-386
-410
-390
-440
-405
-411
-390
-368
-369
-347
-337
-283
-281
-294
-294
-322
-326
-278
-255
-202
-225
-218
-267
-295
-295
-292
-264
-300
-316
-318
-348
-382
-384
-390
-341
-303
-267
-252
-261
-293
-247
-203
-186
-140
-170
-144
-120
-102
-61
-25
47
68
79
100
109
113
88
112
132
83
107
120
114
102
83
51
35
62
22
-35
-59
-85
-108
-96
-104
-127
-154
-154
-160
-184
-186
-166
-142
-46
2
-10
-22
-90
-101
-96
-118
-77
-49
-49
-42
-33
-34
-25
3
47
47
21
-1
26
58
69
111
144
124
115
120
127
102
72
116
123
128
110
126
170
153
149
155
146
197
189
185
149
103
72
19
-12
37
99
81
15
-4
-56
-56
-6
-31
-67
-50
-14
56
91
111
138
171
179
205
241
252
209
124
84
40
46
48
44
69
69
5
-7
-23
-28
-14
-9
7
13
56
100
115
108
73
45
41
98
133
98
70
74
121
119
75
70
108
99
120
143
116
86
74
77
96
147
177
188
170
181
192
202
215
188
173
142
177
217
207
223
196
239
277
311
322
301
285
281
276
296
308
280
283
280
307
283
247
200
165
182
135
104
73
21
-37
-90
-84
-97
-90
-64
-76
-36
-2
-7
8
60
94
133
171
177
192
184
240
214
159
125
78
71
106
131
139
126
52
6
21
22
58
52
44
32
22
28
23
-6
-67
-56
-43
-18
-53
-137
-175
-252
-251
-223
-237
-211
-242
-247
-260
-283
-253
-230
-223
-217
-246
-248
-232
-230
-248
-194
-114
-112
-120
-144
-129
-115
-95
-109
-129
-123
-173
-179
-120
-50
18
33
-22
-93
-94
-100
-122
-94
-137
-193
-237
-281
-265
-196
-194
-197
-202
-243
-231
-177
-175
-168
-161
-186
-182
-160
-124
-154
-144
-160
-173
-151
-152
-162
-186
-236
-252
-196
-193
-185
-226
-282
-264
-244
-228
-203
-194
-181
-171
-200
-159
-140
-130
-117
-68
-45
-48
-57
-95
-19
3
-20
-19
-14
-19
31
65
99
136
103
73
67
70
82
94
142
105
73
77
64
132
94
62
56
47
69
74
85
103
130
157
170
143
161
179
173
180
197
249
260
217
224
259
302
282
300
342
323
340
307
315
324
305
301
278
300
289
287
284
281
290
279
246
220
129
116
165
198
209
126
117
112
83
67
10
-2
-15
-14
59
59
56
32
47
57
25
22
10
28
31
63
116
165
166
140
80
54
93
125
118
100
116
104
111
157
163
165
187
231
242
240
249
206
218
210
218
236
196
191
146
155
141
137
120
90
91
42
28
40
19
-21
-11
-35
-52
-68
-109
-142
-147
-112
-112
-104
-55
-23
-10
7
-11
-27
-23
-19
-18
3
-17
-9
-23
-22
22
22
50
57
4
-32
-21
-13
6
-40
-67
-60
-52
-74
-55
-16
26
-6
-14
-19
26
24
0
28
35
65
67
60
33
20
-5
-22
-56
-57
-37
-7
-24
-27
16
49
56
33
51
61
78
59
63
76
52
70
92
106
123
116
102
49
20
-13
-7
-4
0
17
-10
-15
-58
-102
-146
-153
-161
-219
-293
-331
-337
-310
-275
-250
-255
-258
-239
-240
-226
-215
-163
-148
-172
-167
-170
-180
-148
-139
-134
-156
-199
-179
-155
-178
-170
-158
-159
-145
-118
-67
-17
20
29
1
-30
-36
-36
-13
-18
22
13
-33
-73
-61
-15
-14
-72
-111
-63
-35
-31
-15
10
8
5
49
49
72
91
67
64
40
8
-12
-28
-24
-3
0
11
17
34
12
27
44
60
100
114
167
191
183
184
154
151
106
117
142
139
143
88
57
28
8
15
5
8
-11
-55
-82
-84
-86
-77
-90
-99
-124
-135
-108
-106
-116
-106
-108
-102
-77
-44
-15
-3
43
36
60
109
90
89
122
144
185
175
177
171
144
178
181
168
123
108
120
165
201
183
166
180
145
81
59
54
62
40
15
-9
-20
-27
-45
-79
-123
-144
-168
-164
-140
-158
-107
-57
-66
-59
-73
-72
-27
11
31
42
46
8
3
10
-25
-33
-98
-102
-123
-125
-114
-117
-129
-140
-160
-168
-123
-109
-72
-58
-4
26
73
116
114
120
104
96
50
35
30
-2
12
2
-12
-56
-42
38
35
65
113
151
165
205
219
183
171
165
185
215
209
181
196
210
177
146
161
165
123
101
131
129
74
99
97
116
165
166
152
142
155
175
176
163
103
60
66
33
44
49
17
24
2
-31
-42
-33
-1
58
110
119
136
128
154
198
164
150
148
121
106
115
125
78
40
80
76
53
41
63
67
36
27
5
62
95
53
32
46
29
15
-24
-52
-56
-56
-98
-150
-134
-145
-144
-158
-147
-113
-97
-131
-125
-69
-64
-57
-26
-22
-73
-19
-40
-26
-49
-125
-159
-207
-152
-113
-120
-90
-127
-143
-139
-125
-76
-80
-60
-82
-73
-1
55
127
135
105
94
99
92
84
62
54
39
11
23
26
29
-16
-27
-38
2
15
8
-5
-66
-107
-139
-103
-65
-54
-97
-120
-117
-130
-97
-121
-167
-175
-171
-150
-118
-124
-127
-156
-161
-101
-116
-125
-108
-61
-64
-95
-86
-93
-106
-132
-118
-124
-114
-72
-92
-109
-129
-136
-129
-100
-75
-44
-23
-20
25
74
104
108
55
3
-14
-31
-34
-52
-56
-42
-4
5
23
2
-5
-4
-42
4
17
40
68
59
36
53
20
20
30
-6
-16
-67
-87
-84
-61
-68
-108
-127
-106
-97
-51
-31
-57
-58
-71
-44
-18
7
-10
-41
-52
5
29
2
-21
-13
-10
43
68
69
93
64
64
30
48
93
107
85
78
126
163
163
219
226
215
224
203
224
204
168
114
61
53
45
53
25
-2
1
18
32
30
18
42
29
70
139
187
212
195
184
185
201
152
107
74
62
59
52
28
36
25
38
63
45
48
26
60
74
124
165
187
152
101
111
111
106
82
63
23
53
30
-13
-18
-15
-17
-6
24
24
36
38
58
50
11
-29
-58
-49
-61
-86
-102
-113
-113
-144
-130
-85
-47
-61
-94
-80
-31
-6
-5
-8
13
34
44
53
44
57
27
-5
-33
-23
1
-6
-54
-101
-120
-164
-154
-141
-147
-157
-162
-120
-94
-87
-120
-109
-88
-56
-31
-77
-102
-117
-59
22
76
89
20
-11
-32
15
55
75
72
21
-11
-29
-34
-6
11
51
56
-2
4
8
2
-19
-32
-71
-88
-42
-20
-39
-78
-119
-156
-137
-113
-82
-48
-83
-119
-122
-99
-98
-70
-77
-108
-113
-128
-140
-142
-144
-160
-133
-110
-125
-122
-104
-42
-13
-1
41
46
63
62
97
110
145
156
148
161
167
196
202
209
201
168
141
115
96
74
68
72
66
44
-3
-14
-28
-2
43
33
34
10
1
-28
-72
-39
-8
6
37
-24
-65
-78
-91
-83
-92
-77
-61
-66
-45
-61
-68
-59
-82
-77
-89
-69
-76
-66
-73
-34
-32
-54
-65
-72
-60
-69
-36
-9
27
57
48
21
0
-23
-48
-42
-50
-79
-113
-130
-145
-152
-174
-209
-238
-268
-253
-218
-197
-190
-197
-180
-170
-206
-190
-137
-109
-68
-53
-71
-84
-84
-96
-109
-103
-99
-78
-100
-88
-82
-58
-41
-53
-42
-50
-91
-109
-61
-44
-47
-87
-44
0
40
28
-12
8
22
59
66
74
45
32
23
46
104
114
113
124
115
115
120
172
224
216
224
218
208
210
180
196
191
189
211
213
193
179
188
210
230
229
235
216
178
151
120
124
132
105
75
60
73
76
104
85
65
73
94
72
37
-35
-60
-32
-37
11
-26
-17
6
-11
-2
-20
-64
-103
-117
-111
-92
-66
-52
-72
-45
-24
-6
-42
-67
-40
-26
4
-11
-32
-48
-76
-53
-39
-30
-52
-111
-133
-153
-146
-124
-108
-62
-95
-121
-105
-119
-98
-69
-64
-56
-3
5
-9
-19
10
-8
-57
-53
-61
-31
-27
-96
-139
-148
-136
-139
-186
-228
-223
-220
-155
-133
-144
-174
-249
-250
-254
-247
-211
-200
-227
-222
-215
-200
-170
-136
-89
-62
-44
-27
-26
-10
21
61
65
30
47
64
47
54
33
8
20
15
19
59
88
92
101
121
126
126
119
131
126
127
115
71
104
111
118
104
99
55
6
-6
-54
-62
-35
-16
-51
-101
-98
-116
-93
-81
-97
-88
-51
-22
-32
-60
-58
-83
-55
-65
-63
34
59
41
-22
-52
-56
-76
-94
-63
-61
-61
-88
-104
-77
-56
-71
-96
-138
-135
-110
-128
-99
-108
-128
-147
-178
-196
-213
-224
-198
-199
-172
-162
-142
-84
-18
6
23
18
20
87
99
124
129
157
175
165
113
101
89
46
45
46
31
38
55
52
80
100
110
86
84
68
69
60
43
49
-1
-17
-38
-16
-21
-31
1
-6
-35
-65
-37
5
46
51
4
-24
-49
-22
33
77
32
-33
-55
-53
-43
-17
-24
-29
-46
-20
11
11
41
-5
-30
4
39
116
146
163
174
184
191
172
184
162
122
109
66
29
32
20
-5
-38
-120
-128
-122
-106
-64
-81
-60
-33
-34
-58
-42
-22
-59
-37
-1
20
21
18
-8
7
24
47
46
63
89
94
106
124
137
104
73
43
69
87
101
132
127
117
105
81
48
16
1
9
37
10
13
-13
-57
-79
-100
-111
-120
-140
-166
-188
-252
-276
-299
-276
-240
-268
-293
-307
-314
-297
-288
-259
-204
-180
-156
-128
-119
-83
-52
-54
-92
-110
-98
-64
-25
-2
1
-5
15
55
63
62
63
71
96
98
104
88
127
136
145
142
130
113
117
123
120
125
131
107
35
44
16
24
19
13
6
-13
-19
-10
-34
-79
-53
-45
-71
-94
-90
-125
-144
-160
-143
-85
-48
-58
-75
-96
-85
-108
-117
-72
-46
-29
-60
-72
-68
-82
-79
-71
-11
24
21
30
26
59
58
7
-14
-6
-2
-22
-31
-39
-66
-65
-64
-92
-69
-51
-35
-22
-17
18
26
-2
4
53
94
124
107
65
13
5
23
29
11
-28
-50
16
30
11
30
43
78
83
100
102
130
123
117
125
171
197
186
151
102
89
113
105
90
98
94
97
115
157
135
115
92
75
93
115
144
111
68
81
79
65
23
10
-1
-33
-56
-90
-79
-74
-87
-94
-85
-64
-58
-77
-95
-100
-91
-54
-38
-26
-31
-83
-119
-106
-61
-55
-103
-101
-98
-59
-8
47
50
-14
-34
-23
25
52
84
102
103
114
123
134
118
113
97
50
65
86
69
16
4
5
25
37
2
-5
-25
-17
-21
-37
-34
-37
-34
-8
24
48
60
79
70
12
-22
-13
-21
5
-6
-27
-48
-51
15
20
35
35
29
34
36
35
4
-14
-19
1
7
10
1
-19
-31
-53
-92
-120
-74
-53
-89
-81
-74
-46
-21
-23
-58
-89
-67
-35
-41
-53
-45
-70
-50
-28
-49
-69
-57
-65
-44
-46
-57
-55
-48
-11
21
-7
-21
-44
-28
-10
0
32
21
19
38
74
105
98
75
73
29
59
34
52
98
95
80
47
50
77
116
147
100
14
-27
-60
-62
-53
-109
-165
-232
-271
-218
-193
-188
-146
-174
-215
-242
-214
-172
-155
-118
-60
7
31
37
16
30
45
66
74
81
81
58
46
58
59
48
10
14
67
89
142
117
103
114
85
82
85
92
96
63
38
-2
-18
-11
-38
-67
-60
-64
-114
-83
-53
-72
-76
-88
-51
-5
3
37
34
39
17
10
26
26
55
43
59
97
119
117
132
173
185
193
206
196
177
188
213
241
261
294
340
337
318
267
257
243
228
222
210
153
119
83
69
79
54
32
42
17
37
66
65
68
1
13
18
20
67
45
11
-4
-36
-35
-25
-38
-64
-105
-107
-62
-40
-52
-65
-37
-5
38
21
10
18
4
-2
3
28
108
155
121
85
57
67
70
51
80
63
71
78
74
79
88
58
33
12
-22
-32
-10
39
57
42
12
26
7
-14
-22
-53
-65
-51
-42
-54
-54
-69
-105
-123
-141
-126
-138
-131
-124
-139
-97
-104
-86
-108
-111
-82
-101
-93
-84
-64
-87
-104
-105
-84
-100
-158
-165
-152
-122
-113
-163
-216
-229
-220
-168
-125
-131
-150
-133
-108
-135
-170
-171
-172
-201
-187
-150
-125
-125
-137
-155
-144
-105
-76
-58
-63
-31
19
64
81
63
62
32
49
94
120
136
142
110
87
111
140
159
110
80
51
45
73
84
83
55
25
31
53
66
81
43
50
