94
157
168
196
159
151
156
191
152
145
171
149
128
81
35
11
3
0
0
0
0
0
-1
0
0
0
0
0
-1
0
0
0
1
0
-1
0
0
0
0
0
0
0
0
0
0
0
0
0
0
0
0
0
0
0
-1
0
0
0
0
0
0
0
0
0
0
0
0
0
1
0
0
0
0
0
0
0
1
0
0
0
1
1
0
0
0
-1
1
1
0
0
0
0
0
0
0
1
0
0
0
1
0
0
0
0
0
-1
0
0
0
0
0
0
0
0
0
0
-1
-1
-1
0
0
0
0
-1
0
0
0
0
0
0
0
0
0
1
0
1
0
0
0
0
0
0
1
-1
0
1
-1
0
0
0
0
0
0
0
-1
0
0
0
-1
0
-1
0
0
0
0
0
-1
0
0
0
0
0
0
-1
0
-1
20
38
11
30
54
74
78
61
72
76
84
117
117
102
84
74
106
116
120
97
58
42
4
-4
25
39
34
29
73
93
87
49
31
9
8
23
17
24
23
31
-8
-1
-35
-102
-111
-95
-79
-72
-83
-118
-133
-132
-133
-130
-146
-155
-173
-145
-120
-96
-74
-113
-95
-82
-52
-19
8
40
22
25
27
52
109
117
130
104
117
135
158
67
0
9
-6
-2
-9
4
2
-4
-7
-10
-14
-15
-13
-4
-3
2
6
1
-2
6
-9
-2
-5
-3
6
-11
-11
-9
-5
-8
-2
-5
-14
-5
-6
-1
11
1
0
-2
0
6
-1
3
3
-2
-12
-6
-1
-2
3
-9
-6
3
-10
-12
7
-6
-12
1
3
6
-3
-2
11
18
11
13
-10
-3
-1
-2
14
1
0
6
2
2
1
-4
-1
-1
7
12
7
14
16
3
-7
-3
7
8
11
0
8
9
14
3
0
-1
-5
3
-1
3
1
3
0
9
-2
-3
4
9
18
16
-2
0
16
0
-3
-7
3
7
4
0
-2
10
6
-15
-5
3
2
12
5
3
2
-11
-9
-1
3
0
-3
8
13
17
10
3
10
9
5
9
-1
3
17
6
-1
-5
-6
0
1
8
9
0
2
15
19
2
0
-2
5
7
-2
10
1
10
5
3
-13
-13
3
-10
4
7
-8
-6
0
4
14
7
2
-2
-13
9
20
7
7
-8
-3
3
-1
11
20
7
6
11
-4
2
2
3
-1
-15
-14
3
9
3
-4
-2
-10
-8
-1
6
3
-8
-11
0
13
3
3
-1
0
-3
-2
3
1
-3
-16
-22
-8
-14
3
18
9
4
0
4
-6
-1
12
-2
0
-3
-1
0
-10
-2
-7
-4
-4
-17
-15
-19
-4
-1
0
-1
-7
-5
11
9
4
6
-1
-3
0
-12
-7
0
-8
-12
0
10
2
-3
-8
-16
-6
-4
-1
-13
-21
8
6
2
-9
0
20
12
-9
-18
-8
-10
0
5
2
-8
-11
-8
-14
-5
-11
4
11
-16
-21
-29
-15
-5
1
9
9
8
1
-6
-13
-3
4
11
8
3
8
10
12
4
4
12
0
-1
-4
-2
1
-7
-1
10
-1
-3
-2
-1
13
9
6
2
0
-11
0
3
-6
6
4
5
6
-4
-8
-8
-13
-14
-2
6
5
9
7
-6
1
-1
-3
-6
-7
-5
0
-8
7
12
13
6
-8
11
0
1
11
10
18
7
-1
-3
7
16
8
0
-6
-5
-13
-21
-28
-25
-25
-14
-7
-3
24
30
18
8
-11
-8
2
20
29
8
-6
2
9
11
9
-6
8
20
4
-12
-26
-16
-11
11
15
17
24
2
-5
-12
-3
1
-16
13
24
-9
-7
16
18
25
25
-1
-2
15
29
29
18
14
-2
-15
4
15
31
22
-3
0
1
1
1
-21
-24
-7
-10
28
33
-2
-25
-49
-33
-17
-19
-10
11
-4
-10
8
19
11
-8
4
12
-15
-26
-11
19
-50
-28
47
22
-49
-94
-26
20
45
-14
-66
11
32
-4
-45
-41
-28
-2
28
13
-21
-35
3
37
3
-26
-23
19
21
16
-8
-47
-17
33
62
-6
-61
-49
13
44
16
-34
-17
14
34
22
-51
-47
4
14
-25
-53
-5
25
19
-16
-55
-33
14
25
9
-13
-47
-17
20
40
8
-26
-9
26
30
-4
-17
-11
15
12
-13
-23
-17
-6
-9
-18
-9
-19
-6
9
18
11
-10
11
10
1
-4
-8
-11
-19
-23
-23
-23
-33
-14
6
28
-2
-7
15
8
6
4
13
7
11
-6
-12
-9
-8
12
-5
-26
-19
-14
6
31
15
6
-11
3
29
1
-21
-38
-21
30
28
11
10
22
28
31
10
7
-6
-23
-30
-18
14
30
13
-2
-21
-25
-3
14
26
26
2
3
9
20
36
22
1
-17
1
15
10
16
0
-8
21
15
7
-10
-6
3
5
-6
-34
-45
-7
19
1
-1
-14
21
36
55
72
61
45
57
48
24
47
68
92
111
110
91
73
-11
15
86
37
18
-10
20
20
-9
-38
-27
15
-21
-56
-40
21
36
16
-4
-50
-58
-21
36
52
44
23
29
49
37
38
50
50
45
23
25
27
16
29
14
12
19
48
41
3
37
54
18
-36
-65
-49
-16
-39
-52
-3
-14
-61
-54
-5
34
29
18
-2
2
-5
-42
8
33
9
-10
-37
-18
-4
-21
-17
-37
-21
2
22
-11
-61
-50
-15
-2
-56
-88
-67
-8
-13
2
14
19
22
-1
-36
-56
-49
-29
-26
-12
-6
-33
-6
5
0
9
29
28
-24
-51
-34
-6
-48
-51
-49
-44
-42
-69
-42
-39
-28
-13
-20
-23
-53
-64
-45
-15
19
9
-20
-43
-50
-27
-16
-25
-36
-68
-18
16
43
44
24
21
-10
-8
-2
-18
-53
-88
-99
-71
-44
-9
19
-3
-20
-34
-46
-49
-54
-45
-32
-35
-38
-96
-86
-63
-53
-32
-41
-73
-94
-55
-30
35
80
95
77
75
58
34
33
12
3
-5
-6
8
38
51
6
6
38
-18
-66
-59
-21
-28
-47
-57
-63
-52
-39
-11
1
9
21
0
4
16
27
16
-13
-2
9
27
29
30
34
20
-14
2
21
7
-30
-31
-25
-15
28
17
59
75
55
20
-12
-31
-28
-11
-13
-38
-55
-77
-83
-41
-39
-33
-39
-35
-49
-60
-92
-66
1
24
15
13
58
71
71
48
65
108
157
169
156
132
126
141
153
186
174
133
129
109
98
68
58
67
78
69
74
125
162
153
102
43
25
30
41
52
59
51
18
21
39
-2
-5
6
5
57
27
28
34
45
98
104
116
96
91
90
53
46
56
108
115
100
101
84
63
29
18
-18
-11
1
14
18
-17
-38
11
51
55
55
32
28
24
5
-34
-70
-60
-63
-70
-33
-5
-21
-17
12
27
71
90
74
58
51
61
66
79
78
69
38
32
33
47
88
93
75
69
70
50
5
-30
-59
-78
-61
-52
-50
-65
-86
-59
-17
-16
-5
-9
-48
-35
2
35
26
33
42
35
25
0
5
18
19
5
-25
-45
-68
-90
-115
-120
-106
-105
-122
-116
-121
-114
-109
-98
-98
-118
-118
-115
-110
-138
-124
-122
-111
-59
-40
-36
-49
-32
-56
-79
-58
-79
-67
-62
-44
-41
-32
-17
4
13
-10
-21
-2
4
-7
-29
-29
-19
1
4
-1
18
-6
-16
-16
-13
-21
-35
-27
-9
-13
1
-31
-31
-33
-45
-42
-17
-6
-15
-6
-14
-28
-36
-22
16
0
-70
-100
-86
1
12
0
-20
-29
-10
16
6
-2
9
-19
-50
-69
-51
-45
-34
-26
-43
-49
-37
-82
-102
-93
-112
-136
-139
-166
-187
-151
-130
-139
-104
-91
-89
-77
-76
-71
-53
-21
-30
-12
22
18
29
36
19
26
7
24
40
28
2
-6
27
42
31
24
84
90
70
35
68
109
92
87
55
20
35
68
86
110
91
54
49
85
94
91
106
94
52
27
-4
5
8
8
14
14
17
13
33
62
66
52
60
43
19
-13
8
6
16
42
45
64
82
122
133
128
128
139
135
111
87
53
14
16
47
56
56
74
40
4
10
14
23
4
-56
-68
-68
-68
-62
-47
-38
-78
-60
-10
-11
-3
-16
-9
5
40
63
87
129
151
148
118
101
95
123
106
80
100
69
59
93
84
120
162
123
130
133
122
106
82
73
83
87
86
95
68
73
96
123
126
109
102
55
46
66
72
76
91
129
127
130
144
163
153
119
85
87
98
96
86
72
-3
-23
-42
-50
-28
-68
-102
-87
-74
-61
-55
-54
-54
-51
-44
-42
-8
2
-3
-14
24
28
21
-5
-18
-7
-37
-65
-62
-56
-39
-49
-104
-114
-69
-53
-42
-46
-71
-62
-51
-43
1
-12
-29
-22
8
28
20
37
21
8
45
23
-49
-28
1
-6
-29
-56
-41
-45
-81
-110
-135
-112
-117
-141
-152
-161
-148
-186
-210
-203
-191
-194
-199
-172
-153
-123
-102
-100
-80
-121
-130
-127
-129
-61
-58
-92
-116
-89
-58
-68
-58
-96
-116
-121
-125
-89
-125
-204
-198
-168
-146
-150
-116
-149
-154
-169
-189
-128
-97
-99
-117
-89
-50
-18
-13
24
55
53
65
56
50
12
0
12
1
-3
-37
-40
-1
-44
-63
-35
-34
7
-12
-31
-8
-4
25
7
-5
-1
31
41
22
28
31
83
84
88
71
25
33
24
40
57
0
20
7
10
17
-5
-18
-66
-67
-78
-81
-94
-108
-88
-76
-37
-36
2
7
-8
7
28
78
86
69
56
66
56
81
70
71
34
-1
36
41
25
28
16
41
58
59
63
33
66
39
39
63
49
21
22
53
54
72
78
73
62
51
37
37
30
58
90
83
82
92
104
104
117
150
181
178
195
200
130
147
170
174
191
202
235
266
274
265
205
135
80
16
24
12
5
5
-17
-25
19
39
13
1
-28
-19
19
22
3
-10
-13
-9
-4
-35
-43
-21
2
-8
-80
-119
-137
-123
-115
-151
-143
-159
-122
-110
-108
-133
-172
-131
-123
-100
-107
-124
-117
-73
-60
-52
-58
-34
-15
18
62
85
109
61
66
69
82
95
112
87
-5
-43
-81
-76
-52
-67
-96
-105
-91
-65
-64
-69
-146
-196
-197
-206
-165
-156
-137
-77
-63
-89
-73
-9
-35
-52
-64
-118
-97
-76
-57
-31
-62
-94
-95
-110
-96
-157
-202
-228
-229
-199
-226
-241
-221
-245
-268
-245
-189
-200
-202
-246
-262
-259
-215
-278
-172
-197
-89
-157
-24
-225
-292
251
-139
129
-176
-316
-12
-35
-37
-167
-109
-171
-156
-210
-160
-245
-261
-122
-133
-121
-159
-47
-230
113
-228
-68
39
-188
88
-196
-56
-143
-181
-31
-172
-96
-135
-191
-178
-168
-152
-96
-89
-110
-118
-99
-14
25
-45
-24
-79
-32
-62
-52
-17
10
-19
-29
35
7
38
40
46
3
25
111
147
149
122
125
177
218
260
222
176
213
128
150
97
107
111
109
135
147
57
-120
359
142
296
90
-34
309
103
310
46
182
193
227
302
305
335
172
280
171
213
212
177
177
182
167
127
150
143
145
182
124
100
116
152
138
139
93
151
203
149
220
128
205
234
211
238
223
273
246
351
254
269
243
311
307
269
366
348
422
319
319
334
295
265
241
206
209
203
179
199
156
139
102
79
76
38
10
12
29
10
-3
-33
36
-19
87
59
140
-58
-151
168
155
144
-364
-312
-92
265
-20
-324
-268
-56
48
-169
-187
-232
-161
-157
-102
-115
-137
-162
-115
-71
-98
-94
-95
-87
-165
-159
-100
-87
-31
3
0
39
28
66
22
41
11
-3
-3
-29
15
-31
36
75
47
52
32
-16
-63
-88
-27
-15
-62
-86
-85
-69
-90
-70
-89
-68
-124
-176
-117
-116
-153
-145
-155
-225
-244
-212
-195
-194
-181
-215
-194
-135
-187
-203
-219
-231
-208
-174
-195
-255
-287
-299
-277
-265
-272
-300
-356
-380
-387
-363
-389
-376
-388
-441
-386
-388
-386
-357
-350
-300
-363
-383
-345
-343
-339
-400
-410
-390
-398
-416
-430
-363
-360
-355
-347
-353
-304
-333
-354
-357
-392
-359
-420
-430
-392
-428
-455
-473
-494
-419
-382
-402
-388
-392
-399
-378
-376
-355
-476
-462
-275
-449
-362
-397
-431
-267
-348
-405
-399
-440
-381
-350
-354
-278
-323
-280
-229
-285
-273
-173
-241
-198
-209
-251
-221
-280
-198
-161
-127
-189
-291
-225
-67
-112
-57
-278
-139
21
91
-154
-140
-703
-129
821
-335
-108
-732
-375
1012
30
-361
-597
-188
633
96
-185
-258
-204
241
356
-105
-201
-42
84
284
-55
-134
83
286
339
213
14
-353
338
424
484
344
-271
331
588
478
465
194
39
498
477
424
394
100
343
420
511
513
252
405
629
595
186
220
492
498
581
249
339
335
384
577
601
555
354
266
476
702
538
330
348
278
87
733
455
548
376
-97
482
403
437
445
377
329
488
462
637
628
424
544
490
547
579
560
490
462
449
466
484
470
400
253
544
531
372
327
150
579
451
210
412
375
288
286
246
321
484
216
274
291
192
395
373
360
117
529
202
204
358
213
526
-15
-157
231
269
132
71
-291
47
613
-175
437
-207
94
530
-400
54
133
124
568
-925
116
1399
-569
95
-74
-9
1134
-157
-494
225
501
359
382
-299
-453
847
84
-529
661
-151
-318
757
-478
-60
533
-417
-178
-254
-1
328
89
61
-153
-221
-204
237
113
-420
-169
-35
-77
-9
-162
-13
-147
-238
-80
-141
-393
-90
43
-354
-356
29
-213
-386
-395
-184
-457
-285
-335
-5
-750
-343
360
-918
398
-581
-499
139
-646
115
-329
-449
-142
-448
-14
-177
-390
-107
-274
-314
-237
-205
-336
-221
-277
-389
-76
-197
-193
-306
-266
-159
-162
-214
-272
-329
-335
-409
-319
-331
-293
-451
-255
-293
-495
-398
-320
-388
-440
-316
-326
-457
-552
-446
-384
-485
-363
-334
-379
-292
-398
-425
-314
-256
-265
-299
-379
-410
-317
-267
-384
-393
-387
-403
-265
-258
-322
-330
-368
-361
-249
-271
-238
-211
-281
-283
-224
-145
-249
-243
-158
-177
-46
-116
-156
128
-31
-111
-5
-54
30
190
60
20
147
157
138
128
61
146
215
29
188
327
162
94
223
194
80
301
260
222
362
306
347
300
230
209
271
157
157
309
288
269
196
230
319
325
224
286
308
230
225
236
209
167
161
38
46
90
192
277
130
237
244
151
100
126
372
163
151
375
451
303
201
330
280
120
210
281
237
248
235
287
217
229
262
260
214
271
253
187
243
314
340
304
213
243
370
397
174
269
342
242
375
338
400
314
320
410
372
360
332
336
297
312
414
395
329
267
308
333
253
254
275
206
207
213
126
93
83
216
185
29
166
226
126
73
83
30
10
-9
3
109
53
-50
52
-44
-118
99
74
-135
-31
118
36
14
44
151
99
69
174
152
139
90
149
150
38
1
65
51
-53
18
-31
-68
-46
-75
-63
-145
-184
-135
-116
-120
-135
-80
-257
-261
-69
-117
-125
-171
-165
-35
-191
-208
-106
-120
-162
-198
-79
-98
-103
-70
-177
-243
-169
-173
-194
-95
-24
-31
-201
-227
-92
-66
-113
-133
-60
-51
-107
-68
82
-23
-13
-41
77
200
122
100
-3
-36
-4
125
4
-53
36
-51
-127
-149
-105
-41
-189
-125
-95
-147
-124
-64
-4
-111
-113
-7
-108
-56
-10
26
-64
-153
13
41
-45
-91
35
91
117
32
13
125
91
190
247
41
73
190
198
61
44
260
204
95
169
196
11
-42
50
92
17
54
-39
-95
23
90
76
-56
57
194
53
-208
-168
-63
-21
66
11
-115
-173
-131
99
-28
-104
-22
-167
-103
48
-21
-90
-27
71
41
31
15
61
-14
-86
93
99
-2
77
182
142
82
129
118
56
97
134
54
-20
68
60
-98
-11
131
99
45
76
152
97
82
125
60
16
72
86
10
63
167
188
124
97
169
154
98
99
18
100
144
104
62
69
117
41
89
124
83
46
97
82
-11
-54
38
76
6
97
115
-27
47
29
-43
-67
-38
29
-86
-61
29
-12
-69
-13
6
-74
-90
-73
-117
-222
-102
-50
-72
-43
-59
-94
-198
-55
-18
-135
-140
-158
-108
-150
-143
-109
-238
-212
-82
-202
-260
-155
-183
-242
-308
-227
-232
-346
-308
-251
-237
-248
-240
-299
-447
-305
-197
-444
-464
-367
-373
-393
-375
-431
-388
-327
-373
-323
-362
-315
-266
-265
-239
-147
-147
-181
-161
-173
-130
-6
35
-59
-57
36
-39
-46
56
14
3
-2
89
127
48
20
-100
-104
-44
-8
-12
-89
-5
-3
-69
-118
-173
-195
-237
-248
-177
-68
-121
-192
-167
-205
-156
-94
-198
-161
-173
-131
-154
-166
-59
-92
-214
-291
-226
-83
55
1
-3
33
-50
-25
-4
-77
-22
-8
-17
17
34
142
14
-106
-78
-35
43
-2
3
55
-8
-11
26
-21
-16
60
43
60
91
21
10
-1
-45
-30
-15
-84
-45
116
103
2
61
76
57
42
109
191
76
140
253
244
109
91
97
36
137
199
252
117
71
240
212
145
259
266
310
310
342
369
195
191
289
240
220
401
325
120
223
220
259
199
166
356
322
270
315
296
276
351
329
197
139
287
336
291
239
316
276
148
148
155
144
187
172
181
147
138
193
122
155
157
123
81
108
47
1
-58
-115
-40
-18
-44
-39
23
112
120
75
106
152
158
48
-3
45
91
96
28
-49
-93
14
31
12
127
113
-2
-108
-120
-42
0
3
15
20
88
167
119
23
11
82
20
52
45
35
47
56
-24
-68
-99
-50
-99
-66
92
41
6
-107
-88
-72
-48
-44
-10
27
28
82
-16
5
79
80
-10
29
88
28
94
166
150
28
12
158
241
166
127
120
73
82
113
11
-19
13
-9
-75
-59
-12
-76
-80
-36
-88
-136
-134
-110
-116
-128
-82
-101
-151
-109
-92
-172
-173
-117
-137
-149
-178
-120
-173
-193
-110
-222
-331
-277
-174
-214
-336
-417
-318
-354
-416
-345
-251
-299
-344
-412
-439
-326
-335
-291
-356
-321
-253
-317
-270
-237
-252
-198
-158
-265
-309
-344
-342
-324
-359
-407
-390
-360
-324
-264
-288
-241
-228
-320
-350
-225
-99
-146
-160
-119
-242
-306
-221
-150
-103
-57
-106
-183
-173
-149
-32
-92
-151
-103
-160
-179
-105
-104
-205
-282
-233
-216
-226
-158
-195
-203
-182
-216
-212
-200
-137
-106
-148
-144
-124
-151
-89
-104
-144
-76
-62
-79
-144
-41
-45
-122
-45
-59
-85
-145
-165
-101
-154
-172
-67
-42
-105
-85
8
-22
-18
63
128
132
160
93
62
66
108
150
133
199
208
167
79
111
218
155
124
147
160
107
58
55
57
87
107
43
21
6
30
8
-25
27
-44
5
12
20
36
69
52
154
178
178
151
110
195
163
121
119
170
183
132
167
123
160
227
191
188
136
191
226
168
214
188
177
262
298
293
288
321
350
226
221
238
181
252
262
182
165
277
286
289
237
162
241
218
166
275
322
213
219
249
194
221
229
210
111
92
40
103
246
226
189
65
44
122
197
170
173
182
132
206
245
245
247
281
267
177
165
165
120
63
70
112
54
20
57
32
29
50
6
15
43
49
-77
-123
-19
-19
58
45
-15
-13
53
87
110
54
91
68
8
-7
-7
52
-46
-58
-38
14
42
23
-58
-59
-55
-83
-26
-12
-31
-23
23
1
-1
48
-18
-59
-38
-61
13
15
8
44
44
18
66
124
67
31
32
41
65
71
24
4
-17
-12
18
46
87
32
-80
-78
22
95
20
-118
-99
-42
-48
-27
-98
-64
-97
-176
-125
-157
-105
-98
-76
-78
-114
-23
-47
-29
-50
-98
-13
-84
-103
-23
-111
-140
-53
-68
-122
-167
-150
-152
-167
-69
-75
-153
-135
-135
-112
-97
-77
17
-34
-97
-68
-45
-71
-130
-127
-176
-189
-149
-229
-187
-186
-173
-149
-141
-104
-142
-168
-189
-169
-144
-166
-115
-38
-66
-184
-191
-188
-136
-120
-164
-173
-208
-181
-157
-137
-92
-71
-149
-185
-121
-66
-5
2
-94
-135
-145
-131
-128
-87
-45
-85
-173
-164
-125
-86
-116
-160
-90
-122
-114
-24
108
124
126
78
71
86
70
71
30
31
-18
-32
-97
-108
-7
31
2
42
163
104
-27
1
-3
-9
-8
-30
-28
-67
-48
-11
-37
-91
-82
-60
-51
-15
-72
-73
-31
-44
-60
-73
-45
7
67
57
9
-14
-63
-106
-100
-79
-97
-95
-113
-89
-30
-73
-138
-110
-144
-153
-118
-154
-14
34
-65
-108
-146
-114
-155
-121
-105
-189
-123
-100
-119
-124
-139
-105
-135
-189
-95
-71
-92
-100
-74
-69
-95
-82
-101
-83
-47
-83
-41
14
14
2
-60
-33
18
102
156
194
100
70
108
46
59
70
87
25
68
108
53
40
69
11
6
34
-49
-22
-14
-17
-52
-28
-21
47
-12
-64
-21
-47
-26
-89
-28
-36
-101
-86
-114
-100
-44
2
-5
14
23
43
105
127
183
129
71
117
91
46
118
175
141
103
105
40
58
109
109
110
38
58
194
210
206
238
189
158
215
257
181
162
231
158
61
89
76
49
4
-39
11
-9
-1
-4
-40
25
60
-4
-46
-58
-37
-57
-12
26
62
78
24
-16
-2
49
79
125
70
31
75
98
120
145
29
69
123
159
201
208
183
103
152
187
194
250
302
254
179
137
167
210
169
147
130
115
129
90
86
31
73
50
-66
-39
-19
43
26
61
106
22
-41
-34
-3
8
8
10
-11
13
-26
-64
-37
-74
-63
-116
-131
-49
10
7
-34
-34
-28
-12
50
82
54
-29
14
48
48
24
-12
-28
-51
-106
-130
-109
-201
-244
-223
-221
-260
-304
-254
-333
-347
-343
-324
-301
-290
-266
-277
-282
-260
-247
-197
-179
-143
-93
-155
-180
-121
-205
-294
-273
-322
-282
-240
-194
-152
-185
-218
-187
-152
-177
-277
-182
-139
-163
-117
-160
-185
-250
-195
-80
-83
-137
-178
-247
-185
-125
-160
-130
-47
-29
-49
-44
-55
-15
9
-38
0
58
83
115
31
9
72
59
4
-20
-27
-19
-31
-68
-100
-176
-192
-170
-188
-197
-128
-79
-121
-49
-36
-1
15
-20
-28
-103
-81
-23
-33
6
14
17
-57
-108
-51
15
2
-71
-50
0
3
37
-29
-95
-106
-152
-142
-147
-105
-146
-179
-153
-152
-130
-190
-278
-220
-142
-180
-272
-363
-304
-281
-266
-307
-292
-283
-317
-378
-411
-310
-249
-274
-303
-264
-281
-251
-194
-165
-130
-200
-254
-187
-126
-103
-124
-163
-155
-191
-184
-166
-141
-151
-165
-170
-220
-198
-117
-128
-101
-79
-99
-59
-39
29
36
-12
-17
-61
-133
-108
-58
-62
-78
-81
-69
-98
-81
-57
-16
-28
-39
-20
-40
-2
7
-41
-80
-112
-124
-97
-119
-123
-107
-111
-77
-73
-94
-40
-25
2
-15
19
77
83
74
75
153
161
116
160
101
34
18
2
90
73
50
16
-15
-29
-49
-88
-99
-34
26
8
9
26
-15
-43
-82
-95
-61
-68
-11
96
82
109
153
148
119
58
88
60
24
16
78
181
122
10
51
43
59
103
99
93
61
74
93
125
182
192
160
131
118
140
124
163
182
161
30
22
109
69
48
71
89
25
-10
-3
67
89
113
143
72
32
60
95
53
11
14
73
153
208
187
168
164
197
233
218
239
184
183
168
204
275
218
176
160
99
186
253
251
230
198
174
197
246
254
266
266
204
203
165
147
210
205
194
169
162
189
242
243
234
163
131
208
182
151
167
127
88
36
69
114
114
77
24
60
88
89
91
39
-4
22
-3
-13
-34
-7
29
-3
27
12
5
33
43
58
45
-27
-63
-71
-65
-80
-14
-7
-34
-10
-21
-45
-25
-21
-32
-65
-114
-79
-64
-22
10
3
10
-11
2
8
16
39
34
35
1
7
65
54
60
-3
-28
1
-21
-4
21
11
53
69
71
84
108
142
148
95
84
39
-5
-9
-49
-58
-72
-70
-92
-65
-14
-116
-144
-165
-144
-117
-166
-205
-252
-249
-294
-272
-313
-304
-262
-331
-364
-476
-493
-431
-410
-344
-361
-424
-409
-349
-354
-382
-347
-335
-309
-264
-263
-278
-296
-267
-306
-331
-302
-325
-320
-338
-333
-265
-178
-163
-163
-88
-100
-119
-69
-23
41
17
-10
0
37
40
59
72
61
54
59
62
107
129
53
-1
23
65
67
61
65
47
36
89
121
111
93
65
6
3
41
71
38
35
80
94
95
119
149
114
110
166
150
111
120
181
221
187
142
158
151
98
114
164
151
106
80
81
73
-13
-64
-77
-119
-168
-213
-217
-289
-318
-325
-419
-507
-510
-536
-624
-572
-580
-654
-688
-745
-767
-785
-853
-865
-852
-833
-803
-829
-846
-839
-778
-743
-773
-796
-811
-761
-759
-791
-762
-711
-646
-616
-603
-570
-445
-346
-216
-40
90
247
386
558
718
834
969
1103
1214
1352
1503
1598
1721
1822
1856
1900
1886
1864
1852
1785
1772
1740
1670
1590
1525
1470
1389
1398
1336
1278
1284
1211
1134
1112
1043
974
909
850
840
864
831
791
711
632
567
481
442
436
470
445
445
484
457
380
399
400
347
326
309
287
197
130
47
-62
-178
-273
-362
-501
-583
-670
-763
-803
-907
-1064
-1171
-1236
-1292
-1372
-1491
-1558
-1722
-1898
-1988
-2058
-2156
-2280
-2357
-2352
-2401
-2399
-2390
-2412
-2381
-2291
-2171
-2075
-1860
-1497
-1129
-893
-669
-479
-179
152
491
927
1219
1376
1607
1951
2316
2459
2560
2721
2896
2933
2884
2984
3030
2940
2728
2522
2333
2063
1868
1816
1702
1402
1071
908
829
598
366
198
43
-165
-311
-286
-319
-390
-503
-599
-652
-699
-700
-645
-576
-589
-617
-538
-368
-200
-151
-91
36
219
440
665
804
899
969
1095
1259
1437
1627
1700
1740
1811
1858
1881
1875
1862
1826
1710
1545
1460
1398
1323
1148
924
686
451
294
163
6
-275
-512
-665
-831
-933
-1023
-1188
-1358
-1542
-1648
-1681
-1718
-1790
-1933
-2049
-2117
-2087
-2037
-2039
-2144
-2271
-2408
-2497
-2485
-2462
-2484
-2579
-2628
-2604
-2634
-2693
-2730
-2828
-2959
-2958
-2855
-2748
-2667
-2413
-2089
-1865
-1659
-1352
-961
-683
-345
32
400
705
981
1342
1642
1769
1862
2069
2264
2328
2310
2298
2317
2331
2231
2119
1972
1745
1519
1459
1419
1276
1032
822
747
596
389
276
186
68
-65
-178
-223
-263
-363
-444
-469
-501
-519
-478
-398
-308
-274
-238
-108
4
89
192
331
436
486
569
807
1160
1402
1490
1500
1635
1732
1798
1984
2166
2247
2212
2258
2309
2217
2118
1996
1903
1762
1576
1512
1452
1374
1120
743
435
181
-19
-107
-113
-223
-529
-780
-832
-901
-1084
-1287
-1432
-1586
-1690
-1678
-1657
-1723
-1834
-1932
-2016
-2086
-2131
-2203
-2244
-2270
-2379
-2496
-2525
-2526
-2608
-2745
-2839
-2921
-2970
-2991
-2940
-2884
-2832
-2741
-2502
-2182
-1936
-1665
-1380
-955
-631
-314
98
530
869
1111
1470
1847
2039
2122
2357
2582
2614
2553
2645
2826
2860
2686
2549
2456
2205
1914
1831
1859
1731
1478
1259
1139
976
728
570
462
346
172
79
104
83
-6
-115
-208
-198
-232
-256
-215
-156
-121
-150
-69
53
132
134
163
223
265
311
425
648
850
978
1166
1431
1670
1775
1799
1941
2086
2150
2253
2419
2484
2418
2293
2155
2059
1921
1760
1654
1554
1401
1187
929
720
418
66
-193
-360
-483
-655
-727
-847
-1094
-1332
-1532
-1628
-1808
-2045
-2192
-2217
-2267
-2380
-2489
-2606
-2712
-2898
-3041
-3081
-3165
-3275
-3343
-3392
-3445
-3549
-3724
-3794
-3860
-4056
-4156
-4000
-3699
-3503
-3336
-2955
-2644
-2431
-2176
-1747
-1191
-874
-464
195
776
1141
1517
2030
2411
2517
2672
2888
3076
3134
3145
3298
3342
3233
3007
2852
2660
2327
2047
1953
1897
1620
1276
1046
884
593
223
0
-134
-327
-520
-633
-590
-651
-818
-892
-909
-966
-1046
-1010
-845
-719
-662
-571
-345
-121
-29
45
199
354
421
550
791
1028
1178
1440
1725
1930
2171
2371
2516
2570
2586
2700
2804
2923
3034
3001
2847
2706
2622
2421
2159
1915
1692
1532
1356
1117
833
551
241
-175
-500
-648
-836
-1069
-1184
-1308
-1571
-1843
-2073
-2208
-2312
-2481
-2557
-2585
-2599
-2639
-2733
-2820
-2941
-3131
-3228
-3208
-3193
-3267
-3348
-3380
-3440
-3590
-3764
-3903
-3987
-4080
-4048
-3783
-3555
-3187
-2743
-2543
-2357
-2148
-1758
-1210
-784
-248
345
913
1391
1909
2506
2823
3021
3233
3375
3484
3475
3630
3860
3883
3740
3512
3385
3202
2930
2742
2587
2323
1960
1658
1528
1376
1027
650
343
32
-203
-370
-357
-413
-655
-846
-952
-948
-961
-995
-992
-1004
-1057
-988
-779
-482
-340
-324
-254
-142
-15
84
253
435
609
795
1011
1292
1629
1923
2188
2363
2470
2537
2637
2789
2908
2964
3013
3019
2935
2770
2569
2379
2101
1857
1579
1325
1128
895
670
398
67
-382
-798
-1116
-1395
-1636
-1749
-1816
-2011
-2196
-2376
-2484
-2724
-2963
-3134
-3298
-3354
-3301
-3245
-3247
-3340
-3494
-3535
-3617
-3657
-3737
-3811
-3900
-3965
-3981
-4091
-4136
-4275
-4431
-4294
-4031
-3617
-3081
-2718
-2456
-2253
-2028
-1521
-999
-419
187
700
1171
1639
2179
2688
2938
3081
3127
3193
3296
3336
3531
3582
3497
3337
3095
2900
2676
2486
2331
1932
1465
1220
1077
1047
911
614
405
114
-182
-363
-443
-387
-374
-482
-495
-452
-409
-353
-355
-333
-371
-373
-253
-30
163
282
421
534
639
725
867
998
1090
1161
1274
1434
1620
1870
2159
2398
2525
2589
2613
2646
2640
2697
2753
2789
2834
2871
2828
2606
2334
2072
1779
1456
1151
893
730
512
229
-55
-354
-712
-1172
-1523
-1767
-1961
-2114
-2188
-2212
-2280
-2408
-2528
-2697
-2818
-2965
-3103
-3100
-3079
-3073
-3095
-3081
-3119
-3238
-3426
-3528
-3655
-3797
-3892
-4000
-4135
-4312
-4380
-4199
-3760
-3262
-2779
-2559
-2391
-2199
-2010
-1555
-985
-259
396
931
1573
2276
2866
3255
3574
3800
3772
3634
3650
3954
4334
4416
4252
4077
3878
3584
3327
3073
2850
2480
1960
1703
1607
1540
1422
1141
842
452
5
-258
-441
-529
-635
-798
-782
-657
-521
-422
-400
-463
-592
-706
-663
-410
-155
21
176
360
592
803
1011
1186
1241
1249
1294
1411
1606
1866
2191
2426
2556
2722
2833
2867
2834
2784
2731
2621
2557
2561
2623
2567
2391
2195
1880
1468
1001
555
201
-20
-276
-588
-861
-1102
-1397
-1714
-2070
-2449
-2753
-3008
-3089
-3081
-3120
-3214
-3263
-3300
-3347
-3418
-3506
-3541
-3608
-3668
-3648
-3646
-3631
-3661
-3750
-3877
-4088
-4258
-4393
-4547
-4732
-4914
-4750
-4089
-3349
-2753
-2364
-2037
-1899
-1963
-1759
-1168
-341
313
897
1743
2700
3332
3640
4081
4329
4017
3436
3197
3566
3895
3867
3821
3886
3825
3412
2952
2565
2523
1806
847
223
-143
139
197
41
3
-105
-280
-720
-1131
-1366
-1707
-2056
-2105
-1728
-1117
-654
-379
-276
-101
-140
-373
-367
-249
-77
126
422
940
1483
1772
1862
1934
2031
1954
1717
1605
1765
1972
2235
2527
3113
3912
4409
4704
4167
3717
3171
2087
1767
1724
1763
2279
2105
2040
2213
1217
303
-670
-1352
-1487
-1900
-1776
-1179
-831
-1023
-1567
-2238
-2724
-3471
-4247
-4467
-4399
-4341
-4432
-4259
-4322
-4462
-4875
-5511
-5733
-5986
-6019
-5874
-5750
-5669
-5647
-5863
-6297
-6349
-7065
-6268
-3903
-568
3359
4988
5669
6392
5621
4227
3208
3005
4454
5004
4937
6496
7371
6488
4408
1882
841
-500
-2979
-3469
-2519
-1552
-1213
-1636
-917
213
-246
-1045
-1453
-1528
-1070
-729
295
2116
3585
4321
4199
3574
3085
2394
1520
857
465
731
969
1051
1338
1557
1498
777
-254
-909
-1202
-1394
-1115
-397
632
1586
2098
2437
2541
2075
1519
1147
1217
1361
1395
1947
2722
3320
3529
3628
3876
3775
3530
3166
2926
2753
2045
1723
1637
1525
1522
897
313
-36
-747
-1161
-1373
-1616
-1281
-1266
-1175
-815
-898
-677
-853
-1366
-1613
-1890
-1965
-2173
-2543
-2809
-3218
-3756
-4451
-5038
-5652
-6110
-6421
-6748
-6959
-6774
-6815
-6595
-6865
-7271
-7331
-7871
-8243
-8520
-7360
-3374
2450
7419
10532
11030
10511
9032
5354
2957
2373
2963
4026
4111
5067
6366
4587
1052
-2407
-4617
-5147
-6314
-6731
-4724
-2375
-367
1316
2555
4141
4478
2970
1876
1280
1716
3153
4104
5165
6058
5826
4844
2879
655
-734
-2242
-3440
-3673
-2954
-1632
-432
-97
109
194
-217
-356
-680
-480
-2
671
1791
3032
4013
4545
4581
3994
2698
1133
324
-18
-258
-419
-79
635
1281
1366
1548
1990
2315
2794
3038
4044
4693
4441
3958
2947
2437
2019
1272
947
419
-208
-487
-949
-1013
-1143
-1664
-1714
-1865
-1973
-1721
-1595
-1450
-1506
-1951
-2205
-2463
-3050
-3627
-4612
-5353
-5721
-6230
-6201
-6477
-6828
-7197
-7857
-8079
-8105
-8126
-7597
-7727
-7767
-8272
-8971
-9089
-7681
-2513
4368
10584
13542
13391
12573
9931
5424
2011
432
1173
2022
1745
3100
3936
1939
-1430
-4825
-5702
-5447
-6958
-7271
-5466
-2569
983
3580
5953
8087
7718
5881
3936
2436
2710
3621
4149
4783
4878
4549
3720
1375
-1128
-2797
-4070
-4653
-4730
-4116
-2578
-1424
-539
539
1342
1814
1751
1097
594
358
541
1743
3055
3663
3906
3795
3320
2224
510
-621
-1089
-1437
-1520
-1072
-107
944
1198
1337
1695
2587
3685
4804
6089
6596
7035
6359
5265
4050
2327
1105
51
-751
-710
-470
-92
6
-1005
-1664
-2169
-2494
-2318
-2236
-1801
-1142
-790
-499
-660
-1249
-1951
-3144
-4281
-5318
-6041
-6340
-6639
-7059
-7400
-7811
-8058
-8424
-8882
-9168
-9030
-9002
-8812
-8903
-9041
-8739
-8919
-5912
662
7888
13958
15291
14348
13329
8874
4016
498
-750
1004
980
266
1702
1967
506
-2139
-5034
-4822
-4776
-6441
-6224
-4193
-258
4230
6740
8736
9390
7739
5619
3135
1294
1317
1631
1989
2579
2146
1656
705
-1365
-2957
-4206
-5113
-4895
-4634
-3996
-2653
-1244
1071
3230
3858
3691
3070
2299
1773
1048
1121
2420
3426
3767
3841
3761
3606
2439
564
-755
-1429
-1596
-1429
-1163
-165
1288
2476
3539
4197
4541
4648
4965
5008
5772
6630
6466
6103
4195
2075
547
-1273
-2031
-2460
-2623
-1942
-1828
-1621
-1506
-1984
-2023
-2043
-1993
-1419
-1247
-885
-317
-625
-777
-1542
-2687
-3626
-5103
-5996
-6460
-6869
-7078
-7519
-7986
-8540
-9135
-9501
-9651
-9434
-9494
-9446
-9640
-9855
-9983
-7346
239
8374
15459
17113
15660
14665
9629
3681
-799
-2219
-51
81
-1161
-141
1119
696
-1657
-4472
-4487
-4127
-6035
-6549
-4540
246
5963
9220
10856
10632
8719
6227
3231
724
146
891
1845
2268
1605
985
299
-1303
-2728
-3883
-4629
-4652
-4587
-3826
-2340
-572
1934
4172
4695
4175
3349
2894
2696
1910
1422
2189
3276
3594
3328
2889
2791
2219
686
-768
-1725
-2041
-1958
-1521
-539
911
2228
3213
3530
3122
2779
2774
3636
4704
6141
7183
8495
8379
6679
4548
1047
-947
-2769
-4333
-4078
-3716
-2268
-1137
-1206
-1238
-1593
-1805
-2220
-2708
-2191
-1051
-258
161
-59
-591
-1222
-3243
-5254
-6822
-7605
-7404
-7346
-7124
-7045
-7510
-8274
-9009
-9491
-9876
-10100
-10533
-10465
-10164
-9861
-7998
-952
7467
14818
18326
15937
14772
10681
3816
-1233
-4180
-2690
-1292
-2376
-2002
73
645
-794
-3389
-4728
-4331
-5676
-6526
-4282
265
6073
9965
11403
10896
8847
6031
3183
784
-692
-609
58
690
453
-443
-864
-1142
-1790
-2904
-4305
-4822
-4334
-3265
-1883
-134
2398
5041
6079
5298
4032
3375
3005
2159
1226
1476
2961
3709
3212
2628
2306
1924
492
-1635
-2718
-2795
-2548
-2170
-1352
265
2128
3341
3651
3401
3181
3564
3813
4101
4998
5870
6893
6841
4993
3016
758
-1475
-3049
-3946
-3808
-2949
-2141
-1663
-1364
-1134
-1099
-1429
-1725
-1924
-1599
-873
-428
76
250
-78
-1073
-2899
-4551
-5583
-6199
-6622
-6889
-7111
-7417
-8294
-9145
-9576
-9780
-9874
-10400
-10500
-9979
-9831
-9244
-9010
-4167
4300
11328
16720
15569
14007
12094
5496
-406
-4120
-3832
-1581
-1632
-2207
-142
1959
1523
-355
-2498
-2818
-3355
-4538
-3140
612
5404
9382
11183
10840
8868
6057
3229
1308
-660
-1842
-1449
-595
95
-362
-1198
-1008
-1088
-2365
-4187
-5127
-4248
-2403
-1182
179
2685
5376
6719
5762
4123
3440
3040
2254
1274
1118
2560
3667
3553
3256
2988
2572
1466
-563
-2126
-2511
-2468
-2048
-932
545
2340
3631
3963
3932
3864
3540
3210
2917
3269
4686
5515
6006
5200
3585
2114
-408
-2406
-3594
-4134
-3742
-3227
-2498
-1362
-385
-209
-439
-702
-925
-1091
-1093
-681
-29
494
284
-679
-2031
-3249
-4184
-4952
-5865
-6483
-6981
-7718
-8471
-9288
-9567
-9828
-10365
-10445
-10331
-9833
-9184
-9044
-8062
-2767
5271
12591
17075
15596
13848
10952
4112
-1387
-4229
-3282
-1143
-1691
-2178
266
2104
1233
-751
-2713
-2907
-3467
-4625
-2606
1582
5988
9602
10564
9418
7398
4705
2579
1153
-875
-1347
-169
676
971
-43
-924
-409
-978
-2589
-4068
-4693
-3372
-1672
-600
1078
3390
5601
5976
3984
2304
1976
1907
1545
919
1374
3124
3725
3101
2724
2394
1739
457
-1266
-2058
-1870
-1496
-741
372
1589
3005
3926
3991
3700
3231
2866
2877
3326
4114
5674
6582
6087
5064
2507
229
-1742
-3608
-4018
-4045
-3442
-2454
-1509
-832
-783
-1136
-1567
-1821
-1927
-1785
-1091
-22
563
648
170
-1308
-2669
-4044
-5323
-6068
-7047
-7341
-7617
-8268
-9020
-9532
-9719
-10260
-10911
-11247
-10833
-10189
-9954
-9412
-5686
2356
9984
15442
15999
13733
11898
6301
124
-3271
-3181
-861
-327
-1399
-357
1944
1509
-417
-2301
-2776
-2371
-3591
-3435
-40
4087
7752
9551
8691
6882
4587
1900
711
-117
-583
683
1644
1726
976
-599
-1143
-1378
-2554
-3655
-4155
-3351
-1589
-189
991
2510
3881
4698
3822
2083
1517
1796
2164
2026
1689
2495
3618
3286
2432
1653
1049
426
-994
-2034
-1934
-1352
-490
298
979
2092
2929
3309
3212
2627
2141
2835
4820
5721
7105
6531
5249
4332
979
-987
-2387
-2769
-2133
-2234
-1985
-1471
-467
-394
-1328
-1900
-1731
-1047
-731
-520
3
979
1192
120
-1065
-2381
-3297
-4368
-5429
-5688
-5795
-6066
-6825
-8153
-9312
-10237
-10863
-10914
-10926
-10688
-9945
-9129
-8495
-8288
-5220
2379
10188
15164
14804
12587
10914
6472
1018
-1885
-1075
1283
1129
-882
-725
980
402
-1440
-2607
-2371
-1381
-1977
-1821
1165
4814
7493
8406
7067
5163
3447
1626
878
833
1717
3507
3927
2893
1242
-524
-1691
-2747
-3670
-3766
-3277
-2318
-1009
-76
815
1740
2362
2430
1544
524
698
1609
2420
2955
3130
3586
3543
2502
1639
1131
755
485
-92
-385
-55
82
414
911
1165
1542
2095
2517
2897
2781
3491
4217
5324
6221
5977
6344
4788
2818
814
-860
-1162
-1653
-1796
-1904
-1794
-1946
-2421
-2642
-2802
-2655
-2348
-1592
-686
96
658
447
-5
-1060
-2208
-3213
-4049
-4458
-4690
-4683
-4826
-5458
-6702
-8209
-9653
-10901
-11542
-11236
-10237
-8849
-8324
-7952
-7791
-8067
-6990
-2013
5714
12265
14987
13203
11470
8525
3298
-399
-1207
730
1550
-430
-1536
-190
367
-1448
-3225
-3493
-2323
-2094
-2584
-520
3268
6443
7695
6790
5066
3929
2770
1906
1919
2501
4218
4960
3671
1646
-475
-1777
-2947
-4260
-4344
-3424
-2098
-982
-505
-261
241
779
970
502
26
523
1631
2601
3173
3491
3820
3676
2362
987
608
875
1050
672
150
368
562
183
-179
-344
348
1239
1796
2424
2919
3503
4093
5618
6582
7567
7484
5099
3430
365
-1334
-1256
-933
400
295
-52
-844
-2005
-3293
-4708
-4457
-3376
-1931
-593
427
1341
1416
120
-2141
-3850
-5038
-5475
-5270
-4914
-3711
-2806
-3428
-4955
-7097
-9325
-10939
-12264
-12581
-10935
-8988
-7651
-6961
-7131
-7485
-7468
-5983
414
8116
13418
14924
12335
10412
6993
2360
253
992
2555
2127
115
-302
1180
229
-2267
-3267
-2978
-1997
-2449
-2046
1973
5936
7848
7562
5531
4149
3327
1960
1679
2852
4697
6414
5199
2219
-37
-2154
-4006
-5506
-5914
-4041
-1968
-1191
-715
-362
-277
-315
-682
-656
-203
549
1909
3356
4358
4981
4867
4047
2871
1180
409
773
1139
1430
1406
1338
1422
755
-299
-789
-456
665
1569
2528
3608
5028
5824
6449
6971
6911
6614
4296
1893
30
-902
-821
-299
640
961
630
-968
-3058
-4615
-5686
-5641
-4462
-2625
-649
749
1428
984
-358
-2213
-3877
-4616
-4703
-4207
-3508
-2654
-2149
-2549
-4187
-6358
-8223
-10150
-11620
-11886
-10880
-9014
-7690
-7308
-6582
-6749
-7429
-7579
-4288
3457
10145
13496
12634
10600
8462
4372
977
559
2675
3658
2150
439
304
-156
-2802
-4947
-4960
-3691
-2628
-2375
148
4114
6256
6390
4800
3090
2331
1774
1589
3134
5672
7746
7546
4389
898
-1865
-4146
-5694
-6077
-4252
-1558
-191
-87
-182
-459
-1089
-2109
-2450
-1311
471
2172
3747
5081
5774
5392
3805
2010
838
365
766
1453
2154
2703
2680
2178
936
-612
-1600
-1863
-945
560
2185
3828
5275
5647
6459
7028
6379
5584
2935
1085
72
-441
396
1316
2221
2196
925
-958
-2832
-4115
-4966
-4914
-3854
-2132
-515
110
397
-67
-1131
-2895
-4421
-4518
-4016
-3093
-2526
-2237
-1942
-2418
-4062
-5760
-7187
-8318
-9350
-10304
-10055
-8744
-7760
-7764
-8141
-8363
-8410
-9081
-8815
-3578
4584
11338
13639
11463
8883
6168
2281
324
1974
5485
7131
5258
2893
1584
-1049
-4913
-7086
-6142
-3420
-1958
-977
2130
5389
5938
3768
1136
258
669
1188
2872
6418
9896
10685
7580
2950
-619
-3505
-5634
-5893
-3848
-526
1332
945
127
-696
-1974
-3815
-4730
-3300
-271
2331
3946
5149
5897
5388
3211
895
41
616
1831
3121
4308
5135
4778
2990
499
-1727
-2923
-2911
-1798
235
2660
4591
5397
4960
4237
4190
4068
4426
4123
3757
3629
2579
2256
1729
1625
1655
894
71
-1087
-1961
-2706
-3413
-3621
-3309
-2458
-1837
-1517
-1234
-1325
-1894
-3029
-3653
-3501
-2934
-2576
-2628
-2310
-2190
-2525
-3803
-5260
-6330
-7656
-8894
-9886
-9525
-8563
-7974
-7952
-8409
-8269
-8513
-9003
-9253
-6294
672
8046
12199
11855
9375
7118
4227
1836
2721
6114
8947
8184
5072
2650
148
-3560
-6430
-6110
-3556
-1777
-1316
294
3110
3817
1583
-856
-1116
436
1618
3529
6951
9809
9664
6338
2476
28
-1902
-3344
-2789
-488
1627
1484
-412
-1879
-2805
-4200
-5225
-4669
-1990
1172
2565
2848
3055
2896
1924
183
-370
1313
3719
5315
6135
6522
6039
3864
497
-1856
-2133
-1343
-541
576
2335
3829
3687
2182
641
118
202
960
2259
4602
5571
4736
3218
1040
847
712
1018
2000
2020
1643
-115
-2152
-3607
-4473
-4592
-4047
-2783
-1429
-533
-593
-1330
-2510
-3577
-3872
-3446
-2126
-867
156
538
-548
-2467
-4630
-6986
-8560
-9390
-9147
-7424
-6721
-6690
-7548
-8869
-9216
-9820
-9872
-9450
-8906
-7139
-2501
4172
9611
11482
9031
5979
3674
2255
3692
6781
10171
10891
7881
3988
346
-2957
-4649
-4024
-1879
-142
-10
247
1212
746
-1458
-3162
-2528
-71
2336
4477
6597
7410
6275
3948
1692
522
266
587
1649
2577
2597
1390
-650
-2533
-3719
-3960
-3292
-1839
-91
911
887
295
-284
-857
-1459
-1120
897
3791
5926
6652
6426
5724
4034
1382
-484
-358
1208
2272
2304
2635
3293
2932
1101
-408
-691
-88
-391
-122
1743
3769
4697
3172
2347
2441
2709
3025
2698
2956
2374
532
-1326
-2680
-2750
-2479
-2153
-1684
-1272
-1468
-2469
-3485
-4024
-3668
-3263
-2397
-994
409
1399
804
-588
-2466
-4587
-6195
-7210
-7279
-6251
-5336
-5337
-6051
-7784
-8867
-9561
-9749
-9207
-8649
-7573
-7600
-7846
-6882
-2609
4500
9229
9823
6881
4055
3351
3534
5567
8655
10887
10238
6705
3193
1114
-390
-1381
-595
766
1394
557
-659
-561
-1180
-2628
-2964
-1458
1052
2618
3575
4394
4089
2396
979
1311
2705
3619
3417
3525
3623
2457
433
-1121
-1534
-1462
-1528
-1120
-407
-180
-699
-1614
-2205
-2329
-1941
-738
1146
3121
4683
5304
4819
3305
1709
1049
1546
2564
3515
4317
4617
4357
3421
2172
1189
473
56
-609
-900
-206
717
1796
2112
2229
2605
2456
1882
1249
1063
1143
808
307
-19
-77
-213
-642
-1103
-1799
-2678
-3313
-3639
-3576
-3032
-2141
-1043
-297
-59
217
-132
-1049
-2345
-3575
-4112
-4710
-5137
-5126
-4977
-5408
-6287
-7430
-7943
-7959
-8361
-8210
-7890
-7508
-7824
-8488
-8081
-7054
-6113
-3995
723
6144
7992
5137
1313
704
2743
4949
7052
8977
10136
8889
5760
3115
1786
1434
1716
2578
3230
2643
716
-1111
-1973
-2241
-2097
-1514
-649
90
444
499
-13
-631
-225
1227
2877
3957
4130
3453
2146
957
610
747
805
461
112
96
-3
-633
-1678
-2508
-2512
-1593
-97
1350
2216
2144
1251
248
-160
287
1208
2359
3446
4112
4254
3926
3499
2978
2379
1868
1476
1002
463
215
643
1066
1917
2498
3189
3155
1253
35
-849
-132
751
945
1902
1848
1222
-264
-1621
-2040
-2443
-2592
-2552
-2006
-1627
-1271
-838
-160
497
-28
-638
-988
-1181
-1626
-2554
-3005
-3059
-3250
-3733
-4283
-4909
-5919
-7154
-7874
-7635
-7122
-7068
-7576
-7730
-7367
-7183
-6774
-6660
-6051
-4988
-5150
-3173
476
4226
5387
1956
-637
66
3307
6882
9480
10884
10913
8878
5643
3887
2858
2938
4169
5249
5839
4030
858
-1436
-2675
-2660
-2112
-1528
-940
-1037
-1275
-1017
-843
-670
154
1236
2491
2942
2455
1728
678
135
598
1409
1987
1446
205
-564
-688
-386
-30
325
873
1117
986
596
-3
-558
-638
-4
1327
2597
3255
3381
3014
2459
2048
2159
2344
1971
1274
819
989
1536
1703
1806
2259
3162
2961
2051
1152
558
848
487
280
1025
1486
1823
1061
-333
-1074
-2064
-2715
-2730
-2246
-1277
-500
4
318
426
-45
-814
-1768
-2244
-2045
-1849
-1536
-1628
-1640
-1856
-3060
-4081
-5079
-5591
-6385
-6663
-6085
-5609
-5676
-6797
-7060
-7032
-6741
-6741
-6348
-5486
-5099
-5255
-5514
-5461
-4067
-1578
1179
2134
644
-105
1538
5843
9340
10198
9327
7823
6461
5168
4605
5170
5978
6502
6273
5320
3207
237
-2030
-2396
-1048
397
748
-295
-2129
-3014
-2632
-1770
-1090
-461
76
71
-312
-332
-116
-379
-898
-532
747
1730
1756
1445
1157
860
544
947
1781
1979
1309
776
851
906
554
587
1504
2260
2136
1420
981
761
255
-155
72
531
580
390
323
758
1189
1766
2210
2570
3113
2350
2536
1753
1176
1853
1277
1965
1515
500
424
-743
-1299
-1591
-1609
-862
-377
-227
-155
-323
-754
-1258
-2168
-2357
-2203
-2094
-1519
-1356
-1217
-1506
-2537
-3056
-3455
-3854
-3807
-3671
-3368
-3535
-4151
-4510
-5028
-5598
-5952
-5966
-5155
-4443
-4084
-4342
-5313
-6071
-6773
-6677
-7019
-6410
-3522
373
3230
2063
163
523
3524
6404
7006
6706
6305
6741
7020
7129
7487
6838
5946
5094
4796
4691
3465
2144
1261
1402
1978
1596
134
-2148
-3634
-3613
-2520
-1489
-985
-1121
-2139
-3045
-2911
-1724
-714
-472
54
1169
2068
2253
2004
1887
1863
1671
1952
2815
3434
2975
2081
1751
1911
2061
1740
1388
1463
1494
1200
799
445
86
-317
-472
-230
138
546
816
1125
1579
2232
2607
3088
2593
1500
1294
502
1027
1011
824
1456
343
-265
-590
-824
-80
111
337
786
327
-393
-786
-1193
-1342
-1510
-1729
-1298
-1329
-1671
-1800
-2261
-2471
-2959
-3054
-2514
-2333
-2353
-2789
-3160
-3616
-4356
-4442
-4078
-3679
-3761
-3857
-3970
-3988
-4424
-5318
-5189
-5814
-5899
-6102
-5822
-4432
-4298
-4353
-3026
-804
1032
132
-1871
-881
2933
6595
7703
6626
5250
5012
5380
6284
7422
7404
7024
6556
6467
6660
5817
4087
2367
1138
959
759
-464
-2101
-3252
-3246
-2444
-2126
-2454
-3230
-4435
-4616
-3197
-807
1095
1180
429
-157
-340
-78
394
1327
2391
2889
2801
2596
2285
1730
1127
1183
2052
2819
2656
1940
1296
701
281
91
105
107
6
64
463
885
1170
1187
1008
900
609
1323
1237
325
-306
-970
200
84
-568
-578
-765
180
803
1410
1799
1153
235
-23
263
471
438
31
-94
-207
-722
-799
-1164
-1371
-1698
-2028
-1929
-2169
-2377
-2579
-2762
-2923
-3111
-2970
-2773
-2965
-3012
-2662
-2363
-2615
-3480
-4121
-4289
-4400
-4297
-4119
-3766
-3372
-3623
-3715
-4086
-4334
-4894
-5372
-5677
-4624
-2558
-343
869
-52
-388
537
3154
5081
5028
4768
5166
6877
8051
8140
7391
6072
5457
5395
6182
5942
4041
1844
271
297
647
524
-131
-1502
-2461
-2612
-1676
-841
-703
-1102
-1502
-1296
-786
-263
-300
-637
-548
-136
553
1098
1668
1978
1745
1388
1378
1552
1653
1592
1977
2590
2801
2292
1396
905
1166
1929
2459
2612
2224
1666
1030
726
962
1211
1071
505
51
-622
-980
-1626
-1789
-1225
-697
637
863
892
715
111
338
473
1207
1851
1854
1454
1200
1379
1515
1360
539
-224
-565
-659
-680
-1143
-1491
-1833
-2180
-2483
-2635
-2371
-2194
-2225
-1995
-1527
-1165
-1119
-1352
-1574
-2057
-2843
-3397
-3607
-3241
-2635
-2179
-1980
-2449
-3523
-4121
-4802
-4776
-4545
-4307
-3686
-3511
-3832
-3918
-4540
-3697
-2310
-279
714
236
836
2200
4956
5680
4651
3762
3357
4653
5382
5537
5173
4096
3198
2841
3035
3021
2321
1092
719
1426
2066
2286
1343
193
-593
-1207
-1135
-845
-428
-413
-1182
-1825
-1682
-1168
-916
-865
-415
48
-267
-1248
-1637
-1249
-313
424
1016
1368
1155
625
493
983
1802
2233
2276
2335
2511
2602
2465
2281
1841
1212
567
-34
-486
-1199
-1194
-475
70
578
242
206
-244
-939
-829
-340
616
1241
1518
1555
1501
1209
825
695
651
1225
1513
1249
929
236
-101
-737
-1397
-1523
-1496
-1496
-1636
-1599
-1241
-774
-728
-810
-768
-1007
-1412
-2054
-2354
-1965
-1888
-1882
-2111
-2280
-2498
-3056
-3376
-3786
-3891
-3779
-3390
-2840
-2773
-3087
-3730
-4121
-4199
-3693
-2872
-2204
-2037
-1440
-773
-3
-204
-1200
94
1506
3714
4120
2798
2370
1640
2132
2956
2947
2752
2103
2481
3680
5008
5148
4410
3283
2281
2272
2110
2077
2099
1934
2231
1594
981
272
-549
-1151
-1510
-1257
-818
-954
-1685
-2088
-1916
-1568
-1209
-1105
-696
-475
-608
-447
105
642
800
812
1548
2468
2689
2118
1788
1973
2257
2033
1505
1480
1670
1689
1540
1351
1156
433
-607
-965
-306
187
287
-241
-125
658
869
860
353
106
665
1192
1691
1801
1580
1142
402
-21
53
244
0
-347
-276
134
330
-1
-265
-382
-626
-838
-842
-409
-64
-282
-724
-1103
-1449
-1627
-1646
-1536
-1281
-1620
-1917
-2330
-2777
-2935
-3058
-2815
-2608
-2479
-2449
-2018
-1836
-1492
-1567
-1663
-1573
-2282
-2460
-2497
-2190
-1684
-1948
-1545
-1479
-1582
-1279
-2476
-2424
-2514
-1517
491
574
1145
1329
1772
2897
2664
2535
2306
2482
3520
5033
5945
6011
5178
3702
3306
3087
2923
2827
1810
1301
704
225
323
80
-366
-1082
-1990
-2190
-1888
-1641
-1381
-1157
-1255
-1373
-1912
-2068
-1614
-1254
-811
-342
-44
293
327
508
1202
1808
2283
2428
2398
2302
2185
1950
1912
1863
1559
984
255
-279
-222
-147
144
134
297
384
507
1016
1095
980
204
-473
-435
-186
27
-102
-109
298
717
892
970
967
899
561
123
156
313
322
97
-94
-41
-290
-798
-1172
-1273
-1130
-1135
-1105
-984
-1019
-1261
-1652
-1924
-2023
-1737
-1124
-680
-719
-1246
-1758
-2072
-2079
-1855
-1191
-906
-971
-1559
-1772
-1781
-2261
-2470
-3115
-3136
-3453
-4141
-4032
-4153
-3357
-3034
-3084
-2309
-2810
-2248
-1961
-1407
281
439
680
1166
1830
3384
4030
3781
3423
3325
3507
4473
4900
4980
5057
4339
4261
4123
3492
3057
1971
1227
993
905
1063
811
24
-698
-1422
-2286
-2728
-2788
-2500
-2024
-1894
-1712
-1624
-1693
-1461
-1042
-550
-83
430
1083
1661
1908
1916
2000
1993
1826
1590
1326
1438
1702
1883
1847
1663
1472
1278
944
632
307
187
140
236
393
214
303
491
503
832
926
1328
1525
942
434
-36
36
613
1007
1324
1115
528
156
-105
-330
-452
-587
-552
-409
-250
4
81
-171
-313
-279
-148
2
-45
-165
-334
-595
-605
-711
-748
-803
-783
-720
-939
-1324
-1784
-1907
-2118
-2122
-1914
-1636
-1630
-1755
-1981
-2325
-2635
-3076
-3275
-3117
-3211
-3463
-3642
-4224
-3899
-3612
-3303
-2356
-2734
-2414
-2454
-2140
-154
656
1320
1481
1551
2611
3345
3624
3938
4209
4440
4847
5207
5321
5457
4623
3913
3355
2546
2067
1126
353
263
90
64
-323
-1122
-1636
-2020
-2289
-2071
-1797
-1410
-1206
-1177
-934
-424
-265
-323
-501
-697
-517
-228
425
1426
2012
2161
1797
1366
1124
894
705
564
577
437
412
285
228
387
535
867
1120
1377
1327
1183
579
631
790
487
272
-216
-96
209
-101
-159
-388
-582
-642
-652
-114
617
902
865
819
687
727
802
743
925
662
340
314
173
320
230
-100
-269
-592
-878
-1119
-1340
-1423
-1613
-1882
-1845
-1572
-1293
-1176
-1243
-1439
-1652
-1719
-1529
-1217
-1192
-1390
-1799
-2291
-2704
-3176
-3493
-3820
-4062
-4327
-4554
-4708
-4867
-4813
-4658
-4063
-3551
-3299
-3088
-3006
-2634
-1512
-841
260
1527
2292
3096
2877
2705
3103
3217
3461
3831
4007
4184
3961
3503
3446
3170
2764
2667
2466
2303
2128
1502
1285
1122
633
432
67
-263
-446
-738
-980
-1026
-1052
-745
-390
-364
-211
-255
-476
-623
-1005
-1118
-1162
-1145
-702
-60
428
791
1018
1323
1625
1899
2186
2350
2169
1845
1751
1613
1443
867
347
408
320
189
-27
-285
-195
-349
-294
304
887
1413
1657
1672
1787
1754
1716
1878
2129
2291
2426
2277
2086
1935
1588
1163
565
9
-173
-213
-215
-362
-675
-971
-1214
-1419
-1285
-1078
-1003
-952
-897
-559
-173
-106
-140
-233
-464
-704
-1056
-1363
-1668
-2033
-2161
-2144
-2239
-2511
-2945
-3172
-3182
-3096
-2862
-2802
-2985
-3411
-3895
-3824
-3437
-2737
-2031
-1824
-1897
-1960
-2143
-2136
-2133
-1866
-860
-21
397
637
554
580
720
998
1729
2441
2634
2788
2930
3161
3435
3425
3396
3398
3148
3016
2880
2622
2355
1936
1643
1587
1391
1048
658
143
-565
-1243
-1827
-2137
-1980
-1508
-931
-573
-563
-454
-420
-506
-289
82
541
655
601
789
949
766
484
262
142
-155
-542
-461
-228
-162
-334
-476
-386
-212
-165
27
528
868
1153
1227
1398
1969
2411
2663
2592
2363
2140
1702
1154
868
943
1055
1051
939
854
767
280
-177
-405
-431
-305
-247
-224
-164
-243
-534
-810
-903
-718
-563
-794
-1092
-1328
-1585
-1738
-1787
-1658
-1448
-1479
-1666
-1892
-1943
-1966
-1919
-1991
-2151
-2191
-2196
-2114
-1958
-1752
-1594
-1531
-1638
-1820
-2035
-2272
-2400
-2332
-2056
-1776
-1773
-1971
-2260
-2682
-2967
-3003
-2817
-2360
-1910
-1578
-1033
-752
-635
-647
-509
-32
600
1325
1735
2019
2170
2303
2621
2814
2905
2764
2376
2085
1761
1478
1159
1016
1143
1423
1785
1997
1894
1315
699
412
507
727
879
985
988
827
369
-172
-645
-1068
-1245
-1292
-1041
-663
-422
-326
-455
-594
-765
-883
-755
-426
-26
254
395
557
816
1023
1194
1313
1524
1743
1644
1565
1557
1734
1985
1954
1904
1824
1733
1758
1762
1854
1953
1822
1667
1565
1521
1586
1555
1415
1284
1200
1094
917
616
297
6
-349
-607
-646
-513
-455
-512
-556
-624
-837
-1202
-1580
-1640
-1419
-1095
-726
-515
-525
-853
-1297
-1415
-1293
-1001
-752
-688
-489
-397
-377
-428
-595
-681
-717
-822
-1059
-1320
-1401
-1451
-1583
-1661
-1654
-1631
-1817
-2095
-2312
-2275
-2037
-1861
-1555
-1232
-971
-1015
-1317
-1451
-1413
-1243
-1125
-1082
-822
-630
-456
-118
350
989
1538
1838
1959
1993
2003
2066
2158
2399
2737
3014
3095
2962
2629
2014
1340
840
641
615
594
706
770
651
289
-197
-580
-810
-957
-1132
-1109
-921
-710
-587
-617
-631
-618
-541
-412
-301
-180
-139
-155
-103
92
363
579
631
649
660
699
870
913
976
1144
1221
1151
1108
1112
1296
1507
1560
1568
1481
1304
1106
979
1027
1163
1162
1109
1016
843
645
356
171
47
-142
-328
-488
-503
-536
-655
-865
-1173
-1383
-1538
-1557
-1389
-1035
-652
-538
-689
-1014
-1281
-1339
-1213
-928
-663
-484
-382
-381
-494
-718
-974
-1144
-1187
-1061
-851
-741
-714
-842
-976
-944
-851
-748
-748
-1105
-1554
-1956
-2264
-2332
-2229
-1995
-1820
-1916
-2016
-1926
-1757
-1504
-1518
-1634
-1624
-1572
-1382
-1139
-904
-523
-230
-86
8
45
89
43
-26
88
346
783
1336
1890
2219
2184
1846
1467
1288
1386
1634
1879
1957
1825
1572
1356
1171
1104
937
564
265
128
193
242
253
284
109
-121
-248
-204
75
223
252
215
146
93
100
195
200
312
499
630
726
667
767
777
732
911
1110
1321
1382
1437
1681
1772
1717
1648
1595
1571
1482
1613
1838
1862
1627
1278
1167
1173
1028
859
840
966
978
773
473
254
113
18
-75
-130
-126
-70
-87
-214
-332
-396
-516
-737
-945
-934
-763
-541
-305
-176
-147
-317
-480
-481
-401
-387
-545
-672
-810
-1066
-1211
-1120
-824
-653
-703
-787
-874
-969
-1101
-1263
-1299
-1258
-1140
-925
-789
-831
-1039
-1307
-1505
-1808
-2115
-2381
-2527
-2509
-2441
-2251
-2041
-1802
-1646
-1528
-1418
-1316
-1146
-960
-682
-304
114
585
763
858
938
937
978
911
1096
1441
1620
1703
1730
1847
1895
1688
1502
1460
1519
1599
1515
1423
1319
1057
746
464
419
524
696
836
782
630
328
0
-77
26
89
44
-150
-192
-58
71
179
218
289
270
236
284
483
757
882
788
698
700
704
765
918
1073
1109
914
710
635
632
800
997
1105
1240
1287
1255
1103
912
839
915
790
498
324
230
216
157
61
37
-35
-231
-404
-577
-731
-887
-1093
-1234
-1294
-1237
-1123
-1041
-932
-829
-769
-780
-884
-905
-920
-895
-770
-568
-425
-385
-366
-349
-422
-642
-958
-1161
-1127
-1042
-978
-955
-901
-904
-1133
-1500
-1706
-1776
-1800
-1850
-1886
-1772
-1791
-1986
-2149
-2241
-2241
-2303
-2364
-2353
-2379
-2413
-2350
-2158
-1761
-1392
-1091
-872
-674
-422
-121
174
503
817
1084
1312
1371
1399
1472
1599
1742
1904
1984
2002
1924
1823
1767
1675
1595
1477
1358
1281
1221
1155
1065
1050
1074
1080
1058
1020
949
870
758
633
636
690
765
805
705
594
461
341
270
74
-50
25
252
515
670
773
870
918
977
1063
1255
1419
1426
1446
1533
1667
1790
1872
1920
1864
1775
1662
1502
1367
1295
1228
1063
741
476
363
328
254
130
-42
-348
-708
-908
-984
-1015
-1008
-1003
-977
-1016
-1016
-893
-783
-795
-881
-923
-1006
-1153
-1166
-960
-581
-297
-231
-255
-400
-554
-539
-413
-99
106
170
120
-41
-195
-367
-476
-578
-715
-832
-1017
-1299
-1572
-1850
-1971
-1997
-2023
-1986
-1980
-1957
-1948
-2079
-2214
-2229
-2149
-2125
-2135
-2037
-1842
-1680
-1563
-1411
-1239
-1091
-992
-776
-417
-135
49
84
118
292
525
880
1273
1615
1955
2112
2061
2086
2287
2529
2651
2590
2554
2483
2369
2274
2246
2164
1901
1467
967
613
504
512
554
509
345
204
32
-110
-173
-239
-241
-180
-26
80
163
133
48
39
117
263
405
623
850
1005
1166
1228
1267
1297
1342
1542
1759
1899
1908
1791
1691
1600
1469
1368
1173
1029
931
815
661
522
300
117
-129
-444
-754
-1077
-1383
-1597
-1622
-1574
-1574
-1694
-1797
-1844
-1951
-2023
-1966
-1767
-1500
-1253
-998
-751
-664
-732
-805
-786
-602
-460
-410
-395
-397
-332
-345
-409
-471
-487
-464
-447
-542
-566
-521
-712
-930
-1121
-1216
-1301
-1516
-1698
-1695
-1724
-1860
-1958
-1990
-2074
-2171
-2202
-2151
-2135
-2236
-2332
-2280
-2108
-1805
-1416
-1127
-1073
-1147
-1073
-834
-563
-285
38
412
697
847
1007
1165
1278
1359
1435
1547
1635
1651
1751
1810
1921
2023
2114
2170
2019
1842
1752
1716
1720
1696
1690
1664
1517
1275
973
730
510
357
355
446
594
665
658
565
371
239
278
496
723
930
1099
1135
1084
1076
1187
1421
1600
1769
1914
2018
2002
1965
2032
2104
1996
1726
1446
1252
1158
1066
959
852
690
402
152
-86
-240
-324
-440
-500
-526
-539
-520
-645
-812
-938
-1074
-1161
-1231
-1176
-1003
-929
-964
-1069
-1101
-1053
-1006
-924
-772
-635
-452
-267
-228
-289
-360
-402
-491
-582
-587
-490
-366
-392
-486
-613
-759
-879
-1001
-1133
-1296
-1314
-1241
-1202
-1213
-1297
-1349
-1357
-1360
-1301
-1274
-1332
-1412
-1441
-1355
-1285
-1276
-1241
-1212
-1150
-1115
-1173
-1188
-1162
-1021
-822
-657
-558
-422
-258
-144
13
259
552
751
795
790
847
974
1117
1266
1413
1464
1440
1322
1155
995
921
1033
1214
1292
1265
1110
884
695
611
716
789
745
639
504
499
537
516
496
551
686
838
960
1070
1162
1179
1131
1081
1079
1100
1168
1188
1107
1093
1107
997
861
741
722
741
646
547
573
662
658
603
557
470
368
209
144
173
140
31
-121
-251
-318
-413
-571
-700
-777
-732
-695
-693
-696
-754
-827
-975
-1095
-1125
-1046
-913
-860
-895
-965
-1066
-1219
-1282
-1306
-1307
-1232
-1090
-1006
-1032
-1065
-1012
-924
-884
-841
-774
-737
-724
-751
-709
-645
-726
-882
-996
-1047
-1044
-998
-957
-951
-1103
-1327
-1422
-1455
-1401
-1320
-1264
-1178
-1141
-1160
-1111
-955
-812
-689
-668
-700
-770
-833
-752
-592
-418
-322
-309
-278
-166
-1
233
457
607
688
726
775
891
1036
1158
1241
1283
1365
1366
1269
1164
1036
1017
1123
1275
1509
1720
1816
1765
1543
1293
1117
997
1019
1125
1218
1231
1095
999
922
777
673
617
590
633
697
812
868
833
867
902
967
910
783
803
882
935
1018
1160
1243
1227
1106
980
952
1013
1049
1075
1070
926
799
606
459
437
459
452
337
117
-112
-308
-586
-778
-909
-1009
-1069
-1207
-1269
-1247
-1217
-1245
-1350
-1382
-1281
-1130
-998
-904
-892
-881
-895
-873
-830
-786
-761
-735
-719
-673
-632
-609
-582
-629
-687
-678
-545
-388
-342
-268
-303
-400
-465
-528
-451
-381
-343
-333
-451
-580
-677
-727
-701
-674
-744
-851
-929
-1009
-1094
-1138
-1197
-1241
-1225
-1160
-1062
-1006
-914
-765
-644
-564
-503
-457
-338
-268
-165
30
358
641
841
904
843
816
793
827
971
1214
1422
1565
1670
1735
1677
1561
1494
1465
1475
1479
1480
1504
1433
1269
1172
1040
848
601
476
453
358
236
149
135
135
135
134
167
190
146
129
180
262
394
486
519
563
663
791
894
935
860
816
716
634
573
572
555
464
401
405
423
298
151
-73
-182
-174
-121
-44
26
-34
-206
-455
-675
-788
-835
-844
-913
-996
-1133
-1319
-1489
-1599
-1704
-1735
-1795
-1820
-1720
-1619
-1492
-1371
-1313
-1352
-1417
-1392
-1228
-997
-816
-676
-559
-461
-344
-247
-196
-130
-92
-59
-86
-142
-248
-370
-496
-575
-597
-659
-720
-791
-918
-1002
-1084
-1134
-1144
-1151
-1116
-1069
-913
-811
-849
-824
-853
-910
-940
-923
-851
-795
-683
-450
-205
18
121
182
232
238
357
565
892
1123
1291
1398
1479
1604
1618
1638
1663
1667
1638
1572
1565
1539
1404
1270
1129
1036
1005
940
882
808
732
636
595
559
508
534
592
649
734
795
759
637
476
396
422
479
484
447
403
397
389
407
461
516
573
642
808
965
1155
1212
1167
1106
1025
1037
1046
995
919
896
858
661
355
66
-169
-441
-664
-775
-799
-809
-936
-1038
-1156
-1228
-1337
-1459
-1514
-1546
-1431
-1273
-1129
-984
-812
-650
-536
-496
-501
-470
-411
-385
-365
-327
-307
-310
-286
-282
-338
-393
-445
-417
-359
-367
-381
-376
-322
-210
-100
-11
-22
-145
-293
-420
-586
-747
-757
-747
-767
-818
-916
-955
-1001
-1039
-1008
-995
-951
-907
-870
-746
-543
-338
-127
28
60
85
166
305
480
626
738
794
815
878
973
1043
1022
952
909
938
1011
1049
1066
1052
1053
1133
1210
1210
1172
1145
1092
995
906
793
688
605
496
432
334
240
101
-100
-276
-364
-392
-355
-231
-69
79
160
168
184
223
279
366
548
782
939
1050
1064
1069
1036
951
890
805
740
745
752
689
513
302
97
-137
-308
-432
-522
-597
-691
-703
-694
-728
-819
-921
-982
-991
-1001
-1004
-1074
-1176
-1199
-1166
-1084
-1045
-1050
-1134
-1211
-1298
-1290
-1268
-1203
-1124
-1099
-1053
-914
-709
-536
-464
-515
-628
-749
-810
-786
-691
-589
-543
-508
-508
-593
-676
-750
-764
-732
-692
-569
-515
-497
-449
-439
-423
-487
-478
-399
-353
-346
-282
-166
-120
-126
-155
-142
-150
-159
-130
-52
27
56
39
55
93
184
307
447
598
714
778
859
984
1061
1171
1234
1272
1311
1312
1318
1348
1360
1308
1198
1056
969
942
906
876
870
841
801
716
633
581
531
502
541
597
717
814
850
881
889
840
841
897
1025
1122
1146
1128
1045
931
815
648
432
263
215
227
273
331
317
267
174
124
146
177
187
195
187
161
131
111
97
129
125
79
23
-68
-138
-276
-404
-436
-447
-451
-394
-343
-333
-350
-451
-571
-733
-849
-861
-806
-762
-811
-936
-1041
-1147
-1255
-1363
-1479
-1533
-1551
-1554
-1439
-1305
-1214
-1143
-1128
-1067
-905
-744
-607
-565
-487
-321
-214
-126
-83
-36
2
17
46
69
69
-30
-162
-316
-438
-453
-421
-324
-281
-250
-229
-194
-186
-180
-66
87
227
380
493
597
630
610
660
709
726
731
728
745
730
641
547
459
428
456
445
437
443
457
508
551
538
556
547
586
657
739
856
917
986
973
920
909
862
800
708
605
592
608
619
602
576
525
495
469
503
531
480
428
311
188
78
22
28
19
-4
-44
-82
-96
-52
-88
-246
-352
-393
-375
-359
-275
-290
-272
-233
-284
-381
-497
-479
-394
-303
-274
-261
-267
-313
-434
-617
-738
-830
-878
-939
-1031
-1147
-1280
-1341
-1389
-1401
-1397
-1390
-1407
-1457
-1466
-1437
-1330
-1248
-1210
-1125
-972
-845
-743
-644
-499
-400
-381
-338
-344
-362
-450
-537
-560
-519
-457
-403
-425
-438
-431
-415
-336
-262
-151
-65
8
118
203
286
364
416
513
551
543
544
526
591
599
545
473
421
436
444
504
540
533
554
601
617
700
772
821
901
967
990
1047
1105
1164
1196
1206
1251
1288
1356
1349
1304
1259
1245
1231
1247
1280
1336
1298
1206
1362
1293
1147
796
456
567
707
691
360
-26
-7
102
-20
-330
-680
-786
-715
-761
-835
-821
-648
-523
-555
-685
-693
-553
-469
-435
-425
-280
-84
82
188
242
293
339
349
278
164
78
-25
-136
-229
-307
-345
-410
-530
-743
-867
-970
-1132
-1326
-1437
-1380
-1298
-1209
-1175
-1133
-1119
-1220
-1328
-1342
-1246
-1114
-1040
-988
-893
-770
-699
-696
-636
-593
-507
-414
-328
-185
-106
-43
-1
23
122
292
450
548
588
641
681
689
704
703
731
785
761
727
707
662
622
531
446
421
383
324
236
202
259
251
202
110
-3
-5
32
74
139
207
309
396
474
544
570
607
637
645
763
891
973
1026
1076
1111
1094
992
957
1007
1044
1123
1208
1192
1100
940
812
712
583
504
399
273
151
2
-61
-64
-67
-155
-356
-494
-505
-457
-359
-342
-324
-355
-451
-470
-482
-417
-354
-383
-388
-412
-423
-391
-373
-304
-316
-401
-491
-579
-555
-530
-594
-584
-628
-665
-671
-662
-592
-635
-687
-744
-765
-757
-784
-829
-815
-829
-900
-903
-1004
-1082
-1114
-1184
-1168
-1125
-1215
-1216
-1229
-1246
-1185
-1174
-1079
-1003
-961
-865
-766
-624
-451
-412
-294
-156
-77
110
163
236
361
419
544
665
768
844
855
813
792
778
803
841
838
784
755
753
730
657
579
574
547
545
551
523
474
426
390
378
425
472
442
405
360
322
341
402
495
608
656
731
771
799
861
836
816
806
810
823
784
787
751
694
648
559
472
353
258
189
157
168
192
186
69
-58
-110
-104
-127
-213
-282
-305
-280
-258
-261
-323
-417
-548
-613
-561
-479
-419
-429
-470
-488
-516
-569
-640
-720
-724
-642
-528
-465
-402
-358
-353
-326
-348
-358
-285
-251
-205
-145
-149
-104
-172
-265
-253
-246
-240
-311
-349
-390
-458
-464
-471
-510
-563
-619
-658
-649
-624
-522
-415
-314
-252
-248
-189
-147
-195
-194
-107
6
137
186
223
241
233
256
256
301
377
391
470
534
613
717
711
651
621
627
690
717
690
700
712
707
617
497
374
265
175
97
138
181
219
262
280
342
402
423
371
323
270
290
417
544
637
636
581
515
466
393
370
344
284
287
352
418
381
236
88
13
-10
-16
14
30
17
27
14
50
17
-10
-69
-97
-89
-127
-101
-134
-184
-145
-164
-199
-244
-314
-340
-349
-346
-414
-453
-539
-678
-781
-844
-831
-834
-826
-783
-729
-712
-693
-674
-686
-632
-637
-602
-530
-529
-496
-455
-463
-477
-486
-461
-424
-362
-319
-296
-267
-284
-286
-297
-280
-306
-366
-356
-354
-321
-296
-319
-289
-287
-299
-278
-255
-247
-262
-333
-318
-253
-193
-152
-197
-178
-122
-27
64
123
218
316
414
511
602
657
650
592
574
602
695
736
770
810
764
758
716
714
699
628
544
489
535
590
613
683
691
660
588
449
376
330
351
357
348
362
333
320
257
182
38
-94
-165
-190
-159
-75
-44
-64
-113
-156
-147
-149
-135
-90
15
78
67
52
99
135
122
71
9
-71
-144
-193
-241
-227
-239
-306
-378
-440
-510
-535
-532
-485
-441
-384
-386
-402
-386
-423
-432
-460
-447
-399
-332
-311
-289
-287
-318
-327
-311
-251
-289
-310
-280
-217
-108
-77
-43
-5
20
119
136
138
138
148
220
244
224
188
163
111
77
91
94
96
81
54
86
80
17
-31
-14
13
13
54
132
188
139
54
-18
-87
-121
-78
-26
21
126
177
187
145
90
102
134
142
185
218
272
313
298
327
339
328
332
322
386
435
443
438
476
489
490
517
538
490
369
267
260
282
298
291
213
164
84
17
-76
-145
-194
-190
-139
-124
-125
-135
-180
-193
-225
-216
-182
-178
-146
-117
-74
-70
-118
-168
-204
-233
-269
-246
-201
-155
-152
-155
-104
-3
133
171
172
157
127
123
127
112
74
3
-38
-108
-149
-173
-228
-295
-398
-433
-422
-426
-469
-536
-577
-563
-543
-483
-434
-437
-465
-497
-532
-490
-385
-271
-151
-170
-190
-242
-269
-232
-217
-157
-148
-170
-124
-60
40
84
65
59
48
42
33
25
64
85
115
179
257
242
208
181
162
166
141
165
177
174
209
253
278
288
263
208
218
255
258
242
243
264
279
241
242
251
227
269
256
212
191
161
156
124
76
75
94
127
143
148
167
149
128
144
127
147
164
169
121
100
146
161
147
124
63
1
-43
-54
-71
-79
-130
-162
-180
-222
-230
-224
-226
-184
-132
-64
30
90
130
128
87
120
171
271
362
387
414
451
469
464
401
287
270
255
243
197
145
130
94
50
20
-41
-163
-271
-329
-351
-334
-316
-335
-291
-289
-280
-284
-317
-346
-364
-279
-169
-19
96
136
126
49
-21
-47
-13
21
27
44
60
67
96
125
132
106
68
23
4
-15
-18
12
23
36
18
-33
-60
-61
-25
16
-8
-14
-20
-14
11
28
58
88
50
-8
-23
-41
-92
-135
-125
-124
-152
-171
-179
-188
-255
-307
-309
-298
-273
-260
-275
-259
-214
-166
-87
-26
89
117
135
150
136
202
259
285
258
194
136
73
34
34
-1
-46
-57
-26
-24
-59
-101
-144
-126
-145
-171
-177
-195
-190
-157
-75
-25
-13
-51
-46
5
83
131
124
157
201
246
295
320
326
285
242
192
142
112
133
202
236
236
201
186
182
194
126
12
-55
-90
-80
-35
-1
51
68
78
103
122
114
49
-10
-24
3
63
68
78
67
1
-41
-49
-34
-56
-79
-106
-132
-158
-152
-124
-128
-124
-118
-112
-85
-56
-29
6
15
1
-41
-73
-93
-71
-51
-94
-122
-151
-154
-209
-245
-240
-225
-208
-234
-218
-231
-238
-235
-233
-237
-256
-286
-328
-346
-330
-296
-270
-260
-258
-252
-234
-165
-150
-152
-140
-160
-166
-111
-75
-45
-74
-88
-54
24
86
68
97
110
124
127
119
127
128
152
240
311
355
336
328
302
270
337
375
388
402
394
436
438
389
396
374
318
257
190
161
134
107
123
161
164
152
138
149
173
209
266
286
282
305
333
369
393
411
451
442
424
376
282
225
215
246
307
345
349
365
360
323
306
262
243
212
230
242
205
201
111
59
70
6
-62
-133
-177
-198
-220
-250
-262
-277
-300
-360
-392
-347
-323
-291
-338
-362
-399
-361
-310
-273
-221
-233
-237
-251
-248
-274
-301
-281
-267
-241
-235
-240
-218
-239
-284
-325
-341
-365
-384
-373
-346
-325
-287
-237
-221
-255
-306
-339
-315
-265
-211
-177
-128
-92
-115
-161
-168
-135
-107
-74
-25
26
76
138
181
205
191
153
141
181
201
216
216
236
282
323
316
294
261
270
271
281
315
349
398
409
375
353
322
251
228
195
186
183
149
125
85
63
98
86
53
55
48
66
65
54
71
74
106
148
184
181
171
169
158
141
65
2
-11
37
61
86
108
104
72
11
-2
35
64
59
37
2
-50
-72
-78
-120
-171
-174
-191
-203
-201
-251
-280
-293
-307
-317
-305
-302
-291
-276
-284
-297
-296
-269
-266
-282
-299
-244
-227
-226
-237
-270
-287
-341
-396
-429
-466
-472
-430
-411
-382
-388
-412
-440
-453
-399
-375
-356
-357
-383
-392
-385
-335
-304
-251
-240
-210
-173
-184
-131
-121
-161
-199
-225
-208
-174
-121
-53
21
8
30
54
60
85
106
113
113
152
182
255
284
323
369
402
412
392
398
404
417
417
432
475
466
454
418
409
397
369
385
391
395
423
416
399
370
369
388
411
439
424
366
278
248
215
157
145
162
157
145
109
91
89
64
79
29
36
51
49
100
99
131
92
51
33
4
-43
-86
-126
-184
-200
-222
-230
-239
-253
-235
-224
-239
-249
-268
-281
-249
-235
-199
-155
-136
-85
-85
-32
10
-1
-37
-76
-60
-56
-28
-23
-52
-65
-95
-97
-57
-39
-31
-35
2
86
133
114
121
161
154
164
212
228
210
179
142
108
81
63
25
17
-22
-57
-70
-39
7
27
-25
-44
-31
-97
-126
-146
-112
-47
-25
-60
-93
-137
-177
-164
-125
-100
-120
-148
-114
0
100
159
202
204
213
201
161
148
105
102
118
126
145
135
81
35
37
18
-14
-58
-70
-98
-96
-56
-35
28
-3
-17
-54
-48
-50
-70
-82
-62
-46
-28
-19
-53
-74
-103
-110
-142
-137
-168
-209
-229
-242
-232
-213
-177
-176
-222
-256
-251
-231
-204
-207
-256
-248
-233
-190
-166
-222
-234
-244
-190
-165
-147
-97
-99
-108
-111
-93
-75
-57
-98
-94
-131
-170
-168
-177
-189
-243
-265
-293
-305
-335
-319
-287
-250
-218
-201
-185
-150
-151
-187
-213
-223
-169
-134
-104
-75
-83
-92
-93
-80
-92
-91
-70
-63
-21
-19
-16
-27
-11
31
37
48
17
24
59
81
68
82
117
177
202
204
208
192
169
131
151
162
144
107
105
166
204
179
130
113
153
187
182
189
177
165
140
107
150
183
178
141
152
181
164
135
114
153
162
166
174
215
212
154
165
194
184
164
133
138
154
143
131
148
99
30
-40
-60
-62
-73
-72
-97
-116
-145
-149
-137
-116
-104
-136
-116
-84
-25
44
44
58
94
120
156
168
158
183
148
124
132
167
174
98
13
-42
-49
-13
42
42
23
25
14
21
39
71
128
166
192
173
157
196
212
206
193
175
179
167
162
152
179
207
188
122
93
81
16
-6
3
14
-16
-83
-95
-97
-128
-129
-135
-107
-86
-79
-76
-103
-100
-66
-55
-66
-60
-33
33
72
92
122
147
153
132
120
109
90
108
108
68
5
-66
-111
-126
-113
-107
-121
-115
-111
-130
-130
-108
-88
-25
6
74
86
65
83
60
86
112
132
149
131
84
64
77
83
107
97
122
131
127
152
200
231
231
216
183
163
140
110
77
52
30
9
-21
-41
-20
3
21
9
-25
-18
-2
26
34
34
11
-44
-92
-129
-134
-127
-155
-142
-87
-115
-156
-190
-270
-302
-323
-293
-235
-231
-256
-271
-251
-231
-212
-199
-210
-243
-246
-192
-124
-84
-65
-94
-135
-176
-223
-266
-267
-246
-241
-255
-277
-293
-290
-280
-272
-250
-229
-175
-159
-120
-75
-44
-17
2
9
-28
-25
4
10
34
40
8
-17
-14
6
-4
16
23
16
28
10
19
39
26
61
41
31
60
15
-7
-7
-1
21
-5
0
-11
-55
-60
-33
20
75
87
129
150
152
184
198
217
225
231
239
235
218
219
210
195
138
114
71
47
27
7
-30
-101
-143
-208
-196
-175
-192
-188
-168
-142
-80
-62
-27
11
13
26
75
110
113
127
138
129
148
188
193
163
121
110
109
167
191
203
229
217
196
197
189
210
230
192
175
163
191
164
177
176
174
144
120
103
89
107
137
138
136
149
131
96
82
95
88
62
41
0
-36
-50
-70
-56
-69
-68
-73
-50
-30
-61
-66
-105
-92
-62
-53
-41
-39
-36
24
68
95
140
189
239
239
246
245
236
219
199
181
170
176
169
204
202
172
192
151
132
140
156
193
203
189
215
228
204
212
210
230
229
208
209
200
184
195
202
212
202
198
190
162
205
203
206
186
184
195
187
220
241
280
241
162
126
142
111
49
5
-28
-27
-18
-33
-41
-25
-41
-82
-70
-72
-80
-83
-86
-101
-81
-95
-130
-137
-177
-223
-284
-349
-362
-373
-337
-344
-366
-350
-365
-358
-407
-437
-463
-461
-470
-456
-449
-440
-391
-385
-394
-428
-409
-389
-339
-308
-291
-284
-247
-244
-261
-243
-231
-225
-213
-250
-238
-241
-220
-195
-168
-170
-251
-283
-311
-319
-305
-300
-284
-285
-308
-310
-296
-255
-204
-174
-174
-179
-141
-120
-98
-92
-76
-80
-99
-93
-114
-111
-118
-85
-95
-118
-102
-54
-3
-10
-21
-63
-44
-48
-43
-12
-25
-15
-21
38
132
166
170
101
53
27
73
62
43
89
91
119
98
83
102
116
119
129
132
123
129
114
149
159
145
133
109
70
53
51
64
91
99
113
123
156
188
188
190
195
152
167
157
125
121
77
86
100
92
77
47
45
100
92
131
128
86
59
22
51
72
81
85
52
38
66
59
33
-3
-19
28
64
81
107
101
90
98
132
154
136
140
78
67
51
68
68
4
-11
-51
-71
-16
-2
-9
-46
-64
-4
32
80
109
134
95
103
75
82
101
75
103
119
151
155
147
107
114
115
93
85
93
129
162
128
120
128
128
125
107
152
159
159
166
188
205
228
235
222
237
285
311
304
268
237
224
178
192
194
186
167
156
138
123
119
95
95
101
56
38
38
67
50
12
-5
-32
-8
-1
23
23
24
10
23
44
62
40
37
69
106
161
152
159
148
149
109
67
24
-45
-40
-71
-94
-99
-119
-114
-139
-190
-221
-250
-236
-206
-156
-164
-193
-196
-228
-184
-181
-178
-184
-179
-169
-153
-140
-116
-112
-104
-82
-71
-50
-27
8
15
20
-2
-6
23
13
-7
-26
-22
-26
-63
-93
-118
-131
-171
-160
-177
-218
-255
-299
-300
-311
-296
-306
-329
-292
-302
-344
-379
-389
-404
-393
-405
-389
-352
-353
-328
-335
-314
-291
-248
-240
-244
-254
-218
-168
-151
-86
-94
-70
-84
-67
-77
-101
-102
-117
-114
-141
-116
-85
-51
-83
-125
-175
-190
-194
-215
-226
-245
-252
-233
-226
-230
-218
-223
-216
-213
-229
-249
-248
-263
-273
-275
-240
-198
-153
-108
-47
36
41
74
91
128
157
173
207
225
233
214
185
178
186
168
189
169
203
203
191
206
190
166
136
175
203
214
217
224
222
226
175
112
76
30
33
40
65
58
38
70
101
141
103
83
82
42
74
56
59
66
77
54
29
62
95
147
192
232
256
251
234
230
218
195
205
206
205
196
209
240
238
244
202
166
184
208
223
228
206
171
102
65
73
31
-2
-44
-50
-27
-34
-22
-28
-8
-10
-13
54
139
162
143
116
108
127
154
202
228
237
298
356
373
343
321
298
252
225
208
210
150
89
76
66
85
83
55
49
28
4
48
80
129
114
68
61
21
56
85
124
110
44
35
64
98
81
76
54
52
78
83
122
120
147
139
141
169
214
238
225
223
215
216
218
200
137
48
2
2
51
27
-9
-54
-83
-69
-42
34
79
111
91
89
96
89
95
82
27
9
32
70
101
123
105
121
134
141
151
103
70
53
56
67
51
-5
-56
-130
-140
-153
-146
-172
-186
-172
-199
-224
-239
-235
-281
-304
-323
-313
-276
-290
-324
-321
-306
-306
-255
-212
-186
-212
-194
-167
-168
-173
-208
-226
-267
-322
-323
-304
-266
-247
-233
-171
-157
-166
-158
-183
-254
-270
-292
-296
-296
-360
-404
-413
-387
-393
-396
-401
-349
-323
-306
-268
-253
-179
-130
-86
-91
-146
-187
-156
-131
-116
-107
-109
-81
-92
-75
-96
-74
-50
-84
-83
-69
-29
-22
-37
-55
-31
27
22
43
50
51
50
36
48
23
59
26
-3
-58
-102
-78
-66
-39
-23
22
76
127
173
174
152
124
105
81
45
51
40
-14
-19
-53
-115
-147
-181
-151
-114
-59
-12
-14
23
73
116
192
160
183
216
192
197
160
219
239
187
159
137
150
149
113
85
72
62
46
76
108
172
186
191
217
200
249
243
263
238
205
210
202
160
106
88
70
93
76
121
176
247
322
337
352
318
300
330
350
347
301
262
255
302
322
316
289
262
259
261
264
271
332
359
376
382
385
397
382
361
357
384
393
360
352
329
300
276
233
140
92
113
100
129
126
110
119
162
168
194
189
148
145
146
154
120
78
88
92
97
68
45
63
67
55
47
109
182
233
245
222
169
103
50
12
25
-3
-51
-87
-94
-119
-169
-216
-199
-172
-143
-82
-36
7
43
89
92
90
76
65
79
68
72
91
114
86
52
42
16
-6
-75
-160
-214
-235
-247
-223
-187
-146
-107
-84
-65
-65
-80
-40
-3
-9
-61
-92
-115
-214
-258
-282
-248
-254
-259
-206
-141
-48
11
37
37
3
-37
-101
-120
-164
-228
-223
-281
-259
-287
-296
-329
-418
-450
-403
-295
-232
-212
-192
-143
-113
-66
-110
-194
-201
-233
-218
-198
-184
-138
-187
-220
-232
-238
-272
-310
-338
-355
-321
-275
-231
-143
-104
-101
-92
-40
-13
4
-18
-87
-163
-221
-245
-259
-294
-371
-374
-372
-360
-335
-303
-248
-128
-13
67
57
46
7
-87
-125
-139
-156
-199
-190
-193
-215
-246
-245
-198
-169
-148
-105
-58
-1
65
113
123
141
89
33
-3
-39
2
-34
-16
-47
-111
-104
-153
-186
-269
-316
-324
-243
-189
-118
-42
-4
55
58
82
93
119
86
33
31
43
54
23
-17
-65
-128
-131
-90
-13
85
161
241
314
380
425
431
436
385
323
309
332
339
298
314
306
208
138
70
58
96
131
217
304
353
391
384
379
390
401
387
362
334
324
340
288
235
192
136
117
93
75
69
95
180
260
337
353
350
367
403
428
429
420
402
359
273
216
173
160
75
-14
-40
-105
-118
-47
58
148
206
297
349
371
354
294
226
137
144
208
192
145
59
25
32
27
-5
-32
-61
0
65
121
183
193
227
197
183
137
118
131
97
81
54
83
78
49
-3
-37
-83
-122
-110
-126
-96
-59
-42
-2
21
28
22
10
-30
-59
-43
-51
-77
-85
-104
-247
-380
-508
-557
-507
-478
-450
-374
-272
-200
-148
-145
-147
-139
-157
-179
-217
-244
-235
-254
-262
-280
-299
-335
-362
-384
-372
-332
-293
-255
-235
-163
-109
-99
-168
-230
-239
-223
-222
-215
-263
-258
-199
-231
-250
-335
-399
-404
-378
-343
-270
-174
-106
-22
46
112
171
207
200
218
194
154
155
73
4
-76
-164
-208
-273
-310
-347
-329
-265
-192
-54
38
114
112
70
59
6
-61
-111
-142
-187
-213
-247
-263
-297
-378
-447
-448
-355
-274
-241
-212
-184
-156
-100
-75
-33
-48
-94
-101
-124
-91
-98
-141
-211
-275
-359
-427
-461
-443
-438
-439
-395
-287
-143
-29
58
82
96
112
128
109
97
25
-20
-66
-146
-252
-391
-464
-485
-454
-369
-283
-214
-154
-63
39
65
142
214
208
151
98
104
118
95
31
-49
-85
-104
-108
-121
-141
-111
-59
10
89
159
246
249
255
244
230
229
222
239
197
173
120
66
23
-71
-173
-204
-179
-125
-63
2
112
222
296
340
378
399
389
347
299
320
319
290
186
88
23
-20
-56
-88
-97
-57
-7
58
149
224
325
372
379
365
336
276
278
277
252
174
96
65
7
-65
-116
-144
-136
-113
-109
-44
15
111
166
205
203
191
182
148
177
128
103
29
-112
-184
-260
-340
-439
-500
-463
-399
-320
-172
-41
51
124
185
239
277
289
277
240
220
194
170
151
29
-72
-184
-262
-278
-254
-217
-150
-96
-3
80
150
210
166
126
99
82
101
111
74
-25
-88
-129
-153
-178
-248
-243
-209
-162
-123
-56
1
24
85
114
149
151
109
136
102
80
45
-69
-167
-247
-343
-426
-472
-444
-353
-253
-173
-86
23
113
212
263
278
235
233
196
121
55
-22
-122
-207
-279
-365
-385
-421
-474
-500
-472
-378
-271
-161
-70
6
82
60
26
-8
-15
-58
-99
-114
-135
-129
-191
-259
-312
-350
-322
-266
-204
-155
-83
16
100
188
221
206
189
204
218
170
112
73
2
-129
-285
-442
-523
-562
-560
-520
-467
-380
-223
-52
76
182
237
256
221
194
164
84
2
-54
-143
-236
-283
-302
-348
-397
-435
-419
-336
-248
-147
-56
85
160
167
218
193
148
139
154
149
127
90
35
7
-49
-105
-124
-153
-167
-163
-157
-99
-56
-31
4
52
81
108
112
105
77
70
56
8
-46
-167
-286
-386
-432
-432
-372
-267
-142
-17
110
222
316
364
384
389
347
312
267
208
150
57
-53
-131
-187
-230
-206
-151
-105
-41
-2
60
161
220
281
307
331
326
247
236
227
184
157
152
132
103
5
-89
-112
-119
-139
-146
-132
-53
6
76
148
184
156
121
129
145
182
165
126
111
50
-28
-102
-174
-200
-226
-212
-148
-38
75
161
265
354
407
431
405
353
288
198
124
54
-17
-108
-183
-248
-313
-321
-280
-221
-160
-79
-1
81
173
174
179
125
31
53
71
88
38
-59
-125
-153
-181
-169
-209
-211
-198
-228
-189
-149
-82
-25
16
94
127
160
229
259
201
149
88
33
-8
-102
-191
-286
-367
-416
-414
-402
-355
-242
-114
37
177
265
334
390
410
384
340
264
147
27
-26
-67
-132
-139
-132
-101
-64
9
112
200
264
268
263
296
314
281
179
81
84
92
42
-19
-99
-153
-169
-157
-173
-218
-240
-186
-126
-71
-7
84
162
156
178
179
184
186
172
153
63
-39
-135
-232
-318
-405
-459
-436
-374
-343
-267
-165
-41
88
159
239
324
332
297
243
169
122
28
-44
-120
-220
-265
-280
-245
-191
-185
-83
7
121
228
250
323
341
334
296
230
218
257
277
261
208
146
75
27
-2
-28
-68
-94
-72
30
159
256
312
361
373
360
378
381
352
314
237
162
123
61
52
1
-83
-121
-161
-177
-143
-88
45
175
288
362
408
408
358
339
322
264
172
90
-11
-101
-164
-198
-237
-267
-240
-187
-111
-4
131
165
178
208
251
286
273
241
196
139
137
163
129
114
69
20
-31
-96
-142
-173
-142
-105
-65
-39
2
83
139
112
88
119
126
141
109
69
21
-66
-139
-203
-221
-255
-271
-311
-318
-315
-306
-228
-167
-53
53
81
82
40
14
-47
-78
-76
-104
-150
-173
-172
-146
-113
-120
-90
-50
3
81
153
211
205
172
109
63
54
12
-41
-86
-122
-173
-175
-171
-155
-120
-145
-172
-158
-145
-102
-40
7
10
-36
-37
-41
-73
-87
-69
-83
-89
-129
-178
-137
-134
-151
-188
-205
-196
-177
-68
30
104
121
121
158
202
207
169
139
106
100
101
77
18
-90
-135
-108
-67
-32
23
105
136
191
272
315
346
339
283
229
208
176
112
97
41
-34
-45
-13
44
36
7
-12
-13
4
63
150
236
318
321
343
367
371
296
208
109
66
23
-33
-63
-96
-108
-96
-28
3
18
-1
31
76
116
149
166
169
190
179
124
100
26
-49
-120
-205
-232
-217
-168
-85
-53
-61
-8
118
149
209
261
341
339
293
287
258
236
176
138
70
58
38
49
34
5
7
-22
-1
53
132
175
234
251
287
328
311
323
268
242
171
86
43
-24
-83
-98
-88
-95
-90
-72
-61
-14
14
64
223
313
343
330
312
351
277
226
114
12
-80
-132
-98
-150
-185
-218
-219
-223
-235
-205
-151
-60
-25
63
153
204
183
108
67
-22
-92
-142
-181
-235
-239
-229
-227
-279
-334
-332
-323
-262
-228
-189
-20
107
164
188
203
171
103
-3
-31
-75
-60
-46
-71
-127
-175
-209
-239
