-29
-64
-25
24
65
111
111
118
113
72
74
103
137
143
111
146
47
-11
6
-4
3
-3
1
-1
1
-1
1
-1
0
0
0
0
1
0
0
0
0
0
0
0
0
0
0
0
0
0
0
0
0
0
0
0
0
0
-1
0
0
0
0
0
0
0
0
0
0
0
0
0
1
0
0
0
0
0
0
0
1
0
0
0
1
1
0
0
0
-1
1
1
0
0
0
0
0
0
0
1
0
0
0
1
0
0
0
0
0
-1
0
0
0
0
0
0
0
0
0
0
-1
-1
-1
0
0
0
0
-1
0
0
0
0
0
0
0
0
0
1
0
1
0
0
0
0
0
0
1
-1
0
1
-1
0
0
0
0
0
0
0
-1
0
0
0
-1
0
0
0
0
0
0
-1
0
0
0
0
0
1
0
0
-2
5
-48
-54
-31
-20
-18
-36
-27
-31
-40
-38
-26
13
51
86
59
5
-29
-28
-28
12
36
20
-9
-55
-72
-72
-59
-96
-135
-85
-58
-108
-80
-60
-38
5
-4
-13
-34
-31
10
31
56
97
116
101
53
21
-31
-15
-17
-28
-42
-19
21
1
-41
-107
-123
-165
-141
-122
-119
-161
-250
-241
-227
-148
-76
-55
-52
-51
11
43
98
113
115
121
92
40
15
13
-15
-11
-11
-8
1
11
-9
-17
2
2
3
2
13
12
6
-9
3
11
2
0
-1
-3
-4
2
10
2
-14
-15
-14
-3
-2
13
24
11
0
-10
-4
7
7
17
15
-2
-6
-1
-8
-4
-1
-1
-9
-1
-4
-1
-2
-21
-20
3
20
8
-4
-15
-7
-2
12
8
3
-8
-9
-2
15
24
0
-18
-18
3
-2
-11
0
9
15
20
15
10
-9
-2
7
16
24
18
13
-2
-9
-9
-4
-2
4
13
2
-2
7
7
4
-6
4
-3
16
17
5
-4
-6
-3
6
-2
-8
0
4
6
6
-6
-18
-10
-2
-5
1
19
18
11
5
6
12
14
4
-6
-7
-10
13
9
2
0
-8
0
5
9
-8
-8
-6
-2
13
16
0
12
10
16
30
20
19
-5
-9
5
-5
-7
-12
-15
-8
-7
-6
-6
-10
-20
-19
3
13
-5
0
9
5
8
6
7
26
29
1
-13
-4
1
4
9
-4
-5
-18
-20
3
8
2
8
11
0
-7
-5
8
23
23
22
16
16
-11
-11
-9
-6
-13
-6
-2
-3
-6
-14
7
9
2
-15
7
14
13
4
-7
9
11
-10
-7
5
3
-13
-21
-24
-9
-8
12
9
9
-9
-17
18
1
19
13
7
0
-14
-4
-1
-5
-17
-5
-7
-11
-1
-3
-9
-9
-17
-3
3
-4
3
17
15
-1
14
15
14
18
5
10
0
-17
-9
-14
2
8
-7
-20
-28
-9
-5
8
4
-15
-3
7
14
-3
-8
4
9
5
-2
7
-7
-7
-4
-3
-5
-4
6
5
-19
-12
9
12
6
-9
-10
-8
11
6
-12
-4
0
-9
-5
-13
-17
2
7
0
3
5
5
7
-16
-12
-13
-4
-2
2
-11
-19
-14
-6
12
9
-3
-18
1
9
16
8
-10
-18
-8
5
4
11
6
6
4
8
25
14
5
-11
-1
4
-4
0
5
8
-3
2
9
6
-16
-14
-5
8
10
5
-8
-3
-3
-9
-4
4
2
-7
-20
-46
-42
-27
-6
5
5
-4
-21
-27
-21
-23
-42
-4
35
34
30
21
21
14
17
-4
-13
-20
9
56
37
37
41
23
2
-6
-3
17
19
12
-33
-30
-2
-2
-13
-44
-16
31
28
-6
-32
-42
-11
25
19
-2
-25
-6
0
-5
11
22
33
27
-3
-9
-21
-5
2
9
35
26
22
2
-7
-20
-21
-15
2
9
0
6
-25
-44
-36
-1
13
-20
-7
15
27
61
55
60
67
62
43
13
13
3
1
-7
-13
-32
-52
-53
-62
-32
12
-4
-10
-51
-60
-7
35
54
48
29
13
-20
-32
1
15
10
21
13
-6
-3
-18
-4
16
13
7
20
22
-9
-22
-1
8
-5
-45
-35
0
10
16
-2
-13
-25
-20
-4
21
18
-14
-19
-22
-13
3
-7
-7
-24
-18
13
15
6
-5
1
16
20
2
-17
-17
-16
3
11
5
16
-4
-1
4
-13
-27
-45
-30
-6
9
20
4
-20
2
14
3
11
28
27
27
23
-7
-15
-10
-23
-10
-14
-32
-44
-65
-36
-23
0
-3
-34
-11
22
37
31
16
14
10
0
-11
-13
0
24
12
3
-6
-4
7
9
9
-2
5
8
15
13
12
4
33
23
-1
-5
6
32
17
-16
-24
-30
-28
-3
11
32
19
14
3
21
18
-4
26
53
70
57
29
36
38
11
-14
-37
-49
-34
-11
-26
-5
-7
-2
6
16
23
-2
28
53
53
31
28
48
52
58
51
37
32
23
35
50
62
66
52
71
58
21
35
37
30
41
21
9
13
-13
-4
-18
-38
-51
-59
-3
43
92
110
61
53
45
39
62
51
31
16
25
37
26
41
32
12
-6
-48
-42
-21
-34
-32
-26
2
-3
-36
-31
-36
-28
-25
-3
26
-3
11
23
30
26
0
10
14
20
17
36
21
12
49
26
-19
-78
-51
-19
25
21
16
5
-45
-34
-10
-25
-24
25
-1
-26
-40
-45
-19
24
15
-17
-32
-27
-21
-22
-21
-6
7
-14
-47
-44
-39
-51
-71
-78
-73
-107
-107
-74
-58
-46
-46
9
15
-13
-31
-30
0
30
69
54
66
10
-8
-10
-30
-4
28
36
28
11
-35
-36
-29
-28
-11
-30
-31
-37
-28
-8
-29
-84
-110
-56
-38
-53
-67
-79
-31
-19
-13
-31
-36
-44
-76
-73
-64
-52
-45
-11
8
-13
-47
-44
-10
-10
-10
-24
-42
-40
-80
-108
-109
-85
-51
-81
-104
-63
-30
-43
-31
-29
-16
-22
-31
-16
-21
-15
-9
-21
-41
-66
-75
-40
36
39
-33
-53
-68
-93
-71
-67
-50
-63
-71
-56
-70
-22
-16
-19
26
8
-35
-54
-45
-20
3
-15
-46
-79
-46
15
30
18
1
5
14
13
-24
-11
19
39
60
92
87
74
72
26
20
0
-35
-29
-17
-31
-48
-35
-19
-12
11
48
76
82
58
91
89
45
36
2
24
32
17
14
27
77
100
110
92
92
82
71
53
41
59
52
34
-2
22
36
40
64
61
41
30
66
81
75
54
29
43
93
108
117
151
167
186
171
135
77
61
88
97
91
36
18
40
42
50
78
88
86
61
43
68
60
41
21
50
112
142
137
137
108
103
128
169
196
180
125
80
71
81
84
92
85
89
130
122
109
69
25
6
-16
-23
7
29
39
19
24
45
54
114
111
80
74
83
115
93
34
15
16
20
5
28
69
97
127
122
103
82
81
80
69
31
20
4
-18
-5
-7
11
3
-19
-28
-22
-3
-9
-15
-9
41
35
-8
-41
-28
-45
-91
-63
-71
-48
-39
-77
-106
-108
-102
-76
-37
-19
19
29
38
54
82
76
19
-13
-47
-47
-22
-20
-43
-70
-65
-44
-21
-32
-56
-72
-71
-98
-113
-94
-82
-82
-101
-109
-114
-103
-79
-54
-56
-46
-73
-100
-112
-120
-103
-77
-40
-89
-86
-87
-94
-60
-88
-114
-134
-157
-111
-62
-41
-40
-32
-42
-48
-48
-49
-62
-90
-113
-118
-104
-98
-88
-83
-80
-67
-59
-65
-82
-73
-81
-90
-99
-102
-104
-82
-80
-92
-115
-154
-158
-179
-196
-168
-149
-159
-145
-170
-149
-108
-51
-30
-39
-19
-25
-34
-42
-27
-10
-52
-37
4
52
81
54
36
27
20
12
2
-39
-44
-55
-65
-79
-75
-69
-61
-60
-77
-119
-178
-211
-225
-187
-180
-152
-145
-133
-114
-126
-106
-97
-106
-120
-82
-49
-33
-46
-82
-49
3
57
61
50
57
87
111
116
94
47
63
80
80
67
15
7
29
36
95
124
110
84
44
71
121
157
169
149
138
139
95
86
103
100
95
47
32
35
41
54
40
42
85
120
176
198
185
157
161
202
186
169
177
192
202
213
170
141
134
171
187
136
118
144
148
124
82
75
98
117
172
174
155
157
161
160
148
165
147
125
125
115
116
119
162
187
148
130
97
91
102
78
67
53
67
77
75
60
45
26
24
43
73
77
69
66
44
15
35
42
32
49
97
116
90
74
87
97
65
57
75
75
15
-41
-48
-58
-48
-58
-27
-47
-83
-81
-47
-25
-48
-18
-4
-21
-27
-14
18
69
104
129
120
94
64
38
38
49
38
-9
-65
-118
-135
-135
-130
-120
-139
-163
-164
-155
-140
-127
-112
-125
-128
-91
-96
-96
-88
-62
-9
-15
-64
-50
-40
-25
-23
-68
-85
-71
-28
-17
-38
-56
-48
-58
-17
22
15
-13
-52
-90
-92
-53
-39
-64
-91
-80
-56
-56
-40
-27
-38
-17
10
1
-26
-35
-28
-22
20
40
-7
-48
-29
-18
0
53
58
-4
-60
-113
-134
-91
-70
-74
-92
-121
-148
-127
-76
-64
-102
-132
-145
-151
-119
-87
-96
-96
-106
-95
-101
-104
-106
-85
-89
-94
-87
-60
-32
-70
-78
-99
-90
-74
-59
-79
-85
-127
-173
-179
-166
-149
-102
-83
-82
-84
-97
-58
-44
-54
-24
-10
-2
-19
-11
-2
15
81
89
145
169
163
166
155
158
191
228
221
247
258
279
260
250
211
178
172
175
189
198
178
167
212
229
279
308
305
288
294
304
272
295
305
294
309
288
274
225
177
156
173
171
122
128
88
92
84
60
63
66
91
123
142
105
103
98
101
115
124
149
147
158
136
109
83
85
132
148
152
140
186
215
212
239
247
279
295
299
261
231
241
210
148
94
134
184
197
175
145
190
192
177
155
108
93
60
96
146
151
116
67
66
84
104
117
81
34
-6
-13
31
31
24
33
21
54
88
90
94
96
107
104
75
56
65
65
53
47
62
102
120
121
69
66
72
72
74
67
20
-22
7
1
-47
-89
-115
-106
-68
-65
-87
-128
-126
-135
-146
-159
-214
-260
-236
-239
-246
-202
-181
-178
-182
-191
-198
-186
-161
-158
-170
-209
-225
-199
-195
-179
-159
-149
-128
-130
-189
-204
-183
-136
-124
-145
-157
-188
-211
-239
-266
-297
-308
-328
-343
-369
-413
-425
-427
-399
-436
-428
-375
-383
-373
-393
-385
-359
-355
-367
-384
-397
-387
-383
-415
-398
-391
-408
-397
-358
-325
-340
-366
-384
-393
-403
-420
-434
-444
-429
-405
-423
-454
-461
-418
-397
-384
-384
-393
-363
-344
-327
-281
-266
-267
-232
-225
-206
-212
-250
-222
-197
-183
-190
-170
-113
-112
-125
-145
-122
-93
-82
-58
-12
29
28
43
49
75
111
137
157
153
158
144
176
191
177
166
182
209
223
205
190
205
177
194
198
192
178
168
227
266
251
227
211
217
220
225
231
195
115
84
115
134
129
122
116
87
45
56
87
130
140
118
121
101
98
99
81
95
92
54
52
77
113
111
97
48
54
99
140
164
161
129
111
117
148
219
251
289
313
320
311
294
287
307
286
297
297
306
323
315
334
340
329
331
343
328
326
341
343
327
275
261
270
234
184
126
118
115
65
53
39
18
22
58
92
60
105
148
147
165
181
206
219
251
257
233
224
224
246
288
269
252
244
245
249
224
204
178
169
156
122
87
42
6
15
18
37
6
-27
-37
-83
-94
-144
-221
-254
-307
-317
-350
-393
-417
-458
-497
-497
-461
-435
-428
-399
-396
-405
-398
-422
-428
-425
-414
-437
-446
-461
-437
-391
-397
-352
-309
-264
-244
-222
-225
-237
-172
-160
-154
-158
-191
-215
-231
-224
-255
-221
-211
-224
-214
-227
-240
-293
-314
-314
-338
-380
-409
-466
-514
-581
-603
-608
-624
-624
-659
-616
-625
-662
-710
-699
-676
-675
-701
-714
-725
-700
-693
-633
-572
-537
-505
-536
-505
-466
-438
-428
-434
-456
-463
-456
-461
-439
-426
-452
-443
-451
-435
-402
-396
-390
-376
-381
-367
-339
-365
-390
-412
-416
-440
-462
-535
-534
-533
-574
-630
-623
-617
-624
-634
-631
-561
-509
-456
-467
-488
-518
-478
-429
-400
-401
-388
-356
-335
-313
-292
-257
-214
-190
-159
-123
-119
-88
-59
-60
-69
-36
-12
-8
-32
-23
-41
-82
-115
-168
-162
-145
-167
-211
-236
-268
-262
-279
-290
-290
-321
-281
-291
-259
-261
-252
-265
-257
-231
-226
-207
-185
-154
-109
-62
-21
29
46
97
159
188
190
230
235
244
228
214
186
203
228
204
231
237
273
325
333
344
336
358
394
417
457
475
422
450
454
414
355
298
293
255
240
248
294
290
250
235
223
254
294
314
341
322
306
320
324
368
404
418
444
456
460
473
485
475
444
422
416
413
408
395
375
367
361
370
369
349
358
371
362
358
406
420
396
374
357
356
386
385
357
363
342
318
319
309
281
274
269
274
287
287
246
206
197
203
219
253
237
272
308
303
298
314
322
267
258
245
271
295
314
327
329
321
273
264
270
261
226
207
209
235
188
158
160
188
198
156
91
42
19
-24
-46
-124
-158
-180
-193
-222
-228
-242
-273
-270
-226
-175
-176
-215
-219
-242
-270
-290
-285
-282
-260
-260
-304
-293
-303
-263
-246
-282
-282
-281
-293
-304
-304
-277
-256
-237
-198
-183
-191
-233
-255
-280
-295
-310
-343
-362
-357
-349
-358
-402
-425
-443
-454
-483
-528
-528
-557
-595
-628
-647
-680
-695
-719
-765
-778
-788
-810
-827
-867
-889
-891
-855
-811
-800
-782
-741
-741
-727
-710
-728
-727
-719
-691
-670
-673
-704
-719
-718
-701
-693
-651
-622
-583
-557
-551
-500
-480
-470
-487
-515
-501
-514
-488
-471
-481
-506
-556
-581
-625
-643
-647
-671
-723
-770
-745
-740
-723
-724
-761
-761
-770
-752
-718
-673
-639
-632
-618
-564
-553
-542
-468
-387
-363
-379
-365
-352
-352
-349
-333
-320
-278
-257
-249
-249
-258
-243
-252
-219
-158
-98
-55
-34
-60
-132
-131
-101
-77
-95
-114
-111
-121
-117
-113
-115
-108
-119
-92
-77
-64
-48
-55
-59
-42
-25
-18
9
20
-14
-25
-16
21
49
54
57
91
106
141
190
263
310
317
365
381
421
456
499
522
496
528
583
579
594
572
540
492
462
505
541
544
526
525
540
502
453
453
471
484
465
420
387
379
360
348
304
271
314
335
321
316
295
318
315
320
340
314
363
398
424
474
547
593
635
688
743
785
783
773
748
716
674
634
676
679
657
652
613
617
618
612
607
588
544
538
538
496
441
384
348
304
296
302
252
197
161
119
77
69
33
51
44
52
84
92
140
208
255
225
223
217
230
278
250
243
252
217
258
256
227
204
168
159
143
176
190
200
186
178
182
182
195
197
211
242
242
235
227
207
184
201
211
206
183
153
133
105
68
44
54
36
33
5
13
42
65
101
126
121
114
130
181
208
200
235
253
295
341
363
375
386
387
399
422
439
440
398
382
368
399
384
347
353
340
309
280
252
223
192
154
125
113
100
62
49
54
61
59
40
19
11
15
12
26
13
6
-2
-25
-22
-24
-71
-98
-110
-137
-102
-112
-123
-128
-112
-100
-94
-82
-61
-31
12
54
88
136
172
168
148
176
196
176
164
159
176
172
146
150
160
166
182
205
208
183
136
111
68
64
91
84
98
82
30
38
49
60
74
83
126
136
164
155
159
145
116
120
89
71
108
165
168
193
186
166
161
142
172
189
220
206
194
225
237
258
274
257
235
220
258
278
273
259
217
189
165
127
102
129
169
151
143
120
109
101
113
132
117
164
210
219
240
238
257
257
248
236
230
262
268
302
294
263
262
257
289
341
354
327
305
341
365
367
359
347
353
383
383
402
402
385
367
350
334
309
302
276
269
261
237
193
138
94
60
30
37
42
47
65
84
86
81
68
55
39
31
32
39
32
30
1
-15
-11
-2
22
19
34
-4
-13
27
71
95
36
56
68
76
118
106
128
123
87
103
85
88
86
54
59
34
26
50
73
51
15
6
33
30
22
-14
-46
-34
-55
-67
-77
-85
-98
-101
-126
-177
-209
-270
-324
-348
-350
-306
-300
-266
-255
-267
-250
-193
-138
-126
-87
-59
-88
-112
-105
-92
-103
-119
-136
-133
-163
-215
-220
-226
-254
-265
-269
-303
-320
-351
-384
-390
-412
-407
-421
-419
-398
-401
-435
-491
-487
-467
-418
-372
-366
-358
-330
-351
-350
-347
-352
-370
-393
-386
-448
-468
-454
-421
-395
-423
-412
-386
-355
-360
-351
-361
-371
-337
-297
-278
-246
-226
-266
-260
-223
-207
-178
-162
-151
-97
-114
-114
-115
-144
-172
-175
-146
-139
-155
-172
-150
-139
-157
-193
-231
-243
-227
-200
-216
-214
-195
-170
-143
-170
-167
-153
-141
-134
-119
-73
-31
-16
15
45
74
97
75
79
83
97
103
99
97
101
137
158
146
155
180
159
140
125
118
127
122
129
151
150
158
202
230
223
214
186
179
178
174
177
203
203
163
168
186
208
189
224
298
298
278
229
238
227
222
246
253
284
294
329
322
325
316
306
325
339
289
314
313
281
266
271
298
268
280
260
278
303
304
293
259
245
246
208
245
218
227
221
203
204
199
165
141
122
90
97
56
46
59
21
17
22
36
61
138
209
208
244
258
298
319
329
329
297
336
356
361
346
320
361
408
432
431
406
389
418
428
435
445
402
375
337
283
291
279
235
193
156
103
79
83
88
50
19
57
44
24
2
-22
-23
-24
-50
-82
-81
-57
-31
-54
-62
-40
-61
-87
-100
-92
-94
-90
-114
-148
-158
-190
-210
-187
-201
-217
-229
-258
-264
-251
-256
-274
-284
-246
-244
-267
-253
-265
-263
-264
-284
-326
-354
-347
-392
-432
-420
-477
-459
-532
-596
-618
-689
-662
-713
-735
-770
-835
-816
-823
-799
-778
-778
-755
-718
-680
-649
-627
-628
-603
-564
-530
-490
-477
-453
-455
-462
-431
-444
-450
-485
-511
-478
-465
-445
-452
-464
-458
-483
-496
-512
-531
-512
-526
-546
-558
-587
-591
-597
-647
-670
-671
-656
-622
-574
-565
-567
-595
-622
-627
-649
-650
-641
-630
-638
-602
-571
-556
-550
-536
-517
-541
-529
-545
-527
-520
-511
-457
-430
-427
-454
-438
-434
-397
-339
-307
-283
-294
-286
-284
-258
-225
-227
-212
-212
-219
-228
-244
-261
-251
-267
-307
-315
-329
-336
-350
-360
-358
-353
-355
-327
-271
-229
-225
-227
-215
-172
-127
-139
-155
-110
-66
7
48
64
89
87
110
93
71
77
69
61
72
79
93
94
116
124
145
154
152
212
251
258
241
196
194
169
158
210
187
181
147
121
138
105
99
94
74
87
103
131
157
146
166
153
175
222
224
225
196
179
195
159
159
164
200
247
271
285
310
361
391
423
464
495
500
495
480
471
464
420
414
449
424
385
334
327
333
316
290
232
210
194
177
186
164
176
211
195
215
218
205
211
195
158
85
53
36
33
62
84
113
140
147
150
180
215
240
242
219
218
232
234
278
344
361
376
387
369
367
342
321
308
287
270
187
116
80
87
109
79
70
53
42
38
10
-1
-16
-51
-75
-100
-97
-83
-82
-94
-114
-143
-167
-191
-186
-183
-202
-212
-213
-211
-213
-218
-224
-217
-210
-197
-183
-136
-65
-47
-53
-114
-113
-115
-131
-97
-94
-82
-62
-80
-82
-111
-133
-153
-189
-201
-202
-218
-218
-193
-188
-204
-195
-180
-164
-160
-209
-239
-291
-323
-326
-348
-362
-418
-470
-453
-450
-437
-402
-412
-407
-412
-444
-441
-441
-429
-399
-383
-366
-372
-387
-422
-428
-376
-351
-311
-270
-278
-278
-292
-287
-317
-344
-310
-317
-295
-260
-265
-269
-271
-293
-290
-314
-306
-271
-253
-271
-317
-308
-329
-330
-318
-304
-274
-281
-285
-256
-248
-196
-217
-243
-257
-263
-231
-200
-112
-40
-13
20
36
60
107
126
151
151
155
168
204
257
258
270
279
254
282
304
285
243
217
204
192
209
224
231
196
181
212
213
244
215
203
199
179
172
159
113
60
7
15
37
42
84
113
157
195
201
208
215
248
269
286
329
341
360
383
399
389
372
380
378
404
426
443
486
502
550
600
590
628
637
609
615
605
607
617
607
604
593
540
487
491
489
501
515
497
494
469
421
372
320
281
250
240
221
191
144
79
90
128
130
121
66
62
76
77
119
144
148
169
192
238
304
318
299
275
286
296
304
279
274
299
297
293
251
227
210
181
215
275
311
346
348
342
305
317
365
372
383
394
393
416
422
438
459
419
372
344
349
342
316
282
258
222
205
139
123
169
180
166
153
168
180
198
210
218
210
219
190
206
224
180
189
213
225
229
222
253
247
235
251
230
222
215
189
175
163
162
181
151
133
88
22
7
3
13
-16
-41
-58
-53
-56
-96
-82
-76
-61
-44
-25
-17
-71
-85
-103
-122
-123
-136
-145
-184
-178
-143
-122
-115
-109
-101
-90
-89
-73
-74
-53
-4
13
49
106
133
171
206
228
236
195
213
208
183
139
133
160
182
231
225
209
179
183
222
178
107
58
42
47
43
34
32
13
29
33
14
3
-39
-58
-49
-12
13
-28
-67
-92
-50
5
0
4
24
55
90
96
127
139
99
69
92
112
106
86
65
76
121
134
132
112
91
75
54
28
27
8
39
66
72
109
127
165
172
191
193
179
159
151
111
57
17
4
1
-1
24
6
17
34
25
75
92
105
119
123
137
140
182
184
151
190
190
251
246
259
229
253
193
241
362
57
363
279
165
301
210
292
336
327
333
345
340
351
326
251
272
268
240
322
286
317
254
185
175
146
107
71
44
50
60
42
54
79
120
124
125
184
180
163
159
155
217
223
212
205
197
139
156
150
135
180
197
186
181
158
120
104
63
50
87
41
23
46
72
59
27
31
42
23
-28
-31
-80
-81
-86
-111
-145
-155
-166
-166
-154
-154
-186
-155
-135
-179
-205
-263
-296
-285
-278
-271
-276
-285
-279
-290
-286
-256
-264
-295
-288
-304
-338
-365
-345
-297
-273
-276
-271
-241
-233
-195
-198
-175
-126
-111
-161
-206
-183
-147
-104
-115
-134
-191
-221
-218
-240
-250
-296
-322
-258
-243
-248
-240
-245
-252
-232
-217
-234
-243
-244
-290
-333
-359
-369
-341
-373
-356
-324
-342
-318
-309
-345
-338
-304
-301
-273
-249
-254
-247
-270
-238
-222
-204
-175
-181
-187
-171
-117
-101
-95
-121
-153
-154
-136
-161
-185
-221
-230
-213
-201
-192
-194
-201
-195
-169
-147
-73
-70
-67
-78
-104
-90
-119
-123
-111
-69
-59
-109
-117
-125
-156
-151
-147
-160
-159
-153
-145
-134
-147
-105
-56
-42
-47
-114
-162
-183
-197
-212
-222
-222
-238
-256
-227
-253
-221
-206
-143
-194
-144
-134
-244
-59
-182
-66
-61
-35
49
16
88
82
67
53
44
34
23
31
12
-3
15
3
59
52
55
65
81
83
68
81
86
106
153
123
105
113
150
173
174
177
163
186
179
182
203
246
295
285
295
306
324
377
399
414
428
398
376
340
290
230
182
160
126
173
206
216
226
235
249
249
227
197
155
157
146
157
194
166
182
158
128
151
175
192
192
171
142
134
113
47
-10
31
69
94
113
86
59
15
28
41
36
61
46
1
-50
-60
-77
-70
-69
-44
-35
-40
-43
-90
-70
-66
-51
-24
-74
-91
-112
-126
-90
-92
-77
-96
-143
-160
-175
-198
-231
-252
-247
-224
-187
-216
-257
-280
-318
-307
-276
-280
-260
-310
-354
-369
-393
-402
-455
-480
-458
-432
-454
-445
-459
-472
-456
-458
-458
-447
-392
-366
-396
-381
-335
-298
-280
-326
-352
-345
-314
-302
-304
-343
-428
-451
-509
-561
-552
-550
-536
-551
-594
-606
-609
-559
-500
-507
-509
-511
-467
-440
-464
-479
-474
-491
-471
-411
-430
-440
-463
-476
-472
-460
-456
-470
-476
-472
-465
-454
-405
-343
-288
-262
-258
-258
-317
-306
-287
-237
-220
-214
-222
-285
-306
-336
-370
-385
-402
-422
-416
-413
-448
-470
-475
-438
-394
-359
-376
-422
-438
-441
-391
-371
-330
-338
-377
-382
-387
-370
-345
-324
-333
-311
-316
-369
-371
-311
-269
-261
-290
-272
-242
-211
-156
-107
-103
-107
-91
-62
-40
-31
-30
-34
-14
-23
-5
28
67
89
98
103
95
94
134
161
151
137
88
45
43
55
37
56
69
61
63
15
28
24
15
-36
-56
50
52
-12
-74
-44
-39
-94
-145
-93
71
129
137
111
57
-66
42
275
274
305
298
160
139
368
342
-413
403
1239
585
257
-238
102
398
80
352
508
595
282
-92
-116
-51
217
90
247
198
-12
-168
-244
92
73
-60
-33
115
74
-193
-228
-82
134
14
-185
-188
-62
103
-34
-29
68
63
4
-50
128
273
216
129
139
179
188
132
121
214
135
34
79
70
90
195
222
205
254
260
218
190
276
387
369
367
353
360
350
327
390
375
344
324
305
282
243
200
226
235
193
231
284
292
279
272
290
292
278
277
313
320
297
306
292
271
288
290
307
309
301
310
319
305
243
226
217
246
227
204
207
167
183
142
87
40
23
14
-59
-73
-98
-159
-162
-173
-230
-237
-226
-254
-252
-245
-239
-242
-230
-195
-222
-197
-177
-159
-146
-189
-232
-232
-174
-154
-188
-141
-121
-194
-240
-230
-171
-125
-70
-92
-72
-34
6
26
23
65
80
87
68
43
-7
-7
77
106
94
61
-25
-61
16
64
35
46
-10
-71
-65
-91
-119
-130
-135
-129
-154
-191
-189
-172
-124
-144
-185
-164
-166
-178
-168
-132
-80
-68
-45
-22
-47
-95
-152
-130
-115
-125
-101
-88
-125
-127
-130
-89
-60
-51
-16
-25
-29
5
52
71
145
187
217
235
238
319
293
245
270
383
325
164
172
232
242
141
-20
-5
56
39
63
93
79
-54
-8
-61
42
-17
-162
82
25
-104
120
426
257
-42
5
346
378
232
337
318
209
248
232
294
225
59
184
267
310
211
153
165
122
209
238
213
323
311
310
289
245
288
394
430
383
411
391
384
263
157
263
358
435
404
242
282
284
325
332
283
337
206
204
210
254
282
230
265
288
402
452
439
364
402
422
393
331
343
577
532
408
339
346
381
394
356
326
442
215
284
511
442
596
545
507
600
621
413
305
493
569
585
363
303
441
305
229
322
287
273
276
156
189
203
23
55
154
155
90
-25
69
93
57
4
-24
91
28
14
91
182
254
121
188
304
229
193
159
153
213
118
-34
-44
73
121
-23
-191
-99
52
11
-50
-82
-7
32
4
55
31
94
170
172
129
27
48
131
184
154
101
111
131
137
76
39
105
149
130
63
62
44
14
25
41
7
-63
-44
62
-39
-1
159
165
129
-121
19
46
-28
11
-162
-54
-137
-111
-47
-149
-19
-112
-110
-92
-222
-140
-109
-56
-64
-92
-56
-16
-27
-108
-112
-88
-40
-16
-117
-168
-192
-144
29
-94
-190
-74
-32
26
-76
-133
58
81
46
-12
-22
-11
10
42
-93
-67
37
62
-26
-11
141
135
151
209
243
181
121
164
97
53
30
49
88
134
110
28
-43
-70
-14
39
4
-1
-27
-4
-39
-96
-99
-82
-31
-87
-49
38
45
97
110
96
140
188
303
320
262
169
106
155
180
206
184
207
128
76
114
208
216
157
230
283
212
192
197
107
247
251
347
393
179
129
170
108
210
87
184
193
207
122
-108
154
248
217
162
138
237
229
178
196
133
180
290
323
319
309
354
434
345
329
260
375
653
594
503
313
220
294
261
323
403
344
417
385
349
174
132
276
285
305
320
301
240
190
107
190
147
180
310
238
242
213
162
168
173
290
303
156
91
-21
-154
-102
17
27
-15
-18
-17
-52
-96
-122
-130
-142
-206
-143
-134
-307
-302
-160
-104
-123
-76
-17
-26
-56
-105
-101
-23
-50
-129
-131
-38
-46
-113
-175
-173
-162
-139
-129
-134
-159
-234
-220
-220
-253
-328
-370
-324
-299
-358
-443
-440
-374
-348
-370
-383
-303
-289
-247
-223
-239
-280
-312
-302
-317
-303
-310
-245
-250
-251
-336
-438
-393
-350
-331
-379
-344
-214
-208
-247
-221
-144
-101
-138
-138
-119
-63
-17
-11
-77
-76
-129
-165
-134
9
33
-138
-208
-196
-234
-300
-393
-386
-334
-414
-338
-283
-370
-461
-393
-402
-376
-289
-281
-346
-375
-324
-293
-303
-393
-337
-286
-233
-158
-149
-220
-275
-316
-238
-148
-259
-184
-103
-188
-385
-376
-129
-16
-71
-220
-300
-201
-107
-299
-350
-210
-87
-187
-167
-87
-212
-214
-172
-148
-145
-199
-214
-164
-62
-190
-215
-218
-248
-239
-296
-311
-463
-535
-467
-343
-381
-486
-408
-371
-276
-216
-369
-288
-142
-212
-134
11
30
-40
-129
-8
76
52
-54
-16
-1
-96
-131
-69
-30
42
-88
-135
-56
-20
-43
-66
35
-87
-55
-100
-16
20
-253
-121
8
-27
-179
-160
-16
-17
-102
-177
-125
-34
-86
-120
-129
-64
-62
-100
-90
-4
59
5
-15
-15
23
41
77
17
83
117
70
120
107
176
142
46
6
0
12
-3
7
11
-52
-26
13
-2
35
56
78
-8
-56
15
143
126
41
64
194
104
-15
127
158
51
-7
95
141
56
29
56
107
98
-21
-39
59
60
4
11
-11
7
-31
2
-33
-127
-107
-114
-61
-78
-91
-145
-121
24
-30
-81
92
70
-26
19
81
69
-61
-15
-15
7
-104
-138
-27
-50
-96
-195
-231
-185
-137
-212
-217
-210
-233
-178
-186
-263
-189
-208
-113
-75
-70
-43
-82
-32
-71
-131
-59
-29
-172
-188
-126
-166
-148
-133
-164
-171
-213
-289
-305
-327
-283
-301
-235
-106
-124
-277
-243
-121
-217
-382
-310
-323
-322
-332
-461
-441
-384
-355
-413
-334
-298
-385
-457
-338
-247
-405
-584
-465
-362
-238
-271
-369
-256
-187
-82
-82
-111
-136
-84
-135
-279
-311
-184
-166
-230
-287
-220
-209
-294
-266
-227
-247
-334
-387
-438
-360
-380
-411
-389
-317
-137
-108
-185
-272
-292
-203
-178
-276
-234
-223
-276
-349
-333
-306
-299
-310
-325
-321
-267
-251
-231
-201
-257
-297
-314
-264
-287
-379
-436
-427
-357
-183
-227
-275
-193
-171
-169
-212
-111
-181
-230
-48
-50
-126
-160
-5
105
-37
-137
-31
94
50
-85
-21
78
116
27
-13
47
35
-10
75
223
160
95
45
73
95
15
52
210
211
55
-38
58
65
7
-34
7
-25
-26
22
-50
30
109
167
136
68
109
163
177
142
166
222
213
191
195
296
325
247
264
282
361
352
231
125
129
196
54
34
143
78
-19
-13
114
141
71
78
40
138
121
17
83
97
150
63
85
164
240
233
174
268
318
208
140
278
308
243
198
162
143
202
135
320
220
155
253
174
381
275
293
253
297
396
425
394
380
372
358
376
328
267
272
207
255
316
306
300
258
291
231
328
369
402
413
277
322
327
298
340
160
125
225
264
111
76
155
78
40
-32
-97
26
175
66
27
153
207
200
214
280
394
343
246
220
200
195
206
234
160
179
252
227
175
125
154
352
369
258
206
247
275
163
234
332
283
257
242
334
295
126
5
-33
51
81
-71
-137
-44
4
-113
-184
-45
161
126
53
-104
33
101
-16
-44
-175
88
48
62
-61
-76
-59
-65
-58
-167
-60
-108
-1
12
-138
-179
-114
-62
-66
-32
-29
-166
-157
-98
-90
-118
-250
-299
-154
-167
-310
-390
-385
-235
-245
-235
-264
-312
-278
-256
-294
-214
-124
-89
-48
-44
-47
-69
-101
-68
-63
-78
-47
-7
-46
-23
17
4
75
-1
37
-59
-21
110
65
5
28
146
191
85
54
91
164
193
76
218
311
256
188
207
129
108
146
118
223
275
181
188
204
224
219
146
152
205
344
302
120
73
124
258
303
170
105
219
225
197
71
63
128
191
232
50
92
131
158
256
232
220
233
239
282
289
227
279
292
258
270
308
317
302
315
281
233
243
272
254
212
206
207
227
206
247
268
260
321
342
311
321
323
370
364
305
238
247
337
368
331
362
447
438
444
361
266
318
277
228
218
285
333
287
149
164
251
259
200
219
287
253
233
215
304
350
213
154
122
248
329
276
335
310
275
367
321
227
235
186
229
255
308
272
194
219
126
159
166
207
199
168
234
284
288
250
313
254
231
255
181
130
184
140
40
-50
63
231
176
36
85
119
169
226
97
108
154
125
121
117
95
111
190
234
162
139
133
128
84
38
25
-22
6
-4
-2
43
70
98
119
163
128
68
119
76
35
80
108
117
120
99
138
91
99
199
122
122
78
26
213
224
107
40
138
227
178
140
171
178
107
-23
-132
-66
-54
-98
-173
-207
-184
-276
-306
-244
-227
-251
-287
-226
-155
-195
-215
-241
-186
-126
-200
-163
-110
-187
-122
-113
-139
-62
-27
-69
-77
-40
-26
-56
-131
-54
56
95
75
6
120
204
91
42
65
105
69
26
43
1
28
-15
-20
61
33
114
58
-48
16
11
30
81
73
81
61
136
187
2
-26
-8
54
122
9
11
65
52
18
58
112
119
153
131
128
100
26
74
41
1
-33
-77
-24
18
-25
1
13
-3
-25
3
80
77
120
80
73
114
152
203
119
138
264
255
212
140
209
235
170
176
133
90
154
216
257
194
108
178
220
187
39
66
87
98
130
94
107
102
210
206
95
121
205
217
221
227
256
237
188
204
212
234
204
172
192
210
236
256
195
147
197
253
183
92
59
101
108
59
96
27
-30
40
72
35
-18
-13
-16
-5
-76
-142
-65
-109
-47
23
-4
23
-44
-7
38
8
-24
-43
-53
-17
-63
-130
-111
-137
-119
-145
-165
-146
-230
-276
-193
-221
-243
-299
-292
-131
-121
-203
-239
-118
-111
-190
-205
-154
-215
-237
-189
-181
-157
-137
-215
-164
-4
-15
4
2
1
-80
-124
-41
-41
-49
-13
36
4
-34
0
54
69
-52
-61
-27
-4
78
-41
-125
-148
-180
-162
-220
-266
-249
-306
-295
-313
-349
-360
-400
-443
-482
-421
-426
-495
-540
-535
-483
-507
-568
-566
-553
-540
-665
-683
-599
-651
-724
-735
-660
-655
-640
-644
-597
-564
-613
-533
-469
-463
-440
-486
-463
-426
-378
-355
-378
-394
-405
-257
-164
-221
-325
-353
-308
-277
-282
-319
-319
-235
-206
-284
-351
-368
-369
-398
-474
-520
-444
-468
-453
-452
-457
-390
-460
-448
-386
-390
-404
-473
-534
-490
-392
-388
-391
-404
-433
-410
-455
-421
-351
-329
-337
-325
-279
-325
-327
-276
-234
-255
-337
-295
-276
-291
-314
-254
-186
-279
-302
-274
-240
-252
-346
-400
-365
-402
-434
-426
-460
-444
-437
-320
-291
-352
-306
-358
-374
-302
-211
-75
-85
-181
-149
-112
-84
-81
-145
-119
-20
-135
-241
-216
-140
-172
-221
-114
-146
-169
-225
-216
-187
-173
-218
-237
-173
-214
-191
-132
-108
-86
-81
-44
-59
-109
-87
-21
64
117
98
4
61
114
102
147
142
86
36
-13
40
64
-6
68
104
78
65
97
138
69
-23
17
93
63
-15
23
103
84
51
121
91
63
136
97
92
118
72
68
73
118
190
197
142
105
149
207
119
81
155
166
146
138
134
157
261
235
261
298
186
165
166
198
230
255
242
215
201
164
195
143
99
121
74
102
135
133
74
81
96
88
103
82
171
181
114
127
195
231
217
182
224
206
138
247
215
99
81
106
176
65
-49
-32
-6
-9
-31
-73
-154
-214
-269
-235
-236
-243
-230
-194
-284
-396
-313
-237
-265
-339
-284
-249
-291
-327
-375
-316
-272
-233
-231
-263
-222
-223
-199
-190
-231
-249
-183
-201
-244
-290
-248
-153
-192
-192
-147
-140
-190
-259
-222
-184
-230
-263
-228
-160
-159
-237
-180
-96
-109
-50
10
45
-35
-108
-76
-45
-22
-68
-74
9
-42
-55
-67
-78
-99
-167
-173
-180
-197
-189
-238
-322
-314
-246
-225
-275
-281
-250
-210
-231
-294
-283
-228
-261
-294
-311
-301
-291
-308
-221
-149
-95
-161
-190
-162
-76
-52
-137
-135
-129
-77
-70
-112
-206
-234
-246
-213
-316
-404
-400
-453
-459
-476
-433
-402
-468
-557
-573
-507
-435
-416
-384
-337
-312
-360
-333
-271
-221
-321
-399
-309
-200
-162
-186
-184
-126
-67
-116
-155
-117
-78
-55
-43
-32
-19
29
72
57
104
125
186
206
127
89
82
36
119
152
30
54
72
29
9
44
70
34
34
37
55
66
-42
-16
53
6
-27
-104
-101
-45
-21
-111
-86
-44
-110
-99
-69
-5
-44
-42
1
10
40
87
138
105
127
170
152
181
206
185
205
198
188
215
296
339
301
375
379
361
384
312
308
333
313
330
321
262
257
305
316
315
369
378
270
138
161
218
232
231
177
174
208
220
171
136
163
180
149
152
254
248
232
194
189
187
110
222
358
403
270
168
358
415
306
254
310
288
184
140
157
187
189
206
163
165
183
175
196
199
244
213
85
117
181
133
131
107
168
273
239
248
241
215
214
228
299
309
265
264
235
184
224
282
302
310
310
278
227
294
246
254
283
151
200
257
238
223
216
230
262
292
278
311
306
346
304
273
337
348
395
401
449
490
447
431
383
357
318
302
242
180
226
262
131
60
72
93
73
50
99
62
-39
-69
35
130
108
69
-1
-19
3
30
32
-2
-4
59
109
59
22
34
121
85
51
74
134
163
-9
-26
83
157
198
108
90
78
79
109
128
172
160
93
97
152
138
84
51
108
117
57
57
120
34
5
37
-57
-8
101
266
135
-48
182
297
180
112
208
307
324
313
298
320
367
366
252
215
249
269
200
174
128
70
91
127
194
78
55
147
240
244
125
138
122
27
138
262
243
221
191
174
217
293
190
131
265
318
173
122
112
148
199
150
155
174
100
93
150
115
35
3
38
85
126
103
47
11
146
248
273
256
189
159
111
184
278
271
304
257
221
268
254
226
179
138
279
263
114
0
-68
-49
-65
-80
-111
-73
-58
-67
-123
-115
-64
-63
-82
-110
-96
-46
-27
-90
-103
-121
-20
50
-60
-109
-84
-45
-53
-74
-71
-86
-178
-164
-60
-46
-79
-25
51
80
72
21
137
208
155
115
184
261
207
133
175
346
399
331
223
322
534
553
546
601
699
785
847
947
944
968
1046
1156
1216
1206
1224
1216
1268
1267
1277
1332
1357
1377
1305
1258
1306
1346
1335
1331
1334
1234
1163
1176
1189
1105
1077
1054
949
853
770
800
757
662
574
468
311
240
127
-57
-168
-312
-393
-501
-630
-806
-963
-1002
-1043
-1165
-1379
-1488
-1532
-1665
-1794
-1897
-1972
-2094
-2139
-2147
-2218
-2318
-2381
-2367
-2419
-2496
-2642
-2735
-2767
-2791
-2759
-2577
-2297
-2016
-1725
-1433
-1167
-1018
-789
-524
-263
118
559
1000
1356
1546
1734
1897
2030
2290
2526
2625
2615
2646
2704
2681
2616
2504
2360
2209
2083
1966
1824
1575
1408
1299
1079
804
572
378
208
58
-65
-124
-253
-377
-443
-518
-613
-713
-766
-697
-684
-609
-551
-435
-304
-240
-261
-213
30
293
512
603
614
712
826
967
1243
1322
1302
1461
1491
1475
1580
1608
1620
1565
1523
1513
1398
1313
1227
1076
940
830
733
596
397
229
27
-242
-409
-553
-745
-952
-1160
-1382
-1526
-1668
-1794
-1923
-2095
-2182
-2316
-2474
-2548
-2641
-2659
-2739
-2841
-3041
-3209
-3252
-3327
-3413
-3531
-3561
-3515
-3421
-3254
-3011
-2681
-2298
-1947
-1619
-1407
-1165
-903
-600
-145
394
904
1311
1593
1802
2034
2336
2579
2640
2682
2781
2928
3034
3057
2892
2672
2531
2478
2316
2116
1903
1716
1627
1512
1277
978
645
392
241
99
49
-9
-163
-297
-367
-482
-560
-594
-769
-903
-851
-825
-704
-552
-511
-553
-580
-486
-420
-393
-284
-126
18
220
495
760
1049
1325
1478
1608
1716
1809
1968
2186
2407
2525
2462
2389
2368
2323
2152
1982
2042
2082
1866
1538
1274
1059
752
456
91
-220
-462
-652
-754
-806
-953
-1252
-1561
-1726
-1879
-2111
-2297
-2399
-2429
-2534
-2659
-2806
-3032
-3315
-3525
-3561
-3599
-3764
-3887
-3976
-4122
-4189
-4284
-4463
-4462
-4273
-3845
-3278
-2896
-2681
-2509
-2407
-2091
-1511
-942
-392
158
642
1084
1409
1730
2095
2373
2576
2582
2725
2966
3094
3135
2972
2849
2669
2426
2311
2122
1803
1563
1451
1349
1146
787
453
134
-154
-436
-624
-656
-698
-872
-952
-1004
-1128
-1270
-1295
-1215
-1230
-1210
-1164
-1024
-940
-968
-911
-832
-840
-821
-744
-592
-467
-363
-262
-35
213
671
1130
1075
1092
1198
1232
1444
1783
2145
2297
2214
2066
2149
2134
1897
1948
2115
1974
1794
1648
1630
1482
1031
676
350
39
-173
-232
-165
-232
-525
-847
-1113
-1357
-1557
-1781
-1974
-2057
-2211
-2367
-2401
-2478
-2794
-3121
-3339
-3440
-3627
-3917
-3984
-4065
-4304
-4474
-4590
-4755
-4952
-5141
-4935
-4374
-3824
-3420
-3156
-2881
-2672
-2575
-2200
-1458
-758
-279
221
796
1206
1558
2034
2560
2744
2632
2750
3128
3455
3638
3631
3537
3383
3118
3020
2977
2834
2537
2321
2244
2081
1759
1417
1136
852
536
335
336
315
159
18
-98
-242
-429
-658
-765
-859
-947
-946
-830
-689
-599
-568
-548
-600
-608
-506
-401
-183
52
163
356
651
905
1210
1507
1519
1606
1859
1968
2186
2533
2695
2778
2834
2745
2691
2640
2569
2630
2693
2574
2487
2414
2371
2065
1670
1298
975
791
609
524
451
198
-143
-477
-792
-995
-1296
-1673
-1988
-2173
-2266
-2452
-2667
-2914
-3314
-3724
-3930
-4052
-4278
-4510
-4730
-4818
-4995
-5226
-5313
-5452
-5698
-5521
-4886
-4233
-3683
-3367
-3135
-2970
-2662
-2195
-1470
-642
63
652
1199
1595
1951
2461
2874
2997
2919
3015
3244
3459
3535
3509
3331
3021
2675
2582
2556
2297
1998
1790
1635
1460
1209
997
723
380
-10
-228
-242
-263
-375
-488
-608
-773
-953
-1176
-1294
-1456
-1588
-1572
-1390
-1125
-1056
-1095
-1097
-1105
-1091
-1077
-926
-647
-502
-333
-66
281
622
957
1227
1327
1488
1621
1807
2157
2425
2565
2614
2637
2729
2786
2674
2574
2577
2569
2517
2496
2452
2264
1864
1442
1026
678
380
221
146
-24
-279
-606
-861
-1041
-1325
-1781
-2160
-2430
-2578
-2655
-2703
-2886
-3237
-3694
-4080
-4249
-4463
-4689
-4856
-5083
-5260
-5366
-5543
-5714
-5831
-5939
-5873
-5412
-4785
-4195
-3816
-3638
-3422
-3069
-2620
-1938
-1035
-337
392
1110
1657
2134
2590
3047
3233
3229
3351
3651
4005
4123
4051
4026
3933
3636
3385
3287
3144
2836
2558
2459
2393
2154
1817
1601
1232
820
495
370
396
277
123
33
-66
-286
-566
-809
-961
-1139
-1268
-1135
-881
-726
-742
-786
-733
-746
-746
-580
-314
-92
-60
156
519
1038
1630
1845
1947
1990
1959
2112
2479
2885
3190
3426
3521
3617
3684
3677
3524
3379
3367
3313
3309
3426
3411
3206
2831
2244
1798
1493
1267
1113
936
726
383
4
-273
-635
-1104
-1629
-2128
-2458
-2684
-2811
-2886
-3072
-3396
-3875
-4284
-4469
-4652
-4920
-5270
-5476
-5554
-5681
-5850
-5982
-5996
-5701
-5223
-4653
-4043
-3548
-3178
-2931
-2585
-2017
-1231
-367
391
1057
1757
2295
2714
3167
3553
3792
3903
4076
4356
4648
4735
4642
4539
4264
3845
3525
3346
3093
2719
2487
2339
2131
1847
1534
1285
929
413
42
-53
-90
-183
-302
-384
-441
-603
-856
-1028
-1111
-1332
-1614
-1624
-1287
-1039
-969
-916
-832
-800
-860
-770
-524
-289
-128
22
410
927
1373
1711
1965
2292
2345
2310
2666
2931
3208
3584
3794
4023
4106
3867
3647
3496
3200
3041
3014
2927
2819
2689
2464
2122
1625
1105
658
317
106
-157
-472
-693
-970
-1233
-1570
-2090
-2582
-3057
-3507
-3740
-3932
-4191
-4329
-4545
-4893
-5226
-5549
-5807
-6091
-6285
-6419
-6590
-6728
-6785
-6603
-6147
-5482
-4808
-4322
-3812
-3272
-2947
-2652
-2174
-1363
-427
408
1191
1970
2543
2843
3096
3475
3711
3703
3772
4039
4381
4504
4516
4481
4254
3740
3171
2750
2469
2125
1867
1882
1901
1719
1400
1149
794
340
-137
-376
-486
-611
-650
-593
-440
-450
-578
-636
-793
-1055
-1283
-1289
-1028
-732
-517
-319
-89
93
157
173
272
320
257
368
755
1313
1833
2316
2735
2971
3124
3224
3113
3168
3299
3401
3787
4166
4442
4643
4507
4072
3756
3314
2892
2797
2685
2521
2369
2094
1881
1624
1197
692
116
-332
-609
-909
-1076
-1149
-1358
-1558
-1846
-2248
-2657
-3149
-3616
-3776
-3981
-4147
-4245
-4453
-4563
-4796
-5019
-5242
-5538
-5790
-6044
-6287
-6232
-5624
-4730
-3966
-3383
-2969
-2685
-2544
-2479
-2049
-1181
-260
593
1516
2390
3085
3570
3900
4174
4265
3973
3844
4032
4264
4444
4549
4674
4646
4199
3614
3170
2571
2029
1678
1597
1681
1525
1334
1261
1049
686
202
-140
-330
-640
-848
-858
-695
-484
-363
-244
-316
-511
-726
-965
-997
-935
-806
-642
-403
16
365
650
850
901
826
713
769
1025
1445
1807
2234
2854
3286
3549
3549
3413
3414
3324
3289
3518
3771
4008
4152
4100
4022
3755
3393
3001
2600
2243
1914
1605
1426
1320
1209
981
563
-7
-610
-1180
-1688
-2013
-2289
-2469
-2618
-2855
-3140
-3527
-3847
-4191
-4684
-5139
-5494
-5763
-5931
-6052
-6278
-6546
-6804
-7169
-7402
-7420
-6927
-5854
-4674
-3789
-3159
-2793
-2721
-2641
-2339
-1544
-506
344
1201
2293
3112
3669
4148
4439
4453
3915
3171
2727
2591
2677
2935
3209
3200
2787
2187
1644
1020
237
-498
-803
-939
-1060
-1010
-682
-230
72
54
-77
-392
-1029
-1500
-1827
-1712
-1376
-960
-520
-148
167
487
703
588
226
-137
-581
-631
-552
-32
753
1574
2145
2259
2322
2098
1908
1784
1940
2456
3119
3568
4164
4473
4610
4591
4055
3510
2980
2292
2031
2042
2164
2539
2482
2427
2148
1564
1024
487
32
-94
-354
-305
-315
-264
-302
-376
-1026
-1862
-2810
-3692
-4127
-4595
-4842
-5243
-5752
-6251
-6780
-7138
-7441
-7965
-8561
-9385
-9921
-10363
-10579
-9686
-6780
-1504
4753
9052
10667
10301
7759
4443
1901
1413
3193
5002
5454
5725
6361
6181
4675
2189
-747
-3688
-7033
-9654
-9742
-7571
-4285
-1022
1208
2126
1576
-63
-1452
-2143
-2163
-1276
566
2469
4252
5649
6354
6509
5138
2251
-648
-2728
-3748
-3728
-2844
-1196
694
1568
1225
503
-402
-1107
-1579
-1805
-1205
291
2094
3958
5472
6246
6383
5486
3693
2042
835
414
735
1409
2080
3352
4108
4447
4396
3758
3614
3095
2330
1772
1859
1816
2439
2673
2612
2967
2702
1559
697
-106
-544
-140
-37
245
755
758
349
-376
-1371
-2239
-3157
-3986
-4600
-4840
-4829
-4549
-4073
-4120
-4774
-5633
-6708
-7743
-8276
-8541
-8433
-7961
-8687
-9012
-9537
-9693
-6182
-112
7480
13798
15150
13574
9855
3561
-683
-2230
-1471
1402
2615
2218
3096
3150
1619
-344
-3326
-6314
-8310
-10321
-10316
-6750
-2225
2320
5783
5967
4468
2391
-272
-1672
-2349
-2329
-502
1657
2753
3330
3279
2741
1565
-1124
-4197
-5719
-5795
-4849
-2947
-911
1219
3007
3024
1773
505
-551
-598
17
546
1768
3519
4803
5413
4967
3686
2417
810
-900
-1803
-1701
-688
927
1985
2541
2970
2833
2621
2870
2922
3505
4207
3450
3784
3727
3253
3589
2731
1818
1198
-474
-1289
-918
-606
17
160
168
415
118
-354
-784
-1071
-1228
-1789
-2533
-2943
-2976
-3129
-3043
-3448
-4289
-4898
-6045
-7137
-8114
-9215
-9273
-8705
-8551
-8238
-8677
-9382
-10068
-10711
-7634
-103
8836
17264
19796
17380
13309
5302
-1780
-4753
-5010
-1777
1227
735
1362
2321
990
-611
-3673
-7708
-9600
-10996
-10902
-6677
-905
4835
9546
10087
7393
3903
14
-2456
-3259
-3476
-1910
885
2664
3383
3190
2117
817
-1438
-4932
-7001
-6791
-5033
-1892
987
2846
4333
4300
2496
745
-684
-1104
107
1334
2450
4004
4962
5440
5040
3118
793
-1045
-2330
-2557
-2051
-1054
768
2529
3140
2948
2060
1452
1113
1121
2440
4836
7341
9510
9617
7839
6043
2912
556
-348
-946
-204
1113
1508
2195
1965
819
253
-702
-1682
-1721
-1475
-659
380
748
723
60
-1287
-2988
-4696
-6072
-6331
-6533
-6331
-6188
-6360
-6720
-7512
-8299
-9238
-9925
-10611
-11198
-11227
-11100
-7550
814
9956
18640
22236
19355
14585
6427
-2768
-7117
-7105
-3975
234
1171
1385
2976
1908
-1018
-3664
-7256
-9512
-9707
-9198
-5463
896
6094
10626
12445
9284
4445
-346
-3717
-4360
-4149
-2885
513
3458
4152
3512
1867
28
-1838
-5063
-7603
-7722
-6250
-2968
700
2697
3408
3056
1162
-855
-2286
-2752
-1183
1226
2702
3835
4572
4595
4278
2820
558
-1123
-2039
-2121
-1117
96
1672
3439
4272
3893
2906
1485
719
417
1796
4021
7008
10367
10675
10224
7627
3491
990
-1087
-1608
-586
196
950
1999
1962
1265
628
-960
-1748
-2052
-2153
-1043
413
1639
1934
1086
-1009
-3363
-5476
-6866
-7467
-6991
-6078
-5367
-4653
-4947
-6353
-7522
-9387
-10700
-11190
-11756
-10809
-9896
-9203
-7343
-666
7872
15929
21375
19265
14855
8042
-1719
-7203
-8027
-5611
-1277
791
428
1539
1602
-1083
-3060
-5954
-8488
-8537
-7860
-5202
591
5913
9750
11794
8915
3597
-848
-4035
-4448
-3411
-2347
368
3700
4735
4073
2546
130
-1954
-4826
-7675
-7749
-5753
-2707
596
2438
2570
1804
-220
-2280
-2811
-2626
-1361
862
2521
3791
4675
4683
4444
3744
2049
96
-1188
-1501
-571
1035
2504
4032
5051
4895
3763
1962
204
-472
207
3301
7738
11360
14624
13425
10000
5934
-596
-4004
-4787
-4205
-1259
1083
2334
3830
3602
1902
583
-1173
-2150
-2005
-1791
-843
386
1154
743
-523
-3189
-6084
-8018
-8910
-7833
-6706
-5366
-4561
-5121
-6419
-8444
-10319
-10746
-11065
-10902
-10784
-10264
-9253
-3627
6805
15266
22546
22102
16444
10719
1360
-6407
-8027
-5372
-655
3129
2736
2394
3832
1182
-1963
-4889
-8830
-9875
-8374
-6148
-580
5637
8843
11512
9968
3867
-1601
-5103
-5673
-3868
-2493
-458
3420
5826
5344
3485
492
-2319
-4705
-7621
-8378
-6433
-3512
168
3072
3132
1705
-215
-2459
-3105
-2703
-1913
635
3519
5096
6052
6273
5697
5036
3136
337
-1453
-2004
-1114
1118
3386
5165
6233
5789
4071
1842
-317
-1273
-418
2725
6533
11336
15568
15464
14447
9058
1807
-2243
-6390
-6595
-3830
-1450
1991
4067
3662
2822
1038
-1704
-2868
-3776
-4062
-2514
-1265
10
726
-110
-2389
-5002
-7418
-8660
-8270
-7322
-5793
-5116
-5126
-6206
-7917
-9974
-11118
-12105
-12155
-10849
-10341
-7703
10
9974
18701
23772
20747
14715
7677
-2084
-8021
-7676
-3524
2540
5605
4293
3953
3356
-606
-4181
-8261
-11626
-11021
-8750
-5052
1478
6834
9673
10799
6712
-137
-5323
-7611
-6361
-3463
-1042
2127
6049
7419
5912
2755
-1187
-3968
-6114
-7927
-7370
-4650
-1003
2498
3644
1872
-484
-2757
-4508
-4636
-3695
-1398
2323
5408
6816
7114
6136
4753
3315
864
-1406
-2176
-1687
231
2673
4165
5175
5277
4072
2170
252
-1074
45
1502
5239
10613
13475
16864
15593
10191
4745
-1796
-6003
-6226
-4463
-918
3070
4407
4220
2918
99
-1913
-3645
-4837
-4167
-2352
-541
1291
2018
778
-1276
-4672
-7677
-9574
-9842
-7974
-6063
-4311
-3860
-4905
-6225
-8068
-10484
-11956
-11985
-11559
-10201
-8375
-2996
7522
17367
23553
23306
17118
9364
-1
-8245
-9949
-5669
903
5988
6118
4389
3132
-235
-4495
-7987
-11266
-11970
-9537
-5898
-244
5800
9441
11108
8690
1758
-4864
-7975
-7186
-3998
-704
2314
5981
8219
6902
3588
-344
-3665
-5699
-7381
-7736
-5442
-1565
2361
4539
3149
3
-2696
-4911
-5562
-4453
-1651
2761
6641
7845
7177
5440
3273
1665
88
-1214
-1407
-444
1455
3397
4394
4384
3806
2745
1306
-167
-1085
-516
1469
4812
8613
13222
15395
14648
10809
3416
-2485
-6537
-6782
-3250
575
4160
5810
4955
2918
68
-2775
-4094
-4326
-3364
-1198
825
2596
3274
2118
-907
-4846
-8209
-10080
-9889
-7971
-5681
-3924
-2678
-3649
-5508
-7965
-10820
-12378
-12334
-11731
-10668
-8639
-5825
2384
12789
19788
22781
19078
11596
3765
-4898
-9980
-7289
-515
5330
7778
5395
2663
360
-3764
-7407
-9440
-10317
-8560
-5119
-1604
3142
7023
8563
8028
3419
-3473
-7567
-7675
-4878
-1197
1347
3902
6421
5954
2728
-620
-3168
-4110
-4256
-5057
-4491
-1853
886
2918
2614
-256
-2868
-4172
-4857
-4193
-1729
1788
5675
7505
6064
3428
985
-722
-1385
-1451
-920
739
2780
4195
4479
3551
2409
1776
1109
515
426
1356
4674
7255
10507
12811
11865
11258
6279
382
-3104
-5794
-4078
-290
2738
4644
4647
2610
158
-2421
-4729
-4623
-3280
-1433
897
1842
1962
1743
-282
-3231
-6589
-8870
-8976
-8017
-5938
-4900
-4496
-4036
-5393
-7884
-9561
-11658
-12443
-11350
-11392
-10352
-7898
-2045
8798
18395
22954
21494
14736
6317
-2193
-9012
-9064
-2422
4823
8579
7181
3640
881
-2740
-6858
-9422
-10228
-8615
-5568
-2576
1155
4582
6402
6197
2652
-3324
-7311
-7385
-4715
-1330
872
2504
4147
3875
807
-2252
-3161
-2274
-1310
-1239
-1230
-398
790
988
-469
-2707
-4216
-4504
-3712
-2200
-170
2494
5266
6284
4763
2151
-51
-949
-732
-551
140
1940
3929
4960
4249
2451
1138
667
339
787
1700
4338
7320
9499
11364
10595
9114
7165
2892
-425
-2290
-2794
157
3420
5162
5707
4142
1335
-1369
-4148
-5321
-3983
-1858
549
2532
2753
2212
1006
-1598
-4499
-6779
-7897
-7258
-5727
-4269
-3665
-4266
-5328
-7143
-8748
-9906
-10448
-10028
-9146
-8832
-8822
-8204
-4104
4430
13286
19141
19841
15173
8291
15
-6988
-7804
-2864
3743
7770
6980
3751
995
-2666
-6623
-8628
-8745
-6843
-4034
-2294
-74
3033
4567
4123
1433
-3052
-5724
-5220
-2804
111
1730
2420
2626
1088
-2266
-4870
-4400
-1806
659
1422
1517
2151
1989
330
-2380
-4623
-5176
-4502
-3208
-1231
1469
4041
5670
5278
2910
376
-1253
-1679
-953
-62
928
2500
3818
3903
3063
1789
1044
889
850
1106
2433
4535
7705
9985
12220
12475
10028
6283
329
-3056
-4599
-3554
849
4529
6641
5935
2873
-294
-3236
-5389
-6030
-4406
-1931
614
1801
2113
1731
160
-2120
-4419
-5999
-5965
-4939
-3463
-2310
-2893
-4631
-7385
-10461
-12012
-12245
-11214
-8922
-6975
-6666
-6343
-6911
-5976
484
8093
14847
18480
15773
10780
4721
-2327
-4425
-1416
2793
6451
6035
2497
165
-3109
-6910
-7996
-7756
-6628
-4241
-3149
-1921
567
1196
608
-502
-3039
-4420
-3496
-1360
1564
3468
3439
2551
-11
-3996
-6424
-6541
-4343
-697
1595
2868
3816
2784
138
-3083
-5975
-6680
-5436
-3669
-977
2320
4873
6044
4964
2547
886
-245
-1076
-665
369
1460
2404
2224
1745
1450
1007
755
996
1496
2457
3988
5057
7172
9056
10898
11629
9526
5293
767
-2095
-3129
-1925
1001
4332
6235
5157
2405
-359
-2140
-2896
-3092
-2698
-1533
-91
305
312
-66
-725
-1773
-2976
-3784
-4007
-3301
-2267
-1969
-2742
-4418
-7215
-9347
-10233
-10436
-9009
-7524
-6562
-6549
-7300
-8842
-9147
-4540
4424
13948
20148
19467
13678
6536
-1574
-5889
-3363
3008
9572
11366
7682
2767
-2713
-8445
-11090
-10042
-7239
-3505
-1523
-552
981
943
-851
-2549
-4331
-4919
-3219
-190
4011
7471
7922
6003
1996
-3133
-6417
-7091
-5040
-1217
1899
3572
4022
2332
-995
-3938
-5784
-6023
-4617
-2589
48
2967
4806
4791
3275
1441
427
338
634
1590
2855
3542
2911
766
-1117
-1567
-1337
-493
938
2753
4421
4999
4506
6061
7156
10284
11607
9402
7837
2576
-619
-2047
-1869
1476
4103
5506
4928
2936
495
-263
-1006
-1570
-490
-562
-366
-723
-1291
-1077
-663
-914
-2209
-2760
-3213
-3580
-3496
-3515
-3726
-4104
-5575
-7571
-8799
-9127
-8786
-8146
-8439
-8281
-8463
-9336
-9492
-8511
-2059
7886
15656
18481
14899
7720
439
-4903
-5245
889
9046
13486
12292
6162
-702
-6601
-10900
-10684
-6696
-2295
598
610
-789
-2014
-4190
-6350
-6500
-4969
-1953
1664
4382
6489
7103
4886
1314
-2175
-4296
-3574
-1109
1450
3331
3215
1251
-1599
-4497
-5946
-5265
-3601
-1709
-327
-15
-95
-347
-864
-743
206
1426
2813
3997
4369
3781
2213
205
-1765
-2724
-2020
-164
1953
3545
3803
3395
2847
1835
2719
5070
8931
11097
11060
8319
3460
404
-2366
-1569
1541
4129
6036
5044
3122
1023
-598
-943
-416
723
1306
1109
-84
-1045
-1730
-2671
-3040
-3141
-2765
-2614
-2860
-2964
-2956
-3173
-3902
-5286
-6138
-6618
-7334
-7743
-8163
-8030
-7856
-8156
-8877
-8926
-9449
-7941
-1924
5808
13521
15678
11467
5125
-592
-3509
-940
6140
12989
16123
12074
3968
-2429
-6894
-7581
-4208
586
3843
3135
-1174
-5535
-8061
-9477
-8619
-5380
-1249
2006
3036
3186
3451
2323
526
-613
-191
1854
3722
4546
4874
3700
567
-2962
-5354
-5154
-3254
-1753
-976
-1176
-2592
-4185
-5250
-4875
-2551
237
2188
3361
3788
3406
2738
2027
1902
2212
2332
2443
2622
3030
3214
2535
1866
1876
2984
3973
5039
7044
9271
10019
8362
4851
720
-250
393
2220
5652
7076
6777
4412
1058
-40
298
1314
2797
3527
2902
1193
-931
-2308
-2125
-1801
-2080
-1818
-1850
-2886
-4313
-5199
-4932
-4315
-3354
-3495
-3688
-4588
-6913
-8210
-8697
-8064
-7545
-7569
-8069
-8793
-9012
-9172
-5668
1405
9253
13245
10494
4903
50
-1017
1725
7494
13635
16187
12829
5268
-920
-3913
-3418
-161
3036
4087
1027
-4465
-9009
-10617
-10058
-8175
-4743
-1462
-369
-1702
-3184
-2987
-1876
-776
780
3165
5383
5739
4446
3236
2008
347
-1092
-1357
-572
-222
-1017
-2237
-3470
-4762
-5751
-5575
-4058
-2377
-1800
-1759
-1094
-89
624
1220
2401
3582
3725
2571
1270
1418
2386
3036
3680
4313
4549
4233
4043
3751
5812
7007
6430
5771
2841
1557
966
1385
3966
4356
3959
2642
1153
1108
1535
2290
2651
2710
1777
529
-281
-621
-548
-424
-753
-1404
-1781
-2268
-3203
-4159
-4797
-4870
-4962
-4371
-4011
-4412
-5114
-6998
-7247
-7697
-7264
-6886
-7724
-7708
-9378
-9882
-8127
-7734
-3342
1800
6060
9396
4924
188
-1499
-313
5166
10832
14147
14038
9611
2799
-1031
-825
1403
5383
5993
3489
-1306
-7141
-9579
-8782
-6504
-3438
-1766
-2265
-3893
-6366
-7050
-4762
-1778
1658
4099
4668
4463
3108
2183
2399
2536
3007
3411
2791
1832
343
-1156
-1547
-2300
-3154
-3121
-3428
-3662
-3798
-3557
-1977
-501
-96
-56
-44
149
75
-43
809
2348
3710
4631
4821
4719
4700
4293
4489
5928
6830
8320
8069
7279
6998
3681
2873
1856
2628
5274
4529
4296
2593
865
692
552
1493
2196
2433
1426
332
-667
-1236
-721
204
945
692
-22
-1507
-2877
-3614
-3711
-2975
-2621
-2805
-4073
-5476
-6391
-7218
-6851
-6715
-6890
-8094
-9381
-10358
-9286
-7976
-6724
-6120
-5337
-1087
2686
4704
2727
-33
201
2751
7329
11359
13430
12601
8361
3973
2125
3558
5552
7673
7177
3489
-1814
-6594
-7652
-5556
-2886
-1639
-2497
-4879
-8255
-10240
-8979
-4666
71
2515
2428
662
-775
-1007
253
2434
4214
4697
4016
2802
1627
1019
703
385
-292
-1429
-2436
-2996
-3094
-2576
-1550
-899
-1316
-2517
-3389
-3383
-2656
-1436
77
1507
2199
2208
2206
2656
3324
4087
5240
7149
8596
8690
7922
7367
6360
5647
4842
4039
5167
5200
4327
3026
560
161
180
456
1720
1552
1015
-269
-1605
-2015
-1897
-1227
-452
449
656
-236
-1415
-2480
-3185
-3346
-2930
-2854
-2982
-3539
-4643
-5566
-6178
-6903
-6906
-7073
-8135
-8867
-10065
-8787
-8162
-7351
-6323
-7152
-7111
-8395
-5627
-984
2581
2942
-229
601
2966
6299
8855
9070
9174
6783
4178
3174
4792
6755
6981
5738
2784
70
-2674
-3652
-3183
-2753
-3117
-5034
-6645
-7856
-7947
-5940
-2912
-654
-987
-3165
-4978
-4376
-1937
1085
3689
4525
3534
1792
651
515
882
1514
1817
1367
315
-799
-1005
-573
-323
-464
-1088
-2059
-3442
-4064
-3059
-1067
877
1572
1355
907
424
553
1386
3025
4852
6202
6944
7125
6981
6717
6117
6065
5965
6114
6042
4791
3527
2156
1482
2139
3073
3772
3763
2290
101
-1712
-2500
-1869
-638
594
1228
1117
460
-1349
-2561
-2667
-2533
-1916
-1975
-2272
-2356
-2981
-3630
-4126
-4406
-4787
-5719
-6508
-7088
-6482
-5967
-5029
-4651
-5608
-5779
-7363
-7982
-7985
-9378
-7278
-3412
202
3388
635
-1020
-129
1974
5468
7039
6924
6475
5288
4791
6204
7765
7882
7195
4937
2791
529
-1570
-1768
-1860
-1820
-1840
-2677
-3585
-5003
-6316
-5897
-4650
-4019
-3856
-3890
-3164
-1296
269
1533
1866
1047
40
-423
243
1670
2535
2752
2415
1360
578
211
254
781
492
-644
-1598
-2133
-1526
212
1771
2612
2121
876
-66
-582
351
2374
4566
5938
5746
5400
5391
5006
4648
4756
5128
5275
4366
3686
3755
3960
4155
4156
4625
4588
3492
1976
937
830
503
867
1496
2054
2068
1079
-210
-1473
-2135
-2366
-1849
-1376
-1626
-2361
-3389
-3957
-4467
-4310
-4239
-4404
-4621
-5546
-5935
-5507
-4829
-4306
-3989
-4509
-5703
-6769
-8314
-8534
-8145
-7558
-6817
-6581
-4120
-1659
131
-1370
-4302
-3887
-769
3456
6117
6179
5434
4638
4390
4904
6211
6155
5060
3983
2779
2279
1591
1180
545
-216
-1249
-2376
-3450
-4770
-5944
-6079
-4508
-2685
-1831
-2129
-3238
-3663
-3090
-1908
-646
166
132
-314
-222
203
841
1181
864
454
246
225
162
68
166
523
1278
1920
2324
2542
2009
832
113
336
1544
2893
3837
4579
4869
3866
2552
1787
1845
2765
2408
2999
3154
3302
3865
3192
3900
4023
3554
3477
2946
2748
2601
2817
3198
3606
3261
2714
1996
1056
397
-294
-310
-367
-741
-1112
-1930
-2697
-3339
-3943
-3939
-3785
-3723
-3667
-4117
-4394
-4218
-3528
-2745
-2489
-2879
-3585
-4578
-5894
-6427
-6349
-5564
-4655
-4940
-4972
-5551
-6922
-7743
-8834
-7118
-3864
-1345
-468
-2309
-2856
-647
2998
5073
4657
2877
1740
2568
4173
6235
7251
6373
4960
3414
2787
2448
2015
1587
881
-28
-681
-953
-1297
-1591
-1793
-1515
-1168
-1453
-1867
-2104
-1788
-749
-119
-477
-1498
-2370
-2036
-754
155
149
-492
-942
-1043
-479
1027
2779
3490
2872
1782
1245
1549
2280
3264
4391
5308
5579
5268
4794
4028
2846
2139
1906
2013
2333
2891
2956
2940
2345
1989
2628
2746
3012
2920
3038
3482
3457
3742
4268
4350
4153
3687
3325
3020
2604
2199
2207
2085
1527
531
-745
-1392
-1566
-1633
-1651
-2216
-3006
-3456
-3470
-2849
-1838
-1188
-1427
-2395
-3378
-4133
-4652
-4543
-4274
-3756
-3610
-3719
-3927
-4665
-5182
-6036
-6449
-6106
-5799
-5416
-5280
-6097
-6604
-7116
-5879
-4278
-2953
-3316
-4261
-3086
-64
2875
3277
2288
1026
1165
2247
3195
4268
4295
3394
2850
2703
3271
3296
2904
2540
2412
2149
1996
1920
1736
1316
515
-151
-712
-1712
-2797
-3152
-2701
-2122
-2328
-3085
-3466
-3242
-2480
-1247
-252
141
-236
-752
-413
811
2041
2862
3171
3294
3691
4440
5036
4996
4510
3986
3616
3410
3173
3203
3340
3195
2594
2129
1592
1933
1670
2040
2317
1766
2743
2141
2407
2899
2412
3145
3088
2801
2690
2568
2799
3212
3653
3089
2462
1385
551
91
-343
-492
-1019
-1279
-1252
-927
-445
-382
-804
-1563
-2216
-2839
-2793
-2374
-2084
-1996
-2356
-3111
-4153
-4559
-4600
-4049
-3670
-3480
-3490
-3947
-4678
-5480
-6111
-6188
-6645
-6511
-6780
-6539
-6967
-7593
-7451
-7032
-4861
-3724
-3146
-4402
-4549
-3022
-546
1350
765
-185
-492
411
2761
4589
5819
5842
5640
5748
6148
6745
7035
6679
5375
3841
2730
2258
1884
1010
-51
-612
-1078
-1513
-2124
-2663
-2511
-1751
-1325
-1771
-2994
-3710
-3213
-1822
-307
470
537
267
369
1189
2455
3549
3909
3572
3321
3437
3934
4472
4789
4782
4447
3935
3466
3214
3005
2823
2783
2651
2415
2489
2280
2496
2173
2114
2958
3158
3452
3173
2930
3716
3946
3644
2962
1888
1152
918
1468
2209
2256
1664
1025
809
706
520
467
462
216
-164
-341
-363
-827
-1437
-2197
-2690
-2905
-2774
-2108
-1205
-924
-1403
-2548
-3468
-4066
-4390
-4287
-3985
-3857
-3786
-4329
-5344
-5354
-5722
-5552
-5570
-5896
-5893
-6388
-7068
-7725
-8007
-8972
-8176
-6943
-5540
-4246
-5943
-4931
-3173
15
2632
2434
2693
2956
4270
6013
7042
7567
6957
6303
5873
6105
6316
6134
6054
5579
5000
4226
3164
2368
1903
1363
834
-118
-1444
-2483
-2987
-2447
-1393
-1025
-1389
-2009
-2242
-1767
-949
-167
500
728
675
986
1494
2174
2693
3030
3162
2772
2202
2039
2517
3355
4000
4062
3640
2790
2038
2000
2648
3428
3564
3248
3172
3240
3545
3483
3168
2971
2570
2151
2077
2091
2257
2142
1714
1422
1290
1236
1266
1515
1855
1933
1360
547
-152
-793
-1117
-1352
-1212
-805
-530
-509
-861
-1503
-2274
-2515
-2484
-2047
-1821
-1955
-2314
-2702
-2875
-2816
-2810
-3039
-3148
-3206
-3270
-3733
-4581
-5607
-6493
-7046
-7057
-6696
-7058
-7083
-8026
-8235
-8551
-8926
-7901
-7563
-6788
-6195
-5273
-3386
-2494
-3051
-2597
-1614
919
2797
3066
3191
3178
3887
5181
6734
7817
7712
6912
6189
6170
6375
6010
5598
4614
3809
3350
2719
2456
1987
1214
653
110
-365
-1038
-1666
-1572
-709
327
654
-4
-1235
-2226
-2621
-2079
-961
-208
-147
-610
-772
-271
371
876
1147
1235
1519
1932
2618
3448
4016
4212
3946
3659
3538
3570
3706
3695
3658
3569
3568
3241
3029
2550
2624
3405
3278
3201
2389
1712
1759
1530
1510
1278
635
-101
-646
8
685
608
-107
-1241
-1750
-2005
-1963
-1698
-1332
-1239
-1780
-2128
-2164
-1980
-1593
-1043
-418
-220
-664
-1581
-2570
-3422
-3726
-3511
-3047
-2779
-3152
-3881
-4774
-5389
-5802
-5644
-5276
-4825
-4649
-4598
-4719
-4994
-5290
-5155
-4811
-4881
-4797
-5389
-5217
-4900
-4675
-3916
-3132
-1656
-187
278
401
40
44
880
1908
3200
3823
3985
3670
3429
3776
4098
4619
4756
4386
4266
4219
4533
5025
5188
5218
4737
3962
3203
2429
1882
1401
1338
1529
1620
1175
354
-363
-824
-926
-990
-833
-382
158
268
88
-228
-573
-595
-245
464
1108
1324
1129
957
1297
1784
2082
2374
2656
2750
2604
2378
2372
2541
2740
2973
3183
3115
2598
2122
1871
1796
1887
1746
1477
887
140
-255
-460
-620
-948
-1174
-1306
-1384
-1301
-963
-521
-200
14
214
204
-339
-1268
-2064
-2546
-2728
-2599
-2240
-1846
-1920
-2362
-2743
-3052
-3333
-3290
-3048
-2622
-2251
-2303
-2299
-2519
-2977
-3418
-3718
-3680
-3634
-3598
-3572
-3547
-3598
-3405
-2836
-2119
-1760
-2040
-2436
-2874
-3134
-2996
-2570
-2114
-1889
-2232
-2942
-3368
-3686
-3570
-2935
-2322
-1879
-1824
-1385
-643
161
1230
1892
2052
1986
1759
1926
2511
3195
3723
4097
4399
4411
4275
4098
3932
3946
4171
4388
4251
3784
3450
3239
2846
2252
1686
1477
1600
1656
1545
1288
946
537
285
605
980
1031
575
-243
-837
-1036
-644
45
594
800
679
330
71
117
276
416
450
468
614
529
30
-603
-867
-763
-531
-320
-32
412
692
910
1289
1848
2182
2028
1590
1006
353
-144
-311
-154
120
246
82
-303
-930
-1556
-1785
-1728
-1575
-1389
-1250
-1373
-1665
-2122
-2511
-2634
-2664
-2664
-2830
-2840
-2830
-2757
-2358
-1922
-1641
-1625
-1715
-1552
-1411
-1449
-1468
-1181
-737
-462
-351
-383
-776
-1563
-2208
-2286
-1967
-1747
-1672
-1521
-1405
-1491
-1572
-1620
-1742
-1854
-2060
-2140
-2253
-2466
-2369
-1992
-1486
-1223
-1204
-1121
-1093
-966
-531
94
582
999
1567
1951
2058
1893
1745
2190
2850
3170
3483
3739
3941
4019
4086
4395
4733
4784
4419
4009
3671
3419
3147
3080
3377
3604
3499
3066
2403
1776
1298
1036
1056
1092
751
-19
-939
-1729
-2063
-2123
-2061
-2086
-2158
-2184
-2031
-1706
-1354
-940
-537
-387
-380
-632
-901
-1104
-1450
-1636
-1424
-891
-271
-66
-224
-490
-726
-654
-269
313
758
940
875
598
451
535
559
491
328
45
-37
-115
-365
-439
-472
-494
-617
-795
-793
-938
-1024
-949
-615
-186
-61
-133
-380
-761
-1400
-2013
-2201
-1871
-1249
-805
-706
-872
-1129
-1326
-1403
-1361
-1154
-955
-940
-955
-815
-537
-412
-389
-405
-546
-815
-1068
-1124
-1042
-986
-1081
-1282
-1452
-1727
-2281
-2855
-3212
-3424
-3509
-3282
-2768
-2297
-1845
-1459
-1201
-811
-315
183
681
1073
1274
1490
1887
2434
3118
3899
4388
4505
4492
4634
4885
5094
5297
5385
5121
4507
3694
3029
2714
2332
1666
1109
696
332
137
19
-105
-201
-278
-415
-624
-1234
-1979
-2371
-2607
-2599
-2552
-2558
-2718
-3029
-3223
-3286
-3229
-3259
-3021
-2229
-1301
-816
-854
-1123
-1177
-1048
-704
-142
261
474
486
494
635
798
884
958
1072
1133
1140
1248
1387
1628
2047
2299
2361
2200
1759
1277
815
497
407
419
480
648
777
639
314
-80
-284
-409
-510
-434
-458
-525
-652
-780
-565
-225
-122
-186
-305
-376
-279
-107
227
486
595
622
355
-50
-417
-620
-631
-645
-776
-818
-850
-983
-1195
-1366
-1472
-1552
-1827
-2194
-2417
-2665
-2964
-3171
-3249
-3111
-2702
-2402
-2312
-2157
-1813
-1508
-912
-291
102
409
597
697
846
1106
1256
1506
1869
2319
2900
3379
3673
3863
3998
4076
3815
3394
3152
2849
2414
2140
2001
1872
1467
734
9
-510
-1033
-1486
-1550
-1396
-1241
-1269
-1321
-1364
-1573
-1903
-2073
-1905
-1611
-1312
-1053
-1044
-1074
-1127
-1155
-885
-688
-495
-481
-565
-556
-383
-41
167
221
278
377
254
-51
-212
-108
303
634
801
1241
1635
1943
2172
2293
2333
2177
1915
1894
2078
2083
2027
2021
2030
1973
1827
1651
1499
1215
928
809
797
786
706
675
521
265
14
-142
-95
-58
43
224
365
460
405
357
344
238
52
-91
-161
-383
-657
-840
-805
-608
-482
-448
-569
-854
-1143
-1337
-1247
-986
-967
-1262
-1719
-2083
-2338
-2583
-2806
-2911
-2915
-2860
-2673
-2339
-1985
-1747
-1746
-1895
-1778
-1574
-1442
-1219
-949
-690
-507
-321
-208
-173
-220
-406
-435
-214
-18
182
490
712
768
871
1060
1217
1239
1278
1435
1608
1705
1580
1466
1363
1155
922
974
1023
780
496
195
-19
-43
74
174
132
-210
-679
-1056
-1316
-1502
-1640
-1659
-1500
-1284
-884
-395
-75
10
-152
-345
-431
-334
-82
138
386
698
1019
1318
1457
1508
1546
1605
1847
2112
2411
2805
2881
2876
2858
2869
2879
2819
2748
2726
2825
2876
2789
2668
2490
2283
2095
1790
1476
1242
1036
937
757
485
337
282
299
322
196
20
-178
-408
-498
-453
-284
-175
-427
-873
-1371
-1762
-1855
-1717
-1450
-1202
-1063
-920
-731
-478
-264
-294
-420
-481
-439
-257
6
190
175
-129
-604
-1093
-1481
-1726
-2026
-2409
-2873
-3240
-3314
-3320
-3316
-3380
-3524
-3603
-3579
-3409
-3182
-2966
-2698
-2407
-2010
-1555
-1122
-760
-453
-179
174
564
968
1378
1843
2292
2598
2688
2694
2576
2331
2008
1786
1696
1663
1718
1902
2100
2146
2126
2023
1773
1400
929
578
423
328
274
228
128
-41
-374
-591
-633
-742
-819
-740
-380
-22
154
205
264
316
371
445
599
846
1049
1261
1461
1634
1748
1814
1921
1988
2113
2141
2146
2289
2533
2889
3085
2915
2706
2711
2686
2531
2397
2297
2264
2228
2059
1806
1499
997
276
-326
-676
-793
-856
-950
-1016
-1107
-1205
-1266
-1349
-1355
-1389
-1303
-1059
-818
-585
-499
-451
-383
-217
-76
-169
-420
-731
-920
-919
-785
-648
-454
-421
-499
-684
-863
-969
-1230
-1427
-1687
-1879
-1896
-1875
-1820
-1964
-2216
-2537
-2767
-2824
-2889
-2927
-2859
-2777
-2763
-2796
-3052
-3370
-3737
-3985
-3945
-3913
-3901
-3722
-3365
-2893
-2298
-1822
-1363
-933
-655
-372
4
480
1000
1468
1853
2198
2501
2649
2633
2687
2786
2871
2803
2688
2724
2825
2883
2855
2685
2293
1850
1556
1422
1417
1427
1404
1302
1149
827
581
428
304
239
114
87
242
365
438
502
509
530
491
465
556
800
1095
1331
1442
1385
1259
1175
1037
921
847
752
808
1001
1173
1227
1151
967
892
954
957
1058
1261
1401
1416
1465
1507
1536
1391
1049
759
588
469
287
20
-293
-462
-524
-571
-594
-678
-885
-1035
-1195
-1303
-1370
-1404
-1451
-1457
-1359
-1367
-1390
-1492
-1453
-1355
-1313
-1178
-1009
-734
-379
-251
-254
-336
-390
-350
-304
-322
-374
-414
-522
-678
-736
-725
-645
-704
-910
-1080
-1210
-1393
-1565
-1719
-1804
-1905
-2089
-2343
-2621
-2864
-3059
-3167
-3227
-3273
-3152
-3059
-2967
-2790
-2501
-2173
-1978
-1833
-1817
-1596
-1129
-542
99
602
940
1027
1143
1423
1879
2391
2796
3154
3392
3591
3686
3766
3920
3951
3822
3582
3386
3395
3434
3426
3276
2963
2575
2134
1864
1600
1321
1039
756
588
365
99
-220
-544
-814
-1079
-1186
-1135
-983
-747
-532
-389
-298
-308
-369
-461
-418
-305
-183
-21
39
137
221
410
576
717
735
826
1171
1221
1177
1214
1165
1148
1076
912
795
659
389
127
85
-35
-258
-247
-208
-220
-413
-692
-913
-1178
-1478
-1696
-1657
-1603
-1691
-1740
-1668
-1455
-1390
-1357
-1188
-925
-655
-426
-128
98
254
418
663
895
914
803
650
540
573
643
728
813
734
544
300
-14
-231
-396
-600
-904
-1290
-1587
-1700
-1769
-1867
-1912
-2143
-2544
-2901
-3140
-3080
-2925
-2839
-2849
-2989
-3225
-3388
-3325
-3213
-3175
-3082
-2946
-2679
-2240
-1900
-1534
-1051
-722
-431
-17
496
1131
1677
2082
2475
2815
2954
2995
3139
3354
3469
3433
3457
3549
3537
3400
3212
3056
2862
2478
2034
1666
1250
853
637
392
121
-172
-468
-622
-769
-807
-816
-914
-1075
-1244
-1161
-949
-771
-666
-705
-815
-880
-875
-719
-377
-72
207
346
538
676
647
612
419
331
365
397
533
561
477
388
240
96
11
38
121
208
243
279
363
366
232
95
66
92
110
148
176
132
-22
-124
-77
-52
-16
-37
-29
23
0
-59
-104
-50
36
149
276
369
412
439
552
707
866
893
884
910
965
954
898
847
765
558
222
16
-132
-382
-782
-1197
-1507
-1752
-1874
-1898
-2039
-2203
-2419
-2624
-2722
-2718
-2610
-2507
-2520
-2706
-2786
-2718
-2545
-2409
-2288
-2181
-2129
-2109
-1999
-1796
-1615
-1421
-1306
-1228
-1091
-947
-838
-575
-335
-106
206
473
750
1032
1179
1361
1548
1717
1908
2038
2002
1965
1888
1697
1542
1394
1347
1305
1257
1211
1245
1229
995
768
543
422
413
478
593
517
251
-32
-190
-171
-87
20
155
260
276
331
439
503
500
488
547
658
752
892
1035
1038
939
819
683
558
521
652
788
823
678
498
294
-38
-257
-350
-320
-230
-278
-341
-289
-251
-221
-65
80
80
37
84
128
187
343
607
853
854
697
472
291
164
100
145
284
435
488
500
456
366
238
182
234
391
496
507
541
496
420
316
239
197
154
126
91
-11
-195
-399
-578
-677
-893
-1194
-1533
-1857
-2080
-2204
-2219
-2228
-2330
-2496
-2691
-2869
-2911
-2871
-2688
-2500
-2394
-2352
-2379
-2314
-2193
-2239
-2261
-2151
-2112
-1928
-1648
-1350
-1110
-1010
-954
-825
-704
-529
-245
7
129
153
229
299
445
701
1024
1357
1453
1468
1624
1754
1867
1947
2027
2241
2380
2387
2433
2449
2355
2196
2039
1921
1832
1797
1884
1955
1920
1723
1456
1206
923
709
492
462
514
532
520
499
440
396
373
397
443
454
504
637
803
885
874
873
923
877
735
432
180
101
97
245
357
324
194
-35
-185
-240
-198
-53
-61
-71
-100
-112
-19
-65
-168
-250
-218
-84
34
110
145
204
205
141
164
239
315
274
213
145
157
237
207
70
-34
-106
-132
-96
-79
-56
-35
-88
-260
-477
-766
-1037
-1117
-1075
-1109
-1256
-1406
-1490
-1526
-1552
-1666
-1802
-1893
-1999
-2029
-2018
-2056
-2170
-2397
-2573
-2533
-2402
-2311
-2213
-2121
-2096
-2058
-2034
-1967
-1819
-1602
-1356
-1086
-912
-859
-823
-808
-696
-607
-489
-198
80
445
801
958
1094
1242
1311
1340
1446
1529
1570
1622
1676
1744
1840
1820
1740
1731
1671
1713
1785
1807
1878
1865
1848
1911
1981
2019
1998
1948
1890
1795
1643
1553
1487
1424
1338
1227
1031
819
686
587
673
803
801
676
473
344
388
399
320
241
240
293
245
170
137
111
124
90
15
11
23
25
37
64
40
1
-46
-58
-39
-89
-83
-11
39
75
122
115
-1
-163
-323
-347
-265
-209
-145
-140
-196
-276
-282
-163
16
137
108
62
123
168
240
249
183
149
112
73
34
52
61
-45
-205
-343
-436
-478
-510
-507
-537
-644
-852
-1066
-1178
-1314
-1512
-1702
-1826
-1822
-1749
-1689
-1645
-1668
-1776
-1881
-1893
-1840
-1732
-1595
-1420
-1272
-1096
-885
-796
-694
-665
-664
-522
-352
-234
-132
-79
2
200
392
545
748
826
843
915
945
1033
1114
1178
1242
1260
1214
1195
1245
1236
1357
1552
1689
1764
1701
1655
1627
1640
1634
1690
1791
1787
1687
1574
1522
1515
1499
1482
1498
1403
1312
1218
1146
1153
1128
945
723
542
399
344
300
279
224
56
-87
-211
-359
-492
-631
-760
-812
-809
-829
-876
-926
-928
-940
-963
-949
-916
-942
-901
-839
-799
-737
-718
-629
-461
-330
-215
-101
31
99
179
266
372
568
661
733
856
902
898
819
684
565
491
454
462
408
308
278
273
276
158
-31
-93
-76
-81
-222
-357
-450
-545
-627
-693
-815
-919
-1020
-1079
-1121
-1217
-1229
-1180
-1052
-1007
-1051
-1103
-1120
-1160
-1134
-1069
-967
-877
-814
-777
-738
-719
-736
-727
-829
-966
-1024
-901
-748
-628
-598
-710
-852
-959
-996
-899
-839
-800
-716
-694
-612
-545
-552
-510
-462
-320
-125
3
122
258
424
572
642
767
927
1091
1232
1306
1438
1491
1499
1582
1620
1648
1666
1648
1689
1681
1604
1555
1502
1443
1361
1277
1183
1020
778
577
436
343
275
161
22
-68
-124
-205
-267
-270
-335
-369
-447
-527
-491
-428
-334
-246
-260
-232
-203
-266
-269
-275
-282
-241
-100
105
274
304
328
320
324
381
416
506
656
765
774
757
673
631
629
623
594
574
537
497
534
598
721
801
793
665
457
283
241
298
340
424
451
439
350
251
105
-45
-140
-185
-141
-91
-77
-122
-170
-248
-331
-376
-416
-466
-477
-474
-490
-526
-581
-648
-752
-877
-978
-1028
-1035
-1048
-1080
-1052
-1084
-1159
-1191
-1288
-1248
-1188
-1188
-1200
-1236
-1255
-1231
-1202
-1212
-1282
-1308
-1292
-1277
-1205
-1164
-1029
-839
-666
-843
-690
-570
-339
-6
-53
67
23
165
424
571
716
872
1147
1321
1354
1285
1247
1337
1377
1304
1206
1099
1131
1290
1332
1307
1137
830
696
462
257
153
79
159
187
90
65
10
-76
-283
-498
-477
-404
-348
-313
-365
-296
-327
-399
-364
-479
-470
-359
-304
-88
36
150
354
429
535
516
442
410
335
424
597
696
800
689
525
376
200
229
267
307
373
329
260
134
32
7
-21
8
35
9
6
-21
66
142
189
149
40
-21
-87
-133
-130
-100
-127
-161
-193
-242
-228
-330
-535
-723
-939
-967
-987
-1055
-1157
-1355
-1454
-1518
-1572
-1572
-1632
-1678
-1671
-1632
-1530
-1406
-1347
-1238
-1305
-1344
-1463
-1576
-1439
-1328
-1190
-1079
-916
-864
-744
-852
-938
-835
-809
-743
-593
-729
-632
-478
-485
-211
-111
-123
104
76
111
262
251
536
677
805
925
1065
1140
1209
1210
1213
1246
1269
1353
1493
1519
1483
1379
1226
1149
970
882
886
808
836
830
818
953
843
721
571
441
498
494
443
500
450
538
562
463
416
261
248
319
376
549
635
670
640
489
421
415
532
728
912
904
886
821
689
816
860
919
1068
985
971
917
847
863
885
845
784
769
714
653
578
472
445
293
198
174
109
134
67
-55
-98
-190
-311
-374
-401
-304
-265
-287
-271
-333
-364
-419
-510
-492
-563
-599
-649
-696
-642
-664
-763
-868
-1065
-1209
-1179
-1178
-1092
-973
-1017
-1012
-1137
-1252
-1282
-1432
-1441
-1461
-1431
-1307
-1363
-1437
-1486
-1563
-1526
-1501
-1475
-1439
-1462
-1332
-1252
-1176
-1046
-1066
-1011
-1004
-1030
-917
-868
-714
-511
-447
-246
-154
-70
152
220
377
563
644
868
1009
1147
1307
1330
1378
1379
1335
1341
1329
1319
1264
1232
1190
1126
1125
981
895
828
669
635
524
464
451
269
142
-31
-253
-303
-393
-366
-325
-360
-352
-431
-410
-346
-189
18
174
263
318
357
379
402
280
285
267
206
285
266
243
277
175
68
11
-21
102
96
32
17
-96
-79
-166
-282
-246
-245
-246
-269
-310
-333
-400
-427
-406
-371
-377
-355
-339
-344
-372
-458
-503
-570
-599
-594
-580
-570
-578
-556
-535
-528
-598
-690
-768
-821
-815
-797
-784
-776
-778
-770
-863
-899
-936
-970
-941
-956
-926
-866
-772
-747
-745
-737
-772
-675
-709
-757
-689
-760
-714
-762
-727
-640
-600
-605
-551
-522
-442
-332
-367
-332
-349
-312
-150
-71
242
368
544
681
730
915
1051
1268
1387
1490
1593
1697
1665
1684
1679
1643
1662
1572
1517
1453
1348
1420
1356
1362
1349
1246
1092
867
679
549
501
442
368
361
320
253
223
248
348
481
599
692
714
698
634
620
621
614
598
546
582
631
705
777
759
743
631
547
538
469
451
480
545
544
469
430
391
306
279
313
316
325
272
207
224
167
64
-101
-292
-382
-506
-648
-736
-855
-898
-910
-931
-960
-1034
-1113
-1139
-1153
-1141
-1077
-1000
-879
-814
-788
-692
-619
-562
-538
-503
-426
-359
-208
-27
105
185
215
246
284
291
298
335
312
231
152
20
-119
-231
-295
-230
-255
-252
-298
-373
-319
-351
-341
-358
-363
-285
-251
-196
-200
-222
-142
-83
70
147
254
367
454
668
797
938
958
925
951
850
866
913
892
948
912
912
912
854
833
859
877
896
917
926
932
884
763
667
562
491
449
463
484
441
427
389
385
340
194
133
48
3
-37
-104
-73
-85
-72
-62
-96
-41
4
26
18
-27
-21
-16
-18
-4
-30
-122
-192
-323
-426
-457
-497
-497
-535
-592
-695
-790
-854
-949
-997
-1068
-1123
-1119
-1151
-1202
-1260
-1286
-1311
-1317
-1299
-1271
-1195
-1102
-991
-863
-835
-780
-714
-636
-539
-448
-344
-260
-237
-257
-252
-248
-215
-189
-144
-97
-112
-88
-41
-29
-36
-88
-124
-153
-191
-196
-205
-242
-307
-403
-488
-509
-476
-345
-238
-185
-96
-20
88
121
82
82
52
69
57
123
228
262
266
311
357
416
477
558
662
691
732
736
729
742
768
788
833
844
886
953
1054
1107
1083
1060
987
913
936
978
1013
1015
953
944
911
870
874
815
818
756
711
771
779
777
749
728
685
635
516
429
353
323
351
336
311
328
348
367
377
390
396
373
397
372
307
249
216
154
66
13
-51
-100
-215
-336
-396
-456
-462
-526
-545
-536
-503
-435
-431
-442
-454
-481
-503
-496
-469
-443
-344
-263
-224
-227
-235
-247
-225
-152
-41
52
74
88
39
-5
-57
-52
-51
-52
-22
13
107
209
311
400
441
450
486
451
422
339
293
262
216
133
33
-4
-20
28
-14
9
43
90
149
151
173
95
16
-13
32
66
15
-15
-19
24
38
10
35
50
66
53
-18
-35
-43
-16
18
-25
-21
12
34
109
133
102
103
83
59
61
74
96
70
25
8
34
55
58
30
-1
-20
-41
-19
21
57
88
112
142
161
143
121
128
129
126
82
3
-58
-124
-185
-217
-252
-228
-202
-131
-118
-140
-159
-192
-183
-191
-205
-234
-227
-188
-187
-220
-307
-328
-338
-314
-276
-325
-364
-445
-534
-581
-599
-635
-711
-776
-795
-802
-829
-847
-845
-785
-736
-728
-680
-665
-606
-551
-525
-516
-561
-613
-656
-662
-661
-673
-667
-596
-578
-606
-565
-531
-474
-400
-346
-210
-128
-107
-109
-76
-43
-24
15
68
99
127
118
121
161
194
218
138
50
39
47
93
118
85
57
18
13
35
63
101
64
23
70
108
136
88
34
13
16
72
123
121
104
100
133
130
119
199
238
230
227
234
315
391
439
442
355
304
200
164
157
148
134
94
158
159
137
156
151
173
179
160
145
180
185
211
262
297
307
256
242
234
280
313
325
351
291
279
320
342
341
325
324
323
294
246
162
141
181
254
364
411
395
321
321
335
361
378
333
257
153
76
-1
-62
-101
-133
-187
-219
-226
-237
-202
-245
-290
-288
-300
-333
-382
-445
-430
-365
-335
-353
-394
-377
-332
-269
-212
-148
-82
-36
28
69
81
94
110
143
180
196
204
242
230
229
243
193
149
95
84
90
70
76
77
39
1
-61
-80
-59
-48
-17
-32
-18
-6
-57
-49
-25
3
49
131
176
156
77
-19
-46
-48
-16
-10
56
96
68
84
100
96
84
26
-24
-47
-69
-27
-12
-15
-13
-22
-24
-2
28
65
71
67
104
159
196
153
79
24
2
25
0
-77
-119
-142
-150
-174
-141
-131
-133
-118
-149
-148
-122
-108
-126
-144
-173
-195
-202
-233
-194
-188
-181
-155
-131
-99
-150
-135
-144
-111
-76
-63
-102
-156
-156
-124
-98
-122
-149
-229
-294
-297
-295
-324
-352
-398
-448
-550
-641
-662
-695
-684
-663
-639
-587
-597
-632
-656
-602
-552
-568
-582
-573
-549
-520
-496
-466
-446
-440
-396
-370
-342
-299
-280
-271
-265
-280
-308
-306
-285
-212
-119
-88
-74
-91
-132
-177
-248
-236
-187
-172
-159
-142
-102
-125
-167
-187
-207
-243
-270
-251
-263
-265
-286
-292
-234
-172
-163
-136
-88
-93
-81
-40
-18
-61
-125
-137
-92
-64
-71
-59
-96
-150
-207
-217
-189
-148
-62
-10
-35
-88
-48
23
56
101
99
79
89
67
42
12
-31
-85
-104
-58
-34
-57
-50
-34
-15
-39
-86
-109
-106
-87
-77
-52
-25
-20
3
44
84
163
210
296
352
345
381
387
398
383
333
303
321
345
369
412
406
423
430
437
404
370
395
402
401
420
417
362
317
251
237
183
125
56
12
-26
-5
6
-52
-97
-149
-168
-160
-182
-202
-186
-179
-162
-111
-109
-125
-128
-162
-193
-199
-177
-95
-86
-92
-81
-85
-75
-102
-93
-92
-109
-60
-15
20
53
100
168
153
139
172
157
204
231
279
350
326
300
284
297
253
240
277
299
290
226
215
222
228
222
216
225
241
211
199
194
202
200
194
230
236
250
240
224
164
128
154
172
142
113
131
149
132
86
45
50
60
53
77
77
73
32
16
12
-22
-41
-77
-95
-121
-162
-202
-219
-215
-204
-162
-164
-177
-218
-219
-207
-166
-111
-81
-58
-73
-75
-59
15
55
64
98
133
139
130
106
90
86
110
156
170
121
49
11
34
31
13
-12
-44
-63
-102
-110
-120
-100
-148
-182
-198
-257
-295
-279
-315
-335
-307
-293
-275
-288
-349
-357
-341
-340
-331
-310
-286
-275
-263
-283
-296
-330
-324
-314
-285
-261
-240
-197
-202
-227
-242
-231
-199
-146
-79
-42
-50
-58
-118
-139
-152
-198
-207
-211
-194
-161
-120
-107
-107
-72
-65
-99
-81
-29
-8
3
8
8
23
35
24
20
10
43
76
148
220
299
324
303
289
272
275
325
374
398
432
380
333
309
309
286
234
248
279
268
221
186
161
154
144
73
17
-19
-26
-2
45
64
39
14
-23
-26
-29
-1
32
37
61
73
92
84
54
17
-17
8
77
112
150
152
168
161
113
105
127
164
178
169
184
256
300
276
272
277
299
293
279
296
289
318
302
279
294
234
173
122
97
117
181
192
198
193
130
145
172
187
228
228
242
254
302
298
248
228
194
211
209
183
163
152
182
113
92
65
49
24
17
30
-17
-9
-51
-57
-90
-80
-33
-25
51
99
122
120
91
53
57
54
68
91
139
141
126
132
141
180
246
258
222
246
277
292
335
338
311
278
256
296
283
287
328
355
376
338
321
325
343
356
319
300
310
288
291
261
247
181
99
82
88
89
61
98
85
74
54
6
7
-23
-12
-23
-24
-96
-151
-153
-116
-19
-3
8
-19
-56
-63
-32
-17
-1
-15
6
39
15
9
0
-28
-73
-83
-61
0
44
53
51
42
19
31
53
24
35
78
52
35
13
-14
13
-2
-22
-25
13
12
19
38
40
45
45
58
23
-66
-84
-118
-133
-139
-141
-167
-127
-45
15
53
29
-3
16
50
26
24
44
104
138
142
103
55
59
101
126
124
89
79
48
-14
-34
-46
-29
-8
7
18
6
16
55
67
78
93
92
73
71
85
119
106
93
63
21
-12
-15
-6
3
3
18
43
86
94
118
95
90
116
159
213
226
251
276
273
276
292
353
393
375
348
271
216
202
179
175
147
95
66
-1
-74
-122
-134
-115
-113
-126
-153
-171
-158
-170
-224
-198
-195
-169
-152
-162
-170
-185
-193
-227
-243
-243
-240
-217
-168
-97
-108
-94
-47
3
44
68
90
68
102
93
102
109
83
70
42
95
87
91
126
122
141
115
71
100
148
207
205
177
174
146
155
143
162
166
182
170
142
111
55
45
21
38
21
-32
-41
-34
18
2
13
12
5
106
132
158
170
127
99
86
108
112
115
173
206
188
184
126
96
86
63
74
33
52
62
61
42
25
