-83
-118
-113
-82
-89
-137
-155
-153
-150
-190
-233
-195
-144
-84
-25
-60
-23
5
-2
1
-1
0
-1
1
0
0
0
0
-1
0
0
0
1
0
-1
0
0
0
0
0
0
0
0
0
0
0
0
0
0
0
0
0
0
0
-1
0
0
0
0
0
0
0
0
0
0
0
0
0
1
0
0
0
0
0
0
0
1
0
0
0
1
1
0
0
0
-1
1
1
0
0
0
0
0
0
0
1
0
0
0
1
0
0
0
0
0
-1
0
0
0
0
0
0
0
0
0
0
-1
-1
-1
0
0
0
0
-1
0
0
0
0
0
0
0
0
0
1
0
1
0
0
0
0
0
0
1
-1
0
1
-1
0
0
0
0
0
0
0
-1
0
0
0
-1
0
-1
0
0
0
0
0
-1
0
0
0
0
0
1
-2
3
-4
28
9
-18
-23
3
32
9
-3
-39
-39
-15
-6
-4
44
65
45
46
-1
-22
-58
-97
-83
-66
-5
42
68
45
40
43
32
26
-6
-7
44
33
51
50
22
30
-18
-31
-47
-54
-41
-40
-47
-40
-23
-13
-38
-34
-50
-64
-66
-94
-133
-144
-124
-96
-91
-92
-90
-89
-101
-148
-204
-253
-292
-323
-308
-295
-278
-249
-229
-212
-220
-220
-235
-243
-64
19
-7
-8
2
9
17
20
4
2
-1
-5
-7
6
-2
7
11
4
-4
-6
4
7
2
11
15
15
18
6
5
9
-10
-9
-7
4
4
-1
-2
-16
1
8
16
9
13
14
7
18
6
15
12
-5
-9
0
3
3
0
-4
17
15
9
7
9
8
14
4
-6
-11
-6
0
0
6
-4
-10
-11
-13
-7
3
8
9
5
9
19
10
9
9
-5
-3
-5
-13
-11
-1
2
0
3
-10
-8
15
20
21
14
-1
-3
1
-1
-8
-5
0
5
20
14
14
3
1
4
-3
4
18
18
6
-9
-14
-15
-20
-19
-8
-2
4
-9
-15
-5
-2
-2
1
-2
9
11
12
10
9
4
-7
-11
-9
0
-1
-7
-3
0
-3
-5
2
3
-11
-6
-16
-8
6
-2
-2
-2
-2
6
1
0
10
-3
-8
-3
-8
5
4
-4
-12
-10
-2
-17
-25
-20
-22
-16
-12
-3
-1
1
6
7
3
-8
-8
-6
3
5
2
4
-4
-13
-22
-25
-11
-11
-1
16
11
4
-5
-11
-8
-7
-12
1
11
4
15
10
4
8
-2
-5
-2
-2
1
-14
-4
3
7
-4
-18
-15
2
20
-7
-15
-12
-4
2
-7
-18
-7
3
-5
-2
-4
5
16
11
-10
-15
-17
-8
-11
-10
3
1
-1
-6
-10
-3
3
-7
-8
-1
-3
7
-2
13
20
7
12
14
12
19
13
4
0
-9
-10
-13
2
8
-7
-2
-1
17
18
21
27
-6
-17
-17
8
15
12
4
-7
-3
1
4
-4
-5
-11
-6
-13
-5
-2
-12
-15
-13
4
6
7
5
13
21
15
16
-5
-6
-10
-12
3
8
10
9
2
2
7
5
0
5
8
-3
-6
0
5
3
13
15
15
9
9
7
0
-12
-17
1
6
4
14
7
1
5
-9
-12
1
10
18
14
9
3
-2
-6
-2
6
9
6
2
19
22
20
6
-4
-7
-5
15
0
0
1
-10
-16
-5
-3
2
-1
-14
-10
1
40
56
70
34
12
-4
2
12
17
17
3
-20
-12
4
-9
-1
-5
-7
-16
-20
-4
20
50
47
42
38
14
22
22
23
25
5
1
4
-13
-43
-30
-17
-16
-23
1
0
-21
-36
-44
-40
2
35
12
10
-7
-18
-23
-37
-37
-39
-45
-17
10
9
18
7
-6
-8
-1
3
-15
-54
-57
-53
-48
-37
-25
-8
-9
-15
18
36
44
51
24
9
-13
-23
-12
-13
-21
-21
-17
-42
-61
-43
-8
11
18
-1
-10
-7
-13
-16
-8
7
16
-7
-23
-9
-18
-34
-43
-28
-17
-19
10
40
44
28
6
4
-20
-18
-3
-22
-27
-38
-29
-12
-23
-9
-2
-9
-7
-18
-11
-2
-12
-5
-1
9
27
43
23
0
-16
-26
-28
-27
-31
-16
-3
-8
6
11
4
9
19
5
10
-10
-24
-23
-9
13
-4
-32
-50
-43
-18
8
5
-24
-41
-41
-19
-7
39
40
17
5
-5
-7
9
22
4
-7
4
4
12
20
30
30
5
2
16
50
51
68
46
12
-6
-6
-10
0
12
19
32
19
0
-16
-19
-6
6
12
5
10
4
-11
-30
-56
-38
-40
-22
-7
1
20
0
-17
-5
27
28
37
34
23
4
-5
14
18
11
-14
-16
-1
-12
-1
19
10
5
6
3
8
20
33
24
28
31
17
0
-5
-5
29
50
47
10
-7
-27
-17
-22
-40
-24
-19
11
28
62
85
78
67
84
63
56
47
20
-23
-64
-73
-46
-26
-28
-22
-8
15
12
31
54
68
43
15
16
12
21
17
6
-18
-40
-50
-24
19
30
42
24
-19
-15
-19
-16
-8
-17
-59
-62
-59
-83
-86
-88
-87
-44
-24
33
106
106
94
50
55
48
44
50
40
46
29
25
13
-26
-46
-31
-8
9
3
-22
-32
-41
-37
-31
-23
16
19
18
30
43
31
-37
-62
-90
-39
-4
-8
-26
-62
-81
-82
-54
-31
4
21
49
78
85
49
-5
-38
-54
-49
-34
-15
-18
-24
-41
-60
-40
-20
15
19
27
32
21
4
-35
-64
-65
-39
-13
-25
-39
-49
-41
-47
-44
-16
-36
-27
-53
-39
-23
-27
-58
-62
-48
-35
4
18
20
-8
-30
4
22
13
-14
-13
0
17
46
68
77
32
-46
-74
-100
-93
-95
-67
-29
-29
-57
-41
23
64
69
39
24
51
87
97
67
11
4
-32
-28
-49
-36
-32
-30
-23
-38
-9
-17
-11
5
-14
-36
-35
-2
3
-24
-31
-13
-3
9
31
48
40
26
30
17
17
8
-9
-10
-35
-15
11
26
9
-10
-27
-43
-30
0
19
14
20
22
49
63
64
35
1
9
9
28
52
54
63
29
31
14
-28
-7
1
22
39
11
6
-12
-35
-54
-59
-51
-49
-31
-46
-60
-55
-47
-25
4
17
45
62
89
111
76
58
33
34
7
-18
12
41
41
35
42
15
-17
5
3
2
8
-38
-59
-57
-35
-14
19
23
59
80
118
137
112
90
20
-21
-26
-14
46
61
27
27
15
27
81
104
95
79
42
34
1
10
18
8
11
-20
-38
-42
4
25
30
11
-18
-29
13
20
-9
9
-30
-62
-65
-30
-2
3
-16
-60
-66
-42
-33
13
44
66
62
40
38
-8
-36
-60
-68
-55
-46
-34
5
5
6
3
14
23
29
60
47
39
25
7
-20
-14
38
49
27
-54
-113
-133
-137
-107
-85
-68
-40
-43
-29
19
60
112
127
75
30
18
24
50
69
54
31
-16
-33
-25
6
14
4
-24
-73
-88
-119
-125
-150
-135
-91
-74
-35
3
44
58
26
16
16
6
35
36
9
-43
-44
-8
37
64
68
13
-34
-54
-77
-63
-43
0
17
12
-7
-46
-21
12
27
32
7
-19
-20
-41
-24
1
-13
-34
-48
-10
40
69
52
14
-6
-27
-40
-46
-43
-28
-57
-101
-128
-112
-41
9
-2
-33
-58
-74
-74
-72
-81
-50
-53
-33
-14
14
39
-1
-65
-75
-20
77
107
79
38
7
0
-20
-1
5
17
-18
-33
-15
42
83
65
13
-43
-112
-137
-98
-37
13
-6
-26
3
55
105
140
165
203
218
195
181
139
102
64
26
-37
-13
16
-1
-7
-54
-108
-133
-98
-50
-37
-72
-114
-111
-60
-30
9
54
88
110
122
150
201
223
221
233
213
207
185
157
143
106
88
54
59
61
73
110
141
124
73
59
70
132
181
214
253
259
265
234
202
163
119
88
116
149
162
173
148
136
104
99
90
71
12
-72
-174
-264
-277
-311
-329
-361
-393
-360
-298
-223
-161
-100
-36
-36
-18
-17
-41
-23
-35
-30
-1
-1
18
-16
-14
11
25
50
9
-24
-48
-38
33
76
108
117
122
117
108
141
161
164
150
125
112
110
113
129
73
24
-30
-96
-98
-103
-114
-143
-192
-207
-202
-198
-186
-148
-107
-63
-27
-16
28
64
52
5
19
42
46
52
19
-33
-98
-142
-132
-79
1
46
14
-17
-26
-20
12
17
17
5
1
58
110
141
143
98
39
-12
-30
-44
-27
-35
-99
-106
-111
-122
-115
-125
-164
-212
-205
-157
-90
-44
-33
-66
-87
-93
-78
-46
-21
-42
-81
-124
-126
-93
-120
-137
-142
-152
-124
-83
-69
-38
-3
34
50
58
85
55
62
77
50
60
72
66
41
-4
-43
-91
-94
-105
-121
-119
-135
-100
-53
-25
-19
-47
-80
-108
-124
-94
-89
-89
-165
-176
-196
-78
-112
12
-445
-403
94
72
254
-192
-179
228
413
353
45
-5
217
273
127
28
-11
139
227
95
-77
-71
48
82
90
78
118
195
172
99
58
-1
28
25
79
91
105
67
52
49
20
9
-34
36
80
63
30
46
69
27
31
39
69
140
211
217
201
163
186
256
240
193
159
193
237
247
236
258
249
227
191
140
113
76
80
56
9
-20
-30
19
52
77
60
46
50
58
75
64
53
40
60
122
151
149
156
126
106
54
18
35
45
73
69
45
53
63
116
174
182
170
146
117
108
125
165
201
220
236
199
192
206
208
258
228
202
224
212
236
233
189
178
134
73
48
29
108
146
139
114
51
61
78
112
117
48
-5
-35
-6
40
47
73
53
28
9
-10
50
54
2
-49
-46
-4
32
54
49
39
7
-22
-43
-75
-72
-37
-20
4
10
-27
-107
-112
-73
-62
-37
-49
-38
-49
-70
-102
-142
-145
-143
-145
-111
-77
-55
-63
-114
-158
-159
-145
-157
-145
-156
-166
-169
-192
-241
-259
-269
-249
-200
-135
-95
-113
-107
-129
-137
-124
-123
-95
-17
-7
-45
-75
-71
-89
-137
-142
-141
-140
-149
-162
-148
-121
-131
-187
-195
-157
-157
-145
-159
-204
-281
-324
-358
-397
-316
-275
-278
-297
-279
-228
-199
-142
-67
-34
-43
-65
-78
-15
-17
-60
-110
-141
-127
-109
-72
-19
9
-19
-73
-104
-70
-15
33
-1
-18
16
71
127
128
118
108
117
139
144
125
121
87
24
1
-45
-63
-60
-61
-47
-53
-106
-137
-200
-223
-229
-243
-257
-323
-361
-341
-316
-298
-266
-250
-261
-275
-268
-251
-187
-191
-150
-83
-85
-96
-92
-69
-30
-23
-44
-41
-45
-8
44
29
36
18
-3
37
43
55
40
27
23
21
43
90
97
72
31
26
68
91
65
62
68
26
5
12
57
40
13
-7
9
19
-11
-40
-58
-59
-97
-103
-84
-67
-13
18
-8
-20
-14
37
103
179
210
212
195
187
216
252
293
334
317
326
358
350
309
254
212
164
149
185
239
237
188
123
91
97
154
182
193
233
237
214
182
154
140
82
-1
-54
-18
11
-27
28
113
152
129
123
169
217
259
219
204
202
208
204
171
145
124
130
103
88
149
177
202
165
117
157
188
245
294
294
287
242
229
292
276
221
176
105
99
117
117
115
87
56
43
43
92
139
162
116
45
11
17
36
22
-3
-39
-35
-22
-10
13
30
40
36
20
12
21
25
46
58
60
64
71
71
70
36
54
75
53
31
19
23
24
8
-33
-57
-64
-106
-95
-69
-17
-44
-121
-149
-128
-60
-42
-71
-116
-139
-129
-103
-75
-67
-90
-164
-202
-217
-237
-251
-297
-333
-372
-407
-368
-284
-275
-303
-286
-204
-133
-87
-32
-24
8
43
14
26
42
37
21
-39
-57
-114
-177
-175
-195
-212
-239
-266
-247
-253
-266
-265
-290
-269
-232
-230
-221
-222
-269
-295
-339
-354
-365
-406
-434
-439
-425
-443
-457
-442
-382
-324
-280
-263
-288
-270
-217
-207
-247
-227
-163
-130
-134
-170
-174
-188
-149
-90
-99
-129
-163
-166
-161
-169
-216
-203
-140
-77
-56
-73
-97
-118
-115
-82
-72
-74
-103
-116
-99
-78
-14
2
32
56
55
84
117
142
168
124
28
4
37
99
141
130
160
167
146
131
109
108
85
45
30
40
42
57
31
-17
-54
-72
-42
31
69
5
-25
6
30
78
87
69
90
93
91
84
90
114
91
40
29
40
41
36
43
68
82
72
25
8
39
80
89
32
-8
-35
-16
44
61
46
33
34
29
46
55
35
62
83
91
104
105
115
110
100
88
112
126
155
155
158
158
172
178
177
164
144
165
153
176
192
204
186
149
190
235
226
242
263
291
314
359
380
357
278
251
224
207
246
252
261
254
241
190
196
225
251
282
313
368
361
362
395
373
367
335
281
255
263
273
231
165
112
85
91
113
112
135
79
16
51
76
69
37
36
48
72
52
13
-11
-45
-24
-51
-82
-83
-80
-67
-89
-132
-151
-126
-127
-166
-172
-155
-130
-110
-94
-59
-66
-125
-148
-106
-102
-104
-122
-124
-84
-86
-96
-107
-119
-157
-151
-109
-93
-114
-147
-180
-227
-216
-201
-166
-174
-197
-235
-245
-186
-156
-146
-164
-174
-196
-195
-206
-204
-243
-289
-310
-312
-242
-189
-144
-105
-105
-135
-195
-213
-192
-192
-198
-184
-180
-172
-171
-153
-104
-36
18
21
25
-18
-26
-29
-20
-39
-68
-94
-106
-102
-117
-118
-145
-130
-96
-57
-83
-95
-117
-122
-84
-92
-102
-131
-147
-200
-231
-221
-229
-221
-212
-215
-217
-219
-247
-249
-258
-251
-226
-187
-144
-127
-72
-24
-9
37
93
113
94
119
154
179
186
194
231
199
147
103
90
87
65
34
18
2
-2
-27
-33
-28
-61
-67
-47
-40
-53
-73
-31
26
35
33
12
15
30
62
109
136
143
104
79
114
121
138
158
163
156
132
115
79
110
163
175
237
284
284
257
228
243
253
254
286
283
280
273
316
379
381
404
437
462
487
480
458
436
388
363
343
366
395
349
332
320
303
331
347
349
330
288
266
291
324
351
338
283
243
243
264
246
224
237
224
193
172
133
112
97
76
70
37
21
32
42
27
19
-29
-27
37
66
64
47
21
21
8
-12
-11
-22
-35
-53
-77
-89
-106
-99
-87
-117
-109
-142
-172
-167
-160
-138
-108
-107
-81
-22
16
26
40
60
84
94
113
111
107
95
67
63
64
60
10
-63
-129
-112
-76
-26
-11
-62
-90
-104
-118
-133
-126
-135
-138
-166
-173
-180
-225
-292
-321
-311
-275
-218
-170
-118
-82
-35
3
15
-13
-17
-27
-81
-103
-119
-116
-111
-101
-61
14
-5
-41
-72
-78
-60
-54
-39
-71
-93
-131
-180
-188
-183
-219
-243
-266
-289
-245
-199
-176
-164
-153
-160
-184
-150
-114
-133
-124
-114
-144
-162
-161
-144
-169
-174
-175
-174
-146
-141
-144
-118
-119
-132
-133
-125
-96
-35
-34
-78
-110
-161
-178
-184
-162
-177
-223
-260
-272
-305
-317
-276
-290
-269
-234
-265
-302
-306
-295
-245
-233
-232
-209
-187
-119
-107
-110
-59
-53
-94
-101
-76
-69
-47
-65
-84
-73
-103
-115
-103
-74
-64
-49
-74
-51
-22
-15
-2
13
17
11
7
31
-5
-46
-39
-35
-11
7
48
63
91
112
107
122
130
182
234
225
202
203
213
231
256
237
234
248
259
270
267
248
250
254
182
117
84
66
108
98
118
154
150
150
153
169
146
149
176
209
205
192
201
206
181
134
88
57
39
4
-40
-27
-6
-21
-26
-21
28
87
151
196
216
202
217
254
290
317
303
303
304
292
296
310
272
249
245
242
260
290
295
322
328
330
352
368
359
276
250
239
197
177
151
142
136
75
53
25
35
48
-13
-41
-69
-93
-124
-135
-116
-144
-182
-201
-193
-174
-152
-98
-48
-2
20
35
72
101
58
31
27
29
31
45
70
100
92
54
63
111
151
200
217
209
219
220
224
210
185
172
147
163
162
142
135
65
33
-3
7
14
-20
-20
30
17
-16
-28
-40
-20
-35
-27
-20
-37
-37
-18
-17
-11
7
16
-26
-81
-151
-188
-194
-199
-208
-234
-239
-226
-221
-206
-162
-159
-167
-170
-156
-108
-93
-123
-156
-201
-223
-237
-218
-175
-196
-236
-265
-244
-174
-163
-165
-186
-222
-243
-210
-150
-110
-117
-171
-214
-227
-222
-170
-148
-154
-149
-151
-138
-123
-75
-83
-83
-74
-86
-56
-50
-94
-118
-136
-155
-120
-83
-54
-31
-18
-31
-59
-44
-65
-104
-113
-147
-137
-96
-102
-101
-70
-73
-131
-178
-187
-172
-165
-172
-176
-217
-245
-272
-309
-336
-376
-413
-417
-401
-341
-318
-305
-305
-288
-297
-290
-228
-192
-162
-136
-92
-66
-46
-27
-30
-51
-65
-26
28
31
-12
-22
-42
-38
-49
-58
-6
2
3
-4
26
29
53
46
18
26
-7
14
18
6
14
11
4
-9
-31
-54
-80
-83
-56
-80
-96
-76
-79
-71
-5
51
67
101
96
78
108
128
139
130
107
81
56
48
44
13
-31
-48
-89
-83
-43
13
51
53
30
23
41
51
54
52
51
67
79
128
156
155
167
166
151
120
104
128
158
163
130
76
53
57
53
49
61
52
67
87
98
102
91
84
100
119
147
174
191
174
140
172
206
223
252
218
186
186
204
208
158
140
112
102
114
123
143
154
128
103
87
62
52
-2
-52
-93
-139
-142
-162
-187
-195
-181
-200
-201
-147
-112
-69
-68
-79
-87
-97
-99
-94
-65
-56
-97
-133
-108
-100
-84
-66
-55
-71
-45
-47
-51
-50
-48
-64
-97
-88
-116
-138
-138
-88
-42
-11
-14
-45
-33
-42
-33
-54
-81
-97
-113
-144
-146
-107
-125
-143
-152
-157
-176
-176
-172
-176
-199
-238
-279
-259
-239
-231
-220
-213
-169
-165
-172
-158
-165
-149
-171
-182
-148
-159
-142
-128
-130
-119
-123
-138
-100
-82
-119
-109
-117
-150
-161
-171
-166
-173
-197
-198
-179
-150
-132
-161
-189
-202
-157
-129
-103
-63
-31
-24
-28
-26
-19
-26
-57
-135
-157
-127
-122
-122
-124
-102
-70
-96
-79
-21
-19
-31
-93
-130
-130
-139
-121
-87
-54
-44
-56
-25
16
49
59
60
67
108
125
97
82
94
96
68
36
38
56
60
55
51
64
73
37
-32
-78
-83
-88
-98
-84
-76
-72
-86
-102
-148
-185
-186
-205
-194
-170
-171
-188
-225
-267
-269
-248
-228
-196
-170
-142
-82
-22
27
78
97
106
92
84
114
151
194
201
186
200
220
249
202
155
92
59
49
25
11
24
34
22
21
7
5
-6
-2
-10
-37
-85
-113
-190
-200
-167
-173
-181
-206
-204
-211
-197
-186
-146
-136
-147
-135
-123
-113
-86
-84
-89
-51
-21
27
21
3
10
-10
38
98
147
180
194
170
131
84
39
40
71
132
126
98
91
115
135
159
179
166
104
46
36
57
63
18
22
2
-26
-34
-34
-28
-43
-64
-115
-163
-148
-114
-119
-107
-140
-135
-85
-62
-25
-47
-57
-78
-78
-70
-38
22
36
16
-16
-38
-14
-6
-25
-28
-31
-58
-68
-41
11
84
93
73
40
4
24
7
-26
-80
-133
-148
-139
-92
-57
-60
-103
-105
-125
-117
-92
-64
-36
-40
-51
-68
-54
-32
-22
-5
19
15
6
-20
-48
-54
-57
-34
-10
27
53
32
22
43
65
28
32
76
103
139
129
139
159
148
137
136
124
109
127
119
92
58
13
-29
-60
-106
-149
-129
-155
-193
-195
-185
-150
-99
-81
-84
-74
-93
-65
-34
-30
-40
-52
-41
-34
-28
23
83
81
69
47
38
61
75
71
80
71
70
69
60
63
27
2
-23
-29
-31
-27
-32
-25
-22
-15
-13
-35
-42
-26
22
52
45
40
59
77
77
51
55
47
49
41
29
45
28
-1
-25
-34
-28
-22
-8
-22
-52
-57
-83
-73
-51
-40
-39
-32
-22
-22
-38
-22
-48
-83
-112
-105
-107
-124
-97
-151
-169
-188
-175
-120
-80
-72
-78
-105
-140
-180
-153
-106
-83
-76
-84
-72
-69
-46
-44
-66
-62
-57
-31
-10
-32
-37
-60
-67
-89
-83
-68
-26
-27
-55
-66
-77
-94
-102
-85
-101
-87
-53
-17
5
42
64
61
66
59
105
130
147
127
106
111
77
55
76
104
79
49
52
60
13
-20
-73
-132
-109
-70
-82
-40
-26
-22
-5
22
-8
-61
-66
-49
-2
26
26
33
39
39
57
77
70
70
57
47
53
63
76
71
21
-24
-23
11
79
109
102
111
134
130
118
124
143
153
140
108
77
79
74
58
40
43
46
21
46
71
88
108
85
98
67
20
28
20
-9
-32
-37
-28
33
70
67
58
27
32
43
0
-34
-52
-65
-83
-79
-32
18
35
56
86
109
137
177
201
184
168
166
196
254
232
193
168
121
109
106
120
125
96
75
63
72
108
83
36
59
28
-20
-50
-26
-5
-5
6
3
4
-23
-36
-58
-66
-78
-103
-105
-122
-99
-112
-109
-118
-101
-78
-93
-106
-153
-153
-140
-111
-92
-67
-82
-105
-96
-80
-37
-3
2
-28
-47
-84
-122
-132
-134
-120
-111
-125
-122
-132
-74
-56
-76
-101
-152
-126
-101
-60
-47
-30
-53
-92
-93
-122
-146
-151
-131
-124
-103
-79
-83
-37
17
33
30
46
58
55
60
93
113
79
77
70
69
102
107
99
100
84
65
54
39
-26
-79
-96
-134
-139
-118
-111
-91
-75
-77
-59
-48
-40
-26
2
23
21
33
39
60
52
15
12
73
93
86
117
121
133
135
146
122
97
139
152
137
122
134
129
141
181
172
167
153
184
243
245
217
231
247
266
264
229
206
205
189
147
131
87
67
58
42
8
-2
4
-21
-17
-64
-68
-52
-94
-121
-135
-99
-104
-128
-112
-139
-118
-102
-113
-132
-163
-185
-168
-149
-127
-123
-118
-112
-148
-157
-139
-96
-106
-92
-91
-101
-109
-132
-149
-152
-140
-125
-118
-132
-180
-159
-124
-149
-145
-102
-76
-97
-87
-81
-87
-74
-25
-32
-61
-71
-62
-28
-4
20
33
53
76
70
44
35
43
55
50
24
27
24
43
40
21
8
-13
-29
8
7
10
-6
-18
-9
0
20
11
1
-2
37
49
61
58
52
62
82
123
147
152
142
156
168
135
85
44
-3
-13
-39
-47
-4
6
2
-37
-33
-4
-13
-28
-38
-55
-35
-4
-2
30
12
-1
-3
-17
-22
-41
-2
13
-42
-59
-21
-6
-14
-7
-20
-44
-62
-71
-25
-32
-43
-41
-30
-20
-4
17
32
9
7
21
29
54
83
76
69
55
51
75
69
77
82
41
-2
-21
-29
-30
-21
2
-2
-12
-6
3
-29
-88
-79
-62
-61
2
6
-16
-35
-14
-6
-6
2
12
30
-10
-29
-23
-32
-12
-8
-41
-63
-93
-62
-29
11
33
1
11
13
-22
-50
-92
-96
-73
-54
-59
-89
-105
-85
-89
-70
-47
-43
-2
23
60
81
104
111
78
95
131
125
130
111
90
113
153
133
130
129
101
47
31
-3
-38
-13
21
78
71
78
101
99
87
89
71
61
98
62
44
80
68
77
58
64
90
113
146
136
117
103
92
79
104
105
95
96
90
81
117
165
174
203
183
160
165
170
191
168
96
19
-37
-58
-73
-70
-38
-34
-43
-9
37
66
38
20
38
64
91
132
169
180
171
130
139
174
182
210
208
187
182
176
197
174
148
93
43
65
68
94
103
95
109
103
80
79
55
41
56
72
62
50
73
87
73
64
65
78
101
102
55
-3
-9
-4
43
71
53
29
24
56
129
159
171
123
62
59
72
74
84
37
6
63
79
114
131
101
77
34
-2
2
-15
-10
7
1
53
83
90
118
83
77
28
29
74
123
146
93
77
88
138
178
195
194
195
214
265
270
257
197
149
122
91
110
116
103
71
21
30
42
30
-17
-58
-40
-28
-11
4
7
0
8
-18
-5
46
67
88
115
119
120
101
52
26
-17
-39
-51
-25
13
38
72
82
78
97
125
144
123
123
134
142
150
154
146
90
37
18
33
70
59
79
109
126
117
115
95
56
73
56
60
69
59
68
80
92
76
72
100
124
134
132
104
113
97
63
35
-29
-72
-133
-119
-86
-50
-39
-19
59
102
107
115
129
185
176
130
113
95
123
99
77
83
73
102
110
134
192
232
279
249
149
93
44
4
-22
-32
-7
9
-7
-53
-56
-76
-63
-55
-72
-83
-87
-86
-115
-98
-95
-103
-62
-34
-12
-32
-54
-23
17
52
43
22
20
52
72
104
121
99
91
102
114
116
125
156
164
143
77
53
48
112
175
181
113
35
52
110
207
239
189
160
128
115
139
123
70
48
68
73
54
61
45
40
29
19
75
86
113
99
98
108
77
87
100
75
39
27
45
91
125
168
210
200
176
158
133
148
136
108
104
98
98
105
113
121
112
88
54
9
-8
-49
-74
-82
-127
-163
-183
-153
-106
-71
-25
7
34
77
99
105
103
81
75
45
35
8
-32
-15
3
41
43
12
13
17
42
79
66
66
72
67
54
31
35
32
12
-19
-48
-6
27
28
35
-13
-30
-35
-50
-50
-84
-72
-47
-5
87
104
83
42
11
0
-3
3
-6
4
-11
-72
-103
-130
-174
-200
-229
-216
-191
-125
-64
-62
-79
-98
-120
-104
-101
-149
-115
-69
-22
-40
-51
-70
-125
-149
-151
-130
-116
-108
-94
-102
-130
-109
-96
-64
-47
-34
-5
-3
-1
32
31
46
74
78
33
-13
-10
5
56
103
117
128
126
119
80
57
63
51
41
13
-9
-41
-25
-6
28
13
-8
-15
-44
-35
-48
-41
-43
-30
-44
-49
-36
-13
-16
-37
-44
-35
-51
-69
-80
-38
-19
-35
-9
-21
-33
-80
-89
-35
0
17
21
39
55
64
78
96
90
29
-35
-67
-56
-68
-76
-49
-40
-7
-3
20
27
-6
-13
-37
-54
-48
-33
-27
-57
-75
-81
-106
-96
-69
-51
-32
-2
5
-10
-40
-59
-54
-34
29
41
-13
-20
-30
-38
-29
-55
-1
16
18
14
-1
8
-20
-19
4
37
28
10
13
42
37
30
72
86
123
142
121
127
117
126
160
225
264
261
236
183
143
129
132
82
51
39
46
65
62
81
80
62
10
-20
-18
-15
-14
-55
-83
-122
-138
-134
-118
-88
-98
-116
-64
-45
-73
-88
-102
-58
-52
-56
-29
-3
52
76
82
43
4
-9
-18
-42
-68
-137
-187
-171
-161
-165
-183
-222
-258
-265
-260
-291
-300
-301
-317
-368
-431
-426
-417
-436
-455
-480
-477
-485
-498
-465
-456
-440
-441
-430
-393
-328
-276
-238
-183
-158
-124
-125
-148
-145
-146
-119
-69
-37
-40
-35
-27
-10
-2
16
9
7
16
-2
6
10
33
106
166
160
190
259
323
374
413
437
409
369
355
345
322
336
349
364
392
415
449
519
506
428
433
448
478
482
414
345
283
225
258
270
221
126
49
-9
-19
-30
-72
-90
-130
-189
-242
-312
-345
-406
-466
-498
-527
-559
-580
-643
-732
-758
-819
-864
-919
-993
-1068
-1130
-1162
-1205
-1224
-1273
-1338
-1378
-1420
-1445
-1491
-1536
-1564
-1559
-1562
-1586
-1631
-1712
-1759
-1772
-1777
-1756
-1752
-1701
-1442
-1149
-927
-763
-652
-544
-401
-244
25
425
698
906
1107
1324
1529
1701
1859
2001
2040
2037
2128
2259
2352
2337
2205
2019
1841
1695
1673
1606
1454
1245
1110
1004
921
802
635
467
227
48
-24
-63
-118
-190
-276
-334
-393
-442
-451
-451
-456
-395
-278
-119
41
146
219
242
263
330
438
593
708
790
877
911
959
975
979
1024
1038
1065
1039
1017
993
899
824
694
554
475
369
294
226
149
48
-66
-185
-278
-407
-552
-635
-749
-787
-809
-824
-852
-924
-1022
-1115
-1181
-1232
-1275
-1308
-1325
-1324
-1340
-1384
-1425
-1487
-1579
-1653
-1692
-1707
-1790
-1872
-1920
-2004
-2088
-2151
-2198
-2230
-2228
-2163
-2049
-1897
-1615
-1336
-1209
-1149
-1042
-843
-648
-380
8
383
617
812
1048
1238
1327
1398
1584
1716
1746
1749
1866
1985
1940
1765
1586
1486
1336
1167
1148
1114
983
860
822
874
753
508
306
196
79
8
43
56
-49
-157
-234
-269
-278
-327
-329
-315
-291
-179
-62
39
169
178
268
469
466
486
550
635
806
926
1126
1271
1222
1137
1181
1273
1299
1326
1363
1319
1240
1135
1063
1035
857
676
478
315
286
245
197
127
-108
-335
-455
-523
-640
-798
-909
-960
-991
-1032
-1036
-1071
-1137
-1238
-1279
-1311
-1331
-1310
-1328
-1350
-1426
-1506
-1596
-1645
-1675
-1760
-1845
-1874
-1920
-1961
-2009
-2084
-2172
-2313
-2435
-2474
-2483
-2445
-2396
-2187
-1833
-1632
-1531
-1420
-1263
-1002
-745
-427
39
479
683
876
1186
1519
1722
1817
1965
2055
2044
1992
2131
2252
2210
1987
1773
1687
1559
1384
1317
1243
1028
844
770
754
617
406
239
110
-76
-179
-202
-190
-213
-298
-399
-466
-501
-570
-562
-571
-562
-522
-475
-328
-189
-167
-98
9
152
366
431
501
646
743
906
1120
1344
1503
1531
1584
1694
1778
1801
1826
1866
1860
1852
1770
1679
1613
1438
1252
1068
902
814
683
554
474
281
-1
-208
-308
-437
-598
-761
-874
-957
-1065
-1096
-1136
-1216
-1325
-1410
-1467
-1472
-1439
-1448
-1527
-1622
-1718
-1782
-1795
-1831
-1897
-2081
-2248
-2326
-2400
-2495
-2624
-2771
-2962
-3141
-3222
-3152
-2964
-2811
-2505
-2166
-1969
-1816
-1703
-1468
-1185
-864
-415
79
527
917
1268
1633
1906
2113
2264
2385
2462
2498
2659
2847
2955
2900
2718
2515
2396
2278
2196
2129
1930
1734
1609
1505
1368
1105
806
604
415
244
127
69
22
-108
-308
-473
-616
-766
-851
-863
-894
-875
-778
-623
-463
-431
-411
-349
-263
-182
-32
152
426
627
798
1046
1130
1229
1338
1448
1624
1825
2055
2217
2251
2252
2265
2242
2159
2054
2013
1850
1687
1559
1476
1365
1137
877
623
361
182
0
-170
-274
-522
-726
-811
-924
-1106
-1295
-1423
-1520
-1611
-1590
-1522
-1523
-1619
-1762
-1845
-1931
-1955
-2016
-2076
-2050
-2110
-2173
-2261
-2364
-2425
-2548
-2661
-2683
-2713
-2804
-2884
-2962
-3023
-3002
-2870
-2618
-2236
-1977
-1829
-1657
-1508
-1213
-903
-556
-91
297
610
974
1357
1720
1948
2138
2348
2444
2512
2639
2868
3039
3041
2946
2816
2671
2512
2372
2292
2123
1846
1672
1567
1460
1296
1016
745
466
188
58
-36
-117
-161
-243
-327
-440
-582
-691
-753
-800
-808
-732
-606
-439
-280
-198
-168
-146
-94
-24
98
288
577
850
1163
1385
1451
1583
1632
1717
1812
1934
2029
2081
2161
2243
2232
2145
2063
1962
1821
1643
1546
1474
1412
1244
942
610
326
94
-104
-309
-496
-700
-908
-1032
-1104
-1242
-1400
-1562
-1717
-1810
-1882
-1860
-1827
-1823
-1881
-1978
-2094
-2195
-2253
-2281
-2303
-2328
-2337
-2335
-2354
-2417
-2468
-2581
-2684
-2796
-2879
-2951
-2959
-3074
-3088
-2934
-2710
-2230
-1934
-1717
-1572
-1434
-1150
-866
-473
-4
383
808
1201
1556
1904
2121
2255
2456
2561
2624
2751
2821
3044
3135
3001
2823
2651
2476
2348
2150
1932
1787
1527
1369
1262
1076
820
484
277
77
-70
-79
-90
-101
-119
-170
-168
-160
-228
-307
-382
-381
-302
-168
3
159
245
300
331
381
458
504
557
645
796
1034
1385
1668
1738
1750
1757
1752
1747
1773
1921
2038
2102
2168
2241
2181
1965
1766
1585
1369
1115
910
822
757
579
254
-95
-396
-726
-980
-1122
-1234
-1408
-1591
-1688
-1714
-1756
-1869
-1999
-2066
-2159
-2192
-2078
-1972
-1843
-1787
-1850
-1903
-1989
-2104
-2173
-2185
-2198
-2254
-2331
-2365
-2406
-2476
-2572
-2688
-2861
-3036
-3118
-3177
-3193
-3064
-2794
-2440
-2043
-1839
-1647
-1434
-1240
-965
-638
-225
285
760
1219
1717
2169
2468
2629
2849
2976
2970
2985
3125
3357
3451
3325
3140
2910
2659
2395
2115
1948
1773
1537
1408
1340
1263
1059
756
516
255
7
-156
-224
-190
-150
-170
-201
-226
-269
-367
-459
-550
-617
-581
-415
-174
88
264
341
430
491
553
628
705
839
1014
1278
1632
1927
2172
2292
2270
2151
2066
2091
2067
2044
2057
2058
2061
1980
1834
1674
1419
1134
821
577
448
333
223
25
-201
-418
-715
-972
-1171
-1368
-1542
-1714
-1726
-1692
-1744
-1832
-1904
-1954
-2015
-2065
-2034
-1968
-1979
-1983
-2004
-2035
-2093
-2159
-2277
-2443
-2505
-2580
-2645
-2691
-2784
-2936
-3142
-3282
-3378
-3429
-3474
-3540
-3397
-3036
-2561
-2068
-1792
-1556
-1331
-1210
-1013
-643
-37
565
1038
1495
2010
2509
2821
3001
3236
3296
3150
3100
3259
3598
3759
3519
3326
3150
2814
2499
2174
1957
1700
1289
1119
1090
1013
870
576
312
53
-277
-527
-637
-686
-681
-741
-775
-698
-693
-726
-833
-945
-922
-865
-714
-539
-368
-191
-41
167
342
466
522
501
578
803
1102
1498
1841
1979
2191
2354
2364
2307
2247
2275
2217
2128
2094
2112
2113
2014
1847
1687
1429
1103
755
495
385
133
-141
-298
-406
-598
-917
-1197
-1315
-1491
-1696
-1766
-1754
-1707
-1777
-1907
-1951
-1926
-1933
-2022
-2110
-2128
-2189
-2307
-2431
-2474
-2517
-2583
-2712
-2805
-2914
-2956
-3031
-3133
-3243
-3355
-3420
-4230
-4700
-4890
-4353
-3307
-2509
-2221
-1616
-935
-134
216
-172
-158
411
1559
2674
3278
3891
4730
5199
5310
5069
4456
3897
3518
3261
3270
3465
3406
3248
2864
2357
1571
742
-79
-822
-1436
-1725
-1627
-1331
-985
-851
-900
-955
-1045
-1229
-1306
-1258
-1028
-643
-92
482
1039
1430
1612
1619
1497
1367
1157
1041
1204
1440
1682
1941
2079
2118
1887
1407
894
604
651
971
1371
1739
2212
2501
2634
2394
1962
1534
1267
1205
1226
1479
1709
1857
1641
1264
854
436
-28
-500
-739
-880
-929
-1011
-1072
-1205
-1474
-1928
-2371
-2582
-2622
-2597
-2577
-2509
-2456
-2411
-2477
-2601
-2724
-2907
-3122
-3362
-3549
-3556
-3694
-3729
-3871
-4167
-4156
-4465
-4541
-4616
-4800
-4895
-4982
-5319
-5429
-5411
-4713
-2418
534
3390
5153
5564
5499
5362
4532
4020
4017
4462
5245
5634
6220
6727
6160
4248
2060
-41
-1535
-2757
-3341
-2601
-1474
-711
-451
-568
-733
-1148
-1938
-2265
-1871
-904
396
1764
2941
3778
4051
3619
2799
1859
1096
668
357
314
679
1057
1142
768
11
-655
-1362
-2063
-2420
-2352
-1805
-1018
-234
639
1429
1787
1883
1687
1395
1237
1177
1416
1883
2409
2965
3489
3574
3475
3345
3176
2993
2181
1493
1296
1062
883
578
354
403
49
-583
-953
-1254
-1391
-1666
-1952
-1650
-1283
-1040
-952
-1069
-1013
-1070
-1346
-1487
-1470
-1289
-1181
-1236
-1319
-1421
-1619
-2116
-2693
-3176
-3643
-3990
-4278
-4409
-4264
-4341
-4409
-4580
-4929
-4815
-4870
-5021
-4797
-4922
-4729
-4596
-4810
-4884
-4700
-2891
148
4311
7363
8680
9106
8510
7461
5337
3639
3055
3303
3555
3923
4400
4578
3742
1157
-1101
-2715
-3765
-4127
-4092
-2975
-994
507
1667
2289
2490
2563
1891
1220
1142
1709
2731
3423
3445
3430
3124
2406
1212
-257
-1335
-2077
-2669
-2912
-2530
-1769
-890
-427
-329
-285
-354
-423
-442
-278
275
1273
2468
3519
4130
4220
4067
3426
2469
1542
924
669
562
401
569
1056
1461
1441
1427
1561
1656
2181
1805
2097
2183
1697
1771
1084
910
1021
550
299
-140
-927
-1079
-1587
-2107
-1894
-2116
-1950
-1811
-2055
-1657
-1613
-1703
-1685
-2070
-2033
-1952
-1958
-1847
-1893
-2051
-2179
-2792
-3182
-3558
-4029
-4250
-4621
-4654
-4601
-4700
-4612
-4693
-4453
-4457
-4482
-4420
-4865
-4655
-5200
-5228
-4749
-2453
1323
5742
8913
10191
10815
9320
7606
4643
2205
1447
1175
1411
1937
2438
2754
2031
-86
-1613
-2587
-3276
-3495
-3575
-2661
-577
1188
3008
4067
4349
4244
3505
2311
1407
914
840
1058
771
652
561
99
-578
-1699
-2771
-3305
-3594
-3333
-2594
-1605
-414
700
1393
1950
2213
2284
2355
2332
2479
2987
3592
4018
4097
3788
3496
2896
1983
978
180
-369
-603
-830
-791
-372
-1
434
572
666
740
1350
2079
2795
3407
3247
3409
2807
1738
650
-419
-907
-1466
-2252
-2528
-2445
-2376
-2338
-2846
-2846
-2492
-2424
-2157
-1986
-1491
-758
-452
-327
-445
-522
-607
-1151
-1797
-2408
-2825
-3242
-3769
-4290
-4573
-4627
-4824
-5089
-5178
-4907
-4605
-4401
-4164
-4240
-4032
-4290
-4594
-4774
-5089
-5232
-4089
-1004
3662
8389
10705
11693
11030
9221
6228
2602
580
254
283
406
681
1267
1747
852
-472
-1234
-1628
-2081
-2664
-2730
-1207
1101
3207
4738
5302
5239
4655
3375
1789
395
-484
-529
-471
-608
-773
-856
-832
-941
-1513
-2041
-2171
-1950
-1357
-719
252
1606
2863
3532
3560
3118
2898
2839
2647
2485
2459
2654
2851
2575
2036
1573
1039
459
-230
-881
-1123
-1150
-1078
-772
-405
166
784
1070
1237
1113
1559
2502
3145
3980
4000
3906
3639
2180
484
-1011
-2265
-2804
-3497
-3840
-3291
-2666
-1893
-1786
-1964
-1562
-1451
-1413
-1094
-948
-135
477
663
978
835
526
-272
-1566
-2634
-3437
-4130
-4312
-4515
-4706
-4722
-4902
-5146
-4916
-4980
-4963
-4363
-4580
-4019
-4206
-4519
-4392
-5007
-5184
-5201
-2864
1416
6984
11188
12796
13016
11601
8764
4669
1147
-262
-231
-161
-368
55
1132
1668
777
-682
-1464
-2112
-2552
-2889
-2305
-266
2049
4123
5182
5303
4699
3577
2107
433
-1053
-1787
-1567
-1173
-1113
-1234
-1195
-864
-883
-1456
-2062
-2184
-1664
-668
257
1221
2437
3217
3364
2885
2271
2034
2140
2159
2150
2217
2405
2507
2224
1627
987
427
-120
-624
-1113
-1206
-1048
-727
-364
-168
-222
-377
-644
-765
-815
637
2506
4586
5729
4675
4031
2489
799
-1055
-3112
-3661
-3632
-3686
-3372
-2840
-1634
-622
-784
-1131
-1311
-1187
-616
-357
194
1153
1722
2222
1503
300
-846
-2187
-3135
-4206
-5088
-5359
-5294
-5460
-5784
-6288
-6418
-6195
-6226
-5965
-5729
-4952
-4311
-4278
-4555
-5288
-5619
-6094
-4563
-453
5571
11531
14451
14736
13714
11290
7114
2614
-331
-820
-470
-943
-1214
-255
948
876
-856
-2396
-2929
-3122
-3249
-2787
-1047
1738
4517
6108
6600
6220
5260
3789
1742
-169
-1371
-1673
-1397
-1132
-841
-608
-476
-677
-1207
-2080
-2894
-3008
-2273
-937
383
1642
2805
3511
3337
2405
1423
1008
1084
1147
1316
1793
2242
2566
2376
1797
1055
221
-582
-1316
-1865
-2001
-1531
-717
-15
258
191
46
-289
-683
-941
-602
992
3270
5478
7142
7378
6298
4693
1439
-1396
-3555
-4935
-4341
-3712
-2402
-975
145
1183
997
343
-358
-1032
-827
-366
102
997
1713
1871
1233
-370
-2088
-3532
-4890
-5763
-6451
-6165
-5322
-5073
-5122
-5509
-5912
-5880
-5812
-5608
-4862
-4218
-3701
-3500
-3846
-4432
-5485
-5404
-2495
3101
9314
13253
14417
13888
12236
8213
3039
-667
-1562
-857
-1131
-1814
-1207
457
1167
-32
-1890
-2655
-2616
-2701
-2383
-905
1758
4833
6886
7362
6727
5418
3869
1927
-245
-1999
-2603
-2195
-1578
-1353
-1359
-1264
-1261
-1568
-2284
-3057
-3104
-2054
-467
1083
2318
3314
4019
3826
2793
1583
960
1188
1565
1751
2001
2385
2783
2763
2093
1067
11
-797
-1420
-1851
-1978
-1619
-828
-104
182
57
-365
-810
-1265
-1579
-1227
-210
1117
3544
5976
6889
7672
5425
2578
350
-3513
-5323
-6054
-5617
-3292
-1782
-445
599
1012
1018
-213
-1400
-1245
-1057
-117
767
851
1777
1809
884
-623
-2825
-4196
-5534
-6330
-6445
-6258
-5308
-4698
-4731
-5015
-5153
-5328
-5097
-4889
-4854
-4579
-4481
-4702
-4950
-5880
-6832
-5451
-374
6562
12611
15242
14552
13810
10775
5445
872
-1742
-1299
-692
-1538
-1704
-249
905
315
-1803
-3478
-3676
-3797
-3482
-2124
212
3492
6199
7468
7312
5960
4072
2256
306
-1748
-2687
-2492
-1613
-1008
-1236
-1471
-1406
-1350
-1746
-2595
-2872
-1992
-251
1454
2665
3525
4234
4153
3108
1723
821
843
1286
1561
1783
2391
2821
2872
2347
1329
288
-562
-1198
-1480
-1559
-1336
-732
-82
353
346
-154
-568
-920
-1023
-492
371
1819
3015
4416
6291
6968
7132
5127
1940
-659
-4152
-6161
-6413
-5485
-2935
-1122
-276
454
312
-95
-1020
-1876
-1277
-336
839
1834
2496
3177
2871
1483
-683
-3198
-5012
-6256
-6511
-5861
-4966
-3939
-3230
-3438
-4371
-5185
-6053
-5913
-5480
-5342
-4718
-4304
-4318
-4481
-5833
-7101
-6533
-2431
4742
11551
15754
15982
15012
12357
6779
1331
-1718
-1839
-621
-845
-1503
-433
695
442
-1617
-3697
-4386
-4643
-4469
-3334
-1018
2427
5950
7930
7696
5998
3537
1324
-342
-2284
-3135
-2257
-629
396
61
-662
-937
-1161
-2019
-3053
-3042
-1691
256
1715
2562
3255
3718
3235
1924
559
-66
383
1213
1904
2540
3346
3777
3270
2086
819
-129
-784
-1406
-1633
-1356
-909
-517
-170
-40
-390
-1137
-1801
-1973
-1742
-1029
723
3037
4648
6986
7445
7229
6950
2737
-112
-2862
-5673
-5410
-5103
-3456
-1037
41
381
-156
-1052
-1600
-2307
-1741
-280
883
2856
3767
4077
3840
1907
-12
-2582
-4733
-6111
-6857
-5917
-4865
-4174
-3575
-3919
-4889
-5797
-6819
-6737
-5759
-4888
-3748
-3173
-3097
-3449
-4792
-6008
-7270
-7162
-2873
4102
11694
16857
16813
15066
11595
5127
-284
-3455
-3467
-1145
-652
-937
255
845
23
-2219
-4850
-5552
-5250
-4863
-3240
-254
3692
7586
9357
8615
6374
3374
720
-1189
-2677
-2370
-322
1613
2327
1188
-457
-1302
-2254
-3517
-4126
-3479
-1578
590
1895
2624
3095
2913
1868
68
-1219
-1114
49
1690
2867
3741
4572
4436
2987
1198
-266
-948
-1101
-1425
-1289
-747
-421
-419
-799
-1306
-1789
-2355
-2520
-2082
-802
1134
3433
5184
6594
7670
7452
7007
4397
1407
-890
-3479
-4113
-3820
-2500
-555
237
225
-359
-1160
-1963
-2444
-1905
-318
1530
3057
3989
4259
3935
2523
408
-1702
-3498
-4716
-5471
-5533
-4892
-4114
-3703
-3785
-4580
-5632
-6625
-6832
-6227
-5187
-3853
-2910
-2360
-2569
-4041
-5458
-7038
-8015
-8094
-4654
3020
10999
16873
16952
13976
10330
4296
-1388
-4494
-3716
-248
1462
1109
1440
1691
494
-2340
-5616
-6327
-5058
-4032
-2024
1286
5494
9143
10008
7831
4463
1207
-1355
-2436
-2457
-809
2176
4084
3700
1267
-1542
-3125
-4034
-4806
-4691
-2972
-206
2241
3361
3341
2929
2028
372
-1663
-2609
-1516
828
3140
4610
5162
5269
4335
1993
-204
-1289
-1246
-727
-620
-450
15
102
-426
-1393
-2359
-2677
-2703
-2323
-1393
243
2273
5023
6338
6615
7663
6176
6085
4193
301
-615
-2725
-3295
-2787
-2869
-1282
-537
-907
-1678
-2771
-2649
-2240
-1671
103
1715
3162
3955
3298
2574
1274
-403
-1941
-3712
-4715
-5335
-5389
-4814
-4442
-4149
-4267
-4914
-5910
-6899
-6643
-5776
-4296
-2864
-2315
-2079
-2821
-4447
-5921
-7024
-7800
-7666
-3731
3814
11947
17036
15885
12611
8363
2327
-2335
-4353
-2010
2532
3969
3340
2852
1433
-1125
-4686
-7230
-6446
-4385
-2715
-299
3269
7021
8758
7615
4590
1519
-874
-2343
-2239
-524
2465
5057
5247
2937
-797
-3877
-5253
-5663
-5015
-3243
-439
2198
3433
3040
1934
636
-823
-2288
-3096
-1887
841
3631
5424
5954
5679
4713
2613
196
-1028
-771
315
878
562
359
24
-1090
-2642
-3850
-3801
-2912
-2085
-1396
-213
1566
2983
3971
4501
3864
4385
4589
4501
5201
3374
1659
-212
-2873
-3813
-4161
-3057
-1336
-868
-796
-1203
-1461
-1412
-1708
-1193
607
1982
3001
3322
3116
2932
1373
-637
-2840
-4509
-4930
-5032
-4387
-3271
-2642
-2577
-2978
-4601
-5829
-6164
-6011
-4791
-3389
-2511
-1670
-2120
-3318
-4517
-5683
-6297
-6900
-7225
-6182
-1213
6196
12639
15246
12611
7999
3342
-1404
-3906
-2566
1811
6092
6449
4288
2364
39
-2928
-5773
-6610
-4163
-1455
372
2793
5557
7379
6413
2677
-1270
-3052
-2752
-1073
1188
3975
6656
7013
4117
-472
-4229
-5448
-5255
-4294
-1746
1640
3932
3896
1791
-448
-1925
-3254
-3804
-2999
-532
2690
5243
6470
6327
5089
3253
1388
-149
-694
209
1621
2266
1771
507
-534
-1672
-3203
-4126
-3778
-2511
-964
131
1565
3481
4407
4233
2973
1773
3213
4699
5037
4977
2317
752
-1250
-3871
-3539
-2465
-376
607
-645
-1135
-1519
-2099
-2400
-2319
-479
1675
2344
2456
2282
1874
737
-1642
-3435
-4243
-3980
-3077
-2540
-1776
-1488
-2092
-3276
-4716
-5875
-5819
-5161
-4115
-2632
-1678
-1564
-2548
-4665
-6436
-7257
-7425
-6929
-6115
-5074
-3033
1485
6871
10936
11348
7838
3997
1179
-929
-723
2071
6326
8515
6816
3583
706
-1989
-4590
-5779
-4066
-704
1102
1658
2664
3806
3376
671
-2455
-3572
-2419
-464
1738
4133
6231
6466
3977
279
-2561
-3568
-3069
-1927
257
2754
3688
2542
-2
-2195
-3079
-3502
-3428
-2189
-248
1674
2839
3329
3584
3469
2683
1775
1600
2029
2550
2579
2275
1622
286
-1027
-1982
-2397
-2344
-2180
-1772
-1057
-567
-154
476
1381
1950
2134
1922
2097
3178
3571
3727
2216
537
-880
-1838
-978
7
1225
1614
573
-600
-1713
-2383
-2362
-1331
360
2146
2830
2254
1122
-362
-1458
-2373
-2724
-2495
-1949
-866
-292
-207
-1046
-2223
-3307
-4309
-4457
-3990
-3064
-1837
-1539
-1970
-2846
-4237
-5838
-6927
-6988
-5905
-4403
-3567
-3372
-3872
-4831
-6054
-5615
-1982
3466
7386
7457
5047
2718
1430
716
1255
3401
6133
7215
5610
3237
992
-1304
-2483
-1736
841
2969
3037
1983
977
-438
-2767
-4454
-4131
-2046
463
2466
4157
4803
3715
1132
-1240
-1836
-745
937
2652
4343
5171
4134
1272
-1893
-3835
-4485
-4070
-2965
-1200
833
1932
2003
1741
1411
978
413
230
1124
2308
2841
2658
1958
1212
360
-644
-1018
-797
-496
-291
-103
330
739
1091
962
818
685
912
532
1114
1260
618
550
-903
-396
131
550
1563
925
1199
844
289
685
693
1301
1908
1974
1844
1029
-565
-1409
-1839
-1721
-1079
-1137
-555
-680
-1292
-1535
-2150
-2034
-1790
-1948
-1670
-1478
-1433
-1385
-1942
-2248
-3066
-3939
-4522
-5177
-4922
-5129
-4509
-4004
-3693
-3846
-5028
-5721
-6570
-6782
-6747
-3930
1247
6271
8110
5529
2451
570
768
2004
4328
7352
8919
8478
6094
3823
1972
734
835
2149
3659
2664
-44
-2629
-4197
-4406
-4047
-2893
-1489
-602
-111
194
319
337
313
711
1897
3360
4823
5658
4909
3001
646
-1153
-2055
-2296
-2002
-1308
-346
335
307
-278
-772
-918
-459
204
616
1131
1332
1140
843
444
485
544
356
319
457
808
932
851
895
1166
1329
1313
1085
1353
1238
734
279
-679
-627
-467
-199
664
444
703
866
585
1177
1222
1570
2476
2482
2401
1967
706
-80
-933
-1166
-877
-1110
-1182
-1517
-1581
-1585
-1928
-1859
-1579
-1322
-1003
-700
-747
-900
-1538
-2174
-2485
-2674
-2674
-2984
-3698
-4462
-5039
-5179
-5177
-5183
-4809
-4190
-4045
-4291
-5232
-6214
-6351
-7040
-5444
-1374
3042
6789
5125
2109
317
77
2017
3747
5791
7888
8254
7088
5468
3462
2195
1775
2551
3957
3246
796
-1766
-3490
-3680
-3384
-2534
-1297
-1273
-1876
-2185
-1639
-516
528
1224
2389
3686
4332
4331
3334
1874
439
-730
-815
-529
-219
-79
-139
18
21
-185
-372
-383
-102
447
820
837
457
185
273
465
663
623
383
99
-330
-273
423
1328
1823
1654
1472
994
544
156
622
1232
1755
1314
152
-214
-643
-181
139
407
1206
1298
1404
1448
1723
2248
2646
2535
1878
698
-570
-1159
-1489
-1222
-838
-634
-643
-1414
-1860
-1871
-1460
-1132
-974
-489
-119
11
-241
-608
-921
-1345
-2019
-2571
-2992
-3335
-3652
-4091
-4186
-4598
-4519
-4683
-4669
-4393
-4689
-4849
-5146
-5640
-5730
-5782
-4694
-820
2563
5127
3758
819
273
820
3459
5347
6686
8252
8049
7252
5994
4848
3965
2963
2820
3582
3546
1797
-398
-2236
-2702
-2446
-2234
-1738
-2190
-2692
-2521
-1400
189
1202
1476
1535
1321
1035
1002
994
767
449
-17
57
567
739
712
626
752
1056
1162
1195
1403
1554
1646
1582
1360
786
216
-186
-395
-639
-944
-776
-378
122
451
596
587
147
-593
-1169
-1266
-642
1216
2642
3859
3223
1681
713
-691
-351
296
1629
3271
3390
3417
2907
2227
1878
1271
859
603
-83
-1037
-1561
-1646
-1072
-912
-1433
-2036
-2698
-2591
-2215
-1436
-309
450
620
405
18
-127
-180
-508
-1041
-1529
-2262
-2689
-3344
-3923
-4080
-4907
-4869
-5246
-5783
-5830
-6253
-5909
-5322
-5397
-4999
-5328
-5388
-4680
-3338
-90
2261
2718
744
-322
781
3599
6046
6624
6679
6283
6047
6088
5551
4851
3915
3450
3671
3788
3034
1511
-74
-1458
-2061
-2057
-1569
-1201
-1734
-1886
-1308
-212
311
103
-114
-273
-404
-42
598
1058
637
-104
-381
35
429
571
880
1208
1520
1730
2060
2371
2158
1670
1382
1157
787
179
-239
-271
-457
-793
-1010
-1047
-888
-861
-712
-477
-644
-1012
-1467
-1366
50
1641
2937
3480
2481
1472
328
-190
586
1283
2371
3382
3853
4200
3351
1919
690
-84
8
410
485
238
-207
-743
-942
-1515
-2426
-3278
-3759
-3289
-2255
-806
713
1405
1370
707
220
49
-208
-630
-1025
-1398
-1566
-1730
-2270
-2531
-3035
-3535
-4208
-4966
-5685
-5913
-5890
-4863
-3783
-3220
-3557
-4427
-4889
-4944
-4943
-3732
-1391
841
2135
705
500
1588
3091
4503
3812
3620
4346
5182
6355
6744
6329
5549
4371
3695
3673
3185
2417
1580
493
350
408
505
639
-324
-1054
-1295
-1532
-1734
-1943
-1803
-1300
-908
-455
-87
-378
-1206
-1862
-1725
-598
539
1447
2078
2328
2421
2592
2857
3032
2840
2344
2205
2042
1652
1262
1055
903
430
-468
-1117
-1360
-1490
-1594
-1672
-1574
-1510
-1530
-1186
-20
1013
1912
1781
1388
1138
936
1191
1530
2062
2826
3534
3934
3870
3146
1945
948
321
605
1289
1656
1502
590
-380
-1309
-2186
-2901
-3304
-3016
-2456
-1576
-800
64
635
412
-59
-431
-393
-397
-736
-836
-959
-1053
-1749
-2511
-2949
-3262
-3658
-4332
-4926
-5282
-5167
-5143
-4540
-3897
-3439
-3396
-4160
-4851
-5067
-5109
-4588
-2736
-588
1342
1124
-974
-896
145
2481
3542
2899
3153
3884
5312
6547
6399
5498
4125
3021
2918
3611
3848
3615
2799
1850
1516
1222
1039
470
-678
-1407
-1757
-1581
-1409
-1333
-1316
-1277
-1333
-1236
-1422
-2139
-2704
-2598
-1485
-75
774
1191
1244
1145
1187
1516
2232
2713
2670
2555
2589
2757
2516
1893
1358
912
473
-268
-857
-1135
-1187
-1291
-1404
-1514
-1650
-1662
-1388
-422
56
542
362
301
533
694
1450
2128
2583
2825
2851
3102
3175
2722
1876
1023
662
1074
1825
2275
1902
496
-962
-2093
-2785
-2789
-2553
-1917
-1264
-612
11
300
-38
-661
-1060
-965
-587
-385
-396
-639
-1057
-1602
-2045
-2626
-3202
-3637
-4055
-3844
-3645
-3686
-3457
-3607
-3518
-3363
-3380
-3404
-3754
-4201
-4001
-3656
-3173
-2404
-1200
-387
-306
-2120
-2382
-750
1566
3529
3189
2924
3449
3877
4879
5401
5057
4442
3520
3674
4841
5580
5452
4518
2995
1998
1585
1329
1268
404
-144
-305
-666
-1043
-1307
-1499
-1664
-2097
-2281
-2184
-2373
-2750
-2613
-1740
-808
-428
-461
-410
-394
86
1056
2274
3152
3271
3183
3139
2861
2461
2026
1972
1905
1196
329
-214
-315
-344
-642
-980
-1108
-1278
-1370
-1455
-1096
-438
-132
269
53
203
724
1113
1714
1547
1334
1797
2153
2512
2333
1615
1297
1212
1602
2274
2372
1744
446
-887
-1411
-1339
-1071
-890
-945
-783
-565
-452
-535
-875
-1179
-1231
-910
-598
-296
-339
-872
-1345
-1849
-2040
-2257
-2512
-2847
-2804
-2864
-2717
-2595
-2941
-3016
-3619
-3472
-3290
-3164
-3289
-3608
-3481
-3287
-3296
-3622
-3780
-2816
-2218
-1399
-2251
-2052
-174
1436
3298
2672
2202
2415
2784
3905
4671
5019
4666
4107
4082
4860
5182
4581
3712
2644
2351
2456
2165
2013
1160
252
-295
-800
-1052
-1246
-1587
-1911
-1896
-1726
-1488
-1751
-2302
-2488
-2289
-1864
-1634
-1229
-364
454
1023
1376
1803
2147
1956
1604
1674
2100
2472
2271
1771
1305
805
437
91
89
86
-192
-554
-764
-934
-877
-878
-698
-380
-251
-57
-318
-47
15
526
1093
1289
1450
1335
1215
1209
1317
1562
1912
2256
2423
2197
1533
594
-188
-355
-153
9
85
2
-204
-509
-1038
-1401
-1511
-1364
-1055
-587
-67
18
-554
-1282
-1947
-2172
-2064
-1798
-1543
-1555
-1788
-2015
-2296
-2444
-2931
-3408
-3443
-3273
-2839
-2620
-2542
-2670
-2841
-3364
-3771
-4172
-4370
-4176
-3855
-2608
-1693
-1205
-1833
-2324
-1126
736
2336
2531
1791
2125
3159
4281
4917
4366
3419
2967
3294
4597
5805
5499
4369
3129
2431
2420
2039
1405
760
215
284
590
720
475
-419
-1536
-2329
-2695
-2616
-2364
-2198
-1708
-1106
-685
-644
-985
-950
-433
78
537
935
1327
1642
1781
2009
2227
2102
1519
878
601
732
838
845
717
552
483
379
222
-216
-648
-900
-544
-339
-239
-305
-232
702
1049
1312
907
115
-168
-21
762
1713
2337
2466
2337
2082
1771
1471
993
641
303
60
159
97
12
-238
-579
-772
-1112
-1250
-1058
-624
-209
-188
-495
-930
-1093
-1114
-1047
-1057
-1293
-1261
-1470
-1599
-1755
-1998
-1916
-2106
-2377
-2430
-2398
-2266
-2362
-2549
-2773
-2919
-3181
-3336
-3349
-3269
-3356
-3510
-3909
-3699
-3089
-2448
-1883
-1906
-995
753
1979
2271
1371
739
1503
2578
3668
4171
4172
4053
4155
4587
4962
4567
3453
2651
2494
2932
3154
2872
2519
2073
1438
736
-98
-846
-1300
-1761
-1800
-1563
-1298
-1195
-1405
-1747
-1939
-2040
-2073
-1891
-1254
-242
590
750
674
631
780
746
518
285
163
277
719
1416
1988
2021
1427
860
591
517
344
119
-107
-74
170
530
769
813
522
551
473
471
259
-77
302
898
1966
2743
2786
2295
1617
1329
1403
1503
1317
1065
694
366
282
260
138
-238
-928
-1371
-1342
-982
-593
-372
-354
-739
-1233
-1636
-1725
-1533
-1421
-1370
-1400
-1428
-1611
-1702
-1595
-1740
-1970
-2311
-2413
-2258
-2125
-1955
-1994
-2228
-2652
-3036
-3220
-3423
-3594
-3555
-3420
-3364
-3507
-3693
-3404
-2786
-2123
-1281
-1447
-1232
-1267
-472
924
1500
1768
1690
2314
3296
3916
3891
3437
3145
3292
3995
4638
4761
4422
3842
3642
3537
3205
2488
1332
238
-436
-321
90
237
-256
-974
-1498
-1816
-1982
-2200
-2293
-2078
-1709
-1138
-551
-219
-252
-644
-1002
-1202
-1081
-890
-642
-293
133
756
1251
1513
1503
1250
977
751
668
736
817
873
914
999
1018
884
533
103
-251
-620
-272
337
1138
1760
1858
2101
1955
1774
1642
1436
1361
1315
1537
2039
2159
1786
1123
661
544
416
130
-190
-358
-509
-413
-208
-117
-275
-962
-1711
-2208
-2169
-1863
-1475
-1062
-870
-999
-1477
-2018
-2239
-2144
-1965
-1900
-1814
-1488
-1172
-987
-1119
-1542
-2005
-2414
-2640
-2459
-2104
-2007
-2148
-2457
-2837
-3037
-3272
-3557
-3591
-3678
-3493
-2806
-2519
-1490
-1560
-1265
-837
-604
674
763
1055
1255
1736
3126
4094
4792
4599
4233
4006
3974
4232
4167
3962
3296
2684
2615
2468
2519
1944
1358
837
159
-257
-520
-638
-727
-918
-930
-708
-561
-714
-995
-1300
-1464
-1601
-1725
-1521
-1222
-799
-572
-416
-192
65
385
596
653
678
579
670
896
1207
1538
1610
1449
1051
667
350
128
162
453
965
1406
1611
1865
2159
2142
2091
1534
1197
1437
1818
2499
2657
2331
1939
1544
1497
1474
1253
901
509
350
454
616
672
456
35
-398
-659
-823
-821
-978
-1078
-992
-802
-603
-758
-1230
-1725
-1973
-1875
-1565
-1275
-1038
-864
-873
-919
-1090
-1138
-1128
-1299
-1383
-1262
-1116
-837
-1127
-1699
-2246
-2892
-3047
-3197
-3142
-3035
-3035
-2848
-2843
-2950
-3118
-3269
-3350
-3023
-2378
-1917
-954
-660
397
1492
1797
2051
1748
2163
2802
3026
3210
3104
3037
2949
3010
3210
3367
3094
2447
2082
1710
1552
1456
1083
978
615
339
247
51
-240
-748
-1272
-1482
-1523
-1361
-1240
-1266
-1442
-1448
-1512
-1510
-1464
-1307
-892
-709
-555
-369
-164
99
309
524
752
792
669
533
623
795
993
1206
1293
1358
1301
1235
1136
991
949
720
703
712
1105
1777
2164
2118
1610
1289
1212
1136
1124
1021
1008
1012
896
1006
1027
970
651
250
100
37
56
24
-80
-326
-537
-748
-877
-1069
-1468
-1713
-1656
-1374
-1128
-1017
-1043
-939
-903
-834
-720
-736
-648
-685
-609
-613
-517
-594
-902
-1154
-1694
-1975
-2358
-2571
-2420
-2194
-1997
-2231
-2585
-3124
-3296
-3532
-3486
-3384
-3364
-2916
-2612
-1780
-1454
-1048
-1131
-982
-529
-418
542
995
1522
1806
1565
1971
2087
2172
2417
2312
2463
2426
2621
2951
3192
3063
2633
2352
1935
1751
1534
1322
1205
826
579
443
190
-139
-612
-1028
-1213
-1302
-1291
-1200
-1162
-1053
-960
-982
-1167
-1197
-1018
-745
-453
-182
167
387
498
618
808
1177
1478
1572
1777
1759
1666
1507
1253
1125
1022
1039
1311
1832
2168
2393
2101
1679
1530
1413
1571
1622
1529
1422
1357
1454
1525
1377
1100
805
707
692
859
827
570
222
-239
-455
-639
-756
-752
-866
-1029
-1116
-1030
-928
-926
-796
-538
-203
-66
-185
-310
-253
-81
91
257
223
-90
-521
-944
-1059
-1080
-1230
-1387
-1604
-1658
-1720
-1890
-2112
-2433
-2670
-2830
-2725
-2485
-2212
-1881
-1910
-1914
-2153
-2316
-2228
-2193
-2077
-2108
-1875
-1845
-1563
-1393
-1000
-899
-1063
-719
-395
297
654
873
1246
1439
1615
1867
2186
2411
2307
2424
2758
2961
2904
2596
2403
2026
1574
1240
985
812
379
-9
-92
-194
-304
-592
-971
-1202
-1426
-1352
-1204
-1070
-1038
-1055
-947
-815
-573
-249
95
386
492
488
378
182
47
50
242
605
1086
1507
1737
1762
1610
1439
1271
1086
1114
1359
1666
1867
2003
1901
1921
1722
1417
1427
1209
1201
1232
1206
1331
1127
775
351
-24
-115
-64
199
256
51
-145
-263
-138
-260
-325
-262
-229
-105
-147
-206
-147
-195
-63
140
243
263
73
-123
-431
-808
-981
-996
-951
-967
-1110
-1153
-1211
-1312
-1410
-1407
-1352
-1347
-1283
-1280
-1279
-1320
-1363
-1352
-1437
-1599
-1761
-1846
-1924
-2066
-2249
-2352
-2434
-2500
-2581
-2627
-2553
-2479
-2418
-2154
-1846
-1482
-1211
-1141
-805
-537
-258
51
513
1080
1421
1590
1580
1640
1707
1701
1817
1945
2015
2038
1836
1673
1565
1479
1516
1414
1203
1081
1015
1009
932
764
585
438
352
422
555
532
365
25
-311
-512
-675
-703
-540
-282
21
316
653
779
641
459
303
327
515
879
1236
1488
1647
1717
1688
1428
1092
817
744
855
1019
1203
1243
1146
915
669
477
305
354
563
791
913
909
863
793
743
677
712
787
738
691
746
835
772
554
481
475
413
215
-117
-417
-724
-918
-842
-682
-631
-817
-1048
-1143
-1147
-1059
-972
-829
-695
-647
-586
-569
-594
-773
-971
-1023
-952
-856
-948
-1141
-1233
-1362
-1513
-1642
-1674
-1539
-1603
-1797
-2020
-2114
-2088
-2095
-2061
-2002
-1922
-2018
-2107
-2108
-1927
-1805
-1742
-1570
-1475
-1340
-1137
-891
-575
-462
-433
-226
67
290
499
791
1203
1589
1936
2234
2383
2271
2094
2029
2038
2072
2119
2188
2164
1881
1531
1309
1013
585
232
73
60
209
359
578
668
473
183
-58
-208
-268
-238
-31
288
671
967
1115
1050
750
428
100
-39
141
381
619
751
696
574
368
111
-14
75
299
614
951
1204
1385
1441
1245
1025
1002
1036
1055
1079
1174
1365
1519
1427
1311
1260
1127
892
660
470
372
206
-23
-178
-358
-489
-665
-868
-1000
-1032
-1032
-895
-772
-635
-574
-768
-1002
-1154
-1154
-1112
-1080
-988
-932
-945
-958
-917
-835
-794
-820
-919
-928
-909
-840
-814
-813
-887
-1040
-1085
-975
-929
-1027
-1168
-1268
-1326
-1491
-1736
-1883
-2000
-2220
-2473
-2720
-2842
-2990
-3146
-3173
-3075
-2764
-2376
-2081
-1748
-1362
-932
-492
-249
-61
155
442
799
1295
1769
2062
2123
2145
2209
2206
2213
2247
2421
2514
2538
2532
2480
2492
2428
2239
2022
1699
1396
1225
1131
1152
1228
1238
1171
969
659
339
-33
-370
-640
-760
-728
-625
-554
-512
-537
-736
-911
-921
-663
-204
217
611
966
1112
1007
828
749
848
905
1000
1240
1571
1886
1851
1849
1813
1647
1574
1473
1508
1559
1520
1495
1467
1392
1230
1100
996
905
883
832
830
686
513
315
63
-185
-436
-781
-1124
-1408
-1549
-1597
-1594
-1543
-1504
-1464
-1450
-1391
-1272
-1191
-1119
-988
-757
-445
-257
-85
22
130
217
281
379
466
473
403
299
212
132
-23
-254
-605
-1008
-1389
-1717
-2046
-2300
-2492
-2588
-2541
-2515
-2504
-2594
-2748
-2881
-3086
-3183
-3191
-3011
-2739
-2481
-2149
-1916
-1694
-1532
-1345
-1060
-772
-353
100
468
799
1012
1284
1517
1650
1882
2226
2508
2636
2708
2857
3046
3121
3141
3058
2931
2653
2324
1978
1628
1260
990
845
597
300
-5
-313
-580
-738
-816
-677
-478
-367
-237
-131
-169
-261
-421
-558
-610
-590
-443
-232
1
217
358
443
511
472
427
436
546
756
1007
1271
1484
1658
1644
1620
1693
1805
1964
2095
2229
2296
2283
2104
1783
1526
1188
823
480
182
-72
-387
-735
-1078
-1283
-1375
-1480
-1590
-1636
-1585
-1520
-1472
-1344
-1134
-974
-874
-744
-617
-444
-231
-33
202
325
398
473
586
668
634
473
321
178
145
147
29
-96
-234
-322
-348
-391
-548
-798
-1176
-1567
-1925
-2184
-2336
-2437
-2586
-2732
-2848
-2992
-3187
-3369
-3504
-3524
-3479
-3373
-3239
-3025
-2790
-2633
-2517
-2388
-2132
-1852
-1410
-877
-346
170
516
767
1006
1198
1431
1728
2013
2241
2372
2533
2714
2763
2608
2337
2075
1872
1787
1769
1788
1812
1733
1618
1514
1324
1121
905
650
422
241
146
30
-86
-198
-320
-416
-566
-675
-702
-689
-646
-486
-277
-103
32
124
254
414
554
780
1034
1304
1576
1751
1877
1871
1857
1894
1933
1994
2088
2167
2022
1715
1376
1080
847
587
428
317
236
88
-72
-205
-313
-461
-616
-655
-706
-704
-697
-662
-638
-624
-683
-738
-723
-674
-535
-402
-330
-318
-255
-91
41
94
22
40
134
216
374
544
669
639
522
386
243
87
-85
-220
-314
-441
-574
-727
-917
-1184
-1502
-1739
-1849
-1909
-1957
-2079
-2235
-2463
-2677
-2774
-2791
-2734
-2726
-2674
-2604
-2466
-2219
-2047
-2014
-2202
-2317
-2357
-2282
-2036
-1839
-1530
-1224
-1025
-889
-770
-693
-642
-570
-312
120
644
1159
1603
2032
2319
2420
2459
2454
2444
2492
2542
2599
2593
2504
2431
2290
1981
1581
1165
943
732
561
512
490
462
328
228
193
87
-32
-86
-52
128
378
599
665
603
513
509
619
773
974
1193
1294
1271
1099
945
835
773
774
825
846
822
716
599
577
592
559
483
500
454
382
285
215
173
64
-53
-118
-98
-61
-96
-131
-55
11
4
-84
-171
-129
-71
-60
-101
-148
-141
-91
-57
-75
-110
-172
-260
-369
-393
-328
-288
-265
-263
-248
-241
-238
-243
-168
-79
-67
-94
-165
-265
-325
-335
-352
-388
-486
-592
-625
-682
-759
-935
-1186
-1491
-1809
-2011
-2165
-2222
-2242
-2271
-2279
-2338
-2437
-2556
-2718
-2907
-2960
-2840
-2610
-2363
-2188
-2087
-2017
-1896
-1704
-1477
-1161
-866
-655
-363
-96
156
403
547
657
825
1004
1129
1281
1493
1706
1876
2022
2085
2097
1984
1888
1956
2020
2026
2009
1949
1869
1744
1541
1379
1194
1021
922
887
926
959
890
687
366
88
-2
36
107
133
166
205
130
85
85
186
209
186
260
391
566
637
637
656
594
514
455
434
445
480
550
661
790
827
774
646
518
469
466
510
507
412
259
137
33
-51
-156
-302
-490
-619
-630
-648
-643
-723
-757
-708
-672
-592
-462
-316
-230
-227
-166
-48
41
133
262
402
558
650
674
686
688
708
674
572
410
231
23
-151
-230
-243
-206
-252
-468
-734
-998
-1221
-1411
-1458
-1391
-1359
-1465
-1648
-1861
-2001
-2107
-2168
-2119
-2082
-2111
-2159
-2168
-2104
-2026
-2006
-1965
-1964
-1879
-1758
-1597
-1388
-1222
-1064
-886
-712
-546
-400
-264
-77
136
367
647
922
1122
1255
1329
1405
1545
1661
1751
1876
2028
2181
2178
2116
1976
1811
1659
1533
1529
1522
1515
1432
1337
1205
977
766
582
459
380
355
366
364
339
328
340
333
282
260
323
494
674
814
828
848
836
821
885
901
882
875
868
813
735
562
381
240
65
-94
-225
-325
-370
-507
-581
-662
-859
-980
-1043
-988
-891
-841
-730
-649
-595
-504
-405
-192
-45
46
166
298
492
604
647
708
732
760
767
769
696
663
684
675
639
549
465
315
232
187
168
196
189
163
105
-77
-303
-534
-673
-730
-716
-705
-805
-938
-1123
-1305
-1442
-1538
-1577
-1669
-1700
-1742
-1784
-1773
-1839
-1908
-1951
-1929
-1840
-1795
-1731
-1686
-1642
-1471
-1351
-1338
-1398
-1409
-1333
-1223
-1021
-760
-509
-332
-224
-74
34
138
229
319
414
415
575
731
888
1021
1047
1139
1146
1028
908
854
877
818
780
894
943
937
881
849
927
994
1000
1088
1167
1248
1274
1298
1348
1408
1473
1512
1520
1534
1591
1625
1629
1500
1388
1296
1141
1004
886
817
772
645
505
330
109
-109
-309
-409
-451
-552
-710
-823
-874
-858
-837
-794
-732
-662
-516
-364
-296
-197
-186
-98
-5
103
318
398
415
356
312
388
451
500
529
563
669
762
850
889
863
834
851
853
800
751
662
555
458
472
528
531
380
184
33
-40
-51
-65
-124
-225
-348
-517
-652
-796
-946
-1066
-1171
-1227
-1258
-1274
-1314
-1396
-1498
-1610
-1717
-1829
-1943
-1923
-1799
-1618
-1450
-1288
-1137
-1130
-1147
-1184
-1125
-930
-790
-654
-500
-369
-279
-258
-298
-384
-515
-625
-761
-814
-791
-749
-737
-832
-905
-972
-963
-918
-812
-699
-623
-485
-347
-217
-77
40
208
358
500
746
1048
1268
1342
1422
1564
1683
1740
1742
1792
1896
1968
2050
2091
2076
1999
1892
1741
1546
1388
1283
1184
1039
854
643
492
306
95
-89
-196
-229
-223
-269
-373
-465
-517
-529
-514
-405
-307
-306
-307
-393
-464
-473
-474
-456
-460
-456
-382
-299
-208
-178
-230
-173
-206
-187
-98
-1
183
294
304
348
414
569
704
798
874
866
893
907
946
1024
1012
851
678
557
558
595
615
566
445
380
334
273
157
-5
-204
-387
-515
-521
-538
-536
-556
-537
-523
-600
-640
-696
-703
-653
-563
-411
-234
-175
-214
-347
-415
-437
-501
-533
-528
-535
-583
-662
-718
-700
-684
-716
-817
-855
-834
-743
-567
-474
-485
-558
-667
-706
-683
-697
-671
-692
-706
-691
-717
-767
-729
-679
-670
-639
-560
-411
-182
-22
127
375
540
638
724
824
954
1039
1209
1403
1492
1480
1403
1368
1367
1387
1424
1432
1417
1441
1450
1431
1351
1188
1119
1055
1026
1038
1019
934
804
638
468
369
282
260
195
129
29
-113
-304
-501
-616
-713
-769
-793
-804
-818
-871
-937
-912
-842
-754
-650
-516
-364
-221
-72
29
69
109
152
203
291
349
401
517
623
673
700
713
718
679
638
586
549
516
445
449
444
420
328
178
17
-151
-245
-248
-225
-161
-124
-122
-134
-215
-318
-393
-470
-534
-547
-493
-361
-339
-376
-472
-576
-659
-769
-820
-874
-920
-949
-942
-962
-1017
-1096
-1217
-1311
-1295
-1163
-1023
-945
-852
-798
-792
-825
-884
-861
-856
-846
-804
-755
-685
-654
-641
-645
-668
-676
-675
-591
-517
-504
-462
-461
-438
-440
-465
-486
-572
-583
-558
-427
-211
-55
84
186
235
333
480
650
878
1062
1228
1373
1469
1555
1580
1655
1750
1808
1829
1764
1660
1506
1310
1117
917
731
581
430
254
80
-34
-135
-193
-250
-295
-275
-294
-331
-339
-331
-324
-356
-353
-311
-262
-241
-203
-193
-192
-164
-112
28
197
292
268
256
259
305
433
573
633
670
694
726
794
798
727
687
702
725
765
807
839
815
659
485
330
195
168
148
103
121
148
148
81
-52
-119
-148
-185
-178
-140
-66
-7
24
19
9
-33
-133
-213
-208
-152
-91
-51
-42
-98
-274
-438
-522
-490
-347
-273
-215
-196
-267
-348
-420
-435
-502
-618
-731
-771
-731
-715
-786
-875
-949
-1088
-1212
-1255
-1200
-1103
-1032
-910
-788
-698
-642
-633
-608
-534
-412
-283
-171
-51
30
143
210
248
364
498
690
867
1043
1218
1315
1351
1315
1249
1193
1153
1130
1119
1064
978
935
895
834
797
798
765
676
557
452
383
398
392
334
224
66
-35
-138
-253
-345
-448
-509
-535
-537
-459
-407
-353
-312
-279
-156
-52
12
65
77
82
127
231
356
477
515
530
526
493
484
445
405
381
377
445
521
547
479
422
433
385
367
294
189
155
53
1
-47
-134
-210
-348
-470
-529
-573
-568
-509
-419
-347
-302
-315
-326
-352
-373
-409
-413
-343
-224
-73
8
32
41
10
-2
27
108
150
110
49
2
-59
-148
-304
-469
-634
-848
-1020
-1151
-1213
-1244
-1307
-1354
-1408
-1477
-1516
-1551
-1556
-1456
-1306
-1183
-1090
-1012
-955
-941
-935
-882
-752
-627
-507
-388
-299
-245
-234
-205
-177
-168
-130
-82
33
183
278
344
398
449
469
481
501
511
533
573
628
664
654
574
450
356
276
299
322
297
284
256
296
278
167
54
-41
-42
-34
-32
-11
2
32
20
-2
18
66
108
152
183
216
292
332
427
540
675
803
826
849
887
909
940
935
930
927
876
853
821
812
809
761
703
610
489
403
338
311
280
204
82
-60
-203
-330
-383
-432
-428
-436
-488
-459
-341
-183
-69
-39
-6
60
148
280
437
560
558
486
432
395
380
386
372
300
258
250
225
174
104
0
-97
-167
-284
-371
-418
-424
-417
-444
-485
-496
-489
-518
-514
-494
-507
-528
-568
-577
-528
-538
-556
-580
-603
-585
-556
-539
-517
-474
-396
-340
-314
-316
-337
-288
-240
-175
-88
-27
79
169
197
213
244
323
360
364
379
434
488
537
556
581
551
479
428
365
345
349
344
313
310
314
288
266
224
138
93
20
-34
-70
-107
-113
-104
-114
-77
-75
-64
5
109
260
380
495
546
617
644
665
709
746
757
723
703
684
658
581
513
446
395
329
212
99
-12
-111
-246
-347
-445
-565
-642
-671
-644
-585
-588
-641
-700
-731
-734
-701
-705
-701
-667
-640
-567
-504
-418
-352
-327
-267
-233
-201
-213
-216
-217
-199
-150
-184
-270
-382
-451
-451
-419
-382
-415
-465
-426
-373
-329
-269
-209
-172
-191
-223
-197
-203
-267
-365
-443
-479
-505
-558
-614
-683
-748
-834
-906
-956
-1003
-986
-981
-963
-976
-957
-953
-948
-892
-870
-806
-715
-671
-560
-458
-395
-309
-268
-204
-73
57
162
221
259
313
395
492
547
569
572
612
636
592
513
432
368
302
237
218
230
235
249
213
154
134
156
212
241
226
206
193
196
246
307
396
406
412
455
540
672
689
693
656
651
678
731
733
671
619
609
601
565
500
434
391
344
342
355
400
354
279
225
217
257
227
139
59
-7
-4
24
-13
-50
-145
-224
-217
-158
-121
-109
-110
-104
-67
-58
-30
-21
-50
-50
-57
-73
-48
-6
62
119
87
58
26
43
126
212
291
295
312
321
292
233
153
116
140
190
244
210
116
29
-69
-137
-159
-138
-108
-132
-207
-247
-215
-282
-371
-419
-475
-470
-439
-401
-387
-422
-484
-521
-486
-446
-360
-285
-236
-185
-139
-52
36
97
148
142
104
115
144
210
216
178
127
66
36
20
26
36
46
40
131
232
277
281
243
220
260
338
381
378
374
410
463
536
574
552
484
472
469
444
428
428
380
337
299
226
170
87
22
-9
15
62
102
115
90
-1
-75
-99
-104
-90
-113
-146
-157
-172
-206
-243
-253
-291
-313
-272
-292
-271
-229
-232
-238
-248
-295
-356
-415
-503
-552
-610
-624
-566
-497
-429
-442
-511
-578
-589
-511
-438
-361
-285
-228
-155
-139
-113
-36
-7
42
73
100
132
119
81
45
4
-39
-70
-140
-226
-248
-262
-292
-310
-320
-314
-337
-315
-327
-348
-382
-444
-483
-509
-498
-463
-434
-395
-361
-337
-303
-287
-228
-158
-146
-183
-239
-307
-321
-307
-272
-272
-288
-336
-356
-322
-311
-321
-327
-291
-224
-123
-74
-43
-67
-81
-90
-83
7
46
48
21
2
6
33
81
102
115
132
122
136
166
245
273
260
219
161
185
219
250
244
272
306
328
392
375
308
229
151
201
310
412
395
309
302
345
386
375
319
249
234
272
318
336
347
329
301
261
200
163
157
164
178
151
128
91
75
63
44
1
-59
-97
-135
-134
-120
-88
-39
13
48
126
182
207
211
203
263
315
367
420
396
368
346
334
345
316
273
237
191
197
256
244
167
95
60
81
119
79
80
44
234
419
419
294
69
100
179
178
135
72
148
262
224
94
-61
-144
-115
-129
-182
-143
-48
69
109
56
83
99
99
68
11
38
85
160
243
303
305
323
248
180
153
128
134
123
145
153
152
178
160
169
135
34
-70
-161
-134
-36
23
11
-24
-83
-112
-97
-82
-111
-158
-180
-165
-79
-27
-26
-62
-56
-45
-56
-42
26
95
171
209
218
245
216
195
152
81
88
75
42
68
136
162
76
-10
-48
-71
-94
-153
-199
-199
-201
-225
-257
-274
-328
-423
-478
-433
-345
-334
-366
-429
-450
-426
-354
-292
-279
-295
-348
-328
-284
-192
-147
-137
-123
-121
-127
-86
-44
-35
-27
2
90
173
231
251
251
262
249
269
303
289
252
197
173
138
69
42
-23
-85
-144
-213
-243
-268
-269
-253
-243
-260
-259
-240
-244
-301
-346
-368
-312
-240
-176
-147
-204
-235
-238
-221
-215
-244
-246
-257
-266
-229
-164
-72
-31
-35
-56
-56
-51
-64
-23
6
11
7
-47
-63
-59
-94
-141
-166
-209
-218
-195
-168
-126
-135
-158
-195
-209
-170
-132
-115
-55
10
69
95
75
46
1
11
28
24
9
21
70
93
116
153
148
117
72
92
112
138
160
154
192
186
189
227
305
333
298
282
309
321
287
249
230
166
122
72
22
25
27
59
49
31
34
2
6
47
73
93
55
24
41
19
50
122
203
233
211
154
150
211
266
333
383
406
387
375
355
343
300
272
254
227
206
182
200
198
158
112
56
11
-26
-25
31
63
78
82
88
147
159
131
110
49
41
43
20
32
36
52
60
47
75
139
207
219
211
240
256
268
247
253
234
219
212
190
168
116
81
44
21
14
-8
-33
-44
-67
-64
-64
-75
-79
-122
-162
-188
-188
-191
-204
-241
-267
-232
-215
-189
-149
-105
-88
-65
-79
-96
-120
-133
-161
-167
-136
-104
-92
-92
-78
-26
8
9
6
25
99
169
252
303
341
353
327
316
286
281
274
214
179
88
23
-25
-82
-89
-95
-114
-167
-243
-300
-322
-326
-329
-326
-334
-331
-341
-375
-399
-436
-477
-529
-568
-519
-476
-443
-396
-365
-325
-270
-255
-239
-219
-189
-158
-130
-86
-60
-58
-80
-111
-146
-197
-179
-116
-28
-4
-2
8
22
14
-1
2
13
36
46
55
25
-33
-120
-191
-217
-204
-161
-122
-149
-171
-191
-175
-143
-177
-181
-170
-105
-37
-22
28
4
-38
-82
-91
-40
-50
-56
-70
-54
-34
-27
-16
-5
-19
-49
-48
-24
10
55
76
102
126
119
92
62
39
-10
-73
-111
-133
-125
-157
-227
-237
-243
-230
-230
-207
-160
-155
-171
-176
-144
-102
-35
-18
3
40
101
175
186
149
111
137
169
191
177
152
116
96
97
105
125
115
112
105
108
114
124
123
105
85
92
95
69
70
80
34
-29
-101
-124
-82
-13
17
-5
-33
-58
-20
-16
-19
-2
-6
7
30
59
50
45
47
62
41
12
-20
-24
-35
-21
47
95
134
122
107
103
101
102
121
127
131
99
83
76
96
133
145
166
119
52
49
71
66
58
33
-11
-21
5
46
114
112
91
99
123
170
169
184
203
174
144
114
101
144
151
138
100
63
77
85
92
71
60
87
103
93
74
42
17
-3
-52
-115
-159
-192
-228
-150
-73
-58
-59
-59
-43
-24
-7
-8
-38
-62
-55
-56
-39
-31
-68
-84
-89
-104
-138
-128
-141
-145
-129
-162
-162
-172
-133
-73
-21
36
14
-1
17
50
77
65
21
10
17
29
23
-11
-88
-146
-176
-200
-174
-135
-124
-159
-225
-286
-307
-350
-366
-339
-277
-262
-249
-241
-294
-329
-378
-384
-375
-374
-349
-350
-316
-308
-322
-281
-234
-222
-202
-172
-135
-55
14
48
48
0
-3
12
-7
-12
-65
-133
-143
-121
-65
-40
-125
-178
-205
-219
-225
-248
-243
-214
-177
-160
-140
-113
-92
-83
-81
-41
29
55
59
47
13
0
-18
-21
0
36
58
46
28
21
2
49
61
46
68
69
102
99
77
74
44
9
5
17
29
57
62
65
62
58
82
123
148
175
172
139
132
135
135
90
27
-16
-59
-86
-91
-101
-102
-113
-127
-125
-121
-136
-140
-113
-79
-37
11
0
-32
-41
5
55
73
78
35
41
73
91
117
97
40
-1
2
13
41
39
32
-33
-102
-145
-179
-195
-215
-216
-198
-216
-226
-228
-229
-210
-243
-255
-189
-171
-134
-106
-84
1
58
133
156
144
149
137
134
130
139
144
108
139
125
101
132
76
22
-19
-93
-103
-104
-76
-59
-39
-26
-8
26
66
67
79
79
77
97
97
108
81
59
55
72
57
7
-26
-63
-115
-145
-169
-110
-28
7
66
92
135
185
199
233
243
254
266
291
328
347
318
308
342
344
329
289
288
242
222
245
260
280
255
217
181
129
90
129
127
86
37
-39
-59
-80
-64
-50
-74
-67
-27
0
-10
-28
-71
-106
-124
-124
-70
8
58
54
69
57
48
44
28
8
-4
-13
14
77
65
58
40
14
14
-17
-11
-23
-41
-58
-43
-40
-85
-111
-188
-226
-218
-248
-235
-200
-218
-230
-244
-256
-248
-215
-147
-109
-101
-99
-97
-103
-139
-173
-179
-213
-201
-172
-150
-159
-162
-145
-155
-130
-112
-75
-50
-36
13
34
55
61
41
24
14
13
4
-12
-16
-25
2
13
-12
-36
-100
-130
-169
-204
-172
-178
-199
-219
-243
-235
-274
-313
-292
-264
-237
-248
-251
-208
-192
-167
-155
-119
-68
-14
62
122
119
90
63
33
-1
1
3
7
33
7
6
16
-3
-2
-21
-42
-55
-82
-58
-93
-160
-171
-190
-180
-201
-204
-203
-200
-186
-137
-95
-72
-66
-53
-11
20
56
66
77
97
110
97
129
152
163
173
180
175
143
167
221
236
253
250
195
183
161
154
130
120
142
128
133
87
79
112
87
85
133
147
182
202
217
223
207
209
160
143
100
69
77
55
30
4
-56
-129
-136
-62
4
5
2
22
78
92
114
118
96
46
17
23
92
167
226
224
179
126
95
65
38
65
48
68
50
62
74
17
-27
-56
-61
-25
-28
9
42
37
48
10
22
9
28
80
121
173
225
209
185
179
147
141
127
101
84
91
101
107
141
181
188
155
120
123
133
159
208
202
145
101
49
82
96
79
73
51
55
66
90
93
142
167
171
173
143
142
97
53
56
66
81
62
61
82
103
132
145
165
160
143
176
174
191
236
240
262
292
232
170
123
107
74
18
22
18
27
35
55
41
37
37
27
70
111
130
93
53
42
4
-28
-64
-84
-99
-106
-55
-32
-28
-11
8
11
11
-7
-22
-13
3
9
1
-1
22
48
6
-14
-63
-64
-70
-96
-96
-164
-173
-210
-267
-297
-337
-369
-367
-364
-401
-432
-434
-429
-458
-452
-473
-486
-494
-515
-502
-482
-461
-428
-386
-328
-313
-346
-345
-323
-298
-251
-162
-136
-144
-160
-161
-109
-102
-115
-84
-1
102
136
122
97
80
27
-12
7
13
16
-26
-47
-21
-11
-28
-9
35
84
60
78
104
161
221
281
316
320
299
242
247
253
208
146
88
48
53
61
52
44
109
163
187
185
159
158
151
157
207
245
255
242
215
231
222
198
170
96
80
60
35
98
136
136
57
-9
-31
-23
-69
-88
-33
14
40
25
30
53
29
-32
-27
-13
31
59
87
102
114
131
74
104
169
206
199
152
183
206
213
226
222
209
167
161
179
216
218
184
144
92
56
11
1
-27
-57
-56
-89
-105
-86
-98
-90
-124
-74
-54
-105
-115
-155
-145
-115
-110
-85
-50
-28
-39
-36
-20
29
83
70
66
81
79
67
64
109
149
181
164
172
202
164
106
105
141
134
145
148
172
178
158
145
187
236
248
214
123
63
25
11
12
8
0
-38
-50
-87
-134
-162
-210
-232
-248
-251
-261
-251
-227
-174
-160
-138
-80
-50
-9
40
65
91
148
201
166
143
130
133
156
151
196
213
181
160
150
138
142
136
129
81
14
3
-39
-50
-64
-98
-116
-102
-74
-69
-60
-43
-23
-19
-1
11
18
-5
-58
-26
-23
-47
-52
-60
-41
9
38
51
83
138
140
79
69
96
102
76
30
-4
-29
-44
-23
31
47
25
-24
-69
-62
-55
-56
-44
-19
-21
-60
-96
-111
-116
-165
-158
-129
-160
-171
-183
-181
-154
-159
-182
-211
-219
-220
-282
-278
-282
-313
-329
-321
-290
-249
-205
-230
-227
-239
-206
-213
-216
-199
-154
-128
-140
-129
-148
-122
-104
-96
-55
27
57
50
68
89
64
10
-28
-30
-29
-32
-20
-1
-21
-42
-31
-9
14
-4
-35
-13
16
34
75
36
31
59
79
112
88
53
33
62
95
123
101
93
90
80
111
147
172
159
135
116
69
37
38
52
60
54
40
22
-37
-37
-22
-44
-30
-34
4
36
69
138
131
175
215
209
229
196
187
189
210
244
242
206
192
187
164
151
100
76
97
47
52
84
98
101
93
63
91
161
180
159
147
148
91
75
30
13
-39
-52
-47
-64
-59
-52
-18
-51
-31
-24
-46
-63
-64
-66
-58
-21
-33
-5
-12
-35
-23
-45
-42
-75
-63
-21
-1
55
86
87
97
103
122
136
141
188
215
241
192
126
88
73
74
52
10
-26
-30
-48
-112
-131
-146
-186
-194
-178
-165
-157
-130
-75
-12
26
43
33
39
41
21
10
43
48
60
80
94
91
29
16
-8
-17
12
90
136
160
208
162
172
201
204
156
108
106
145
147
115
84
39
36
-3
1
-11
-41
-36
-54
-87
-138
-140
-156
-155
-141
-155
-158
-127
-112
-96
-86
-139
-145
-146
-172
-153
-132
-127
-161
-179
-195
-188
-166
-190
-226
-240
-211
-151
-114
-144
-133
-108
-81
-59
-55
-40
-63
-115
-114
-85
-92
-104
-151
-161
-149
-157
-150
-158
-173
-103
-64
-21
9
-18
17
12
8
41
48
57
57
16
-18
-69
-101
-56
-76
-99
-148
-165
-145
-137
-79
-18
17
39
33
58
88
103
118
106
47
-14
-42
-63
-80
-97
-76
-105
-139
-169
-183
-184
-209
-174
-141
-135
-132
-119
-53
-29
-9
4
15
-28
-57
-59
-86
-99
-105
-78
-53
-41
-34
-35
-9
-20
0
16
-9
13
5
-4
-26
-8
5
-10
25
89
164
185
156
100
76
66
53
76
39
35
46
21
-4
-55
-111
-154
-162
-158
-158
-179
-206
-214
-167
-134
-119
-57
-25
-14
10
44
109
126
117
125
107
111
99
96
142
155
181
189
131
130
146
129
147
203
219
222
238
289
295
265
238
188
196
222
262
277
292
292
280
243
212
226
249
264
256
232
207
195
172
133
145
167
153
85
78
115
133
149
181
198
133
114
88
81
77
39
-3
-32
-25
-7
-6
-29
1
29
22
50
91
72
60
42
72
78
54
31
-13
-36
-78
-97
-109
-94
-97
-105
-151
-191
-173
-195
-133
-139
-167
-124
-114
-105
-99
-91
-70
-51
-62
-42
-29
-41
-69
-93
-108
-142
-170
-165
-141
-148
-176
-158
-133
-77
-23
-20
-5
-33
-48
-56
-51
-36
-38
-81
-103
-104
-98
-103
-86
-45
-39
-16
1
-41
-85
-85
-111
-125
-161
-173
-183
-228
-207
-172
-106
-82
-50
-41
-57
-65
-82
-66
-57
-88
-99
-99
-86
-69
-88
-112
-92
-58
-49
-70
-83
-73
-66
-77
-67
-67
-72
-73
-109
-93
-99
-89
-73
-55
-50
-92
-97
-107
-98
-111
-110
-99
-119
-123
-110
-43
8
7
2
38
65
93
75
56
44
33
7
11
1
-43
-31
-18
-35
-43
-5
13
25
83
113
115
111
93
105
91
59
22
7
19
39
9
-10
0
-14
-10
-1
-11
-17
-35
-46
-39
-50
-60
-55
-98
-97
-44
-45
-47
-55
-85
-128
-136
-91
-56
9
55
20
-18
-47
-56
-91
-114
-115
-107
-94
-42
-7
14
-18
-65
-91
-74
-83
-84
-32
-3
36
70
67
73
76
108
125
142
159
144
182
221
215
202
218
230
220
246
236
250
260
228
248
229
215
197
146
170
184
151
128
124
122
136
127
100
79
58
47
33
91
103
81
62
38
5
-2
21
35
33
-4
-29
-53
-13
5
47
52
30
82
101
105
88
87
105
119
133
147
135
139
70
20
7
2
45
46
56
80
82
59
65
71
74
47
-4
28
61
89
50
40
50
15
-23
-61
-65
-97
-174
-203
-185
-168
-156
-163
-137
-96
-79
-77
-34
8
17
20
13
13
25
16
41
43
8
3
9
-26
-42
-34
-57
-36
-47
-36
-24
-88
-113
-117
-89
-61
-24
-16
-37
-80
-101
-139
-162
-182
-243
-240
-224
-186
-165
-163
-119
-153
-227
-223
-185
-182
-232
-285
-305
-269
-242
-236
-227
-224
-211
-242
-212
-141
-43
-15
2
61
72
90
100
64
43
70
81
95
79
44
34
33
37
83
102
50
51
89
74
53
18
-1
6
7
-45
-63
-104
-164
-216
-219
-181
-166
-152
-188
-166
-120
-71
-2
65
95
136
151
132
129
112
146
163
145
129
71
55
59
39
30
-20
-67
-79
-72
-38
-28
-26
-34
-35
-57
-89
-68
-53
-26
-48
-74
-64
-67
-68
-93
-156
-178
-194
-207
-179
-158
-173
-165
-192
-184
-159
-134
-87
-76
-83
-112
-131
-90
-51
-42
-40
-21
-22
-49
-14
-9
-16
-35
-32
-11
28
52
69
36
3
10
19
36
0
-9
1
5
-12
-35
-12
-22
-26
-3
-23
-44
-71
-101
-107
-80
-44
-62
-78
-71
-26
5
27
41
2
-1
19
55
102
134
125
99
80
64
38
21
27
1
-2
-10
5
30
28
46
55
58
44
30
61
99
145
162
155
116
94
93
70
58
26
-2
27
62
69
79
81
111
87
31
71
120
160
174
198
227
243
241
235
252
228
209
170
150
134
120
102
51
66
87
81
64
59
60
80
121
141
132
129
140
164
161
178
179
111
34
-18
-67
-53
-23
-63
-47
8
53
48
39
58
61
58
39
33
59
85
118
143
171
172
139
154
124
69
44
42
24
-24
-32
-17
-59
-83
-116
-125
-132
-198
-204
-176
-189
-196
-198
-187
-185
-184
-189
-206
-193
-163
-119
-81
-41
-13
-17
-30
-21
-23
-32
-13
19
54
99
93
50
50
30
22
17
0
16
3
-35
-65
-110
-130
-134
-130
-139
-154
-161
-122
-80
-68
-81
-73
-58
-50
-39
-30
-12
2
30
72
113
67
-6
-65
-82
-80
-106
-106
-147
-195
-230
-252
-237
-243
-215
-153
-87
-34
31
81
70
72
81
93
121
140
167
117
91
107
83
42
-17
-25
-54
-78
-59
-41
-10
-11
2
-22
-35
-46
-43
-18
-9
-9
-57
-68
-82
-71
-83
-82
-66
-55
-19
2
20
22
6
24
54
54
47
60
60
71
88
131
175
156
118
92
109
114
107
141
166
142
95
67
64
42
-10
-18
-15
13
18
33
17
-25
-45
-69
-45
-12
39
73
122
129
141
190
188
238
255
236
264
289
260
271
254
238
222
186
162
132
123
86
80
81
116
116
130
144
145
129
111
130
97
50
12
26
22
4
-29
-51
-32
10
72
90
128
127
119
156
180
184
178
209
183
170
145
127
134
132
120
88
65
42
76
97
103
111
120
138
150
173
168
122
106
86
81
77
50
21
22
-23
-66
-54
-80
-86
-48
-13
-32
-61
-66
-51
-99
-117
-108
-127
-129
-117
-147
-164
-196
-207
-188
-199
-148
-129
-115
-112
-89
-104
-92
-65
-46
-39
-25
22
28
80
117
104
79
87
99
120
129
142
135
143
179
137
72
46
19
-18
-46
-35
-28
-39
-64
-58
-27
-14
-55
-107
-84
-59
-6
7
-12
-29
-53
-35
-15
8
-24
-54
-42
-21
-28
-14
19
43
67
64
93
99
112
135
149
136
150
180
176
198
239
207
197
205
141
123
123
149
169
148
185
176
106
87
80
49
47
23
-25
-84
-135
-134
-112
-127
-184
-200
-167
-150
-130
-74
-65
-67
-89
-111
-51
4
23
14
-15
43
93
114
102
83
126
138
114
122
112
106
118
129
133
107
81
47
50
31
11
44
71
99
92
99
116
118
123
81
71
79
62
54
12
39
76
70
70
62
22
-22
-49
-29
-3
40
56
26
5
9
21
25
-21
-65
-50
-29
-20
-11
-2
-13
-61
-88
-109
-101
-133
-159
