-19
-34
-28
-12
15
23
15
10
9
-21
45
62
38
51
21
-16
-10
3
-2
1
-1
1
-1
1
0
0
0
0
-1
0
0
0
1
0
0
0
0
0
0
0
0
0
0
0
0
0
0
0
0
0
0
0
0
0
-1
0
0
0
0
0
0
0
0
0
0
0
0
0
1
0
0
0
0
0
0
0
1
0
0
0
1
1
0
0
0
-1
1
1
0
0
0
0
0
0
0
1
0
0
0
1
0
0
0
0
0
-1
0
0
0
0
0
0
0
0
0
0
-1
-1
-1
0
0
0
0
-1
0
0
0
0
0
0
0
0
0
1
0
1
0
0
0
0
0
0
1
-1
0
1
-1
0
0
0
0
0
0
0
-1
0
0
0
-1
0
-1
0
0
0
0
0
-1
0
0
1
0
1
0
0
-1
1
-3
18
49
60
65
99
107
102
156
170
176
191
198
223
198
184
187
161
140
160
152
109
56
1
0
-47
-70
-66
-85
-76
-30
-18
-44
-51
-66
-70
-92
-96
-63
-46
-37
-28
-41
-73
-117
-133
-144
-155
-132
-114
-121
-105
-68
-61
-59
-47
-33
-44
-32
1
43
77
87
94
98
76
57
75
106
109
108
98
71
16
-20
-1
6
-2
-4
0
4
-1
-9
5
1
5
10
4
-6
-7
4
1
12
19
8
5
-1
7
12
9
6
10
-7
2
15
5
0
3
-4
-1
3
-12
2
7
-11
-13
1
-1
2
-6
-5
15
14
16
9
1
-6
11
4
-11
15
21
13
1
5
-7
-4
1
-3
-3
-10
1
10
13
-2
-6
-8
-2
-8
1
14
2
8
-12
-13
4
6
5
-8
-2
-4
-2
4
5
3
-1
-15
-11
-1
6
4
-10
-3
-2
-10
-9
0
7
-4
-5
-5
-1
-7
-16
-6
-14
-10
-3
-7
-4
-8
-4
12
0
0
-6
-13
-2
8
12
6
-5
-4
-7
-12
4
-3
4
5
-2
-3
-5
0
0
-1
-2
-4
-4
0
-5
-6
5
-9
-21
-4
-5
2
12
1
2
5
-5
-6
12
11
6
7
6
20
11
0
3
-3
9
9
6
0
0
5
1
13
0
-16
-7
-10
-3
10
7
10
11
-6
-5
-4
2
22
19
2
1
7
-1
5
3
0
-5
-14
-2
4
10
7
-8
-8
0
3
9
-2
-12
2
-1
6
-7
-19
-18
-3
2
10
0
-4
1
-7
13
8
2
2
-9
5
10
10
8
3
-6
-1
-2
7
5
-3
0
-1
-3
-18
-19
-10
-12
1
2
9
12
-8
0
8
8
0
-9
14
9
-12
-5
-6
-1
7
-1
1
2
-5
-1
5
5
20
18
-2
-3
1
-5
-9
-5
6
1
-6
1
3
7
0
0
-9
-6
8
7
-5
-12
-9
-11
-1
4
2
-9
-2
-5
3
1
-11
-14
-4
-2
0
15
1
-11
-7
6
11
12
5
-4
-1
0
3
7
2
-9
-13
-17
-3
-7
-1
-2
-6
-4
-7
0
-2
9
8
2
-2
0
6
7
8
-10
-6
3
-9
0
-2
-3
-7
5
-1
-2
0
-8
-2
-2
-3
2
-1
-13
-1
-5
-1
-3
5
4
-4
-10
-20
-2
-8
-6
3
5
3
-16
-1
-5
-7
-7
-14
-1
3
2
6
10
-6
10
-15
-11
-6
3
25
23
28
5
1
-9
-13
-11
-14
-9
4
-27
-10
8
10
16
-7
-19
-18
8
20
-9
-24
-16
-6
3
-11
-15
17
34
30
15
-7
-9
-9
12
8
8
11
-4
9
22
26
16
11
11
8
6
5
13
25
3
-14
-2
14
3
-9
-16
-6
6
7
4
-5
-23
-36
-37
-33
-36
-26
-13
-15
-35
-15
-20
9
9
-4
5
-7
5
6
13
44
21
-6
8
7
13
-2
-18
-11
5
-2
-10
14
16
16
36
33
17
28
23
22
34
24
41
46
24
-22
-23
3
6
-8
-8
15
15
0
15
20
31
31
19
10
-8
-6
-17
-10
0
-8
-20
-18
-32
-29
-28
-2
10
-2
15
-7
4
-6
1
13
14
20
20
37
51
34
-12
-20
-3
30
26
10
-6
-10
7
2
6
10
-7
-12
-5
30
9
4
4
4
23
4
-12
-1
2
10
1
9
4
-10
-3
1
12
21
8
7
13
20
27
24
9
16
2
-6
-10
-17
4
-4
4
-3
-13
-9
8
-3
-2
-7
17
25
-7
-11
-6
0
-4
-8
-22
-12
-5
2
-9
-16
-31
-19
-5
0
-1
1
-4
3
3
7
1
-19
4
14
19
34
17
10
-7
-26
-3
-5
17
18
20
12
-19
-26
-9
-11
0
4
5
6
25
-8
-35
-30
-20
-4
-17
-30
-35
4
-11
-25
-13
-30
-36
-27
-46
-41
-30
-15
2
12
-3
-13
-13
-17
-13
-5
-19
-16
-1
1
-2
-18
-15
4
-11
-31
-11
-23
-18
-37
-45
-25
-23
-6
21
7
3
35
41
20
-2
18
27
22
20
32
33
23
0
-16
-43
-64
-39
-28
-29
-20
-16
-15
-38
-70
-78
-57
-67
-85
-61
-45
-69
-68
-54
-43
-39
-80
-100
-88
-93
-69
-31
-19
-25
-45
-20
3
27
13
-17
-12
-28
-14
-2
0
7
12
13
31
39
49
42
37
46
49
36
16
11
20
40
21
-10
-42
-35
-28
-14
-31
-26
-16
-22
-39
-41
-40
-43
-21
-1
7
19
25
40
46
25
12
-11
2
17
40
34
14
39
22
-15
1
7
3
18
28
52
77
66
22
-18
-17
-21
-8
16
4
-9
2
4
19
51
30
42
21
3
16
13
33
54
27
-19
-18
-42
-24
6
-14
0
-16
-14
4
-11
-7
-2
14
32
41
50
39
6
24
8
41
22
-1
-2
-13
8
-18
-8
22
32
52
55
26
39
36
34
33
-5
-18
-41
-20
17
24
54
58
38
58
27
19
14
5
31
47
81
84
63
34
18
9
15
-12
-30
-31
-41
-39
-28
12
34
5
-9
-5
-16
-20
-14
2
24
29
-6
-17
-6
-4
20
23
43
46
42
63
74
88
69
22
-10
-4
10
24
31
16
7
-17
-32
10
-10
-7
-19
-22
-13
-32
-19
-39
-40
-35
-28
-7
-16
-26
-40
-38
-14
8
54
50
6
-6
-2
-6
4
9
-8
1
17
18
15
-2
-20
-40
-69
-78
-30
-29
-41
-55
-22
16
25
21
28
35
50
63
41
42
41
35
15
-3
7
28
15
-15
-43
-66
-55
-56
-44
-42
-59
-58
-87
-71
-46
-40
-23
-30
-57
-66
-64
-64
-63
-73
-36
3
19
10
-19
-28
-28
-43
-21
-8
-13
-6
-14
-30
-37
-30
-32
-16
-9
-26
-16
4
22
28
6
-39
-45
-40
-51
-26
-44
-57
-55
-49
-16
31
54
65
53
16
3
-10
2
13
20
37
19
19
-10
-51
-41
-40
-39
-31
-41
-25
-10
-43
-83
-94
-64
-20
0
-8
-42
-71
-54
-28
-21
-9
3
-20
-63
-70
-49
-25
-12
-43
-36
-10
-21
-4
16
29
24
14
1
8
15
-32
-42
-41
-70
-71
-62
-41
-12
-22
-16
-12
10
46
71
100
91
78
70
26
-26
-63
-60
-56
-92
-102
-103
-106
-93
-85
-68
-48
-56
-44
-17
16
42
48
43
40
110
125
109
86
61
52
26
21
46
78
88
61
50
63
66
74
71
56
36
11
12
13
-3
5
1
10
37
12
-18
-34
0
24
19
-12
-32
-16
-21
-39
-44
-37
-51
-63
-61
-29
24
58
119
128
108
104
117
148
128
139
166
171
152
100
69
74
80
63
21
-27
-19
-20
-22
-15
21
12
-14
-19
-47
-27
-2
7
13
21
0
-2
-45
-58
-43
-31
-15
-13
-6
16
37
33
55
65
68
77
91
73
38
59
44
27
14
-13
-16
-3
-4
7
-20
-47
-39
-39
11
10
21
35
22
58
79
20
-7
-26
17
50
26
-1
-6
49
55
86
85
53
36
63
76
89
107
96
77
77
55
12
3
-13
-13
-33
-77
-86
-48
-52
-53
-66
-115
-110
-86
-58
-73
-102
-117
-72
-51
-47
-22
-21
0
18
24
38
57
69
43
30
33
44
63
13
-21
-54
-56
-29
-58
-56
-62
-39
-9
-28
-28
-59
-40
0
3
-5
-53
-66
-35
-44
-12
2
-39
-17
-30
-47
-54
-37
1
-9
-36
-81
-88
-75
-75
-68
-40
-36
2
-6
-45
-46
-65
-48
-35
-39
-64
-81
-62
-75
-56
-47
-54
-46
-62
-30
12
34
41
6
-6
16
58
93
81
59
59
50
56
48
36
27
30
53
69
76
30
4
-30
-43
-31
-28
-49
-70
-96
-99
-94
-117
-73
-31
-29
-46
-48
-43
-51
-31
-45
-40
-16
-16
-15
-35
-15
-6
21
62
73
36
-4
-29
-11
24
49
48
13
26
28
17
25
29
38
57
69
95
102
126
131
95
84
53
66
87
57
79
96
102
96
75
74
58
53
17
-1
-5
-27
-43
-56
-75
-104
-126
-124
-86
-83
-63
-54
-87
-86
-123
-123
-121
-119
-60
-55
-56
-72
-63
-28
-1
36
75
55
38
54
43
35
-8
-18
14
27
44
42
49
74
81
70
64
28
36
62
92
117
116
95
66
39
61
112
132
125
105
110
92
97
119
118
84
42
54
59
41
47
26
46
50
27
1
-62
-71
-54
-37
10
42
10
-38
-104
-106
-112
-76
-78
-124
-106
-149
-145
-131
-111
-124
-119
-81
-66
-54
-23
-16
-22
-3
-6
-32
-49
-43
-37
-40
-37
-54
-80
-105
-135
-141
-119
-84
-105
-99
-83
-98
-73
-82
-102
-110
-129
-101
-72
-48
-27
-62
-46
-9
0
2
-22
-34
-53
-60
-82
-97
-85
-82
-69
-86
-84
-70
-73
-59
-39
-32
-84
-128
-157
-163
-166
-184
-179
-137
-136
-117
-111
-79
-19
16
29
16
-21
-13
6
23
43
46
67
94
106
94
77
62
89
116
146
188
224
241
223
203
206
214
217
205
175
162
144
153
140
89
97
74
73
74
57
46
50
83
134
148
156
158
151
149
119
106
103
100
102
81
100
96
95
100
72
62
55
99
96
120
116
106
78
108
168
200
201
160
157
151
137
142
155
140
144
94
74
84
76
65
77
65
30
8
-21
-37
-31
11
6
-38
-85
-68
-25
-9
-5
-4
9
14
13
14
20
23
21
62
94
94
83
80
73
85
89
89
118
136
140
139
151
170
148
139
150
162
199
215
242
245
263
262
243
261
228
198
158
134
146
173
193
203
208
178
153
110
92
85
85
83
65
42
20
-2
-7
-17
-14
-19
-46
-56
-33
-31
-53
-45
-40
-47
-22
16
37
52
64
75
133
170
185
207
191
186
181
157
139
131
127
161
186
196
179
132
75
14
6
22
20
5
-9
-12
-9
-7
3
28
8
-60
-76
-55
-56
-60
-92
-79
-68
-90
-106
-114
-76
-49
-35
-34
-64
-105
-113
-142
-169
-188
-179
-194
-214
-231
-248
-269
-306
-315
-307
-292
-305
-312
-310
-311
-267
-218
-213
-260
-305
-319
-267
-225
-194
-203
-228
-260
-283
-270
-288
-272
-266
-275
-280
-280
-296
-328
-310
-286
-291
-257
-239
-207
-187
-184
-167
-152
-132
-126
-107
-96
-45
-32
-79
-88
-94
-86
-76
-102
-137
-146
-187
-180
-168
-154
-142
-149
-153
-125
-112
-91
-60
-85
-80
-57
-44
-35
-51
-54
-24
-3
-55
-87
-77
-63
-33
-61
-79
-105
-103
-94
-113
-138
-191
-228
-219
-229
-255
-279
-295
-261
-274
-300
-298
-314
-323
-299
-245
-209
-204
-177
-180
-190
-164
-164
-124
-86
-108
-86
-64
-48
-19
-1
-16
-16
-15
-26
-16
5
-3
-7
-22
-69
-99
-148
-171
-143
-120
-135
-128
-153
-139
-122
-145
-113
-90
-35
-7
-1
49
57
75
96
110
105
71
115
153
189
217
202
204
207
219
230
230
262
296
331
319
289
284
282
280
286
302
354
366
366
367
340
357
392
402
400
422
446
428
439
444
439
434
381
372
398
399
399
383
373
362
334
342
338
319
293
278
296
298
341
346
343
364
314
292
292
313
329
330
344
333
318
298
327
348
345
328
318
305
302
274
244
254
217
178
166
121
136
106
81
62
42
52
43
31
59
90
96
90
91
130
134
157
135
104
165
176
199
248
266
284
262
300
330
345
353
307
304
263
224
216
205
212
260
296
297
282
241
226
216
238
243
228
227
198
204
159
150
143
110
88
86
96
80
79
57
31
53
43
43
37
-8
-43
-55
-29
-8
14
20
-15
-18
-28
-20
16
13
22
-5
-2
-17
-23
-3
-6
8
28
36
50
75
119
109
91
93
87
65
67
44
25
21
38
23
10
-12
-54
-60
-122
-164
-175
-190
-222
-237
-268
-268
-229
-238
-265
-276
-257
-236
-268
-312
-335
-363
-382
-350
-320
-318
-340
-407
-422
-420
-451
-470
-484
-494
-517
-507
-473
-465
-495
-548
-623
-634
-622
-605
-590
-594
-582
-612
-599
-560
-560
-568
-594
-600
-572
-560
-532
-496
-450
-432
-438
-386
-395
-378
-342
-380
-356
-337
-293
-266
-273
-259
-238
-203
-220
-273
-284
-313
-303
-251
-243
-233
-247
-288
-309
-305
-288
-265
-288
-291
-282
-290
-294
-276
-267
-259
-271
-298
-285
-245
-229
-239
-231
-235
-234
-208
-190
-164
-132
-98
-83
-108
-129
-144
-142
-146
-160
-155
-162
-168
-171
-159
-132
-144
-147
-142
-154
-117
-112
-149
-152
-151
-144
-124
-116
-110
-82
-66
-80
-42
-11
11
8
-19
-16
9
28
36
42
58
26
-3
-28
-66
-50
-57
-88
-48
-53
-77
-73
-117
-92
-88
-108
-125
-129
-136
-169
-170
-137
-127
-125
-124
-116
-79
-39
12
70
94
76
78
79
94
133
167
197
207
199
217
219
221
197
201
227
233
219
185
166
167
185
184
172
143
141
181
192
210
184
137
85
70
39
17
-4
7
42
11
52
37
18
26
22
19
-4
-7
18
28
60
70
55
50
54
91
134
165
167
170
190
207
206
210
185
178
179
182
230
262
236
227
222
212
235
215
205
192
196
175
145
121
74
46
40
18
-5
-53
-100
-109
-122
-125
-107
-109
-140
-169
-224
-242
-274
-278
-232
-218
-229
-247
-234
-213
-181
-158
-144
-95
-57
-72
-61
-44
-27
-18
20
56
70
66
40
72
53
50
50
40
60
45
32
-24
-18
-7
-20
-21
3
0
-41
-47
-61
-68
-55
-79
-115
-153
-189
-160
-165
-143
-139
-139
-126
-158
-163
-151
-124
-42
-16
-23
-18
-17
0
-2
37
61
49
8
-18
8
35
81
103
144
184
193
199
168
187
170
129
98
57
41
42
-14
-83
-106
-128
-133
-95
-108
-129
-139
-157
-110
-72
-79
-49
-30
-22
-1
-19
7
-13
4
47
60
80
24
27
17
21
82
77
70
53
9
9
11
-22
-46
-87
-62
-20
17
11
23
22
7
33
2
-34
-48
-49
-35
-24
-24
-38
-44
-59
-55
-35
-10
-5
1
-14
-16
-17
-16
45
68
76
89
103
137
158
171
170
157
136
161
163
138
144
187
183
182
204
208
188
144
101
70
60
45
80
86
95
98
84
76
90
117
90
80
111
156
163
153
111
112
115
105
98
79
85
69
24
-2
18
23
8
21
31
20
5
8
14
16
-3
-17
-13
-15
-47
-89
-113
-89
-84
-128
-160
-168
-112
-83
-62
-50
-43
-9
-1
10
3
-23
-30
-3
14
-4
-45
-82
-85
-73
-74
-70
-95
-114
-124
-167
-172
-170
-173
-191
-188
-178
-152
-116
-108
-124
-142
-133
-119
-110
-74
-69
-95
-98
-112
-123
-140
-173
-186
-186
-215
-241
-263
-248
-298
-317
-309
-315
-280
-251
-216
-174
-187
-217
-218
-211
-183
-187
-185
-156
-148
-120
-109
-128
-87
-77
-46
-42
-69
-39
-10
-17
-10
-19
-67
-93
-84
-80
-67
-73
-67
-32
-25
-9
-52
-79
-82
-96
-76
-84
-79
-74
-50
-40
-24
-2
-22
-19
-1
3
-20
-17
16
22
-4
-16
-23
-26
-32
-29
-30
-29
-27
5
42
70
133
110
89
107
100
89
63
52
82
134
148
156
181
197
188
161
169
203
206
205
222
227
243
220
200
199
190
142
133
135
128
130
114
101
87
80
80
115
160
167
166
135
110
94
102
118
108
84
107
125
111
156
151
176
192
197
205
181
203
219
235
250
268
262
276
296
312
303
298
310
311
306
266
264
255
254
231
210
209
202
192
194
180
120
107
119
133
124
140
172
185
210
216
227
210
184
157
200
244
274
301
264
232
248
255
263
307
310
292
313
306
319
328
303
286
267
263
259
226
177
171
197
192
153
123
116
83
116
125
98
70
15
33
49
43
30
41
61
51
25
-16
-6
35
38
47
48
72
133
147
129
144
151
154
186
209
203
164
163
200
194
175
146
87
53
47
49
43
41
14
3
-10
-32
-33
-46
-30
-29
-18
-19
-46
-26
-42
-85
-103
-99
-76
-57
-56
-56
-83
-66
-62
-66
-81
-81
-78
-113
-129
-146
-155
-198
-210
-208
-208
-221
-244
-223
-208
-190
-187
-206
-209
-167
-136
-124
-119
-116
-158
-143
-137
-169
-147
-139
-137
-157
-210
-240
-211
-210
-229
-237
-257
-290
-307
-307
-321
-365
-387
-390
-395
-372
-377
-359
-377
-388
-364
-350
-330
-318
-310
-309
-277
-244
-211
-177
-169
-164
-149
-138
-139
-111
-97
-71
-53
-75
-65
-52
-75
-82
-105
-126
-140
-182
-195
-213
-230
-244
-229
-196
-208
-232
-237
-254
-258
-223
-176
-186
-208
-191
-165
-159
-142
-140
-131
-113
-71
-58
-75
-105
-103
-94
-102
-76
-73
-99
-115
-116
-87
-82
-77
-56
-69
-68
-64
-59
-51
-49
-68
-58
-72
-63
-58
-50
-43
-36
-27
-35
-12
32
56
68
78
117
132
113
142
184
185
200
230
237
247
242
246
246
212
214
193
190
173
138
127
118
167
195
144
96
83
85
107
123
103
91
105
92
103
128
113
126
115
59
55
38
69
86
57
45
60
71
69
57
56
90
97
103
108
123
126
118
97
83
78
66
58
37
27
4
19
39
57
69
52
59
48
44
40
51
91
143
183
209
183
171
199
249
311
344
337
268
222
270
274
276
250
206
211
191
185
237
299
302
284
282
279
253
246
251
240
230
215
225
219
193
196
185
179
178
165
143
128
140
138
144
126
104
110
105
93
79
77
42
37
67
48
51
39
21
19
37
26
15
-5
-11
37
46
23
36
68
39
29
26
36
21
22
44
50
71
80
69
45
46
67
103
126
130
121
132
148
146
99
43
3
-61
-64
-68
-109
-132
-206
-253
-280
-324
-358
-367
-355
-330
-307
-295
-306
-292
-236
-206
-183
-173
-152
-109
-93
-60
-61
-40
-51
-91
-90
-111
-85
-96
-103
-86
-92
-74
-137
-156
-176
-217
-233
-261
-272
-286
-293
-292
-290
-265
-236
-265
-264
-231
-225
-213
-246
-247
-263
-279
-256
-214
-175
-181
-177
-176
-162
-161
-181
-175
-148
-154
-140
-121
-120
-104
-137
-128
-110
-96
-99
-78
-75
-119
-167
-215
-196
-194
-202
-210
-241
-218
-201
-230
-216
-215
-220
-192
-163
-116
-102
-121
-116
-107
-96
-95
-129
-109
-85
-108
-111
-142
-188
-158
-170
-213
-105
-127
-119
-131
-177
-178
-233
-44
-287
-73
-121
-253
-33
-222
-19
-83
-80
-83
-167
-32
-82
-105
-130
185
18
-270
-4
-224
5
22
-185
-97
-194
-86
-141
-69
-119
-174
-138
-150
-134
-225
-104
-211
-154
-81
-232
-164
-112
-119
-130
-95
-105
-200
-157
-136
-128
-82
-37
-52
-45
23
11
-77
-63
-77
-74
-50
-69
-21
-16
47
-322
180
30
-70
3
-361
-60
-117
-125
-131
-204
-231
-209
-218
-274
-243
-354
-233
-283
-315
-252
-324
-319
-218
-289
-273
-205
-137
-182
-166
-100
-125
-167
-196
-145
-127
-129
-149
-192
-136
-112
-159
-286
285
179
-105
57
-274
171
163
164
102
-55
103
119
66
41
-25
-69
128
94
-30
-13
-75
-21
67
-20
-32
-40
1
-61
-80
1
-111
-45
-11
-14
22
29
11
2
23
-37
-67
-4
18
52
18
-47
-19
10
22
42
11
42
136
139
206
208
220
230
267
320
277
334
383
327
311
296
207
184
242
219
205
227
195
168
162
177
173
178
164
152
133
92
82
71
83
74
83
20
38
124
80
117
-22
-63
-22
-94
-21
-68
-63
-32
-32
-21
-25
-43
-46
-27
-12
-73
-132
-132
-130
-87
-93
-74
-125
-58
-49
-67
45
36
36
24
47
52
63
8
22
50
28
106
108
112
139
147
124
73
79
74
65
76
75
75
58
13
-19
-39
-37
-23
3
-22
-49
-49
-35
49
19
-24
-11
-12
-14
-29
-54
-9
-52
-69
-41
-48
-14
-23
-22
-36
-15
-35
-27
-12
-30
-58
-67
-45
-67
-12
-42
-110
-39
-30
5
56
11
45
44
71
146
87
51
104
111
108
141
153
175
197
212
198
187
152
117
164
137
107
127
101
65
96
103
70
91
127
114
118
135
137
135
113
99
80
71
80
78
57
-18
-88
-83
-84
-50
-74
-126
-105
-102
-55
-51
-128
-110
-69
-47
-36
-57
-32
-12
-42
-14
-1
3
28
14
32
47
44
32
5
-39
-53
-60
-58
-18
-17
-24
-92
-114
-154
-161
-131
-167
-105
-73
-41
-7
-67
-91
-118
-115
-93
-93
-105
-118
-107
-94
-67
-64
-89
-107
-137
-140
-133
-150
-131
-140
-181
-142
-162
-216
-249
-232
-181
-143
-145
-156
-152
-159
-185
-185
-179
-177
-124
-94
-18
36
55
119
105
77
112
113
120
129
147
167
126
92
46
22
-9
5
-1
-23
-39
-71
-45
-104
-136
-123
-157
-156
-189
-214
-206
-234
-258
-267
-242
-156
-218
-232
-189
-167
-141
-175
-180
-170
-201
-227
-238
-221
-195
-168
-112
-99
-59
-31
-55
-29
-27
-8
30
55
73
49
63
30
74
108
60
56
89
85
70
81
163
176
188
196
204
149
158
220
192
279
186
80
70
104
79
51
26
-41
-38
-57
-76
-109
-156
-91
-131
-120
-55
-85
-84
-105
-119
-86
-95
-67
-82
-118
-137
-169
-107
-78
-86
-103
-105
-95
-86
-27
14
54
31
-20
-42
2
48
77
70
92
137
137
171
166
180
168
159
195
226
248
230
233
251
290
310
269
241
222
222
248
251
237
202
171
176
179
149
170
184
167
145
178
194
168
162
156
142
160
175
171
160
160
161
136
126
164
204
221
217
175
163
172
177
176
175
209
181
144
139
115
112
88
98
98
125
132
105
132
84
103
128
128
135
176
208
175
183
195
220
217
206
179
179
183
183
221
209
233
236
201
204
196
154
156
161
132
158
196
228
253
255
276
266
243
295
310
250
228
232
237
292
285
257
212
223
228
197
197
171
123
115
154
161
128
101
86
54
39
33
17
8
-23
-41
-57
-33
6
3
2
-8
-59
-64
-59
-67
-8
-21
-27
-24
-1
-33
-96
-94
-57
-10
-1
7
-22
-30
-36
-83
-100
-104
-80
-73
-77
-100
-122
-129
-171
-120
-87
-101
-114
-160
-118
-149
-187
-163
-164
-156
-174
-200
-216
-234
-281
-324
-359
-364
-368
-385
-364
-368
-354
-375
-396
-358
-286
-250
-283
-263
-305
-332
-305
-220
-167
-229
-235
-160
-175
-187
-175
-190
-157
-108
-90
-103
-136
-153
-121
-83
-61
-62
-116
-161
-170
-128
-159
-156
-145
-160
-156
-128
-133
-128
-155
-160
-134
-148
-157
-184
-38
-48
-55
-185
-165
-120
-118
-99
-160
-147
-138
-120
-129
-112
-111
-85
-102
-108
-91
-65
-48
-36
-20
-43
-60
-48
14
25
4
18
-5
0
9
-12
10
1
-26
-26
8
42
46
34
22
0
23
49
90
117
87
132
89
93
126
106
157
195
220
253
268
313
347
326
329
300
268
251
269
291
299
302
250
376
368
331
328
193
204
183
210
249
216
223
198
159
155
102
71
118
124
101
89
35
30
41
-12
-20
-48
-57
-44
-78
-75
-98
-120
-98
-91
-71
-34
-14
-36
-24
9
4
26
51
73
107
116
113
125
127
147
165
200
164
182
220
163
153
155
142
147
171
178
188
189
211
224
236
251
236
246
242
229
204
215
264
277
263
263
217
182
174
152
178
207
186
185
169
160
134
140
91
81
234
231
340
247
198
203
165
221
171
144
148
155
142
141
103
104
43
24
50
47
0
-56
-62
-51
-23
-24
-95
-97
-74
-124
-69
-33
-90
-110
-130
-162
-97
-178
-172
-182
-223
-188
-256
-278
-261
-266
-212
-170
-194
-169
-153
-154
-150
-134
-126
-131
-145
-118
-105
-102
-103
-134
-154
-164
-162
-161
-156
-212
-223
-154
-156
-165
-158
-201
-215
-230
-220
-158
-185
-186
-188
-213
-179
-133
-136
-181
-219
-199
-189
-186
-208
-240
-257
-262
-239
-250
-278
-295
-299
-319
-284
-291
-319
-329
-331
-338
-322
-264
-261
-248
-229
-226
-203
-217
-213
-181
-190
-196
-188
-219
-201
-181
-186
-129
-98
-77
-66
-74
-69
-106
-120
-118
-109
-103
-129
-106
-77
-40
0
14
-12
11
28
-6
-6
-3
28
64
69
57
32
13
-3
19
-6
0
27
23
14
2
-20
-34
-27
-68
-72
-59
-65
-32
-50
-83
-77
-75
-65
-66
-48
-15
-1
5
14
4
-2
12
51
70
43
67
106
154
191
172
161
177
214
237
241
224
163
148
170
173
203
191
157
161
151
159
153
156
137
104
69
56
72
61
38
69
71
67
74
79
113
78
87
135
140
159
135
107
98
64
39
25
26
36
26
1
8
37
34
-3
11
41
50
59
61
84
73
72
44
23
39
54
68
87
68
54
36
14
27
-20
-41
-20
-54
-50
-49
-99
-95
-80
-94
-96
-70
-48
-56
-38
-22
5
22
2
19
72
70
79
94
85
64
46
63
79
105
84
27
-7
-3
25
20
-17
-47
-68
-64
-66
-44
-35
-59
-30
-28
-25
-20
-42
-56
-61
-55
-56
-62
-62
-52
-52
-41
15
51
44
66
83
43
19
-11
-23
-5
-50
-84
-108
-142
-131
-75
-49
-87
-112
-165
-199
-181
-193
-203
-173
-182
-156
-151
-134
-94
-129
-151
-137
-102
-86
-88
-72
-62
-80
-69
-87
-96
-62
-66
-105
-111
-103
-121
-80
-42
-43
-15
-17
-38
-33
-8
-25
-37
-41
-83
-80
-62
-36
-4
-4
4
12
33
82
75
72
73
46
57
77
86
60
57
60
39
55
72
65
66
75
63
44
59
56
48
1
-71
-82
-92
-75
-96
-109
-92
-81
-103
-134
-148
-180
-192
-199
-218
-232
-214
-195
-159
-160
-185
-173
-163
-151
-140
-122
-119
-90
-107
-140
-125
-121
-101
-89
-46
-16
-27
14
22
33
56
37
63
65
8
11
42
94
102
90
68
61
60
26
5
28
36
47
60
62
77
68
75
81
112
163
178
177
230
235
260
279
265
286
304
325
311
329
313
310
305
292
297
306
289
289
301
303
267
235
229
230
220
218
220
199
203
235
226
239
237
182
198
179
156
135
115
102
75
50
37
8
10
-30
-96
-91
-80
-47
-54
-70
-80
-91
-80
-73
-49
-10
-14
20
38
61
64
48
45
42
66
93
109
135
172
197
233
246
269
289
311
265
199
238
232
181
161
143
152
157
148
114
82
55
44
46
23
10
-8
-34
-62
-85
-55
-5
11
-19
-44
-41
-23
-25
-39
-29
-22
-34
-29
-35
-29
29
29
11
-2
-46
-75
-65
-75
-70
-86
-77
-51
-64
-58
-61
-58
-13
-5
-29
-5
8
32
-8
-35
-23
-69
-84
-78
-68
-70
-55
-35
-36
-58
-85
-135
-141
-146
-197
-223
-202
-156
-132
-153
-182
-203
-210
-200
-199
-173
-148
-147
-160
-198
-191
-172
-182
-149
-93
-90
-67
-52
-78
-51
-67
-63
-57
-52
-76
-82
-58
-47
-22
-22
-37
-36
3
-8
-53
-140
-193
-207
-243
-265
-328
-365
-336
-347
-348
-347
-361
-318
-255
-243
-217
-213
-178
-133
-97
-24
4
41
43
59
59
94
120
136
199
199
212
181
163
173
207
232
196
183
175
143
119
76
21
32
51
41
0
-37
-56
-94
-108
-114
-138
-109
-101
-121
-114
-140
-135
-158
-165
-160
-160
-152
-167
-163
-152
-130
-105
-104
-54
18
35
55
92
98
143
190
210
232
248
286
302
331
347
375
396
401
396
399
393
327
299
268
260
295
249
248
264
268
266
231
208
173
177
147
136
131
128
113
103
128
136
135
105
88
52
44
99
110
84
71
75
78
63
73
99
134
94
65
65
80
111
134
169
150
108
106
125
189
212
182
193
194
186
201
217
265
288
269
279
290
304
282
249
227
178
130
91
99
132
141
142
142
159
178
233
276
247
225
218
243
291
316
344
371
363
382
356
314
318
322
329
326
316
297
276
255
213
180
137
159
175
168
173
120
23
-53
-82
-60
-9
-5
-28
-49
-68
-73
-80
-101
-99
-99
-127
-140
-139
-168
-207
-219
-246
-252
-291
-301
-295
-332
-342
-350
-366
-371
-350
-359
-378
-391
-319
-267
-233
-252
-284
-275
-285
-287
-328
-284
-257
-247
-195
-191
-166
-131
-120
-143
-129
-119
-64
-10
-34
-30
-63
-99
-101
-95
-102
-62
-15
-55
-93
-137
-164
-143
-152
-178
-222
-234
-196
-137
-126
-170
-228
-236
-243
-213
-159
-181
-203
-189
-188
-174
-164
-194
-197
-178
-179
-187
-213
-234
-206
-121
-90
-68
-54
-72
-76
-107
-84
-77
-76
-69
-86
-77
-88
-110
-104
-171
-216
-260
-283
-291
-310
-320
-374
-375
-371
-416
-424
-448
-458
-423
-457
-469
-478
-482
-450
-419
-387
-385
-406
-380
-310
-274
-228
-252
-245
-212
-198
-176
-162
-134
-124
-94
-38
12
39
4
-34
-11
-25
-59
-60
-61
-65
-11
8
10
-12
-62
-92
-90
-55
6
57
46
34
10
-7
12
68
55
53
23
-41
-12
-14
-10
7
-12
-35
-45
-10
-4
17
63
30
23
37
39
67
96
93
112
85
90
148
145
83
42
47
45
22
-2
34
78
112
113
90
38
41
68
94
86
64
98
80
52
64
37
37
12
-13
18
64
83
43
-24
9
50
23
5
35
73
105
70
72
83
109
130
128
138
100
98
121
144
183
178
212
225
249
287
262
296
335
365
410
401
447
432
396
424
413
392
378
340
368
356
359
378
356
339
271
269
277
281
277
262
255
297
290
285
322
321
389
347
338
385
431
469
463
489
528
485
432
467
515
517
507
475
429
387
404
367
329
291
262
310
320
319
265
277
320
298
302
258
258
259
249
230
200
160
130
98
40
-4
11
-12
-72
-81
-151
-178
-197
-268
-334
-392
-414
-439
-525
-628
-727
-803
-864
-939
-1029
-1046
-1030
-1101
-1150
-1208
-1287
-1339
-1339
-1365
-1358
-1344
-1332
-1300
-1324
-1301
-1269
-1268
-1281
-1324
-1269
-1256
-1275
-1282
-1283
-1263
-1206
-1091
-942
-781
-694
-622
-535
-444
-295
-107
88
316
485
643
802
871
949
1072
1175
1252
1351
1378
1352
1409
1397
1349
1322
1154
1005
880
793
718
611
553
475
424
296
217
89
-60
-115
-137
-160
-136
-87
-84
-61
-39
-35
-92
-133
-55
66
228
425
597
593
547
608
706
732
745
837
893
887
873
868
855
841
757
729
641
544
498
478
455
358
263
214
134
5
-138
-237
-314
-416
-498
-597
-667
-785
-903
-964
-1042
-1119
-1225
-1301
-1320
-1411
-1502
-1568
-1562
-1625
-1734
-1767
-1788
-1801
-1863
-1919
-1946
-1882
-1889
-1939
-1926
-1945
-1933
-1953
-1945
-1912
-1861
-1767
-1626
-1421
-1190
-991
-834
-715
-600
-441
-302
-17
353
688
944
1168
1393
1607
1716
1863
1958
2052
2152
2195
2272
2280
2274
2224
2079
1893
1686
1522
1417
1251
1091
970
875
735
554
443
282
129
34
-60
-71
-76
-96
-94
-101
-90
-130
-101
-72
-77
-58
16
181
290
347
378
420
530
614
673
745
881
973
1005
1163
1268
1327
1402
1480
1560
1657
1679
1663
1625
1596
1546
1538
1498
1360
1289
1147
988
857
745
676
589
465
360
289
176
84
-44
-194
-281
-383
-454
-507
-580
-635
-647
-666
-669
-706
-790
-848
-918
-996
-1022
-1048
-1048
-1092
-1140
-1223
-1322
-1402
-1420
-1470
-1636
-1704
-1745
-1788
-1894
-2020
-2103
-2206
-2262
-2329
-2361
-2321
-2361
-2314
-2158
-2018
-1762
-1512
-1353
-1253
-1181
-972
-783
-548
-116
250
551
802
1033
1318
1434
1549
1756
1804
1876
1934
2036
2110
2014
1958
1861
1688
1478
1319
1243
1088
922
818
771
681
516
375
224
31
-152
-245
-248
-259
-272
-261
-310
-316
-307
-340
-346
-307
-330
-317
-242
-128
-43
-6
40
104
165
216
294
388
484
597
759
928
1107
1125
1136
1195
1251
1356
1428
1504
1613
1641
1645
1586
1519
1490
1439
1373
1240
1137
1035
872
781
649
436
236
39
-130
-244
-318
-422
-543
-643
-753
-833
-905
-996
-1051
-1087
-1126
-1146
-1223
-1237
-1228
-1287
-1345
-1370
-1367
-1428
-1480
-1541
-1578
-1590
-1678
-1777
-1867
-1946
-2007
-2096
-2138
-2255
-2359
-2447
-2523
-2622
-2610
-2596
-2478
-2290
-2161
-1814
-1521
-1313
-1226
-1102
-816
-551
-244
226
667
957
1284
1595
1896
2042
2195
2422
2536
2603
2720
2862
2880
2818
2739
2703
2516
2236
2017
1885
1773
1593
1412
1267
1119
911
649
429
226
11
-95
-241
-284
-343
-423
-433
-432
-401
-464
-514
-484
-464
-368
-201
-56
91
196
310
446
559
669
727
820
885
985
1209
1454
1625
1796
1843
1799
1780
1686
1665
1722
1781
1849
1852
1821
1776
1673
1529
1340
1184
997
817
710
603
494
389
219
-3
-254
-477
-640
-729
-840
-961
-1055
-1093
-1082
-1114
-1171
-1258
-1356
-1404
-1418
-1331
-1240
-1207
-1247
-1367
-1359
-1324
-1331
-1390
-1516
-1608
-1641
-1685
-1707
-1773
-1837
-1969
-2106
-2189
-2326
-2382
-2459
-2472
-2525
-2584
-2566
-2422
-2203
-1874
-1564
-1435
-1363
-1271
-1045
-820
-553
-116
464
875
1124
1392
1774
1981
2083
2274
2347
2352
2381
2592
2794
2788
2653
2611
2440
2233
1924
1714
1540
1286
1134
1039
971
750
533
306
87
-118
-342
-503
-512
-462
-481
-506
-473
-510
-506
-516
-575
-603
-600
-419
-262
-51
107
236
390
436
473
546
601
649
615
619
776
899
972
1059
1183
1238
1260
1288
1314
1194
1066
1110
1152
1157
1236
1322
1246
1070
976
883
658
470
358
304
244
112
25
-18
-181
-405
-636
-776
-836
-955
-991
-904
-866
-920
-947
-998
-1064
-1194
-1311
-1395
-1435
-1456
-1479
-1383
-1351
-1455
-1574
-1723
-1820
-1937
-2005
-1994
-2005
-2062
-2144
-2163
-2167
-2286
-2401
-2541
-2630
-2712
-2896
-2897
-2911
-2837
-2596
-2248
-1791
-1586
-1488
-1380
-1267
-1090
-721
-168
424
860
1328
1830
2076
2158
2303
2556
2648
2562
2569
2851
3023
3003
3040
3083
2905
2564
2223
2013
1813
1525
1344
1307
1278
1132
897
753
605
297
33
-116
-173
-200
-223
-119
32
75
89
126
171
100
44
167
386
481
489
605
759
873
879
851
843
782
737
723
736
834
906
950
1059
1158
1195
1166
1194
1256
1337
1296
1181
1119
1093
1138
1169
1300
1454
1386
1188
973
809
639
388
381
377
300
188
19
-65
-310
-599
-822
-1004
-1010
-1118
-1300
-1240
-1212
-1234
-1357
-1455
-1502
-1663
-1805
-1884
-1885
-1832
-1813
-1778
-1744
-1840
-1942
-2027
-2093
-2140
-2241
-2305
-2273
-2272
-2334
-2365
-2386
-2456
-2623
-2766
-2873
-2846
-2550
-1881
-1275
-940
-801
-717
-690
-664
-350
196
769
1194
1706
2276
2603
2680
2816
3042
3052
2727
2452
2502
2628
2648
2638
2775
2725
2351
1855
1539
1188
662
276
139
289
139
-86
-199
-218
-296
-545
-731
-805
-904
-1016
-984
-825
-578
-398
-304
-203
-123
-149
-184
-90
32
84
125
223
450
624
685
705
723
731
663
578
544
569
553
510
470
509
532
523
531
673
949
1082
1037
996
946
720
479
491
661
730
796
982
1065
834
439
285
123
-20
-122
-224
-81
-127
-256
-275
-336
-385
-634
-935
-1041
-1247
-804
-796
-864
-1107
-1702
-1539
-1604
-1497
-1760
-2276
-2466
-2594
-2638
-2774
-3071
-3064
-3080
-3115
-3129
-3386
-3615
-3823
-4053
-4103
-4143
-4269
-4181
-3751
-2396
-1060
344
1403
1647
1382
563
290
804
1789
2782
3350
4013
4686
4738
4589
3912
3202
2224
851
342
127
143
343
499
1168
1147
333
-434
-1456
-2093
-2511
-2610
-1923
-1041
-117
568
808
871
708
531
302
-32
-175
23
675
1467
2160
2549
2561
2110
1617
1030
437
107
-15
382
771
1170
1362
1499
1461
1088
576
6
-283
-361
-211
200
750
1317
1614
1614
1447
1155
1022
947
1045
1029
1724
2924
4143
4455
3214
2073
577
-640
-916
-533
340
578
229
143
-223
-1153
-1891
-2274
-1966
-1469
-1498
-934
-224
23
-61
-627
-731
-834
-1497
-1825
-1862
-1786
-1636
-1919
-1840
-1919
-2672
-3489
-4103
-4090
-3710
-3526
-3365
-3224
-3075
-3361
-3856
-3904
-3895
-3605
-3686
-3598
-3341
-2325
-152
2937
6040
7286
7223
5748
4016
2408
1836
2871
4521
5353
5620
5299
4111
2414
145
-1215
-1900
-2764
-3284
-3080
-2279
-896
-40
722
1404
1020
178
-804
-1390
-901
-24
1226
2658
3277
3341
2413
1073
-72
-1067
-1685
-1811
-1658
-1078
-354
32
296
171
-296
-895
-1478
-1757
-1492
-867
85
1134
2026
2588
2605
2199
1544
826
407
280
389
713
976
1173
1113
780
285
-310
-1029
-1550
-1824
-1589
-919
94
1108
1540
1897
1982
3073
3812
3758
3259
1549
583
-480
-823
107
972
1363
1026
23
-606
-1512
-2384
-2008
-1249
-30
791
1071
1423
1240
388
-395
-1220
-1598
-1862
-2363
-2282
-2298
-2380
-2528
-3033
-3527
-4215
-4984
-5070
-4934
-4269
-3643
-3565
-3380
-3660
-3937
-3934
-4265
-4237
-4308
-4343
-3786
-2226
827
4737
7844
8458
7662
5254
2698
700
12
1532
3514
4365
4599
4118
2706
746
-1747
-2786
-2944
-3293
-3208
-2385
-795
1049
2096
2837
3246
2531
1221
-355
-1123
-782
101
1153
2110
2283
1705
402
-1217
-2387
-3125
-3321
-2884
-2166
-1268
-206
607
1154
1253
937
597
275
131
465
1048
1821
2543
2876
2882
2517
1878
1099
363
-69
-226
-162
45
149
238
307
256
142
-143
-470
-560
-532
-232
100
583
1176
2520
2603
3767
3986
3997
5039
3314
2996
1531
22
-398
-1484
-1127
-193
-262
162
-279
-858
-647
-1373
-1132
-536
-123
950
1276
1231
1506
593
107
-851
-2036
-2350
-3118
-3321
-3359
-3542
-3174
-3292
-3853
-3955
-4470
-4486
-4222
-4483
-4064
-3716
-3589
-3171
-3299
-3250
-3562
-4141
-4653
-5116
-4226
-1340
2963
7457
9812
9922
8143
5130
1845
-221
-29
1725
3635
4152
4388
3934
2278
-27
-2192
-2919
-3155
-3756
-3596
-2180
47
2105
3232
3929
4008
2789
878
-784
-1655
-1384
-440
764
1675
1744
970
-215
-1539
-2541
-3116
-3129
-2501
-1675
-685
392
1413
2077
2101
1675
1177
597
227
80
292
886
1500
1843
1706
1306
706
-22
-790
-1392
-1405
-1001
-536
-72
351
906
1318
1150
614
-8
-399
-526
-474
-18
798
1743
2453
2675
2494
3029
3013
3482
3541
2686
2510
1013
-142
-853
-1311
-554
9
160
570
356
98
-368
-994
-390
379
1122
1698
1639
1705
1384
370
-449
-1538
-2314
-2847
-3452
-3498
-3291
-2995
-2712
-2896
-3258
-3636
-4212
-4452
-4485
-4197
-3630
-3171
-2999
-2941
-3015
-3429
-3846
-4630
-5439
-5684
-4210
-609
4332
8227
10111
9461
7008
3782
197
-1271
-389
1535
3117
3383
3467
3160
1212
-1095
-2796
-3452
-3610
-3831
-3192
-1185
1117
2998
4109
4471
4138
2806
927
-751
-1586
-1259
-309
477
899
855
600
32
-925
-1817
-2293
-2192
-1818
-1357
-609
614
1851
2463
2520
2201
1729
1094
282
-289
-259
205
621
808
820
845
788
442
-132
-588
-512
-241
18
320
833
1452
1656
1324
787
394
121
-144
-277
114
777
1382
1569
1459
1865
2255
2904
3606
3855
4167
3325
1727
205
-1181
-1490
-1229
-776
36
476
532
229
-201
-318
-186
83
484
898
1342
1660
1411
761
-258
-1324
-2164
-2858
-3190
-3200
-3029
-2631
-2385
-2390
-2738
-3214
-3664
-4126
-4383
-4590
-4350
-3969
-3670
-3396
-3739
-4194
-5068
-6057
-6797
-6698
-4389
92
5541
9399
10800
9646
6934
3333
-13
-1031
69
1962
3088
3180
3278
2620
816
-1369
-2908
-3461
-3731
-3790
-2805
-546
1774
3614
4540
4628
3847
2084
-23
-1739
-2470
-2135
-1118
2
636
853
769
230
-550
-1645
-2361
-2471
-2283
-1641
-635
752
1999
2500
2246
1584
879
319
-193
-610
-559
-253
245
589
686
1052
1318
1156
681
212
217
410
546
771
1193
1657
1766
1501
985
583
266
-60
-113
203
856
1365
1555
1368
1240
877
2045
2521
3362
4042
2233
1830
-566
-2399
-2249
-2428
-980
-271
-121
624
606
672
530
428
814
946
818
1141
1259
1264
877
-426
-1257
-2331
-3045
-3411
-3911
-3445
-3111
-2838
-2616
-2990
-3147
-3654
-4368
-4588
-4725
-4387
-3684
-3505
-3228
-3364
-3933
-4278
-5218
-5604
-5608
-4200
-230
4634
8775
10632
9674
7246
3978
396
-1416
-1022
520
1730
1828
1667
1638
549
-1191
-2418
-3089
-3144
-3403
-3091
-1356
850
2818
4057
4302
3907
2582
713
-870
-1831
-1740
-817
187
883
1243
1157
856
45
-1164
-1892
-2112
-2013
-1701
-1239
-129
1156
1983
2255
2109
1870
1469
716
-30
-382
-247
163
471
893
1472
1847
1741
1199
722
462
338
283
375
773
1184
1462
1525
1311
1082
800
550
418
440
716
1043
1255
1239
1206
1304
1611
3114
3990
5012
5053
3135
1928
-611
-2061
-2108
-1931
-550
143
673
1329
1428
1224
678
267
314
337
205
456
674
842
455
-786
-1582
-2549
-3306
-3884
-4263
-3894
-3662
-3246
-2904
-2726
-2694
-3300
-4007
-4668
-5066
-4782
-4381
-3487
-3093
-2893
-2971
-3668
-4439
-5271
-5011
-2698
1990
6649
9932
10725
8763
6206
2470
-185
-582
154
1480
1791
1654
1784
1521
403
-963
-2008
-2600
-2953
-3394
-2582
-710
1233
3172
4001
4057
3482
1956
156
-1262
-1871
-1506
-652
-83
362
611
571
166
-835
-1902
-2562
-2868
-2747
-2318
-1390
158
1556
2339
2691
2458
1916
1145
-40
-781
-1109
-967
-409
86
702
1330
1610
1500
1022
471
284
185
215
578
1121
1807
1944
1604
1129
772
383
6
-250
-89
247
587
792
931
1258
1950
3205
3484
4091
3101
1479
625
-1709
-2222
-2066
-1813
-781
-800
-357
350
459
280
70
249
622
641
659
890
908
624
-358
-1276
-1937
-2938
-3537
-4138
-4143
-3664
-3436
-2995
-2717
-2735
-2760
-3454
-3866
-4069
-3999
-3784
-3575
-2839
-2675
-2186
-2694
-3090
-3787
-4761
-5343
-5112
-2367
1865
6553
9416
10077
8454
5443
2153
-651
-1077
-427
565
1341
1573
2052
1429
25
-1178
-2037
-2454
-2946
-3059
-2021
-36
1720
3187
4128
4152
3327
1545
-365
-1601
-2091
-1810
-1015
-275
396
666
402
-160
-1055
-1912
-2436
-2739
-2382
-1610
-496
868
1912
2555
2595
2050
1214
187
-772
-1332
-1243
-653
124
951
1726
2250
2279
1920
1416
1039
707
470
504
755
1136
1323
1012
537
135
-106
-160
-110
132
530
909
1254
1545
1699
2283
2694
3653
4111
4169
3756
2078
854
-1042
-2107
-2409
-2388
-1485
-829
71
649
922
999
724
659
582
612
541
601
479
282
-197
-939
-1464
-2326
-2810
-3123
-3117
-2741
-2448
-2044
-1715
-1758
-2179
-2857
-3563
-3863
-4190
-3869
-3476
-3023
-2514
-2656
-2744
-3394
-4144
-5138
-6114
-5695
-3049
1887
7086
10530
11200
9224
5784
1574
-1630
-2454
-1233
518
1744
2457
3086
2956
1339
-427
-1618
-2304
-2795
-3116
-2151
-38
2162
3686
4420
4295
3193
1254
-906
-2270
-2498
-1772
-638
392
1313
1635
1316
420
-1023
-2186
-2860
-2957
-2455
-1580
-147
1481
2718
3062
2792
2111
960
-296
-1321
-1520
-879
103
964
1583
2189
2412
2103
1436
781
291
-150
-311
-133
387
897
1063
972
663
389
61
-160
-53
137
423
806
1151
1441
1533
1697
2271
2607
3038
2502
2144
1084
-378
-1517
-2953
-2631
-2304
-1585
-456
427
1486
1629
1474
1191
1093
880
578
554
677
916
540
92
-573
-1279
-1895
-2604
-2774
-2963
-2905
-2877
-2814
-2577
-2757
-3138
-3739
-4191
-4266
-4107
-3588
-2841
-2440
-2470
-2824
-3265
-3444
-3884
-4266
-4620
-4717
-2795
629
5342
8931
9741
8042
4518
731
-2408
-3089
-1721
527
2278
2964
3405
2771
1068
-829
-2047
-2552
-3187
-3367
-2434
-305
1642
2705
3144
2926
2061
199
-1540
-2512
-2506
-1805
-898
196
1002
1128
380
-680
-1820
-2748
-3115
-2938
-2060
-883
444
1728
2533
2813
2442
1563
510
-406
-945
-802
-262
195
710
1006
1346
1697
1612
1457
1160
798
497
328
544
1036
1576
1819
1684
1387
931
559
355
263
289
454
597
835
881
1247
1515
3390
3968
4275
4233
1383
647
-1897
-3119
-1974
-1550
535
1193
1626
2292
1661
900
440
303
599
955
979
1816
2054
1661
721
-898
-1731
-2849
-3437
-3310
-2903
-2082
-1897
-1906
-1991
-2204
-2906
-3679
-4328
-4358
-3703
-3098
-1937
-1182
-1165
-1656
-2725
-3445
-3771
-3893
-4039
-4094
-4001
-2952
-279
3835
7882
9267
8178
5037
1204
-1556
-2548
-924
2184
4484
5534
5461
4336
2504
-271
-2481
-3250
-3457
-3037
-1992
-71
2001
3099
3131
2442
1290
-216
-1711
-2487
-2135
-881
433
1707
2298
2062
1160
-489
-1755
-2450
-2443
-1585
-562
658
1909
2623
2898
2589
1868
972
41
-547
-640
-330
110
447
627
868
1065
1265
1442
1461
1453
1250
980
928
1143
1410
1385
1217
865
548
195
-116
-57
-8
33
-18
2
141
422
516
594
868
1869
3227
4202
4890
3605
2136
-33
-1915
-2021
-1563
313
1741
2439
2752
2144
1194
-118
-1188
-1337
-909
-233
615
1278
1430
577
-944
-2252
-3102
-3417
-3286
-2977
-2458
-2038
-1981
-1873
-2192
-2919
-3722
-4554
-4603
-4274
-3424
-2482
-2144
-2104
-3089
-3962
-4514
-5054
-4921
-5031
-5091
-4799
-3297
100
4339
7244
7563
5620
2114
-875
-2523
-1541
1501
4277
5836
5804
4668
2498
-536
-3306
-4468
-4326
-3751
-2524
-691
1324
2300
1744
854
-1
-981
-1905
-2364
-1367
267
1549
2379
2677
2371
1265
-469
-1765
-1918
-1647
-989
-35
952
1912
2123
1924
1476
829
228
-385
-455
-77
304
375
299
270
388
645
901
1438
1824
1998
1876
1609
1563
1479
1442
1332
1176
1130
990
813
554
346
112
-182
-355
-310
-68
424
705
1195
1714
3853
5430
5455
4495
728
-1198
-2892
-3265
-1010
654
2595
2556
1030
344
-801
-1608
-2080
-1882
-300
1131
2081
2635
2551
1397
-605
-2585
-2841
-2195
-1555
-600
-483
-364
-1095
-2268
-2722
-3167
-3277
-3317
-2955
-1946
-1162
-1004
-1022
-1673
-2658
-3765
-4526
-4368
-3683
-3003
-2549
-2448
-2821
-3580
-3531
-1562
1624
4769
5636
4902
3277
1319
575
897
2777
5005
5701
5197
3913
2150
207
-1752
-2719
-2414
-1961
-1428
-487
436
1092
867
84
-240
-799
-1192
-980
-191
1151
1925
2372
2730
2305
1277
-54
-1013
-977
-758
-442
336
1189
1884
1983
1565
1032
514
-201
-867
-1124
-1045
-642
-469
-123
427
909
1303
1292
1316
1328
1132
1208
1324
1578
1926
1986
2057
2000
1687
1212
509
-88
-531
-710
-540
-241
220
758
916
984
1120
1534
3498
3490
4061
3211
1074
699
-1368
-992
356
737
2045
1091
431
105
-1428
-1774
-1736
-914
257
785
1225
1530
917
-244
-1502
-2186
-1773
-1911
-1439
-1165
-1353
-1483
-2491
-2814
-2992
-3066
-2836
-2776
-2448
-2272
-2425
-2470
-2852
-3357
-4074
-4341
-4027
-3662
-3266
-3168
-3662
-4287
-5115
-5230
-3654
-744
2559
4541
4406
3208
1049
-88
86
1771
4761
6344
6529
5240
2934
573
-1913
-3206
-3086
-2262
-1373
-543
178
197
-475
-1690
-2481
-2715
-2587
-1605
-212
1328
2244
2324
2209
1406
172
-814
-1211
-758
-131
223
896
1459
1582
1391
667
221
-320
-1076
-1342
-1175
-687
-542
-719
-705
-474
-226
97
572
1187
1569
1529
1543
1891
2341
2626
2894
3168
3266
2934
2274
1495
684
-220
-868
-972
-622
21
826
1691
2217
2357
2187
1917
1598
1188
690
579
791
1143
1517
1414
977
51
-908
-1228
-1159
-642
102
656
957
858
333
47
-87
-245
-371
-515
-245
-194
-482
-735
-1275
-1647
-1979
-2161
-1710
-1295
-833
-750
-1162
-1530
-2261
-2639
-2774
-2698
-2516
-2743
-2789
-2839
-3026
-2891
-3138
-3611
-4072
-4936
-5385
-5427
-4355
-1455
1480
3949
4289
2891
1875
711
1387
3236
5376
7440
7249
5792
3498
796
-1164
-2062
-1735
-459
501
909
919
23
-1333
-2885
-3723
-2988
-1768
-69
1525
2204
2416
1722
777
-140
-856
-781
-220
731
1636
2245
2474
2301
1658
764
99
-523
-1005
-1386
-1463
-1169
-1099
-1161
-1125
-873
-548
-378
-65
435
824
1068
1246
1868
2876
3777
4313
4522
4188
3386
2330
1246
497
-72
-384
-388
-152
271
781
1346
1753
1869
1641
1168
892
590
489
841
1101
1465
1310
791
214
-769
-1323
-1347
-986
-215
345
414
313
-158
-812
-1124
-1152
-668
-369
-378
-398
-595
-867
-1281
-1689
-1789
-1821
-1845
-1572
-1305
-975
-987
-1675
-2332
-2985
-3335
-3333
-3445
-2903
-2697
-2689
-3039
-3745
-3952
-4401
-4765
-4939
-4955
-4954
-4754
-4494
-2628
-6
2100
2983
1640
884
300
665
2747
4420
6544
6986
5502
3544
706
-937
-1275
-765
609
1452
1304
650
-786
-2128
-2828
-3199
-2344
-1254
-141
963
776
239
-604
-1370
-1307
-1081
-167
815
1395
1769
1787
1706
1360
935
609
606
565
54
-596
-1183
-1428
-1666
-1717
-1308
-797
-418
-445
-553
-392
-128
243
870
1720
2785
3729
4145
4141
3705
3001
2372
1706
1243
1017
802
486
238
335
719
1455
2255
2488
1974
944
-89
-42
540
1279
1821
1564
1099
335
-486
-1011
-1278
-1053
-389
280
620
592
33
-532
-1012
-1173
-823
-382
25
73
-105
-249
-636
-828
-929
-1026
-1005
-1148
-1215
-1238
-1335
-1450
-1538
-1881
-2237
-2640
-2931
-2852
-3017
-2822
-2940
-3314
-3649
-4259
-4119
-4097
-4045
-4093
-4237
-4446
-3771
-1793
646
2860
2497
1303
648
453
1961
3398
5042
6745
6413
5321
3572
1523
819
805
1559
2758
2664
1747
296
-1341
-1744
-1805
-1332
-457
-401
-226
-489
-1046
-1244
-1678
-1490
-818
-59
949
1527
1552
1402
1074
1000
1392
1829
2270
2216
1612
825
-235
-1061
-1515
-1743
-1293
-675
-244
9
-182
-392
-589
-718
-295
442
1260
2175
2775
3220
3280
2961
2692
2262
1896
1501
1165
1048
746
597
656
952
1679
2040
2440
2687
1873
1019
-163
-415
504
819
1338
910
-11
-751
-1677
-1798
-1379
-841
0
615
570
200
-711
-1413
-1610
-1349
-377
231
514
343
-249
-445
-834
-1091
-1234
-1374
-1264
-1523
-1717
-1982
-2240
-2256
-2391
-2456
-2788
-3161
-3404
-3764
-3678
-3610
-3581
-3633
-3915
-4135
-4194
-3994
-3788
-3738
-3745
-2465
-648
1211
1734
459
-357
-491
648
2445
3712
4930
5199
4457
3414
2094
1367
1535
2162
2833
2998
2133
496
-1146
-1792
-1305
-409
194
191
-567
-1455
-2254
-2622
-2116
-1575
-881
-361
100
715
768
716
723
802
1196
1660
2208
2502
2219
1612
1027
580
199
-349
-705
-692
-548
-414
-325
-182
-206
-304
-227
-46
354
709
917
1141
1366
1825
2233
2599
2557
1983
1333
721
468
770
1406
2164
2611
2236
1815
1343
1275
1528
1284
1150
753
309
-16
-664
-845
-872
-812
-523
-377
-291
-317
-594
-677
-551
-440
-259
-454
-712
-729
-734
-446
-184
1
141
43
-144
-410
-855
-1241
-1615
-1870
-1856
-1823
-1629
-1560
-1667
-2045
-2649
-3272
-3676
-3685
-3571
-3119
-3018
-2888
-3002
-3315
-3369
-3444
-3286
-3343
-2716
-960
943
1912
1001
-56
-56
936
2396
3626
4266
4537
4240
3818
3593
3163
2944
2945
2945
3054
2284
1190
131
-577
-259
349
796
648
-421
-1655
-2669
-2992
-2428
-1579
-860
-611
-662
-504
-273
-14
318
550
856
1376
1898
2399
2452
2213
2033
1774
1463
903
247
-72
-99
143
561
885
886
543
9
-433
-569
-421
5
463
841
1130
1463
1773
1877
1667
1236
811
637
884
1528
2164
2358
2535
2331
1996
1489
1021
1426
1548
1720
1549
834
450
-280
-580
-502
-587
-421
-303
-189
-102
-188
-550
-707
-841
-869
-838
-1051
-933
-1009
-908
-666
-690
-388
-543
-761
-932
-1301
-1358
-1523
-1768
-2013
-2177
-2264
-1833
-1855
-2012
-2661
-3433
-3808
-4045
-3572
-3403
-3158
-3173
-3301
-3278
-3392
-3094
-3088
-3286
-3044
-2076
-643
442
155
-538
-418
564
2274
3340
3518
3338
2764
2647
3051
3351
3641
3298
2667
2397
2056
1654
1053
294
174
62
-8
-147
-849
-1606
-2266
-2535
-2141
-1817
-1597
-1598
-1794
-1607
-1204
-655
-58
363
565
790
1130
1369
1605
1717
1962
2234
2223
2070
1518
928
493
311
545
763
766
517
138
-168
-264
-197
155
449
475
641
789
1168
1520
1296
1022
698
749
1218
2083
2612
2503
1772
1113
1586
2015
2327
2239
1662
1569
1297
1077
954
390
41
-176
-259
7
39
-216
-336
-413
-206
-210
-559
-790
-1007
-905
-678
-554
-259
-378
-489
-481
-391
-249
-431
-702
-935
-1090
-1335
-1547
-1547
-1498
-1398
-1651
-1856
-2113
-2369
-2732
-3102
-3032
-2956
-2764
-2822
-2994
-3094
-3224
-3080
-3151
-3096
-3308
-3307
-2279
-1364
-149
-380
-886
-314
650
2084
2807
2921
2742
2527
2675
3268
3696
3545
3270
2656
2636
2706
2447
2264
1467
960
578
76
-27
-485
-971
-1254
-1644
-1670
-1754
-2152
-2251
-2171
-1783
-1073
-713
-290
-10
73
510
843
1244
1547
1504
1507
1666
1907
2080
1904
1493
1245
939
811
782
614
523
402
257
245
148
180
110
-30
97
185
352
267
-14
73
232
678
1297
1691
1855
1278
829
1020
1546
2093
2097
1992
1963
1766
1584
1212
847
581
323
200
312
458
438
240
90
95
-158
-563
-924
-1111
-992
-813
-608
-401
-470
-598
-737
-826
-699
-766
-933
-1051
-1230
-1336
-1530
-1608
-1482
-1536
-1585
-1644
-1638
-1606
-1761
-2114
-2394
-2826
-2987
-3060
-3137
-2791
-2949
-2984
-3290
-3653
-3995
-4365
-4618
-3668
-2205
-762
-244
-1216
-1365
-799
607
2078
2473
2382
2153
2012
2560
3262
3401
3232
2789
2581
2984
2830
2404
1805
1099
998
767
500
245
-367
-957
-1560
-2064
-2363
-2572
-2748
-2394
-1843
-1235
-724
-594
-393
-319
-161
515
1218
1747
1834
1473
1344
1517
1780
2092
2029
1714
1275
746
549
710
1009
1274
1232
1055
940
832
817
693
559
437
365
325
521
835
979
970
855
995
1139
1041
786
679
1165
1795
2009
2062
1731
1563
1324
1071
1132
1028
867
548
313
385
333
153
-69
-181
-342
-530
-846
-982
-824
-793
-678
-751
-850
-832
-946
-824
-650
-540
-644
-948
-1266
-1439
-1416
-1298
-930
-755
-651
-608
-581
-501
-607
-1035
-1622
-2224
-2587
-2563
-2547
-2516
-2733
-3084
-3460
-3972
-4238
-4359
-4512
-4188
-4024
-2810
-1554
-838
-806
-1708
-1359
-357
1156
2024
1939
1600
1244
1668
2646
3757
3987
3459
2812
2376
2668
2715
2818
2790
2396
2038
1106
256
-502
-1280
-1875
-2299
-2296
-2140
-2038
-2058
-1681
-1212
-808
-548
-556
-398
-282
-95
491
905
1105
939
653
832
1173
1400
1324
871
602
674
913
1289
1427
1518
1426
1237
1246
1299
1359
1233
982
947
1083
1287
1334
1114
948
655
645
568
671
515
215
317
655
1576
1797
1549
914
268
407
715
1117
1123
590
129
-67
108
372
433
108
-443
-887
-1084
-976
-838
-684
-633
-790
-768
-750
-597
-539
-688
-741
-828
-1008
-1127
-1065
-665
-196
38
257
374
288
82
-231
-465
-702
-1068
-1354
-1770
-1963
-2125
-2462
-2947
-3595
-4182
-4272
-4268
-3943
-3842
-3842
-3857
-3970
-3924
-3594
-2564
-1516
-857
-1274
-1449
-868
181
1372
1418
1285
1259
1518
2620
3413
3726
3493
3045
3008
3458
3791
3796
3262
2287
1557
691
-60
-477
-864
-887
-1048
-1127
-1037
-1018
-975
-835
-672
-435
-408
-554
-643
-842
-832
-435
-1
498
632
378
207
47
139
395
580
844
1048
1109
1328
1547
1843
1968
1727
1534
1371
1309
1432
1534
1659
1606
1294
826
412
148
62
-18
345
535
685
475
115
749
815
1015
831
481
807
836
1156
1311
1069
653
444
678
937
1045
389
-45
-350
-394
-121
-324
-338
-499
-630
-355
-289
-206
-536
-939
-1055
-860
-548
-311
-25
209
577
644
673
744
510
288
0
-157
-198
-419
-896
-1434
-2069
-2608
-2944
-3467
-3555
-3759
-3895
-3718
-3858
-3594
-3717
-3893
-3800
-3753
-3311
-3379
-3301
-2594
-1736
-937
-1271
-1431
-959
262
1318
1624
1669
1570
1999
2839
4034
4843
4684
4077
3456
3263
3003
2540
1929
1399
1117
950
875
734
368
6
-271
-334
-366
-471
-676
-936
-939
-872
-726
-577
-650
-764
-878
-772
-415
-250
-231
-462
-485
-38
487
1044
1366
1412
1392
1314
1422
1651
1845
1881
1831
1887
2039
2191
2118
1758
1166
692
353
324
448
508
397
428
618
373
420
-316
-75
555
633
1049
633
541
650
420
750
878
733
434
146
64
331
217
-23
-19
-283
-228
-389
-522
-370
-576
-718
-841
-898
-664
-518
-275
22
208
280
360
549
911
1143
1108
1192
1269
1090
624
-120
-781
-1215
-1628
-1918
-2135
-2474
-2684
-3110
-3210
-3312
-3520
-3786
-4224
-4039
-3978
-3544
-3503
-3657
-3764
-3981
-3862
-3913
-3580
-3007
-2355
-1730
-1819
-1571
-1070
149
1198
1667
1970
1913
2360
2688
3150
3329
2860
2467
1970
2021
2202
2189
2185
2066
2111
1791
1359
969
712
703
556
524
269
-105
-392
-523
-399
-304
-372
-733
-1149
-1400
-1338
-945
-418
71
255
309
489
813
1183
1299
1442
1620
1779
2059
2290
2504
2681
2608
2358
2077
1669
1451
1346
1291
1234
1163
1041
785
451
329
404
894
1035
1063
764
330
706
748
953
793
383
502
494
846
1112
900
408
-100
-240
-157
6
-158
-306
-393
-526
-567
-884
-934
-900
-896
-519
-318
-81
65
58
399
857
1270
1535
1640
1581
1446
1194
815
580
32
-576
-1038
-1341
-1183
-1214
-1441
-1879
-2526
-2920
-3249
-3327
-3178
-3154
-3007
-3081
-3360
-3408
-3571
-3563
-3400
-3646
-3513
-3637
-3635
-3336
-3128
-2554
-1852
-1063
-640
-257
-229
303
1146
1519
1820
1661
1398
1484
1588
2347
3029
3027
2756
2509
2452
2552
2493
2420
2534
2261
1906
1569
1239
1129
826
452
240
-72
-456
-848
-1196
-1233
-1097
-1083
-948
-867
-835
-685
-552
-150
214
459
556
592
723
1001
1427
1725
2004
2002
1815
1671
1534
1643
1709
1757
1769
1646
1461
1388
1373
1285
1253
1120
1078
1082
1291
1228
1072
601
383
703
813
1049
851
578
427
164
264
320
193
61
-165
-211
-262
-270
-395
-541
-728
-904
-842
-829
-627
-433
-290
29
264
684
958
1115
1267
1331
1321
1229
974
620
308
75
38
79
-5
-325
-850
-1379
-1714
-1943
-2037
-2092
-2263
-2287
-2455
-2482
-2628
-2927
-3131
-3455
-3661
-3744
-3754
-3674
-3716
-3812
-3627
-3357
-3180
-2977
-2890
-2669
-2416
-2162
-1675
-1052
-880
-741
-866
-755
-80
400
912
1194
1314
1612
1588
1728
2190
2600
2857
2938
2959
3031
2912
2631
2501
2390
2117
1804
1384
1044
905
668
537
385
58
-211
-433
-434
-207
-155
-145
-146
-147
-70
21
82
269
506
652
802
885
902
926
871
952
1193
1511
1741
1755
1729
1630
1632
1670
1660
1649
1479
1340
1100
866
683
575
602
627
706
870
751
520
254
-118
-267
-378
-242
-194
-386
-574
-790
-841
-959
-1057
-1182
-1406
-1444
-1452
-1155
-754
-490
-129
163
510
714
770
873
975
1078
993
899
944
1079
1252
1272
1063
774
415
158
-7
-88
-171
-297
-415
-601
-743
-887
-1103
-1259
-1557
-1906
-2225
-2541
-2735
-2833
-2875
-2796
-2663
-2617
-2599
-2626
-2675
-2636
-2610
-2586
-2447
-2475
-2381
-2323
-2270
-2186
-2225
-2300
-2251
-2035
-1667
-1186
-1022
-806
-529
-129
364
675
1023
1363
1601
1768
1908
2017
2010
2017
2134
2304
2465
2424
2233
1929
1650
1541
1557
1603
1598
1421
1151
822
529
425
339
292
262
338
419
424
393
275
259
179
234
431
620
837
987
1073
1188
1305
1391
1475
1489
1436
1381
1397
1505
1623
1744
1925
1992
1924
1680
1341
1157
1025
975
936
854
822
693
468
268
-2
-287
-715
-1096
-1208
-1323
-1309
-1231
-1164
-1140
-1147
-911
-525
-123
139
203
234
271
346
370
500
664
802
860
841
760
504
239
104
128
273
285
230
143
90
57
-79
-169
-294
-469
-794
-1174
-1408
-1553
-1623
-1684
-1770
-1740
-1713
-1768
-1934
-2173
-2343
-2474
-2486
-2451
-2426
-2433
-2489
-2589
-2728
-2841
-2969
-3062
-3017
-2891
-2616
-2395
-2374
-2259
-2149
-1973
-1722
-1460
-1092
-869
-708
-582
-359
-18
265
615
973
1289
1467
1535
1651
1747
1831
2107
2469
2727
2740
2390
2078
1823
1691
1695
1662
1598
1432
1232
1017
769
520
268
157
142
211
296
227
161
58
21
62
170
304
273
180
189
388
685
921
1036
1086
1042
1076
1127
1099
1129
1132
1094
1109
1112
1087
991
761
609
366
167
-62
-208
-328
-571
-816
-1003
-992
-819
-620
-393
-196
-176
-138
-141
-2
94
76
187
337
531
739
897
980
994
776
530
489
530
662
728
706
667
618
607
603
615
568
405
185
9
-170
-321
-398
-447
-500
-630
-709
-740
-803
-836
-923
-1063
-1159
-1250
-1366
-1385
-1466
-1630
-1937
-2355
-2668
-2838
-2932
-2971
-2928
-2902
-2815
-2719
-2652
-2563
-2456
-2396
-2385
-2419
-2360
-2205
-2047
-1802
-1514
-1207
-1006
-849
-654
-534
-382
-160
231
692
1055
1308
1489
1593
1666
1924
2183
2353
2396
2374
2355
2354
2354
2263
2051
1762
1536
1410
1406
1397
1314
1153
931
766
686
596
452
288
122
86
253
560
801
941
1001
1011
999
1026
1131
1313
1446
1467
1443
1411
1408
1371
1326
1244
1134
948
687
440
182
-128
-486
-760
-894
-966
-917
-858
-791
-765
-771
-731
-688
-630
-613
-586
-536
-466
-292
-167
-117
-94
-109
-42
-34
9
92
158
289
441
530
592
594
548
545
475
427
313
205
182
174
190
223
330
342
230
147
66
-5
-109
-168
-128
-65
-7
-70
-237
-503
-852
-1222
-1571
-1887
-2034
-2063
-2080
-2109
-2201
-2286
-2334
-2372
-2430
-2412
-2423
-2471
-2512
-2461
-2339
-2137
-1953
-1924
-2004
-2079
-2082
-2009
-1899
-1711
-1542
-1336
-1159
-1057
-858
-582
-266
-43
186
420
638
793
954
1153
1250
1155
1164
1215
1332
1415
1412
1542
1533
1450
1378
1274
1176
1079
1018
1038
1031
978
875
735
741
787
850
840
855
948
1016
1129
1218
1285
1233
1125
1100
1210
1427
1549
1500
1346
1096
866
630
429
326
206
112
38
82
114
72
-72
-302
-450
-514
-493
-402
-273
-190
-73
-75
-168
-159
-237
-275
-300
-305
-218
-105
32
210
383
496
575
610
635
640
673
735
774
756
696
682
716
722
689
592
449
371
385
418
545
677
731
723
627
510
269
10
-286
-597
-861
-1099
-1195
-1243
-1280
-1384
-1542
-1609
-1622
-1605
-1573
-1586
-1671
-1710
-1734
-1676
-1562
-1590
-1675
-1831
-1882
-1874
-1879
-1895
-1837
-1720
-1645
-1585
-1505
-1431
-1339
-1250
-1169
-992
-910
-800
-633
-410
-223
-156
-133
-80
-39
106
283
483
617
658
831
963
1001
1095
1192
1278
1320
1348
1421
1356
1231
1161
1166
1279
1394
1491
1609
1652
1661
1524
1389
1353
1352
1428
1504
1604
1675
1652
1523
1397
1238
1081
891
732
661
649
651
615
565
524
442
333
257
242
215
137
118
102
25
-90
-301
-495
-672
-841
-948
-1064
-1052
-916
-803
-627
-461
-316
-216
-224
-195
-80
78
228
356
396
464
568
603
601
607
556
494
501
585
745
892
1041
1203
1321
1357
1256
1059
781
492
273
80
-72
-185
-241
-323
-496
-628
-761
-837
-902
-984
-1035
-1096
-1151
-1172
-1152
-1135
-1163
-1261
-1360
-1450
-1536
-1574
-1556
-1531
-1575
-1670
-1716
-1784
-1791
-1778
-1811
-1818
-1807
-1792
-1754
-1656
-1516
-1371
-1285
-1253
-1313
-1341
-1258
-1124
-972
-912
-872
-784
-713
-665
-610
-521
-378
-188
-85
-33
-65
-104
-64
108
357
599
754
948
1121
1261
1362
1379
1506
1548
1651
1874
2095
2270
2258
2118
1973
1791
1636
1496
1409
1391
1394
1331
1219
1170
1146
1088
991
827
702
713
703
712
707
654
536
281
40
-134
-332
-471
-571
-626
-671
-736
-752
-804
-813
-818
-822
-804
-787
-738
-640
-540
-416
-277
-158
-91
-21
83
160
198
292
522
825
1086
1326
1526
1692
1715
1609
1538
1421
1280
1158
1051
994
880
732
622
490
398
281
244
217
166
102
13
37
41
27
-3
-57
-86
-193
-240
-254
-314
-331
-363
-403
-420
-429
-484
-588
-664
-765
-825
-860
-930
-1040
-1128
-1188
-1205
-1258
-1384
-1404
-1349
-1275
-1220
-1208
-1196
-1194
-1151
-1029
-915
-815
-747
-759
-778
-881
-1030
-1097
-1121
-1118
-1117
-1067
-936
-739
-556
-438
-349
-270
-169
-47
256
577
875
1116
1262
1403
1459
1501
1607
1662
1618
1662
1717
1811
1911
1995
2124
2153
2122
2078
2049
2103
2123
2149
2126
2039
1913
1668
1369
1110
903
663
416
234
112
-9
-127
-278
-418
-567
-700
-795
-868
-909
-951
-990
-1090
-1199
-1196
-1172
-1112
-1061
-1045
-1074
-1116
-1073
-917
-661
-390
-99
137
321
457
534
548
561
576
568
570
582
612
668
710
715
699
653
581
563
542
456
394
302
223
168
96
-20
-162
-220
-276
-334
-371
-380
-367
-374
-356
-352
-370
-401
-420
-422
-437
-436
-424
-459
-515
-480
-426
-414
-441
-562
-650
-771
-860
-881
-874
-822
-801
-787
-776
-751
-737
-797
-918
-1058
-1167
-1233
-1251
-1226
-1239
-1276
-1385
-1464
-1451
-1401
-1344
-1396
-1506
-1533
-1484
-1370
-1239
-1115
-933
-769
-611
-494
-413
-308
-211
-121
7
152
271
446
653
831
1010
1104
1209
1405
1590
1788
1986
2101
2136
2048
1960
1918
1914
1869
1753
1654
1578
1470
1333
1159
970
816
654
511
354
197
83
-1
-89
-136
-203
-376
-474
-560
-613
-639
-687
-662
-645
-606
-476
-298
-115
-7
88
99
83
162
238
312
313
247
245
292
440
549
569
644
657
708
719
735
750
715
734
762
788
707
596
516
408
329
284
283
278
211
160
146
203
223
173
89
22
-18
-85
-77
-3
58
111
91
38
19
27
55
7
-69
-137
-112
-31
61
102
47
-62
-213
-343
-416
-424
-424
-494
-560
-674
-808
-932
-1073
-1159
-1218
-1228
-1227
-1266
-1282
-1278
-1283
-1221
-1166
-1102
-1022
-953
-893
-878
-888
-920
-916
-868
-821
-747
-682
-575
-484
-410
-313
-273
-189
-64
107
277
405
509
555
584
709
889
1051
1138
1260
1355
1362
1366
1378
1448
1515
1463
1397
1330
1248
1199
1081
914
701
486
321
159
87
4
-142
-291
-431
-515
-545
-547
-587
-593
-576
-569
-575
-613
-606
-564
-585
-656
-622
-507
-319
-131
55
164
202
234
170
150
143
231
323
369
405
399
385
378
378
363
282
215
178
187
206
210
211
154
106
90
34
-19
-48
-36
-9
28
109
134
140
92
35
-34
-81
-77
-30
31
111
209
284
335
307
206
119
33
-15
33
47
18
-47
-164
-298
-437
-560
-668
-773
-863
-957
-1048
-1140
-1283
-1358
-1383
-1377
-1398
-1404
-1416
-1407
-1388
-1353
-1326
-1344
-1307
-1274
-1205
-1141
-1057
-971
-849
-676
-577
-573
-509
-460
-450
-428
-410
-320
-186
-21
78
126
187
246
343
440
516
608
692
794
925
961
986
1053
1079
1056
1034
1026
1013
962
938
918
863
849
788
697
626
568
515
473
477
492
480
400
300
252
200
169
148
86
26
32
99
152
157
113
26
-29
-5
122
206
273
319
360
353
373
436
364
279
207
214
232
222
219
236
239
272
314
299
217
140
136
146
186
237
303
417
473
472
471
424
404
398
411
471
503
571
635
648
638
577
565
597
667
714
700
669
651
641
612
576
553
531
462
354
244
156
40
-86
-258
-410
-506
-574
-641
-689
-743
-823
-873
-910
-951
-1068
-1215
-1332
-1444
-1474
-1422
-1348
-1288
-1248
-1235
-1191
-1133
-1104
-1077
-1027
-992
-903
-781
-678
-581
-548
-539
-548
-577
-595
-573
-473
-425
-403
-380
-300
-211
-123
-21
-61
-137
-138
-70
22
98
150
194
223
246
326
423
524
560
635
671
724
789
751
686
639
610
610
603
615
623
562
533
483
392
330
313
340
324
331
330
336
352
269
173
91
101
141
112
84
86
78
72
107
113
114
51
18
-21
-72
-36
-8
-5
-37
-81
-153
-221
-275
-276
-303
-388
-390
-338
-261
-182
-116
-54
-21
-1
77
192
328
449
545
591
574
571
609
642
690
687
655
645
627
608
541
453
388
362
267
198
130
74
72
-9
-100
-237
-398
-542
-692
-759
-820
-818
-799
-789
-738
-717
-706
-721
-773
-850
-931
-991
-1011
-973
-938
-928
-898
-916
-928
-872
-834
-817
-795
-790
-782
-787
-727
-628
-632
-616
-577
-556
-545
-571
-575
-558
-590
-618
-543
-463
-405
-364
-373
-353
-312
-215
-8
201
350
439
446
441
496
545
644
678
719
745
707
712
723
705
627
532
484
516
554
606
633
659
700
691
641
642
673
694
679
652
631
601
583
582
611
611
629
608
566
503
444
486
486
493
433
352
274
156
72
23
0
-10
-97
-119
-50
53
146
151
173
234
328
451
563
650
649
626
646
712
803
867
879
855
827
864
942
968
938
846
767
681
635
613
568
553
494
422
307
153
-1
-170
-262
-325
-334
-320
-358
-402
-433
-477
-540
-624
-694
-743
-778
-763
-697
-660
-647
-672
-683
-707
-739
-752
-769
-800
-825
-835
-820
-757
-725
-723
-732
-720
-669
-627
-608
-567
-522
-486
-476
-500
-530
-559
-610
-640
-628
-585
-514
-401
-330
-247
-174
-131
-101
-71
-12
71
99
106
101
92
71
3
-46
-65
-74
-56
-38
36
92
148
244
331
373
352
365
363
382
446
461
442
482
526
572
594
578
563
513
479
513
520
477
441
411
429
411
321
220
128
88
17
-54
-48
-42
-47
-113
-114
-57
3
32
105
178
237
279
235
232
240
234
303
350
339
381
442
504
580
586
561
538
485
528
617
691
706
662
605
496
389
324
243
199
121
110
117
87
104
56
-23
-139
-261
-298
-299
-303
-268
-244
-246
-241
-249
-301
-397
-479
-619
-714
-756
-827
-827
-838
-851
-805
-780
-813
-846
-922
-1016
-1074
-1106
-1089
-1087
-1085
-1011
-924
-940
-1001
-1074
-1126
-1116
-1067
-968
-893
-849
-810
-770
-732
-667
-576
-469
-399
-390
-323
-263
-226
-216
-233
-197
-136
-89
-35
13
157
296
374
506
571
564
540
512
559
600
630
692
752
849
895
927
1005
1048
1116
1197
1235
1291
1312
1338
1368
1336
1257
1106
969
889
826
760
692
623
546
458
363
287
272
326
313
341
362
353
365
343
330
323
265
229
230
261
322
335
359
367
375
368
346
355
428
536
656
733
729
647
554
516
514
458
410
417
414
452
493
534
499
407
293
188
126
104
126
139
117
108
89
87
62
12
-18
-91
-134
-110
-90
-35
-9
-28
-78
-159
-205
-270
-305
-356
-437
-492
-547
-587
-612
-631
-630
-705
-816
-910
-940
-861
-809
-788
-803
-832
-902
-1011
-1030
-1008
-1006
-996
-1035
-1067
-1069
-1080
-1070
-1102
-1144
-1140
-1099
-1016
-929
-825
-703
-606
-485
-373
-275
-192
-135
-66
59
174
235
288
338
377
427
489
551
611
643
637
700
766
780
816
823
844
835
783
756
733
710
633
622
671
699
723
668
622
620
662
700
724
710
668
609
499
473
443
368
309
292
306
311
351
371
366
375
388
373
340
325
321
354
378
422
390
323
235
134
90
63
75
109
127
115
112
84
50
17
-54
-121
-187
-230
-199
-154
-179
-224
-298
-319
-327
-342
-321
-303
-277
-268
-245
-230
-190
-199
-235
-295
-382
-421
-466
-473
-417
-372
-359
-399
-475
-527
-603
-637
-652
-659
-659
-663
-663
-675
-660
-676
-714
-730
-747
-729
-716
-729
-684
-680
-724
-742
-765
-807
-845
-839
-813
-836
-766
-669
-584
-525
-525
-481
-402
-374
-315
-273
-216
-96
42
176
272
331
357
431
479
537
573
625
678
695
750
817
828
844
847
845
932
1049
1099
1096
1078
1046
1046
1021
993
965
947
930
910
892
838
761
674
594
561
522
513
526
519
528
520
497
471
387
371
376
335
326
325
347
369
315
241
191
131
124
100
121
147
164
205
210
221
179
71
22
9
-34
-23
15
65
138
161
152
66
0
-21
-31
-21
-48
-65
-70
-93
-153
-226
-313
-366
-391
-406
-419
-433
-445
-447
-426
-405
-391
-402
-425
-449
-466
-490
-460
-466
-487
-484
-496
-488
-519
-537
-544
-550
-501
-449
-395
-377
-347
-335
-349
-336
-342
-377
-378
-351
-345
-325
-296
-238
-154
-151
-156
-164
-150
-112
-96
-85
-38
54
101
143
171
146
124
143
169
186
224
279
370
454
484
547
545
572
597
631
695
736
804
809
824
802
771
740
725
751
767
784
796
775
723
639
562
479
407
331
288
277
271
294
250
171
38
-54
-55
-62
-77
-89
-60
-28
-77
-149
-227
-325
-388
-418
-397
-395
-384
-366
-368
-333
-368
-415
-459
-535
-571
-554
-521
-482
-465
-469
-488
-563
-572
-542
-537
-546
-583
-564
-490
-432
-391
-382
-388
-429
-463
-424
-416
-400
-386
-372
-312
-318
-327
-325
-373
-433
-493
-474
-456
-452
-485
-495
-476
-491
-495
-530
-550
-512
-459
-415
-359
-348
-354
-312
-311
-343
-343
-307
-301
-286
-235
-195
-184
-182
-193
-177
-179
-215
-205
-196
-161
-117
-152
-206
-202
-182
-168
-163
-159
-153
-142
-117
-95
-56
-30
19
98
124
118
136
177
241
306
354
431
453
433
435
447
505
549
578
647
659
701
745
780
813
757
721
708
684
705
711
714
743
731
702
680
705
740
749
750
700
632
560
481
439
356
309
244
170
114
54
42
14
-44
-83
-131
-200
-305
-453
-514
-549
-551
-563
-596
-647
-734
-777
-769
-748
-746
-750
-764
-744
-737
-711
-663
-613
-566
-545
-498
-443
-419
-361
-313
-278
-245
-194
-104
-82
-70
-75
-56
-18
-58
-75
-99
-124
-107
-103
-55
3
47
90
102
84
56
14
20
60
93
98
87
112
155
184
237
273
285
321
374
439
496
522
525
529
497
460
478
456
415
372
314
283
252
209
155
123
133
102
97
69
16
-34
-90
-109
-134
-163
-161
-156
-167
-135
-113
-91
-77
-78
-76
-83
-51
-16
37
69
79
119
122
100
65
23
54
80
115
167
171
176
183
205
257
318
331
265
224
230
211
224
220
161
132
95
49
59
43
30
28
17
-1
-64
-160
-252
-283
-338
-386
-422
-479
-546
-624
-708
-741
-733
-705
-718
-710
-712
-734
-715
-684
-633
-589
-591
-595
-566
-540
-490
-467
-440
-393
-388
-396
-452
-493
-511
-505
-490
-500
-526
-577
-546
-496
-485
-463
-457
-452
-475
-481
-460
-438
-414
-423
-386
-364
-352
-315
-299
-273
-244
-202
-145
-68
-43
-7
40
97
137
172
247
294
337
371
375
423
451
466
481
469
468
468
473
499
511
485
480
465
404
397
352
605
760
756
600
334
376
432
511
505
406
426
471
548
494
359
294
337
299
251
235
176
221
284
368
468
439
337
298
309
340
294
264
340
396
429
377
352
276
217
223
173
178
116
46
51
71
42
-78
-146
-131
-138
-209
-260
-312
-373
-395
-456
-439
-426
-394
-396
-414
-406
-543
-597
-590
-544
-477
-503
-477
-413
-365
-395
-422
-395
-352
-299
-287
-260
-263
-252
-248
-252
-257
-279
-291
-304
-308
-263
-300
-324
-281
-244
-235
-251
-230
-190
-128
-98
-68
-45
-8
13
13
55
62
95
150
213
211
154
109
147
216
226
197
220
273
344
391
390
381
363
330
332
352
375
393
404
443
446
419
420
393
403
366
310
273
232
223
227
221
173
119
86
41
6
-3
-1
12
44
115
165
187
184
208
192
182
189
184
182
167
203
246
264
233
176
191
218
193
181
143
117
126
116
99
77
74
79
100
109
102
94
47
44
59
38
55
13
-17
-29
-80
-114
-125
-142
-143
-141
-141
-185
-217
-188
-168
-155
-164
-211
-249
-271
-322
-393
-487
-544
-585
-595
-591
-593
-573
-601
-590
-580
-563
-551
-558
-558
-549
-552
-541
-522
-542
-517
-517
-490
-459
-448
-409
-381
-329
-319
-332
-308
-274
-237
-235
-235
-198
-174
-122
-71
-39
-44
-49
-46
-39
26
90
107
135
127
148
196
249
307
305
324
383
412
422
389
385
402
404
423
427
476
533
609
633
625
651
630
570
552
504
438
380
333
284
223
212
245
247
235
220
188
163
120
101
80
114
156
183
190
218
251
203
135
36
-14
-21
-22
-45
-57
-64
-56
-28
-68
-110
-121
-144
-152
-202
-248
-245
-253
-231
-249
-283
-307
-303
-286
-291
-310
-338
-334
-310
-288
-249
-208
-133
-31
-1
29
45
57
55
46
36
31
76
115
151
147
117
110
126
108
71
37
2
-32
-72
-106
-155
-161
-171
-237
-231
-258
-285
-267
-253
-268
-243
-241
-236
-217
-236
-259
-264
-282
-242
-220
-234
-207
-215
-241
-289
-284
-260
-229
-197
-157
-108
-61
-36
14
61
62
47
49
85
118
118
131
153
132
131
137
140
160
171
179
184
185
199
194
181
222
287
323
299
276
255
222
147
91
70
88
128
119
131
143
156
171
197
212
187
209
219
225
212
170
175
182
171
162
163
146
131
165
237
286
228
167
121
38
11
-31
-59
-31
-47
-22
-10
-66
-90
-100
-148
-192
-204
-240
-266
-280
-309
-318
-289
-262
-224
-173
-141
-105
-79
-75
-110
-73
-22
-8
22
6
21
65
117
181
205
193
175
106
46
-16
-69
-88
-94
-88
-128
-151
-124
-146
-155
-160
-234
-244
-270
-273
-239
-215
-208
-207
-246
-296
-308
-289
-247
-238
-257
-296
-291
-280
-277
-294
-297
-271
-217
-156
-129
-114
-86
-67
-65
-123
-196
-220
-218
-187
-143
-95
-49
-40
-94
-85
-47
-33
-9
3
-14
-3
55
116
168
196
197
167
101
23
5
25
58
84
41
35
26
9
28
45
80
93
109
133
140
137
145
166
197
203
211
244
282
339
345
334
298
257
265
259
190
126
63
49
60
80
110
129
164
177
164
145
115
134
144
103
74
27
20
29
30
-5
-54
-72
-88
-88
-85
-71
-78
-88
-38
-32
-31
-6
17
43
45
36
46
51
65
61
45
44
18
-35
-9
31
39
47
47
51
39
-8
-56
-48
-23
-13
-29
-25
-39
-73
-88
-123
-136
-93
-109
-142
-172
-201
-198
-209
-212
-206
-161
-136
-133
-140
-180
-231
-244
-231
-223
-207
-209
-205
-191
-202
-178
-168
-194
-216
-225
-240
-227
-245
-261
-184
-150
-142
-124
-128
-136
-120
-140
-141
-125
-108
-59
-49
-13
15
25
65
72
69
78
122
150
143
124
115
126
160
191
190
232
273
313
321
389
393
392
423
439
484
493
482
431
374
338
337
365
343
332
345
310
315
291
247
234
208
190
178
148
154
135
66
45
38
46
95
92
65
41
-1
-24
-29
-55
-59
-70
-95
-81
-28
-23
-27
-13
-17
-40
-59
-71
-94
-69
-58
-63
-86
-69
-14
-32
-26
-26
-33
-1
14
56
57
59
60
33
35
21
-9
-10
-36
-83
-96
-136
-159
-174
-199
-199
-187
-216
-220
-184
-155
-120
-120
-151
-161
-166
-134
-112
-124
-139
-138
-110
-86
-67
-53
-65
-58
-66
-66
-92
-107
-53
10
13
8
-14
-47
-37
-6
26
51
44
0
2
26
39
53
56
60
36
15
-5
-44
-69
-48
-49
-14
-3
-8
-9
-21
5
4
38
90
158
172
172
193
195
212
190
161
161
123
129
153
157
181
188
194
185
204
235
268
248
221
195
156
155
129
126
105
52
-22
-70
-94
-125
-167
-205
-217
-237
-258
-233
-224
-212
-194
-207
-187
-187
-218
-211
-218
-241
-242
-250
-242
-202
-165
-153
-153
-123
-76
-58
-54
-58
-52
-10
-31
-23
-8
-29
-31
-66
-47
-19
-1
25
45
62
23
25
47
28
4
-28
-67
-71
-52
-58
-52
-30
-45
-72
-116
-133
-138
-111
-80
-81
-77
-73
-72
-95
-98
-114
-97
-79
-50
-46
-64
-61
-85
-80
-77
-66
-71
-50
-1
8
19
-9
-17
-23
-19
21
43
27
50
58
26
12
-2
34
72
81
88
83
102
107
94
92
79
96
102
94
114
111
120
104
87
98
104
155
171
217
194
151
155
130
139
153
146
147
134
127
151
149
146
146
157
110
94
137
178
217
229
236
233
219
199
173
114
53
32
49
66
33
-11
-53
-77
-29
22
37
11
-13
-17
-27
-42
-64
-120
-143
-131
-103
-93
-54
-39
-61
-90
-70
-40
-18
42
68
93
91
143
177
175
143
82
81
72
62
93
72
99
123
107
124
162
183
218
235
242
271
299
326
343
348
321
278
250
244
210
165
114
83
59
59
106
116
91
83
108
110
77
53
-3
-24
-50
-70
-87
-94
-83
-82
-96
-112
-126
-173
-217
-230
-195
-173
-185
-203
-246
-287
-306
-343
-342
-327
-285
-261
-258
-255
-250
-217
-184
-199
-203
-151
-94
-62
-62
-77
-46
-36
-47
-66
-90
-108
-139
-119
-86
-97
-119
-100
-89
-63
-26
-21
-7
-30
-82
-95
-63
-46
-61
-70
-92
-134
-135
-115
-99
-62
-54
-50
20
29
58
115
102
109
93
76
37
4
-19
-29
-16
-35
-30
-13
18
-1
-8
16
6
-9
-48
-52
-38
-42
-46
-67
-46
-57
-44
-65
-93
-86
-61
-60
-45
-70
-119
-105
-137
-136
-155
-142
-105
-79
-87
-125
-88
-57
-22
-11
16
36
56
64
117
176
237
322
356
391
392
373
376
363
340
274
200
215
250
264
258
246
239
241
238
229
235
238
218
195
128
54
57
10
-43
-73
-108
-89
-100
-106
-97
-121
-117
-104
-78
-33
14
42
30
23
50
81
118
112
79
88
118
162
157
130
152
156
183
230
215
222
225
241
233
188
188
179
212
200
198
227
242
241
245
265
272
282
254
201
145
98
38
50
43
55
45
13
-14
-50
-63
-69
-50
-55
-70
-32
-13
-25
-9
-18
-19
-37
-57
-82
-111
-158
-183
-198
-180
-112
-86
-44
-25
-15
39
42
51
52
63
74
94
75
77
50
-15
-36
-87
-81
-92
-116
-114
-120
-137
-156
-174
-156
-110
-83
-70
-52
-37
-3
0
10
16
32
29
23
48
63
90
90
78
60
40
49
70
38
38
53
42
27
-13
-72
-90
-85
-47
-36
-60
-78
-71
-88
-129
-159
-190
-214
-234
-237
-212
-156
-137
-112
-103
-99
-106
-120
-157
-156
-151
-142
-143
-120
-109
-81
-64
-101
-128
-133
-127
-136
-163
-211
-209
-170
-143
-122
-120
-119
-66
-40
-20
-5
10
1
-7
-25
-19
-16
15
-13
-74
-109
-114
-77
-65
-55
-69
-75
-29
-23
-24
31
25
49
61
55
34
41
30
-5
-15
-81
-106
-143
-149
-171
-176
-168
-120
-134
-140
-157
-256
-297
-335
-325
-289
-288
-271
-226
-226
-233
-214
-172
-101
-112
-161
-160
-146
-87
-33
-47
-54
-49
-29
22
52
74
115
119
149
153
203
257
274
252
227
230
243
268
285
270
265
286
354
410
422
420
440
458
428
414
399
372
366
351
346
354
322
338
336
337
308
298
271
194
195
200
209
216
188
210
223
208
226
190
199
171
165
155
141
163
136
131
113
82
122
123
82
75
47
45
21
-1
-6
-34
10
-7
-30
-57
-109
-63
-27
-48
-84
-109
-119
-107
-106
-106
-127
-154
-187
-204
-253
-299
-327
-322
-297
-296
-256
-227
-184
-172
-188
-205
-204
-191
-157
-96
-73
-42
-44
-67
-45
-63
-78
-78
-98
-117
-112
-84
-37
-23
-5
-16
-54
-78
-96
-50
-23
-59
-44
-33
-46
-39
-40
-66
-71
-103
-107
-113
-117
-107
-102
-118
-117
-116
-137
-132
-144
-101
-86
-76
-42
-27
-21
-13
13
45
90
103
121
110
118
145
124
126
146
117
109
65
66
81
80
95
86
109
134
189
210
193
179
141
107
84
49
30
-8
-67
-119
-123
-110
-65
-63
-78
-101
-141
-154
-160
-149
-172
-210
-235
-261
-228
-201
-203
-197
-253
-290
-308
-344
-345
-324
-342
-330
-305
-261
-215
-197
-163
-166
-155
-154
-142
-136
-136
-104
-82
-50
-29
-55
-67
-114
-142
-76
-74
-82
-130
-223
-209
-168
-141
-96
-126
-106
-93
-150
-139
-136
-141
-125
-108
-85
-96
-91
-41
-8
2
19
27
41
52
50
54
38
31
37
72
122
167
162
143
144
146
141
134
122
87
86
99
149
186
203
224
224
205
215
219
212
207
168
138
146
170
122
89
65
45
43
6
6
37
36
46
46
102
119
138
166
196
234
261
294
251
244
212
158
161
192
220
250
241
222
267
284
275
294
316
307
321
280
274
296
264
244
208
200
171
130
82
26
-14
-41
-85
-72
-109
-170
-181
-180
-142
-119
-138
-147
-208
-258
-274
-291
-307
-324
-314
-315
-274
-248
-214
-179
-126
-77
-54
-30
-15
-7
-16
-7
-11
-24
-25
7
57
107
114
95
90
65
30
10
-15
-45
-23
-3
24
17
27
49
32
42
13
14
-10
-47
-83
-122
-150
-132
-91
-21
-8
-2
-23
-40
-20
-49
-48
-78
-125
-138
-122
-93
-68
-37
-29
-9
-14
-38
-47
-61
-74
-48
19
48
89
48
75
63
69
80
25
25
10
30
40
6
-10
48
75
101
93
63
53
26
3
-72
-139
-187
-198
-171
-141
-124
-130
-132
-92
-99
-56
-9
-34
-24
-79
-119
-112
-109
-77
-74
-86
-85
-78
-61
-48
-49
-90
-127
-133
-142
-100
-51
-24
21
53
25
-15
-63
-69
-67
-119
-145
-157
-158
-152
-155
-164
-142
-143
-137
-155
-207
-222
-231
-232
-265
-244
-224
-220
-172
-152
-89
-18
0
20
53
38
51
72
120
172
173
168
192
235
206
181
167
121
93
110
160
198
166
132
143
130
93
93
64
24
47
37
22
32
11
-5
12
36
77
109
116
103
106
93
92
91
60
21
-15
-50
-56
-47
-17
3
-12
-5
-38
-35
-45
-58
-62
-56
-64
-66
-62
-48
-35
-14
0
1
52
50
59
35
17
32
33
78
70
82
126
154
157
156
180
165
157
148
154
138
195
208
191
186
230
274
281
304
332
305
243
219
207
177
140
122
98
122
161
126
68
40
9
61
65
68
80
39
52
45
29
58
84
68
78
47
12
21
14
46
0
-50
-80
-105
-83
-60
-62
-49
-46
-67
-106
-147
-157
-168
-167
-174
-169
-145
-136
-117
-128
-133
-92
-81
-71
-35
-13
-28
4
33
67
63
50
11
-31
-37
-64
-51
-50
-61
-49
-60
-32
25
86
115
143
150
164
206
204
201
172
187
210
171
119
66
51
38
21
39
47
50
37
2
-57
-52
-71
-68
-20
-35
-53
-72
-79
-100
-114
-147
-161
-190
-211
-207
-227
-208
-162
-142
-127
-132
-159
-156
-181
-194
-228
-229
-190
-136
-110
-123
-101
-79
-29
-31
-24
12
30
25
33
67
62
85
103
89
67
101
111
133
123
43
21
19
60
94
83
80
88
62
83
70
40
18
-28
-38
-58
-53
-51
-84
-80
-79
-84
-39
-44
-49
-49
-73
-70
-93
-120
-98
-90
-117
-121
-118
-103
-87
-100
-157
-181
-201
-172
-191
-264
-260
-253
-256
-256
-244
-201
-116
-103
-87
-35
-19
-9
-51
-57
-79
-80
-93
-91
-104
-82
-90
-81
-86
-151
-146
-154
-109
-87
-79
-57
-66
-64
-56
-21
3
6
20
-2
-31
-88
-160
-159
-119
-102
-66
-81
-94
-60
-26
-27
-10
-34
-65
-40
-15
49
100
127
147
143
155
193
195
162
135
94
105
140
133
158
