150
223
144
131
85
62
69
104
121
120
115
101
80
31
-6
-39
-22
6
-3
2
-2
1
-1
1
0
0
0
0
-1
0
0
0
1
0
0
0
0
0
0
0
0
0
0
0
0
0
0
0
0
0
0
0
0
0
-1
0
0
0
0
0
0
0
0
0
0
0
0
0
1
0
0
0
0
0
0
0
1
0
0
0
1
1
0
0
0
-1
1
1
0
0
0
0
0
0
0
1
0
0
0
1
0
0
0
0
0
-1
0
0
0
0
0
0
0
0
0
0
-1
-1
-1
0
0
0
0
-1
0
0
0
0
0
0
0
0
0
1
0
1
0
0
0
0
0
0
1
-1
0
1
-1
0
0
0
0
0
0
0
-1
0
0
0
-1
0
0
0
0
0
0
-1
0
0
0
1
-1
1
-2
2
-5
9
-81
-86
-84
-97
-50
-67
-92
-129
-115
-104
-90
-96
-115
-113
-137
-145
-146
-191
-197
-171
-166
-171
-147
-110
-69
-54
-29
-3
34
65
32
38
18
18
42
58
53
14
2
30
47
43
14
-1
-14
-29
-20
-27
3
18
47
82
68
81
116
172
232
278
273
312
343
341
395
392
371
384
387
372
340
328
293
247
216
195
183
187
239
243
215
61
-12
27
14
24
16
-1
-12
10
6
1
1
6
0
-3
5
3
4
3
-3
-6
-14
9
13
-6
-11
-12
-6
9
18
7
-4
-8
-9
-4
14
25
11
-8
-9
-1
-5
6
12
12
18
10
-2
2
20
12
-4
-6
3
-2
-9
-3
2
12
11
9
1
5
16
16
30
28
13
-4
7
9
12
7
5
13
-4
-11
-11
-9
11
8
-6
-7
5
0
-1
-7
2
4
-5
-13
-14
-9
-15
1
10
13
5
13
4
-7
-10
-15
1
2
-4
3
0
12
21
4
3
4
10
-5
-13
-10
-16
1
-3
-1
5
-6
13
7
13
3
1
9
-8
0
-1
-7
-7
-13
0
9
6
8
-1
0
-2
13
8
-7
1
2
9
0
-13
-7
-3
0
6
11
0
-11
0
9
8
9
1
-12
-17
-2
2
-6
-13
0
-4
-7
4
10
16
1
-8
-5
-3
-8
0
-4
2
4
4
-13
-26
-10
-10
8
8
-4
-15
-15
-4
-1
-11
-18
-26
-19
3
10
-9
-22
-13
0
-5
-13
6
-9
-8
3
-4
8
14
-1
-1
2
8
13
19
7
-3
-4
-9
4
-11
-15
-5
1
8
-9
-20
-7
-13
-9
-10
-21
0
-4
-5
-11
-18
-34
-42
-16
15
26
15
-1
-9
-1
5
-10
-5
5
1
0
5
6
-7
-16
-9
-7
12
22
29
8
-9
-6
-13
1
10
18
1
-2
6
15
17
-9
-33
-28
-4
13
12
8
19
16
4
-10
-18
-1
4
-16
-6
-5
0
6
8
7
6
5
-17
-8
5
12
0
-3
-2
0
-5
-6
18
27
20
-1
0
2
-1
-2
2
13
2
0
0
-6
1
15
26
14
8
-16
-23
6
-3
8
8
-4
-5
-3
9
13
18
5
5
6
-1
7
-5
0
5
16
5
-7
2
0
4
0
3
1
-9
-8
-8
2
1
-2
-3
-1
10
7
-7
-7
-3
-3
0
-10
-3
4
12
3
2
-9
-6
-3
2
9
-1
19
12
-1
7
-3
-3
-2
-2
9
16
18
21
6
-17
-31
-15
-12
8
19
6
-4
-14
-36
-11
8
6
39
20
-1
6
22
36
22
-4
-19
-28
-16
11
35
35
19
25
30
20
2
-2
22
8
-9
-1
19
-1
-25
-37
-27
3
11
11
-9
-2
20
39
29
-21
-40
-27
7
13
-11
-14
-29
-28
-1
7
5
15
-3
8
-20
-34
-16
-19
-15
-27
-34
-28
-41
-41
-12
-7
-22
-28
-26
-49
-14
-9
-19
-2
-35
-72
-69
-14
18
52
24
-15
-28
-26
15
8
13
29
22
0
7
36
17
-6
-36
-56
-60
-62
-57
-40
-7
11
9
11
24
24
-25
-36
-35
-35
-29
-39
-43
-21
-14
-14
2
11
19
16
-3
-45
-29
3
9
-16
-14
4
28
20
14
9
-19
-8
-13
-7
2
-5
6
-8
-21
1
0
20
26
10
-2
-39
-37
-15
-16
-25
-12
14
43
42
32
29
14
3
-28
-26
-18
4
28
14
13
-26
-6
-12
9
53
28
27
7
4
3
9
15
4
-15
-4
-18
-20
16
31
32
24
17
32
72
80
51
17
-1
-19
-29
-22
-2
5
-7
-23
-14
-5
19
22
5
-5
-6
2
-1
-18
-28
-59
-31
-10
-1
3
2
6
-16
-23
-23
0
32
35
52
33
8
-4
-23
-17
11
74
78
58
36
31
19
12
15
-5
35
31
7
4
10
16
17
-13
4
22
31
11
-16
-31
-32
-4
-8
17
37
29
34
27
12
13
-15
3
58
108
98
93
64
18
17
33
38
33
-16
-101
-136
-138
-113
-51
20
79
115
82
55
39
29
40
41
40
62
57
44
31
-2
-6
-14
18
35
24
44
20
0
-60
-73
-60
-56
-20
-33
-14
3
15
51
18
9
1
4
10
4
26
35
5
-7
-36
-17
20
38
35
-1
3
-40
-112
-68
15
88
138
86
47
23
-41
-79
-70
-42
-33
-38
-47
-63
-21
-4
-19
-35
-86
-99
-50
-25
9
-13
-83
-147
-173
-139
-91
-51
-84
-96
-69
-49
-1
4
-13
-4
-22
-35
14
46
45
21
-27
1
49
58
53
29
-18
-61
-48
-12
18
22
-23
-32
3
39
47
-28
-82
-81
-62
-19
-23
-6
21
-5
-29
-29
-5
25
2
-37
-18
38
94
53
-5
-52
-62
-34
-49
-63
-38
-33
-24
-27
-69
-99
-91
-22
33
51
21
-18
-53
-105
-82
-25
7
34
11
32
41
11
-1
-23
-20
-1
-8
0
40
62
86
79
76
85
110
55
46
61
31
14
-22
-14
2
18
41
52
5
-19
-43
-71
-93
-162
-115
-33
13
13
0
-5
-13
-6
-32
-56
-38
3
28
15
-29
-32
-4
10
60
79
85
82
20
-7
-24
5
84
72
53
71
110
152
120
60
30
18
50
104
153
170
109
28
0
28
93
129
123
53
6
-19
-48
-15
-12
30
64
5
-9
52
105
127
113
27
2
-32
-79
-117
-123
-78
-76
-118
-129
-112
-77
-48
-56
-19
12
45
56
74
94
112
131
137
135
129
98
79
100
117
95
41
15
5
33
72
76
76
71
68
83
63
38
46
56
94
91
71
40
-8
-2
33
86
86
18
-14
-67
-92
-86
-71
-7
28
11
30
79
95
27
-21
-23
-41
24
50
42
47
-4
-22
-7
14
35
35
-1
-7
-34
-61
-52
-79
-83
-80
-50
3
22
15
-4
-74
-133
-162
-127
-60
-16
14
11
21
14
-4
64
99
111
81
11
18
2
-22
-32
-26
7
13
32
22
-8
-60
-118
-182
-199
-165
-107
-50
-48
-71
-125
-126
-116
-127
-126
-158
-163
-139
-136
-119
-142
-143
-98
-105
-66
-69
-57
-38
-66
-51
-76
-93
-70
-27
30
35
60
73
75
61
35
54
22
30
31
-29
-91
-131
-114
-64
-32
-24
-7
23
61
17
-28
-24
-50
-53
-12
57
79
14
-57
-94
-82
-80
-66
-7
9
-50
-68
-46
-30
-27
-25
-3
17
46
28
35
56
7
-36
-39
-20
2
27
30
28
8
-19
-51
-45
-11
-24
-41
-16
-7
2
-16
-38
-46
23
107
165
201
166
131
129
144
168
199
159
97
90
120
136
123
97
80
75
52
61
121
144
116
80
30
-32
-44
-7
16
44
26
-29
-62
-24
24
69
99
89
59
32
-5
-2
15
0
-32
-21
44
86
120
116
127
137
115
116
110
138
143
95
53
31
34
125
229
237
246
187
113
83
99
122
148
143
127
123
79
88
141
158
174
137
92
99
116
105
68
49
43
85
79
83
131
120
64
33
38
49
34
5
13
68
64
91
111
103
93
96
110
97
99
69
101
133
116
127
87
35
13
16
37
60
33
11
29
-2
-79
-138
-174
-183
-172
-119
-65
-47
-97
-150
-161
-179
-141
-73
25
86
33
-25
-65
-116
-124
-86
-52
-42
-49
-64
-110
-165
-181
-170
-153
-121
-91
-67
-31
-52
-80
-96
-129
-121
-76
-79
-54
-24
-21
-19
-72
-114
-130
-188
-210
-141
-91
-55
-49
-95
-94
-72
-77
-53
-26
-17
-24
-108
-123
-141
-161
-179
-167
-178
-220
-266
-286
-237
-245
-235
-225
-157
-99
-110
-86
-78
-77
-92
-89
-56
16
59
36
46
14
8
20
7
-9
-30
-27
-14
-4
-6
-19
-31
7
34
13
12
11
61
76
77
64
17
-19
-43
-16
-5
25
0
-16
-53
-104
-139
-156
-198
-221
-202
-146
-79
-58
-92
-127
-166
-201
-137
-56
12
19
-7
-89
-203
-228
-202
-140
-67
-17
7
-21
-47
-30
-73
-158
-179
-162
-87
15
56
22
-38
-36
-29
55
125
177
179
92
48
128
191
174
161
153
169
171
169
177
118
37
11
12
-3
-32
-33
-31
-13
-2
-2
34
52
-4
-52
-48
-14
5
-11
-24
35
55
53
103
132
130
122
78
79
84
74
118
179
176
181
231
206
227
222
198
166
123
59
80
141
128
97
60
73
147
193
217
241
267
292
317
323
293
262
255
330
391
440
438
420
414
397
373
302
269
252
243
288
328
289
252
239
225
238
221
228
269
280
243
223
215
238
269
208
192
235
265
279
243
196
198
205
184
129
121
144
160
173
173
215
210
178
193
152
114
104
105
95
107
147
154
121
38
-1
-44
-84
-113
-121
-92
-79
-71
-59
-29
-18
16
90
123
122
34
-91
-180
-222
-192
-166
-122
-72
-68
-85
-108
-153
-250
-355
-421
-406
-356
-372
-377
-378
-406
-381
-337
-252
-160
-111
-127
-145
-188
-244
-295
-308
-285
-240
-152
-66
29
-17
-115
-192
-226
-188
-105
-6
61
69
10
-37
-58
-52
8
124
181
115
56
24
-29
-106
-137
-97
10
84
57
9
-38
-109
-164
-205
-209
-204
-229
-223
-197
-209
-255
-288
-299
-311
-276
-170
-120
-162
-185
-238
-253
-226
-234
-165
-139
-127
-168
-160
-132
-137
-104
-88
-44
-59
-77
-101
-97
-108
-154
-163
-142
-77
-44
-64
-88
-110
-120
-135
-139
-151
-153
-134
-139
-150
-159
-171
-170
-140
-152
-183
-187
-198
-223
-214
-206
-230
-249
-292
-277
-206
-161
-168
-245
-283
-238
-178
-184
-211
-215
-202
-146
-132
-144
-149
-136
-136
-105
-77
-81
-70
-44
-82
-161
-203
-239
-219
-211
-176
-122
-99
-121
-138
-137
-134
-116
-88
-23
1
-36
-26
43
88
45
31
62
92
110
111
110
119
122
128
188
198
161
195
275
358
354
344
338
290
276
281
271
228
190
124
116
140
128
112
112
87
80
122
167
242
260
255
279
311
293
297
337
396
430
405
346
324
308
292
333
331
322
307
319
331
347
318
290
308
306
338
392
442
442
405
338
330
349
324
306
316
342
350
358
364
363
320
285
276
288
279
265
227
198
218
188
173
197
197
183
148
102
32
42
60
64
46
32
71
86
75
22
23
42
78
114
104
114
90
64
78
99
82
55
123
235
275
232
168
109
97
90
121
166
161
106
68
59
49
50
32
82
108
90
82
61
-25
-85
-87
-63
13
22
54
125
141
104
56
-9
-52
-46
-36
-54
-11
-52
-88
-39
-47
-92
-150
-189
-195
-223
-260
-273
-267
-230
-237
-241
-230
-240
-253
-265
-309
-336
-285
-238
-209
-207
-251
-280
-313
-282
-268
-288
-287
-308
-275
-227
-207
-266
-276
-231
-201
-193
-228
-256
-253
-183
-177
-168
-220
-237
-165
-163
-180
-236
-250
-214
-216
-259
-321
-323
-237
-177
-191
-243
-263
-283
-295
-327
-329
-260
-260
-297
-366
-398
-409
-421
-401
-409
-430
-467
-477
-462
-422
-393
-405
-394
-377
-382
-379
-375
-353
-322
-305
-292
-296
-317
-328
-297
-256
-231
-271
-342
-347
-291
-302
-304
-303
-202
-102
-93
-87
-68
-60
-70
-55
-29
-50
-87
-76
-87
-92
-113
-93
-92
-155
-229
-255
-209
-164
-181
-221
-224
-200
-196
-200
-194
-196
-170
-151
-152
-127
-117
-142
-169
-174
-180
-131
-87
-69
-38
-1
11
21
47
8
47
77
72
124
150
124
123
148
212
207
152
121
116
184
241
281
237
193
239
309
340
347
334
344
361
360
304
271
252
257
289
259
207
177
138
116
121
130
122
156
165
139
91
92
198
291
305
286
249
210
222
261
309
305
251
240
334
390
362
312
267
312
372
372
404
393
385
424
455
496
515
513
513
529
525
501
447
348
278
253
236
251
246
191
179
220
218
170
133
162
235
257
221
152
131
165
180
112
-3
-80
-119
-128
-146
-184
-236
-215
-168
-166
-229
-312
-318
-254
-222
-267
-318
-327
-255
-194
-143
-140
-140
-110
-122
-80
-92
-93
-60
-52
-39
-55
-84
-29
20
28
2
-25
-53
-111
-106
-81
-62
-82
-114
-103
-69
-101
-133
-145
-161
-155
-154
-135
-123
-162
-217
-252
-227
-169
-123
-76
-50
-100
-170
-241
-266
-246
-199
-154
-157
-151
-147
-136
-135
-200
-252
-284
-286
-276
-310
-365
-442
-500
-541
-569
-582
-556
-511
-470
-491
-536
-529
-551
-520
-483
-455
-417
-399
-376
-371
-394
-418
-449
-456
-434
-452
-441
-438
-447
-488
-562
-598
-609
-609
-600
-536
-474
-445
-434
-442
-521
-585
-574
-512
-409
-386
-374
-345
-362
-362
-323
-238
-233
-273
-308
-305
-278
-248
-220
-183
-192
-234
-234
-245
-207
-175
-164
-161
-184
-260
-304
-317
-338
-307
-238
-135
-105
-140
-173
-212
-211
-228
-228
-211
-150
-70
-21
16
-13
-54
-76
-80
-71
-44
-16
12
33
64
104
138
169
187
166
178
212
251
269
235
232
275
311
332
337
307
280
245
197
100
24
30
89
167
217
193
172
183
186
183
190
206
189
186
166
166
126
115
149
166
175
185
204
217
198
131
123
129
158
206
230
261
266
235
207
225
209
171
161
194
216
207
217
211
219
213
149
130
155
135
87
65
65
127
176
221
264
290
284
276
279
230
171
156
146
137
145
204
213
168
66
32
45
39
6
-58
-129
-210
-226
-210
-167
-148
-122
-139
-127
-83
-110
-141
-199
-258
-293
-279
-227
-214
-220
-250
-194
-147
-137
-106
-50
-38
-56
-56
-57
-32
-41
-45
-53
-82
-60
-37
-30
-61
-132
-153
-140
-93
-33
-17
-3
26
25
63
76
65
42
58
48
48
44
19
24
12
5
34
50
31
5
-59
-100
-124
-150
-161
-137
-135
-87
-46
-84
-142
-206
-209
-182
-187
-206
-191
-201
-219
-231
-252
-271
-273
-211
-186
-214
-265
-308
-314
-350
-369
-394
-406
-382
-366
-319
-301
-326
-328
-298
-315
-357
-370
-325
-315
-335
-289
-234
-188
-207
-232
-195
-224
-252
-285
-299
-337
-410
-397
-397
-404
-463
-463
-430
-417
-449
-495
-486
-456
-447
-490
-494
-514
-512
-502
-466
-418
-419
-431
-409
-395
-402
-414
-410
-417
-433
-374
-321
-289
-299
-280
-240
-253
-264
-248
-190
-130
-113
-112
-104
-82
-59
-70
-72
-44
10
38
68
102
90
100
102
62
53
75
142
193
177
173
166
167
138
118
130
165
207
190
146
128
130
113
128
158
184
167
156
146
171
191
222
268
299
339
365
374
322
292
280
246
277
295
299
322
392
426
391
382
396
416
397
430
443
435
388
391
430
421
420
397
446
491
489
469
432
393
348
330
356
402
351
294
292
279
258
265
286
325
276
202
168
130
112
115
151
139
77
9
-21
-8
-45
-103
-73
-6
45
31
-37
-46
-33
21
43
62
59
-6
-38
-40
4
51
48
66
78
83
104
83
95
118
133
142
137
115
81
114
145
100
63
74
101
142
114
117
130
95
122
157
142
89
86
107
117
115
140
221
227
154
151
199
242
236
212
171
116
120
143
168
136
75
42
47
97
80
66
87
77
36
38
82
99
92
128
167
233
250
240
232
208
217
224
216
167
77
19
11
-3
-20
-15
-60
-86
-91
-106
-103
-145
-198
-274
-268
-262
-250
-279
-303
-291
-299
-240
-269
-267
-271
-261
-247
-279
-309
-336
-332
-358
-296
-274
-321
-335
-303
-238
-279
-308
-335
-322
-327
-355
-358
-429
-491
-536
-516
-478
-454
-439
-434
-426
-424
-411
-395
-382
-381
-340
-306
-295
-293
-307
-285
-254
-216
-178
-145
-96
-88
-84
-138
-175
-187
-178
-134
-91
-35
-41
-40
-35
-7
19
-3
6
36
13
12
31
65
142
107
61
58
125
180
168
126
96
142
178
209
222
158
99
106
122
152
155
147
148
134
131
188
235
291
311
333
378
392
372
336
341
390
447
483
477
449
458
497
510
486
435
379
346
338
363
343
340
356
347
345
370
396
371
388
362
341
358
356
374
413
392
326
308
307
289
252
202
177
192
191
155
137
140
132
145
127
119
126
127
103
74
50
59
98
106
140
186
244
258
183
86
81
136
219
253
227
162
145
170
181
214
218
225
287
292
250
221
168
137
176
213
248
254
229
172
135
100
69
74
61
88
99
61
46
5
-54
-40
-25
9
40
41
39
6
-27
-91
-95
-70
-94
-141
-179
-185
-214
-211
-173
-154
-118
-67
-32
2
6
4
9
24
41
71
108
131
160
193
262
314
299
266
198
135
113
79
51
8
-6
-5
-59
-82
-63
-67
-72
-143
-189
-217
-261
-245
-188
-142
-183
-268
-312
-277
-222
-210
-191
-178
-167
-164
-167
-208
-247
-251
-199
-177
-196
-197
-214
-193
-176
-173
-162
-150
-150
-135
-118
-136
-153
-90
-59
-67
-111
-191
-204
-177
-141
-93
-68
-85
-125
-176
-179
-171
-178
-168
-187
-184
-146
-136
-160
-186
-213
-204
-189
-195
-247
-289
-242
-167
-173
-209
-240
-218
-145
-111
-95
-124
-135
-132
-65
-7
-44
-70
-16
67
99
64
41
74
66
16
-18
15
10
-11
-28
-24
4
-10
-31
-21
-24
-70
-109
-162
-145
-120
-115
-103
-99
-83
-84
-123
-154
-202
-202
-159
-141
-112
-68
-14
46
84
57
16
-45
-61
-6
39
65
76
88
128
128
137
167
188
224
241
226
215
177
142
160
184
244
294
281
276
285
196
128
69
-4
1
61
174
193
160
104
37
52
6
-9
17
48
90
100
62
52
55
53
51
56
97
109
121
117
80
31
-2
31
95
107
101
124
131
129
76
30
3
29
85
70
97
50
7
24
41
46
-6
-12
53
89
100
124
109
76
28
37
59
93
90
104
136
96
31
15
11
47
62
32
62
0
-85
-114
-109
-70
-95
-142
-121
-123
-137
-114
-90
-31
0
59
157
164
124
104
130
166
142
162
241
284
254
204
194
160
145
135
127
148
156
163
177
151
135
97
73
93
129
139
129
72
4
-44
-48
-32
4
36
54
62
2
-38
-38
-22
14
25
87
143
172
128
55
13
11
33
70
86
54
48
22
-3
1
-32
-69
-77
-79
-15
6
10
6
-42
-118
-137
-75
-36
-75
-166
-210
-231
-236
-271
-299
-308
-308
-237
-198
-211
-264
-314
-309
-305
-302
-295
-304
-252
-259
-297
-301
-325
-311
-310
-298
-272
-253
-243
-247
-274
-300
-293
-253
-221
-207
-208
-190
-162
-157
-177
-181
-171
-155
-104
-88
-106
-159
-241
-251
-270
-300
-322
-351
-314
-291
-287
-273
-260
-231
-219
-179
-130
-142
-166
-171
-152
-135
-135
-127
-102
-108
-118
-104
-89
-78
-117
-170
-175
-172
-166
-126
-78
-41
-45
-26
12
41
81
133
163
165
166
185
219
240
236
203
204
218
182
157
112
102
137
129
119
88
44
23
14
10
40
15
-66
-149
-199
-166
-156
-157
-157
-145
-142
-183
-179
-159
-157
-191
-230
-205
-194
-139
-92
-83
-78
-79
-65
-44
-36
-3
32
30
63
64
70
94
114
134
116
99
49
12
-20
-34
-59
-90
-77
-62
-59
-83
-79
-49
-44
-78
-124
-107
-128
-155
-139
-139
-144
-171
-171
-152
-138
-153
-129
-117
-118
-116
-144
-157
-153
-157
-191
-210
-234
-213
-139
-110
-110
-98
-84
-16
61
69
64
43
-5
4
18
-26
-45
-47
-31
-39
-20
-20
-41
-77
-94
-31
-29
-49
-54
-35
-7
10
17
14
-5
-18
18
52
78
68
97
101
83
81
64
85
113
83
64
63
47
71
60
69
90
84
97
109
115
98
100
133
135
175
179
155
183
203
195
219
221
206
190
164
186
180
148
126
102
78
64
79
64
11
-52
-118
-119
-126
-180
-178
-126
-74
-65
-72
-91
-150
-193
-199
-183
-126
-93
-89
-113
-141
-137
-113
-47
10
13
9
-53
-134
-175
-194
-219
-238
-216
-180
-206
-236
-256
-295
-318
-312
-282
-260
-242
-218
-177
-166
-209
-227
-204
-216
-251
-267
-300
-272
-243
-231
-214
-184
-128
-90
-71
-54
-57
-36
-40
-75
-123
-182
-172
-103
-43
-36
-80
-133
-186
-154
-106
-60
-22
-3
-8
-17
-12
-1
12
30
68
77
104
122
103
78
62
17
-1
10
25
46
44
31
50
65
47
56
80
113
171
183
152
120
63
67
84
65
79
42
-10
-22
-19
-13
-46
-71
-17
49
138
154
120
103
74
124
213
273
300
275
234
225
194
210
206
209
236
229
202
161
149
87
60
85
152
161
160
188
206
242
237
232
211
191
161
138
146
98
53
20
-6
-31
-43
-59
-48
-19
-33
-33
-39
-62
-81
-109
-110
-53
8
14
4
14
18
14
-9
2
38
12
19
21
-6
32
67
110
195
271
306
293
229
180
169
196
194
204
198
165
135
37
-29
-35
-25
49
77
53
35
-46
-53
-64
-84
-60
-26
54
89
111
123
95
100
114
127
143
112
126
179
192
212
201
175
201
257
302
351
359
342
360
328
287
270
239
215
223
254
245
210
189
213
239
192
186
183
159
171
188
192
189
133
86
61
66
135
167
151
99
52
46
58
86
53
61
56
29
17
-17
8
34
57
111
151
204
220
169
97
54
61
43
49
62
14
6
9
-31
-52
-103
-138
-94
-78
-100
-155
-200
-210
-216
-222
-239
-247
-220
-179
-158
-136
-140
-150
-165
-177
-193
-188
-173
-177
-158
-184
-209
-215
-221
-224
-234
-214
-182
-187
-205
-211
-182
-161
-164
-209
-205
-165
-117
-98
-65
-14
-35
-18
-30
-46
-22
-19
-31
-13
13
-22
-101
-110
-97
-69
-53
-68
-62
-49
-53
-30
-16
-5
-4
-3
21
43
45
50
75
112
125
94
59
30
28
-22
-36
10
51
54
6
-32
-39
-31
-16
-17
-11
7
42
66
36
25
8
66
9
73
-68
128
213
70
211
73
241
158
139
149
63
111
70
120
127
175
157
179
247
198
191
135
74
74
14
7
-43
-62
-52
-46
62
30
29
3
51
114
145
149
101
122
106
89
97
123
169
226
274
302
290
283
327
327
317
302
344
355
323
313
265
287
345
323
346
361
356
374
352
315
299
282
264
273
309
296
279
299
291
269
242
223
244
265
266
258
229
206
174
191
209
206
176
107
113
106
154
205
170
168
168
192
247
222
185
160
142
151
153
159
171
190
206
232
208
193
222
246
260
229
181
149
130
122
116
112
126
121
106
79
50
46
6
-13
-21
-80
-93
-96
-72
-58
-43
-21
7
8
-3
13
27
54
42
17
19
52
39
-14
-15
-9
26
30
17
14
49
94
72
47
49
68
77
115
126
106
93
49
62
39
46
43
66
54
-2
-26
-74
-114
-109
-96
-92
-67
-81
-59
-54
-48
-49
-72
-79
-69
-67
-28
-12
-41
-91
-134
-134
-106
-52
-25
-33
-66
-126
-186
-190
-138
-119
-92
-93
-121
-127
-167
-177
-158
-166
-164
-183
-174
-138
-161
-176
-197
-199
-190
-203
-192
-162
-164
-176
-200
-210
-228
-223
-159
-103
-66
-40
-50
-40
-72
-121
-104
-108
-88
-85
-69
-66
-80
-78
-111
-93
-77
-52
-28
-37
-34
-11
-17
-6
-11
-31
-45
-33
-18
-3
16
29
24
26
34
19
27
20
35
29
55
47
38
21
-18
7
0
13
-6
-39
-26
-40
-51
-52
-36
-16
-35
-53
-49
-6
4
34
50
29
1
-30
-62
-68
-33
-6
-21
23
45
49
58
56
63
55
51
68
55
88
129
148
137
110
136
167
181
204
247
280
289
259
245
194
132
89
67
55
45
37
16
-5
-41
-67
-36
-24
4
-19
-41
-38
-69
-83
-69
-97
-118
-125
-121
-77
-48
2
-14
-32
10
20
29
35
29
56
89
126
160
179
200
197
197
189
190
190
133
109
88
60
82
85
95
126
126
127
121
71
41
51
44
47
71
49
42
46
72
97
76
24
6
40
40
77
43
39
71
107
142
143
103
138
111
196
140
140
195
121
238
128
218
154
154
225
169
241
184
214
147
131
136
118
126
109
122
80
75
62
50
43
-9
-43
-74
-154
-137
-162
-150
-178
-197
-209
-233
-241
-277
-307
-377
-394
-408
-398
-377
-350
-384
-404
-391
-369
-336
-322
-309
-317
-310
-288
-311
-282
-264
-282
-267
-277
-281
-261
-249
-239
-241
-206
-205
-233
-268
-290
-320
-325
-346
-349
-347
-360
-328
-301
-285
-277
-254
-236
-252
-234
-201
-159
-131
-137
-177
-205
-217
-194
-164
-164
-166
-178
-183
-222
-245
-232
-234
-249
-272
-246
-248
-210
-145
-143
-126
-94
-72
-28
-23
-32
-22
-42
-56
-63
-56
-56
-62
-38
-79
-34
-31
-68
-24
-41
2
35
23
40
68
91
107
103
92
75
56
28
39
39
9
9
40
45
8
0
33
48
48
52
76
78
34
14
8
-29
-53
-46
-10
4
-59
-127
-142
-170
-165
-120
-67
-88
-104
-80
-68
-47
-55
-25
8
49
87
103
87
70
49
60
95
114
159
231
245
232
169
125
146
156
148
167
145
104
82
73
80
92
110
117
88
54
59
67
111
130
160
215
256
272
304
334
398
412
432
483
489
522
539
517
473
463
435
417
410
413
399
394
360
302
276
266
259
291
308
301
320
288
248
226
158
101
46
16
-18
-87
-131
-167
-197
-251
-341
-392
-461
-531
-537
-553
-590
-642
-736
-775
-830
-909
-938
-942
-966
-1001
-1046
-1077
-1130
-1172
-1226
-1240
-1257
-1310
-1344
-1351
-1338
-1213
-994
-837
-652
-542
-396
-272
-174
10
219
404
562
743
922
1034
1123
1229
1309
1320
1264
1236
1265
1244
1218
1195
1107
971
793
651
519
397
272
206
128
16
-86
-194
-325
-499
-564
-552
-519
-549
-562
-540
-524
-519
-525
-482
-480
-465
-401
-317
-160
-44
12
62
89
150
171
278
389
425
457
492
584
577
517
551
562
499
496
483
473
399
285
215
112
33
-51
-105
-174
-254
-283
-384
-359
-390
-465
-465
-534
-537
-581
-578
-568
-619
-643
-697
-745
-814
-891
-990
-1092
-1178
-1239
-1276
-1305
-1336
-1455
-1578
-1669
-1713
-1732
-1797
-1867
-1933
-1988
-2075
-2131
-2028
-1855
-1543
-1266
-1086
-896
-823
-723
-567
-296
36
356
688
1018
1281
1494
1688
1871
1990
2032
2075
2061
2103
2138
2079
2005
1888
1690
1514
1314
1096
892
774
694
625
494
341
212
37
-87
-152
-159
-128
-139
-161
-143
-159
-131
-147
-175
-139
-113
-72
-3
121
205
259
324
364
392
389
404
492
584
630
642
702
767
825
841
872
902
914
952
966
1015
1040
1063
1082
1060
1026
1006
966
929
864
798
812
771
718
621
539
488
353
240
181
172
159
135
117
82
7
-71
-84
-68
-72
-79
-87
-147
-237
-328
-454
-575
-652
-704
-756
-897
-1046
-1193
-1348
-1489
-1626
-1765
-1949
-2155
-2310
-2439
-2545
-2654
-2845
-2987
-3111
-2944
-2672
-2315
-2005
-1827
-1638
-1494
-1363
-1095
-605
-135
230
562
1014
1396
1599
1696
1998
2197
2151
2159
2335
2516
2465
2371
2380
2291
1975
1685
1545
1389
1086
883
831
751
571
356
187
-23
-254
-366
-361
-367
-396
-424
-396
-380
-396
-457
-497
-499
-544
-558
-430
-260
-156
-167
-140
-6
22
-11
56
144
187
222
273
400
458
444
508
636
803
882
867
958
1052
1143
1174
1220
1326
1267
1106
1054
1091
1070
1005
989
971
788
663
564
489
339
128
11
-122
-266
-372
-427
-454
-563
-729
-792
-841
-923
-1085
-1175
-1191
-1227
-1299
-1401
-1489
-1635
-1840
-2002
-2075
-2181
-2325
-2498
-2576
-2655
-2831
-2967
-3049
-3202
-3405
-3561
-3590
-3596
-3501
-3223
-2810
-2421
-2276
-2029
-1730
-1520
-1280
-905
-337
215
556
1052
1576
1824
1881
2095
2456
2551
2548
2714
2923
2995
2935
2950
2909
2569
2221
2048
1890
1623
1384
1269
1177
1013
812
594
346
48
-165
-273
-330
-377
-409
-398
-386
-422
-482
-560
-604
-624
-656
-559
-350
-146
-47
16
132
264
331
369
530
615
752
881
1049
1316
1390
1456
1475
1484
1552
1507
1788
2018
2035
2229
2205
2163
2028
1931
1904
1821
1829
1872
1852
1750
1540
1426
1251
961
786
577
515
437
319
235
16
-189
-381
-616
-710
-797
-847
-919
-973
-1020
-1164
-1296
-1464
-1593
-1715
-1839
-1910
-1986
-2055
-2108
-2226
-2385
-2528
-2620
-2652
-2731
-2834
-2872
-2965
-3076
-3178
-3212
-3252
-3128
-2797
-2314
-1968
-1828
-1584
-1371
-1140
-875
-329
341
811
1135
1644
2130
2382
2446
2707
3051
3052
2937
3030
3311
3353
3200
3127
3022
2736
2372
2076
1906
1580
1296
1238
1184
953
581
207
-99
-364
-595
-687
-668
-643
-696
-716
-645
-581
-638
-763
-761
-671
-631
-465
-151
85
154
196
313
486
565
558
687
812
882
958
1125
1340
1443
1371
1271
1268
1216
1213
1522
1627
1599
1602
1521
1488
1353
1403
1438
1303
1149
1182
1216
1085
872
826
611
332
136
2
-7
-187
-347
-449
-639
-824
-1031
-1187
-1261
-1435
-1564
-1636
-1606
-1667
-1801
-1946
-2070
-2136
-2226
-2282
-2351
-2549
-2762
-2825
-2848
-2941
-3027
-3141
-3184
-3291
-3444
-3504
-3581
-3699
-3790
-3824
-3767
-3478
-3016
-2498
-2167
-1878
-1622
-1436
-1214
-755
-24
592
1014
1510
2141
2499
2620
2811
3227
3413
3265
3287
3538
3690
3619
3499
3467
3202
2766
2374
2095
1844
1460
1181
1042
965
765
428
84
-240
-519
-738
-856
-816
-773
-767
-655
-509
-436
-500
-582
-565
-521
-458
-239
80
388
516
650
837
932
932
895
963
1075
1130
1266
1499
1688
1811
1756
1702
1651
1561
1491
1508
1553
1632
1616
1552
1599
1541
1435
1268
1184
1124
1056
1053
1099
1066
918
760
708
518
264
114
-13
-100
-177
-334
-495
-625
-771
-883
-1015
-1183
-1360
-1426
-1507
-1591
-1713
-1869
-2031
-2189
-2328
-2413
-2558
-2730
-2814
-2904
-3013
-3131
-3248
-3347
-3444
-3564
-3642
-3737
-3812
-3895
-3934
-3870
-3504
-2943
-2226
-1770
-1593
-1322
-1147
-938
-601
102
970
1583
1951
2546
3019
3158
3199
3491
3776
3686
3551
3707
3999
3950
3745
3633
3474
3046
2551
2176
1892
1553
1222
1060
1019
909
623
298
3
-275
-664
-912
-889
-832
-798
-764
-593
-432
-497
-616
-652
-624
-555
-477
-244
37
201
361
560
721
781
820
850
881
995
1108
1228
1385
1545
1581
1515
1422
1271
1205
1214
1306
1412
1304
1275
1392
1380
1270
1263
1233
1091
889
808
783
633
424
375
418
215
-88
-251
-288
-430
-658
-886
-1025
-1181
-1394
-1474
-1543
-1661
-1882
-2069
-2120
-2186
-2387
-2615
-2740
-2800
-2874
-3053
-3132
-3187
-3285
-3407
-3503
-3510
-3581
-3699
-3773
-3842
-3901
-3951
-3902
-3806
-3791
-3738
-3468
-3093
-2449
-1757
-1534
-1324
-1175
-980
-673
-259
526
1351
1865
2268
2778
3111
3168
3261
3529
3574
3362
3331
3554
3727
3713
3494
3364
3031
2416
2020
1701
1387
1040
705
643
524
321
199
-40
-305
-641
-948
-1019
-1064
-1011
-982
-947
-741
-527
-409
-340
-255
-249
-234
-112
90
327
604
888
1146
1349
1569
1706
1705
1654
1611
1567
1543
1582
1730
1796
1761
1691
1550
1463
1435
1441
1346
1247
1138
1025
981
1054
1159
1181
1019
861
783
702
583
467
372
319
226
90
15
-21
-133
-375
-583
-791
-987
-1121
-1193
-1231
-1331
-1525
-1708
-1832
-1958
-2160
-2377
-2568
-2673
-2682
-2747
-2820
-2967
-3123
-3284
-3409
-3471
-3564
-3666
-3738
-3836
-3890
-3934
-4037
-4016
-3964
-3608
-4029
-3055
-1849
-1093
-509
-857
-257
-138
152
683
1565
2415
3065
3990
4888
5265
4775
4721
4355
3809
3321
3119
3560
3850
3706
3565
3110
2357
1474
495
-146
-699
-1176
-1446
-1381
-1034
-856
-866
-901
-923
-918
-1258
-1495
-1351
-1111
-723
-37
640
1371
1778
1801
1770
1469
1293
1457
1453
1590
1872
1999
2337
2488
2412
2349
1881
1371
942
410
338
173
212
501
660
860
875
1022
1373
1472
1365
1637
2002
2219
2306
2229
2152
2143
1876
1676
1423
765
231
-415
-1000
-1142
-1418
-1513
-1466
-1669
-1723
-2072
-2681
-2919
-3190
-3304
-3112
-3090
-2898
-2870
-3083
-3225
-3598
-3872
-4033
-4208
-4163
-4102
-4161
-4117
-4249
-4326
-4346
-4582
-4696
-4866
-5144
-5339
-5537
-5956
-5328
-3748
-835
2543
4430
5352
5134
4417
3572
2600
2969
4631
5851
7253
7828
8063
7019
3927
1308
-413
-1703
-2125
-2159
-1539
-510
-702
-968
-1336
-1996
-2520
-3520
-3966
-3400
-2406
-730
936
2106
3027
2888
2226
1400
644
317
320
590
1394
2173
2690
2742
1917
1044
-50
-929
-1424
-1515
-1142
-447
275
983
1524
1720
1699
1133
643
301
351
917
1656
2597
3327
3320
2946
2055
1198
444
-295
-448
-88
575
1371
1825
1678
1584
928
378
368
230
305
422
561
891
751
134
-476
-1035
-1540
-1694
-1482
-1073
-553
-446
-251
-179
-295
-401
-696
-849
-911
-1082
-1195
-1360
-1757
-2257
-3066
-3769
-4297
-4563
-4772
-4833
-4807
-4686
-4772
-4659
-4878
-4972
-5019
-5254
-5039
-4937
-4823
-4540
-4714
-4384
-2717
234
4430
7171
8278
7958
6838
4938
2852
2059
3213
4851
6186
6632
6543
5361
2086
-1208
-3420
-3996
-3582
-3155
-2335
-854
297
918
1010
598
454
20
-617
-487
355
2036
3670
4269
4305
3680
2565
1255
-161
-1207
-1352
-926
-177
562
1056
1455
1193
302
-656
-1255
-1248
-723
1
1105
2512
3666
4226
3909
2946
1973
1154
761
804
1288
2078
2504
2586
2044
1378
622
-380
-1090
-1700
-1590
-958
74
790
2178
3056
3632
4163
2851
2561
1460
-114
349
-171
963
1998
965
1256
-661
-2241
-2725
-3859
-2994
-2209
-1443
53
441
433
290
-805
-1292
-1683
-2248
-1787
-1849
-1814
-1869
-2747
-3203
-4012
-4795
-5249
-5516
-5568
-5193
-5080
-4757
-4371
-4642
-4600
-5093
-5533
-5390
-6067
-5763
-5724
-4215
-1040
3418
7636
10027
10293
8266
6100
2810
789
1289
2511
5226
6200
6033
5707
2532
-663
-3791
-5152
-4575
-3774
-2848
-1369
340
1503
2602
2612
2134
1517
198
-373
-534
49
1708
2951
3496
3307
2201
685
-966
-2703
-3618
-3395
-2357
-581
762
1667
2191
1744
855
-144
-682
-341
591
1691
2895
3924
4596
4598
3623
2448
1455
656
165
-247
-226
202
673
848
557
-23
-843
-1749
-2590
-2799
-1848
-497
1181
2269
3196
3646
3931
3774
2557
2170
445
-137
-420
-1062
294
111
314
-147
-2054
-2540
-3721
-3854
-3208
-2388
-702
471
995
846
348
-533
-1219
-1830
-2204
-2155
-2308
-2145
-2383
-2879
-3173
-4015
-4704
-5263
-5781
-5626
-5282
-4789
-4111
-3881
-3476
-3665
-4013
-4299
-5217
-5617
-6145
-5900
-3912
-222
5564
9741
12157
11520
8936
6143
1712
-686
-651
1474
4511
5206
5347
4526
2066
-1162
-4097
-5234
-4892
-4165
-3422
-1754
239
2351
4113
4142
3265
1777
205
-652
-1241
-731
998
2764
3897
3844
2544
874
-844
-2484
-3225
-2701
-1190
717
1906
2266
2612
2562
2086
1385
595
652
1152
1696
2397
2922
3532
3793
3172
2190
1064
1
-742
-1268
-1185
-335
410
840
531
-276
-739
-1294
-1558
-1387
-837
354
1607
2566
3673
4261
4843
4928
3763
2678
608
-503
-1101
-1808
-814
-76
1001
1306
-196
-1252
-2684
-3319
-2979
-2128
-199
1450
2261
2324
1714
670
-300
-1247
-2199
-2472
-2707
-2506
-2212
-2461
-2572
-3353
-4129
-4722
-5622
-5479
-5394
-4736
-3817
-3268
-2736
-2962
-3095
-3591
-3978
-4444
-4774
-4635
-4755
-3320
298
5752
10571
12763
12066
9730
6330
1416
-2116
-2634
3
3202
4292
4402
3537
1892
-882
-3898
-5348
-5193
-4211
-3256
-1703
323
2715
4646
4924
3966
2177
450
-807
-1637
-1359
-84
1823
3488
3680
2522
903
-570
-1773
-2543
-2604
-1781
-541
473
1267
1887
2327
2364
1826
1052
327
237
588
1011
1552
2047
2500
2565
1795
713
-364
-1276
-1752
-1851
-1754
-1254
-859
-721
-756
-917
-741
-522
-420
-136
153
1131
1826
3311
5400
5914
6626
4283
1644
-152
-3056
-3285
-3265
-1162
1661
1940
2120
357
-1295
-2328
-3685
-3307
-1818
-177
1207
1834
1772
1558
615
-1014
-2694
-4338
-4656
-4315
-3946
-3090
-2737
-2552
-2617
-3866
-5087
-5905
-6134
-5904
-5043
-3902
-2860
-1854
-2301
-2807
-3813
-4875
-5409
-6180
-5578
-3109
2048
8188
12391
13688
11873
8894
4313
-565
-3433
-2950
10
2386
3363
3334
2885
1293
-1193
-3346
-4576
-4382
-4043
-2953
-787
1712
4520
6046
5953
4467
2097
253
-1170
-1804
-1495
-287
1550
2691
2560
1345
5
-1087
-2130
-2901
-3249
-2713
-1647
-448
800
1881
2598
2635
2040
1054
361
377
788
1355
1973
2614
3072
2842
1887
739
-370
-1429
-2207
-2550
-2336
-1809
-1211
-711
-416
28
44
133
430
892
1813
2726
5481
6479
7173
6070
2329
1348
-1899
-3255
-3226
-2840
209
812
1405
953
-164
-1031
-2698
-3341
-2751
-1422
-130
1311
1740
2145
2001
785
-335
-2212
-3124
-3123
-3032
-2094
-1531
-1486
-1111
-1664
-2905
-4045
-5034
-5101
-4784
-4153
-3642
-2979
-2298
-2931
-3304
-3913
-4293
-4457
-5128
-5297
-4334
-841
4695
9588
12629
12496
10363
6832
1479
-2448
-3658
-1765
1071
2172
2705
2670
2039
429
-1697
-3033
-3454
-3263
-2774
-1495
718
3289
5339
5859
4693
2597
484
-1037
-1954
-2107
-1314
213
1909
2391
1497
265
-951
-1772
-2559
-3280
-3119
-2164
-944
321
1214
1874
2156
1633
873
193
178
765
1322
1972
2502
2800
2776
1832
501
-636
-1677
-2339
-2559
-2275
-1454
-596
-167
37
-17
-246
-491
-603
-173
878
1966
4549
6945
8242
8542
5092
2174
-992
-4192
-4737
-4610
-1967
493
1600
1906
782
-146
-1518
-2969
-3290
-2785
-1577
193
1359
2132
2442
1891
757
-1214
-3095
-4052
-4202
-3608
-2866
-2352
-1548
-1165
-2049
-3465
-5018
-5922
-5828
-5708
-4912
-3601
-2529
-1960
-2519
-4098
-4987
-5855
-6500
-6443
-6149
-2804
3014
8533
12210
12539
10386
7328
2250
-2858
-4582
-3253
98
2132
2319
2725
2563
921
-1567
-3388
-4093
-3763
-3265
-2243
323
3249
5493
6529
5469
3223
932
-1018
-2136
-2402
-1467
391
2278
3243
2700
1339
-116
-1324
-2548
-3346
-3221
-2265
-793
399
1091
1549
1574
1059
332
-127
-60
751
1698
2536
3251
3557
3372
2450
1048
-282
-1243
-1932
-2348
-2190
-1567
-455
453
666
651
147
-355
-508
-245
1477
5109
7697
9894
9110
5667
3150
-1588
-4188
-5018
-4194
-1180
180
1435
1280
781
40
-1516
-2165
-2077
-1432
-415
707
1502
2235
2172
1359
179
-1516
-2488
-3128
-3392
-2880
-2608
-2167
-1677
-2090
-2603
-3758
-4635
-5266
-5642
-4824
-4433
-3136
-2192
-2216
-2032
-3387
-4593
-5527
-6252
-5985
-4285
413
7015
12509
14736
13179
9613
5297
117
-3163
-3166
-801
1988
2645
2233
1470
264
-1562
-3599
-4481
-4329
-3110
-1462
405
3025
5458
7026
7066
4981
2230
-205
-1877
-2085
-1318
119
2142
3410
3151
1623
-262
-1564
-2671
-3364
-3291
-2213
-209
1480
2453
2615
1857
809
-738
-1891
-2123
-1377
596
2433
3960
5006
5086
4544
2722
442
-1387
-2609
-2757
-2499
-1768
-729
158
428
-53
-827
-1678
-1797
-1787
-604
2631
5430
8583
8859
7360
5602
1308
-1627
-4060
-4455
-2992
-2006
-618
-413
-60
-417
-1681
-2400
-2474
-1612
-396
736
1503
2311
2495
1834
420
-1337
-2547
-3612
-4085
-4038
-3656
-2816
-2340
-2621
-3318
-4140
-4798
-5435
-5610
-5505
-5166
-3968
-3208
-2591
-2285
-3079
-3848
-5370
-7087
-8175
-7309
-3187
3433
9713
13265
13773
11138
7047
1394
-2987
-3708
-1504
1356
2169
2196
1599
707
-1471
-4352
-5545
-5729
-4590
-3127
-1101
2237
5523
7864
8219
6451
3838
1297
-1042
-2570
-2775
-1390
734
2259
2386
1212
-172
-1614
-2929
-3688
-3741
-2562
-678
1348
2933
3576
3328
2080
264
-1467
-2519
-2453
-1145
594
2458
4060
5046
5038
4070
2560
793
-617
-1485
-1744
-1307
-508
374
830
717
46
-797
-1387
-1730
-1039
2000
4854
7690
8728
6908
5685
2288
-109
-934
-1190
166
-154
-643
-1743
-2654
-3001
-3720
-3240
-2422
-1179
225
1430
2316
2739
2566
1699
672
-600
-1457
-1923
-2273
-2368
-2843
-3369
-3817
-4611
-5618
-6417
-6519
-6158
-5453
-4830
-4196
-3114
-2691
-3082
-3513
-4358
-4722
-4832
-5857
-5999
-4756
-1323
4566
9072
11679
11531
8977
6030
2085
-180
298
2362
4120
4062
2828
1103
-424
-2823
-4705
-5326
-4911
-3204
-1477
523
2999
5246
6556
6458
5150
3403
2384
1668
1369
1519
1722
2155
1739
442
-1138
-2309
-2555
-2478
-2287
-1671
-474
886
1957
2216
2103
2010
1656
1121
257
-42
197
732
1170
1068
1467
1887
2176
2395
2117
2238
2120
1636
1040
214
-70
-320
-536
-782
-1152
-1087
-1176
-1071
-901
783
3204
5107
6818
5408
4263
2592
531
207
-247
1176
1754
868
-1052
-3642
-5063
-6306
-5937
-4425
-2095
388
1830
2388
2046
1301
87
-962
-1658
-1899
-1293
-971
-703
-933
-2169
-3790
-5936
-7913
-9050
-8859
-7496
-5469
-3730
-2780
-2121
-2371
-2854
-3596
-4072
-4155
-4035
-3796
-4161
-4292
-2988
301
5437
9128
10335
9218
6482
3735
958
469
2354
5241
6375
4580
2161
-350
-2355
-4441
-5554
-5026
-3834
-2068
-1090
376
2074
3281
3942
3189
2349
1825
2063
2660
2937
3326
3035
2060
126
-2448
-4143
-4420
-3288
-2017
-863
341
1363
2135
1794
1201
742
563
568
559
1098
1814
2801
3110
2366
1492
645
124
-56
54
781
2000
2674
2470
1818
1007
464
-222
-1321
-1878
-1772
-768
206
753
1212
1323
1636
1585
1409
2235
3249
3930
4005
3093
2401
1493
108
-1195
-2636
-3389
-3847
-3999
-3401
-2288
-650
575
875
732
471
168
3
-2
222
874
1380
1514
834
-422
-2200
-4122
-5902
-7251
-7521
-7310
-6248
-5491
-4764
-4207
-3808
-3268
-3276
-3260
-3260
-3357
-3605
-4340
-4814
-5032
-4067
-1392
3138
7817
10048
10130
7521
4703
2048
434
1805
4273
6305
6295
4332
2106
-525
-3105
-4946
-4853
-3749
-2364
-1230
60
1982
2932
2833
1891
1099
1078
1362
2094
3421
4565
4696
3570
1305
-1214
-3072
-3756
-3175
-1882
-630
679
1787
2203
1853
1240
624
490
441
505
1185
1991
2894
3001
2676
2267
1543
1132
731
857
1576
2190
2414
2129
1651
981
664
245
-4
-231
-352
-529
-1014
-1511
-1770
-1591
221
3218
4896
7383
5947
4619
2867
-592
-342
-1181
265
517
-822
-1240
-3273
-3631
-4877
-4541
-3607
-2548
-1279
-936
341
640
1177
514
-54
-382
-893
-748
-1376
-1556
-2072
-3295
-4463
-5904
-6820
-7308
-7219
-6964
-6561
-5714
-5491
-4343
-3898
-3412
-3086
-3300
-3434
-3997
-3845
-4433
-3701
-1359
3106
8082
9963
9676
6904
4897
2634
1359
3425
5727
7875
6629
3899
1398
-1370
-3380
-4728
-3541
-1800
-727
-464
-484
382
644
280
151
644
1759
2439
2908
3590
3997
3539
1963
-55
-1498
-2031
-2021
-1301
-611
-208
-94
-606
-932
-845
-488
227
680
1129
1813
2167
2053
1678
1199
1174
1453
1748
2365
2788
3233
3040
2049
1033
96
-251
-50
493
1319
1788
1616
796
-671
-2467
-3686
-4328
-3818
-2637
341
5467
8157
9932
6977
2809
-4
-3830
-3441
-2322
705
3250
2041
801
-1860
-3999
-5843
-6533
-5006
-2640
-679
511
1961
2528
2030
222
-1188
-1383
-1571
-1289
-1265
-933
-597
-1794
-3507
-4965
-5922
-6535
-6734
-6619
-5984
-5157
-4600
-4125
-3331
-2852
-2819
-2912
-3732
-4254
-4604
-5296
-5250
-3942
228
5715
9313
10176
7815
4940
2108
-189
883
3822
6966
7521
5485
3222
530
-2157
-3948
-3161
-1004
10
-289
-391
760
1372
617
-134
264
1318
1437
1221
1787
2845
3256
2505
1668
1096
624
-42
-256
289
666
493
169
163
419
499
303
344
655
1061
1176
941
964
1176
1274
1219
1423
2052
2489
2395
2041
1636
1424
1184
964
1042
1400
1752
1383
239
-1099
-2183
-3072
-3582
-3295
-2087
-367
1148
3477
5610
6446
5757
2443
238
-1356
-1902
-393
817
2774
2852
888
-1255
-3860
-5015
-4869
-3628
-1486
57
710
746
491
-241
-1102
-1595
-1302
-850
-656
-611
-1324
-2250
-3574
-4876
-5430
-5567
-5898
-5847
-5368
-5197
-4894
-5378
-5120
-4241
-3611
-2873
-3252
-3390
-3823
-5066
-5525
-5503
-4709
-2051
1857
6859
9469
8200
4447
945
-447
-58
2622
5911
8573
8655
5661
1876
-2017
-3801
-2929
-701
1825
2582
2391
1712
469
-913
-2066
-1909
-879
-322
95
943
1671
1645
839
274
427
469
169
667
1952
3001
2477
906
-14
-475
-337
-241
438
1411
1473
944
134
-224
-288
-598
-645
71
1240
2169
2408
2386
2445
2190
1440
885
1005
1232
1147
640
65
-567
-1270
-2132
-2201
-1277
-244
853
900
1613
2626
3844
3870
2841
1626
-67
-247
-1042
-539
216
22
-51
-1500
-2055
-2425
-2730
-1825
-1069
-155
-211
-1001
-1163
-775
-41
470
899
1100
651
-683
-2376
-3629
-4453
-4299
-3832
-3191
-2627
-2784
-3555
-4306
-5223
-5473
-4950
-4488
-3230
-3028
-2554
-2592
-3355
-3595
-4614
-4509
-4151
-4195
-2386
776
4885
6885
5183
2523
659
356
1048
3169
5679
7326
6392
3612
1347
-533
-778
886
3417
5214
4109
1699
-265
-1334
-1650
-1719
-722
573
694
73
-515
-722
-815
-1046
-401
1223
2729
3444
3402
3154
2431
1415
711
759
1534
2083
2424
2691
2148
1072
-358
-927
-465
-64
772
1555
2237
2129
1339
1146
1077
1106
701
488
941
1073
801
172
21
-129
-460
-680
-670
97
491
820
1212
1772
1867
2418
4669
4371
4413
1066
-1813
-1133
-2490
-286
186
503
1705
-244
-645
-1767
-2461
-1577
-962
-113
109
-162
-296
515
779
1044
885
-75
-1147
-3395
-4078
-3939
-3492
-2642
-2568
-1852
-1976
-3154
-4854
-5814
-5731
-5027
-3720
-2429
-1492
-1506
-2697
-4073
-4582
-4641
-4820
-4478
-4095
-3815
-2745
-1106
1976
4087
3272
1238
-579
-250
801
2527
4771
6204
6194
4861
3647
2551
2168
2696
4041
5218
4267
2519
833
-172
-250
-396
-2
94
-992
-2451
-3121
-2721
-1836
-1106
-93
1390
1838
1445
679
-1
0
185
1184
2789
3705
3558
2408
1232
347
-542
-747
-71
925
1621
1901
1842
1317
392
-373
-509
-202
27
68
66
-53
-475
-786
-749
-453
-347
-553
-586
-82
354
621
1058
1989
2972
3021
3212
2613
1759
589
-1116
-1116
-571
20
407
-10
-65
-607
-1090
-1152
-1300
-1174
-977
-733
-580
-456
-383
-55
452
101
-724
-1658
-2289
-2504
-2782
-2392
-1891
-1733
-1756
-2406
-2742
-3349
-3900
-3998
-3754
-2719
-2088
-1363
-1461
-2130
-3009
-4250
-4769
-4683
-3944
-3185
-2974
-3128
-3506
-4227
-4452
-3191
-815
1824
2033
632
-308
113
1750
3323
4680
5770
6029
5372
4466
3923
3692
4075
4990
6052
5922
4087
1919
183
-570
-685
-624
-431
-799
-1610
-1930
-1707
-1285
-892
-987
-957
-613
-333
436
1351
2197
2812
3042
2999
2518
1367
440
119
361
1271
2033
2631
2480
1613
1046
624
350
141
79
464
607
292
-205
-525
-857
-1357
-1596
-1419
-844
-202
10
346
864
1195
1673
1710
2549
3237
3097
2377
692
537
841
1142
1775
1312
798
200
-431
-513
-253
313
886
1205
943
446
-199
-682
-653
-530
-132
-335
-872
-1176
-1387
-1189
-1318
-1696
-1920
-2173
-2275
-2236
-1841
-1356
-1152
-923
-1029
-665
-1047
-1630
-2829
-3932
-4144
-4104
-3241
-2327
-2108
-2412
-3628
-4784
-5318
-5872
-5969
-5157
-3082
237
2309
1483
-33
-1190
-205
1995
3637
5229
6091
5817
5595
5314
5354
5589
5653
6167
6732
5707
3821
1721
107
-31
109
665
765
-718
-2034
-3060
-3303
-2801
-2349
-1663
-1117
-945
-316
875
1625
1599
775
195
141
217
518
969
1297
1607
1661
1778
1774
1401
1223
1624
2013
1940
1511
854
430
-215
-716
-619
-506
-528
-1042
-1375
-1109
-554
-225
-131
-252
101
382
1327
2092
2408
2349
1444
1193
1044
1166
984
750
557
277
309
348
525
762
1102
1423
1387
951
-21
-873
-1212
-1118
-864
-836
-1057
-1494
-1924
-2101
-2132
-2189
-2542
-2600
-2497
-2104
-1540
-899
-392
-506
-853
-1174
-1520
-1736
-2516
-2964
-3145
-3011
-2702
-2816
-3093
-3243
-3900
-4677
-5595
-6185
-5966
-5803
-5126
-4779
-3175
-1605
100
-379
-2228
-2948
-1944
1638
4168
5571
6053
5260
4895
4431
4795
5449
5602
5753
5908
5739
4583
3296
1627
282
71
-20
163
-674
-2065
-2741
-3048
-2366
-1302
-490
-64
-389
-563
-451
-664
-725
-661
-478
-204
65
426
874
833
473
417
765
1452
2149
2436
2792
2938
2646
1839
827
111
-363
-508
-196
375
679
470
-178
-720
-1076
-1164
-815
-616
-487
-338
1113
2112
2142
1012
-665
178
729
1386
1656
1015
1327
1491
1976
2531
2522
2377
2084
2064
1769
1623
794
104
-155
-617
-439
-733
-1339
-2003
-2788
-2333
-1706
-1282
-1114
-1260
-1038
-593
-105
372
364
-486
-1255
-1771
-1843
-1358
-1150
-1259
-1443
-2063
-2557
-3054
-3934
-4113
-4215
-4020
-3876
-4319
-4241
-4092
-4348
-4052
-4708
-3912
-2990
-1303
-54
-793
-499
-231
2117
3820
4036
4266
3835
4078
4872
5726
6401
6137
5297
4501
4316
3581
2773
1899
964
1032
864
717
552
-157
-568
-879
-661
-383
-684
-1379
-1825
-2093
-2097
-1675
-1598
-1601
-1705
-1903
-1466
-1230
-976
-322
78
1015
2124
3127
3663
2904
1917
1305
1143
1410
1498
1435
1297
1050
764
696
391
10
-597
-1288
-1651
-1635
-1272
-653
-70
966
946
420
-192
-725
99
455
1026
1647
1618
1977
2320
2574
3064
3056
2750
2693
2477
2346
2084
1061
271
-340
-753
-866
-1283
-1401
-1564
-1830
-1906
-1844
-1520
-1092
-810
-651
-638
-801
-1109
-1573
-1776
-1587
-1302
-1110
-1168
-1586
-2255
-3051
-3911
-4352
-4705
-4820
-4327
-3662
-3238
-3450
-4144
-4609
-4985
-5647
-5569
-5440
-4593
-3827
-2796
-2068
-1121
-1497
-2103
-1924
-770
2182
3722
3896
3654
3119
3419
4080
4581
5004
4402
3354
3025
3348
3263
3142
2638
2113
2188
1857
1710
1306
266
-463
-1161
-1407
-1313
-1410
-1682
-1961
-2372
-2460
-2454
-2817
-2688
-2426
-1847
-606
284
1039
1383
1224
1246
1272
1467
1812
1737
1699
2048
2204
2228
1791
1347
1028
376
-291
-598
-737
-599
-587
-497
-364
-179
-124
-146
-374
-479
-628
-882
-643
25
1253
2169
2666
2900
2671
2414
2369
2438
2881
3107
3012
2899
2570
2131
1655
789
-22
-468
-821
-737
-476
-248
119
-14
-207
-474
-596
-448
-450
-336
-372
-214
81
244
52
-404
-1021
-1894
-2700
-3354
-3293
-2972
-2579
-2139
-1908
-2035
-2738
-3722
-4274
-4567
-4286
-3818
-3303
-2600
-2808
-2869
-3599
-3903
-4042
-3577
-2782
-1329
-782
-658
-196
365
2087
2749
2471
2310
1998
2330
3314
3753
4487
4668
4284
4755
5259
5086
4565
3245
2200
1734
981
1032
1321
1138
784
-38
-853
-1424
-2346
-3104
-3360
-3141
-2203
-1217
-569
-172
-235
-513
-344
-273
90
409
482
1138
2006
2670
2888
2230
1288
674
481
790
1402
1792
1642
1182
456
227
293
233
-1
-458
-714
-683
-492
-249
54
265
804
1382
1777
1876
1461
915
798
1445
2390
3164
3333
2855
2217
1591
1072
570
62
-284
-274
-28
375
508
308
-173
-969
-1403
-1331
-1033
-522
-298
-283
-391
-651
-826
-1108
-1416
-1642
-2035
-2230
-2464
-2640
-2270
-2128
-2089
-2181
-2667
-2846
-3315
-3610
-3585
-3552
-3181
-3081
-2881
-3075
-3268
-3603
-4018
-4251
-4434
-4499
-4011
-4021
-3173
-2451
-1235
-634
-1373
-1607
-1531
107
1430
2081
2271
2632
3320
4276
5020
5266
4826
3976
3535
3719
4024
3759
3336
2820
2549
2234
1597
775
-394
-1468
-1864
-1691
-1357
-1279
-1605
-1805
-1830
-1743
-1641
-1609
-1783
-1674
-1426
-838
-21
565
595
218
-195
-107
389
656
764
797
1023
1305
1551
1622
1469
1076
661
489
551
704
690
400
329
313
460
706
650
720
465
415
797
1318
1954
2264
2368
2408
2227
1922
1444
1063
992
1132
1407
1670
1752
1569
1253
864
473
357
295
361
458
487
673
625
400
-73
-635
-913
-1129
-1144
-1035
-895
-798
-1029
-1182
-1289
-1357
-1439
-1628
-1770
-1765
-1657
-1457
-1372
-1428
-1643
-2059
-2264
-2559
-2832
-3202
-3597
-3401
-3228
-2989
-3075
-3462
-3562
-3937
-3761
-4041
-3613
-3031
-2352
-1244
-1195
-685
-449
293
1706
2370
2441
2236
2097
2745
3531
4161
4561
4303
3692
3442
3746
3752
3615
2865
2301
2157
1863
1898
1645
1131
611
-82
-666
-1114
-1400
-1445
-1250
-1057
-899
-593
-715
-942
-1241
-1339
-973
-557
-168
18
-111
-159
46
613
1310
1630
1527
1316
1316
1451
1835
2021
1824
1324
849
599
735
723
703
677
504
577
584
740
1115
1209
1102
949
851
1046
1063
1080
1158
1192
1223
1319
1360
1269
1069
874
873
986
1051
1116
1040
717
367
-4
-212
-116
-272
-424
-576
-815
-966
-1170
-1332
-1282
-1269
-1086
-1005
-1036
-1143
-1264
-1291
-1289
-1214
-1231
-1181
-1285
-1823
-2185
-2384
-2399
-2179
-2231
-2223
-2579
-3063
-3145
-2942
-2674
-2709
-2847
-3019
-3041
-3135
-3178
-3057
-3143
-3088
-2910
-2470
-1856
-1151
-999
-767
-704
-419
511
1178
1755
2018
2197
2597
2885
3011
3337
3509
3676
3665
3631
3585
3377
2928
2429
2008
1447
971
638
402
149
-148
-535
-824
-1142
-1403
-1396
-1422
-1503
-1614
-1756
-1732
-1741
-1718
-1405
-996
-660
-433
-165
98
309
448
650
842
837
897
979
1048
1176
1293
1346
1301
1342
1540
1620
1560
1429
1412
1505
1539
1475
1319
1345
1523
1621
1737
1778
1817
1517
1173
1069
1105
1041
788
527
450
527
643
731
661
449
170
83
31
-63
-270
-465
-535
-449
-435
-421
-477
-614
-553
-486
-357
-203
-218
-301
-503
-629
-623
-558
-417
-367
-328
-314
-429
-651
-819
-898
-870
-1002
-1087
-1081
-1057
-1174
-1517
-1917
-2102
-2200
-2192
-2089
-2184
-2246
-2328
-2349
-2309
-2366
-2493
-2684
-2930
-2945
-2442
-1642
-1057
-644
-354
-244
-289
-185
301
889
1351
1549
1881
2151
2227
2332
2286
2219
2288
2331
2502
2587
2588
2700
2634
2464
2054
1577
1118
744
550
487
330
264
313
340
268
-47
-423
-759
-848
-795
-680
-441
-253
-241
-285
-392
-230
-86
-113
-10
111
416
787
1077
1255
1328
1271
1101
1165
1356
1633
1897
2010
1993
1864
1714
1669
1674
1351
1064
950
969
1162
1242
1367
1469
1326
1184
975
827
837
719
758
764
804
795
608
429
123
-34
-165
-204
-297
-472
-576
-741
-681
-536
-465
-332
-330
-261
-222
-426
-642
-890
-820
-549
-281
-97
-102
-242
-447
-585
-714
-891
-1089
-1187
-1128
-1047
-1088
-1185
-1446
-1784
-2089
-2423
-2563
-2558
-2548
-2496
-2389
-2351
-2378
-2485
-2618
-2805
-3034
-3140
-3068
-2868
-2590
-2292
-2024
-2060
-2296
-2474
-2423
-1981
-1428
-825
-156
413
884
1222
1490
1692
1652
1716
1800
1986
2236
2244
2438
2514
2479
2402
2053
1720
1292
1076
1049
1001
907
694
570
367
66
-254
-519
-670
-830
-857
-672
-436
-146
176
367
455
252
-134
-209
100
744
1311
1574
1631
1542
1243
1072
950
803
651
661
776
1191
1700
1955
1899
1587
1408
1324
1331
1290
1379
1420
1487
1485
1548
1500
1107
677
347
326
397
419
342
363
349
237
146
112
-4
-180
-362
-479
-457
-316
-135
-9
-40
-47
-132
-185
-201
-380
-479
-559
-561
-471
-288
-94
-79
-296
-681
-1005
-1186
-1218
-899
-627
-442
-479
-635
-654
-733
-902
-1059
-1108
-1197
-1427
-1629
-1677
-1662
-1760
-2022
-2347
-2770
-3171
-3505
-3679
-3722
-3674
-3586
-3282
-2917
-2664
-2409
-2158
-1898
-1724
-1519
-1214
-744
-305
147
566
916
1231
1541
1841
1964
2174
2435
2609
2751
2679
2719
2913
2832
2551
2076
1697
1455
1325
1379
1389
1250
1035
669
416
162
-209
-512
-632
-474
-164
89
70
-166
-384
-584
-676
-667
-663
-438
-92
230
564
781
938
956
929
1071
1193
1331
1391
1491
1540
1473
1501
1488
1433
1275
1013
999
1175
1326
1547
1597
1550
1479
1299
1168
1025
823
742
838
904
944
1045
1137
1026
758
346
-96
-339
-557
-706
-812
-835
-808
-743
-730
-800
-999
-1385
-1652
-1650
-1417
-975
-641
-350
-17
247
427
398
302
204
193
222
397
595
640
426
30
-374
-665
-862
-1063
-1202
-1311
-1394
-1566
-1826
-2152
-2491
-2742
-2952
-3163
-3321
-3474
-3531
-3505
-3577
-3722
-3878
-3977
-4045
-4036
-3826
-3536
-3120
-2673
-2333
-2003
-1826
-1580
-1214
-815
-323
200
701
1158
1553
1913
2290
2736
3029
2951
2864
2736
2763
2892
2926
2931
2885
2670
2457
2307
2096
1797
1346
891
700
755
842
909
822
616
297
-74
-339
-421
-339
-133
9
134
244
169
-42
-157
-104
-4
161
229
310
437
508
637
838
1068
1155
1137
982
944
1083
1246
1554
1908
2230
2381
2394
2354
2340
2183
1897
1449
1146
956
820
791
717
534
253
-126
-654
-1164
-1492
-1588
-1549
-1457
-1186
-925
-819
-797
-786
-688
-573
-438
-299
-62
167
328
528
654
680
630
467
382
393
515
758
966
991
935
819
612
386
200
104
24
-137
-393
-708
-1047
-1365
-1641
-1880
-2111
-2369
-2717
-2923
-3041
-3162
-3353
-3463
-3525
-3644
-3745
-3821
-3679
-3513
-3458
-3375
-3295
-3169
-2912
-2587
-2280
-1787
-1471
-1259
-1040
-827
-437
-13
398
846
1223
1477
1703
1910
2110
2257
2556
2957
3230
3350
3293
3207
3121
2922
2743
2654
2414
2229
2123
1987
1822
1535
1192
809
410
61
-63
-61
-71
-143
-356
-618
-804
-834
-691
-580
-481
-318
-87
190
517
884
1160
1464
1664
1816
1966
1977
2000
2028
2085
2131
2013
1867
1783
1669
1558
1334
1114
830
538
299
200
266
282
285
127
-36
-140
-183
-125
-28
56
112
61
-96
-285
-426
-409
-390
-268
-159
-121
-116
-233
-325
-372
-347
-284
-153
10
73
118
232
342
439
410
306
294
286
318
331
194
-92
-479
-805
-1048
-1105
-1102
-1258
-1471
-1771
-2059
-2265
-2437
-2552
-2688
-2760
-2820
-2855
-2906
-2860
-2788
-2737
-2669
-2689
-2795
-2966
-3021
-2976
-2835
-2758
-2732
-2618
-2625
-2610
-2473
-2208
-1811
-1523
-1143
-862
-735
-541
-358
-86
178
530
956
1318
1546
1696
1808
2006
2032
1967
2081
2042
2015
1914
1836
1860
1730
1437
1025
733
610
570
668
693
670
640
442
326
234
178
249
284
347
380
477
573
586
593
602
626
663
690
799
784
621
499
398
404
457
524
547
516
501
558
567
561
420
267
198
65
25
-31
-91
-235
-319
-244
-157
-169
-342
-513
-674
-793
-784
-554
-286
-87
15
85
232
340
377
448
511
611
761
880
947
928
838
701
568
546
579
625
660
666
644
494
400
236
105
69
27
4
-89
-175
-197
-185
-132
-104
-241
-481
-730
-1000
-1257
-1476
-1674
-1698
-1650
-1668
-1684
-1736
-1863
-1942
-2029
-2076
-2033
-1945
-1808
-1765
-1775
-1795
-1731
-1699
-1681
-1640
-1504
-1381
-1280
-1128
-956
-774
-669
-644
-680
-517
-323
-171
4
149
444
756
1088
1512
1897
2037
2080
2194
2411
2552
2637
2828
2991
3062
3037
3084
3078
2984
2864
2772
2681
2524
2475
2389
2217
2017
1828
1713
1590
1482
1482
1532
1486
1404
1296
1250
1212
1089
1028
937
795
617
475
416
437
450
409
411
380
254
13
-275
-490
-555
-581
-501
-355
-311
-358
-420
-448
-469
-455
-375
-127
-12
-56
-51
-102
-137
-219
-200
-160
-139
-55
119
268
280
268
360
333
209
183
277
508
627
743
862
874
875
814
777
750
619
446
141
-70
-76
5
114
148
65
-131
-379
-653
-807
-843
-793
-724
-735
-761
-851
-1041
-1272
-1482
-1653
-1761
-1886
-1897
-1856
-1928
-2084
-2223
-2421
-2670
-2829
-2905
-2863
-2796
-2692
-2557
-2453
-2339
-2203
-2087
-1972
-1952
-1907
-1822
-1784
-1747
-1669
-1551
-1521
-1518
-1490
-1391
-1257
-1003
-819
-598
-429
-335
-275
-184
57
291
492
559
686
893
1160
1390
1701
1890
1918
1888
1890
1969
1930
1827
1796
1719
1546
1365
1273
1312
1232
1113
998
958
891
696
470
279
204
184
191
258
378
399
334
207
161
179
180
138
19
-134
-267
-376
-542
-673
-748
-828
-906
-881
-833
-783
-887
-1067
-1109
-1061
-962
-785
-452
-186
-9
108
197
299
351
452
589
641
614
587
629
766
881
962
1081
1198
1237
1190
1098
1022
912
851
911
993
1108
1115
955
756
551
422
429
434
392
313
189
-3
-163
-349
-616
-801
-929
-941
-849
-740
-671
-644
-617
-677
-652
-559
-509
-451
-486
-512
-450
-460
-483
-510
-552
-572
-574
-583
-583
-584
-595
-585
-541
-504
-501
-461
-463
-503
-467
-467
-373
-262
-126
-23
32
100
85
-16
-183
-364
-418
-361
-229
-54
51
21
-137
-192
-140
136
452
646
795
933
1069
1354
1702
1985
2216
2379
2557
2776
3028
3181
3269
3231
3154
3069
2968
2767
2541
2269
1954
1689
1450
1271
1067
773
461
161
-58
-335
-608
-686
-694
-674
-756
-841
-896
-912
-929
-1034
-1102
-1067
-979
-888
-808
-727
-588
-448
-322
-127
41
194
270
340
509
642
803
976
1070
1158
1222
1306
1363
1333
1281
1248
1258
1257
1208
1064
851
603
351
115
-40
-63
-138
-238
-361
-473
-478
-528
-608
-682
-713
-693
-679
-668
-708
-810
-899
-967
-1028
-1088
-1111
-1153
-1215
-1313
-1386
-1410
-1422
-1517
-1595
-1550
-1533
-1429
-1286
-1160
-992
-872
-779
-682
-573
-473
-433
-453
-470
-486
-530
-639
-777
-895
-983
-1092
-1209
-1352
-1510
-1678
-1862
-1950
-1982
-2019
-2072
-2228
-2308
-2290
-2211
-2092
-1990
-1798
-1651
-1569
-1440
-1219
-924
-581
-304
-52
106
300
465
626
943
1277
1554
1719
1822
1986
2110
2137
2240
2229
2210
2196
2144
2078
1909
1687
1410
1146
899
659
435
182
-96
-334
-491
-592
-620
-649
-734
-895
-1006
-1010
-996
-970
-938
-912
-897
-818
-679
-572
-496
-474
-484
-447
-331
-153
-49
-33
-78
-157
-222
-198
-97
-80
-57
8
105
215
311
438
515
587
647
777
917
955
930
887
878
802
768
726
696
678
555
447
372
273
124
-18
-140
-202
-257
-271
-235
-198
-227
-237
-183
-50
68
121
185
175
239
321
448
555
570
535
479
456
456
482
419
284
183
92
50
-12
-133
-261
-395
-473
-545
-594
-617
-673
-693
-767
-827
-775
-730
-672
-618
-560
-508
-455
-419
-437
-476
-504
-493
-476
-469
-432
-362
-210
-30
85
110
84
3
-24
32
55
129
198
271
351
443
438
460
445
428
538
666
869
1020
1166
1281
1343
1344
1351
1318
1323
1398
1419
1576
1678
1649
1530
1250
957
770
628
533
418
284
116
-111
-343
-536
-619
-652
-707
-814
-882
-843
-793
-780
-641
-484
-341
-243
-168
-67
11
42
79
135
91
101
116
188
262
245
163
-18
-140
-180
-138
-105
-55
10
66
108
181
306
412
513
454
431
480
594
701
741
733
670
624
589
535
477
407
310
163
58
-47
-130
-191
-263
-364
-436
-419
-447
-450
-521
-537
-584
-609
-546
-572
-600
-708
-838
-894
-893
-798
-722
-755
-850
-973
-1064
-1098
-1123
-1077
-976
-885
-798
-742
-653
-601
-598
-663
-766
-863
-926
-922
-925
-912
-946
-985
-1033
-1117
-1184
-1238
-1229
-1133
-1009
-928
-913
-914
-943
-975
-931
-875
-831
-782
-711
-543
-375
-256
-101
-49
-142
-193
-174
-95
-22
-13
-19
51
88
73
34
42
110
97
107
135
197
205
231
293
310
378
400
378
364
289
292
354
374
379
427
509
505
447
370
315
268
235
264
250
234
228
262
283
255
248
225
198
160
141
131
125
97
132
195
271
335
332
336
360
406
384
375
404
500
638
767
942
1073
1064
979
947
924
929
1004
1081
1088
1029
940
881
807
676
570
466
399
425
485
479
385
230
110
49
-9
7
44
136
167
53
-98
-173
-216
-236
-262
-352
-465
-583
-604
-562
-554
-671
-750
-811
-927
-906
-841
-780
-749
-773
-758
-754
-747
-707
-588
-440
-406
-336
-229
-149
-50
-15
52
64
-12
-67
-108
-118
-133
-193
-257
-374
-434
-486
-584
-665
-801
-886
-935
-968
-988
-993
-1002
-997
-929
-820
-774
-791
-829
-849
-816
-727
-573
-373
-215
-175
-108
4
120
217
370
587
745
904
1034
1144
1207
1215
1300
1363
1372
1353
1311
1311
1301
1278
1216
1149
1067
975
895
793
712
595
459
369
266
225
267
321
328
292
230
173
143
50
38
49
69
66
69
37
-7
-69
-143
-93
31
235
366
473
595
723
810
792
856
950
1041
1170
1224
1250
1240
1145
1049
931
812
720
599
444
291
131
5
-42
-116
-257
-459
-633
-777
-889
-915
-936
-996
-1083
-1139
-1100
-1077
-1078
-1070
-1052
-1068
-1093
-1052
-971
-906
-890
-873
-839
-807
-787
-735
-702
-697
-630
-556
-457
-371
-383
-412
-408
-429
-457
-455
-411
-376
-428
-444
-445
-480
-495
-528
-590
-648
-731
-808
-821
-807
-812
-861
-904
-968
-1023
-1090
-1139
-1131
-1075
-989
-925
-888
-817
-689
-566
-440
-334
-188
-74
51
243
390
559
674
759
840
870
920
1035
1155
1237
1295
1313
1327
1355
1398
1456
1440
1305
1194
1150
1144
1099
995
914
805
654
465
330
183
25
-82
-135
-123
-59
-21
-53
-95
-133
-123
-91
37
218
361
446
511
569
666
763
870
989
1052
1147
1212
1255
1263
1260
1282
1224
1168
1065
1016
1031
1026
1018
959
805
607
423
338
315
258
213
159
95
18
-36
-82
-141
-256
-346
-385
-428
-411
-344
-315
-413
-521
-591
-558
-502
-458
-476
-578
-666
-756
-782
-726
-700
-695
-750
-844
-896
-963
-998
-1012
-969
-943
-943
-945
-912
-839
-791
-714
-706
-708
-651
-604
-523
-472
-449
-424
-449
-479
-529
-530
-502
-478
-429
-353
-316
-320
-338
-348
-380
-404
-384
-338
-221
-156
-111
-9
51
171
278
344
479
547
627
752
899
1023
1027
1056
1056
1049
1061
1026
987
966
944
902
833
799
796
761
756
758
789
748
628
495
422
438
461
468
433
419
400
356
369
436
473
457
423
360
347
350
358
393
443
436
432
429
410
424
414
369
303
266
235
232
249
249
253
276
226
144
43
-15
40
89
126
155
169
173
202
182
91
-16
-63
-68
-31
14
-2
-51
-141
-261
-325
-382
-413
-374
-361
-380
-454
-591
-634
-677
-729
-784
-862
-877
-975
-996
-994
-989
-984
-992
-970
-1035
-1143
-1206
-1251
-1314
-1336
-1310
-1302
-1318
-1335
-1336
-1330
-1369
-1392
-1399
-1407
-1379
-1321
-1232
-1159
-1055
-967
-898
-826
-788
-735
-621
-539
-449
-332
-162
-66
-50
-62
-39
28
56
97
105
112
129
142
152
188
157
138
120
146
242
324
424
443
402
358
331
347
355
410
477
532
569
546
536
540
572
583
608
660
655
603
593
669
833
936
949
883
820
821
834
869
940
941
878
851
893
937
881
779
653
556
508
416
409
433
440
412
370
340
258
262
238
174
181
187
229
278
312
308
250
146
77
42
-8
-11
-9
-20
-52
-117
-200
-287
-342
-422
-480
-446
-426
-403
-358
-337
-279
-284
-293
-273
-296
-310
-306
-309
-260
-222
-201
-195
-270
-312
-388
-468
-545
-634
-714
-720
-666
-624
-605
-569
-571
-585
-596
-638
-653
-646
-587
-531
-458
-372
-324
-325
-360
-386
-368
-310
-260
-157
-72
-2
41
46
63
41
80
159
237
347
476
559
636
655
637
621
642
695
751
839
852
843
813
764
743
758
798
830
823
748
705
672
642
651
697
740
734
724
716
686
690
704
718
755
739
679
608
505
401
347
348
345
381
379
376
428
431
432
459
505
598
618
619
639
637
642
646
686
693
672
646
611
525
449
426
364
246
129
-13
-119
-258
-410
-484
-561
-618
-654
-654
-665
-692
-756
-817
-827
-814
-842
-821
-797
-802
-739
-696
-656
-652
-693
-728
-758
-754
-776
-762
-698
-693
-666
-670
-737
-815
-886
-905
-898
-922
-998
-1097
-1168
-1183
-1179
-1118
-1056
-1048
-1096
-1195
-1239
-1221
-1162
-1084
-1058
-1067
-1038
-1008
-983
-956
-959
-891
-792
-702
-631
-565
-506
-471
-467
-451
-369
-304
-245
-149
-56
-4
5
25
61
111
135
146
252
342
387
419
470
549
610
660
793
904
972
955
913
917
938
960
928
893
767
651
615
529
429
338
220
143
103
26
14
-34
-81
-71
-72
-44
-56
-90
-103
-98
-14
99
207
267
283
291
313
344
400
400
407
425
423
418
363
332
255
187
162
109
72
22
-31
-72
-114
-176
-263
-354
-405
-387
-397
-398
-389
-405
-421
-502
-503
-490
-484
-459
-470
-456
-449
-437
-374
-301
-232
-185
-187
-169
-168
-190
-226
-202
-189
-167
-86
-28
19
47
-17
-79
-95
-82
-24
12
31
13
-47
-136
-186
-207
-190
-192
-212
-179
-149
-123
-98
-129
-170
-189
-213
-190
-148
-126
-110
-122
-112
-60
-21
-1
-24
-33
-37
-16
52
107
186
264
348
486
605
686
748
759
784
818
901
1021
1108
1130
1045
969
884
783
806
780
708
621
526
491
462
442
428
367
319
291
235
210
157
109
66
75
63
79
111
79
80
115
187
249
292
307
302
270
244
229
274
282
292
269
265
310
319
328
246
196
147
84
55
18
-35
-81
-119
-104
-134
-165
-211
-281
-320
-386
-423
-480
-518
-508
-496
-474
-457
-436
-466
-512
-544
-570
-613
-584
-533
-517
-516
-546
-599
-649
-666
-657
-667
-682
-670
-674
-708
-772
-795
-787
-767
-717
-653
-572
-486
-455
-444
-428
-376
-345
-325
-297
-239
-199
-177
-228
-225
-228
-230
-222
-243
-238
-267
-277
-296
-297
-271
-261
-257
-243
-191
-152
-93
-20
30
105
171
212
209
250
303
367
421
419
442
405
396
437
442
478
461
429
411
429
483
470
431
392
342
309
284
296
318
300
305
293
250
241
257
253
272
259
261
244
187
147
104
108
126
126
121
68
15
14
20
-21
-41
-63
-92
-150
-164
-175
-179
-171
-202
-221
-290
-306
-299
-291
-294
-295
-294
-279
-251
-234
-185
-134
-138
-119
-130
-168
-120
-87
-66
-82
-93
-107
-134
-126
-157
-191
-214
-198
-145
-128
-155
-172
-184
-199
-165
-127
-80
-53
-35
-4
57
95
105
93
96
84
68
100
149
197
213
194
172
212
251
264
231
143
80
39
13
-10
-64
-95
-101
-119
-101
-89
-138
-143
-115
-94
-65
-34
-32
-25
-24
-8
-1
72
147
177
200
199
235
255
238
250
260
276
330
361
442
451
402
372
344
330
349
390
409
443
467
466
491
503
533
548
559
595
608
627
647
669
652
638
634
622
617
576
493
426
371
357
319
270
229
159
118
81
0
-45
-129
-229
-274
-350
-434
-494
-523
-547
-605
-663
-692
-685
-666
-593
-553
-542
-529
-502
-448
-419
-365
-313
-331
-403
-448
-476
-431
-399
-405
-430
-449
-478
-475
-465
-485
-469
-446
-428
-411
-391
-330
-240
-216
-178
-121
-53
9
49
61
102
138
122
137
168
204
220
203
179
170
198
215
184
195
201
208
222
192
155
151
108
47
-10
-44
-32
-62
-89
-92
-91
-106
-138
-130
-98
-119
-126
-128
-117
-82
-44
-2
19
64
62
110
198
243
281
302
303
289
289
309
363
436
507
596
564
521
499
512
612
648
621
588
561
564
521
481
488
456
421
382
387
432
509
516
432
357
323
267
205
149
96
35
-10
7
15
19
4
-30
-34
-39
-73
-91
-74
-55
-34
-28
-16
-23
-40
-57
-72
-69
-84
-82
-90
-88
-107
-148
-125
-143
-155
-175
-194
-128
-128
-122
-102
-94
-98
-125
-128
-128
-101
-66
-86
-90
-74
-94
-80
-78
-44
-64
-73
-63
-46
-20
-5
-4
-30
-41
-45
-23
49
114
157
173
196
243
268
288
286
347
408
421
424
415
423
418
409
392
388
403
385
378
371
335
275
215
193
186
192
176
144
101
43
7
-7
-7
14
12
-16
-4
0
14
24
14
23
11
4
16
26
37
80
89
93
81
55
72
59
58
96
113
150
153
153
182
163
149
145
151
161
209
212
177
155
150
187
189
164
179
192
201
208
172
177
190
178
148
106
101
112
96
49
-6
-38
-61
-115
-129
-183
-239
-282
-313
-313
-302
-280
-268
-272
-310
-327
-340
-310
-280
-264
-305
-310
-280
-251
-235
-277
-313
-342
-361
-404
-462
-497
-506
-523
-538
-545
-549
-530
-552
-538
-533
-517
-471
-444
-416
-386
-374
-381
-379
-359
-308
-253
-217
-176
-186
-175
-157
-126
-63
-14
14
26
59
85
116
127
143
221
292
333
346
308
288
286
315
324
318
320
235
173
158
165
192
180
184
169
150
137
123
103
62
65
88
96
150
156
125
141
131
118
135
134
143
161
144
147
140
157
173
182
211
240
273
280
309
333
339
353
356
363
413
424
415
376
350
357
367
422
428
460
434
374
349
308
254
218
226
208
168
150
132
132
132
169
246
249
202
173
122
114
182
244
256
250
200
165
171
132
131
58
10
-28
-58
-70
-88
-84
-121
-176
-197
-203
-198
-229
-208
-113
-80
-81
-123
-143
-123
-97
-100
-99
-107
-74
-62
-81
-117
-136
-129
-122
-68
-69
-69
-77
-96
-73
-58
-50
-42
-69
-124
-163
-198
-168
-127
-117
-61
-48
-61
-62
-81
-71
-73
-62
-2
39
48
21
15
7
22
24
49
47
28
63
102
85
86
78
25
-9
-53
-50
-32
-34
-32
-74
-76
-78
-63
-31
-39
-34
-71
-48
-10
0
15
38
105
140
141
153
176
209
218
254
290
283
308
335
309
258
176
145
140
72
58
59
49
25
13
22
-3
-45
-95
-161
-183
-157
-117
-79
-45
-52
-71
-80
-89
-37
-25
-24
-11
-24
-43
-40
-11
-4
-48
-107
-139
-139
-139
-195
-241
-245
-241
-237
-277
-316
-373
-380
-401
-421
-425
-465
-475
-480
-518
-526
-547
-615
-647
-655
-664
-631
-620
-598
-574
-568
-549
-534
-558
-556
-509
-497
-490
-457
-419
-353
-248
-222
-214
-214
-239
-217
-173
-135
-99
-81
-83
-80
-20
0
17
22
17
74
122
184
221
247
266
272
246
234
212
183
160
175
191
148
117
121
125
72
19
25
72
100
138
180
213
233
236
253
278
302
315
324
380
427
473
502
482
441
380
348
317
292
242
217
191
162
160
127
124
134
121
80
60
63
81
44
-11
-33
-54
-55
-98
-103
-109
-104
-80
-84
-54
-63
-86
-95
-100
-62
24
56
55
53
81
118
147
184
133
123
116
100
129
105
96
95
51
78
64
6
-13
-27
-39
-51
-45
-18
-13
-25
-53
-116
-133
-149
-165
-191
-255
-288
-308
-348
-371
-421
-480
-523
-548
-575
-608
-651
-700
-717
-720
-681
-644
-628
-617
-582
-522
-503
-489
-467
-412
-380
-337
-292
-238
-186
-191
-169
-153
-95
-110
-95
-59
-90
-102
-99
-87
-58
-54
-71
-77
-108
-121
-117
-77
-10
28
63
56
55
28
9
25
39
84
140
198
221
167
119
139
162
199
225
265
293
287
310
333
355
361
344
308
296
285
275
248
233
219
202
190
148
176
138
100
93
50
17
-26
-61
-88
-94
-94
-104
-105
-125
-201
-233
-249
-268
-260
-245
-247
-253
-268
-274
-250
-233
-260
-287
-300
-332
-336
-342
-332
-290
-285
-307
-335
-361
-353
-300
-262
-232
-161
-122
-108
-100
-140
-151
-130
-160
-169
-159
-158
-172
-196
-192
-232
-239
-215
-194
-172
-215
-207
-181
-193
-165
-195
-202
-159
-136
-97
-66
-43
-40
-12
-40
-20
18
55
96
71
39
19
35
75
95
82
42
13
-22
-73
-77
-105
-139
-129
-95
-69
-1
11
27
10
-19
3
36
113
187
226
197
143
137
122
135
165
126
110
144
145
120
101
102
126
136
148
134
146
141
165
207
210
215
181
133
115
98
80
66
48
60
45
35
22
-7
-36
-63
-34
-11
-8
12
58
86
89
50
2
-56
-79
-107
-106
-87
-117
-114
-127
-114
-108
-128
-177
-192
-207
-223
-197
-184
-161
-171
-186
-170
-140
-121
-76
-29
-41
-56
-11
46
76
83
62
50
23
19
36
33
-7
-64
-49
-31
-46
-40
-64
-78
-140
-211
-177
-147
-162
-191
-216
-207
-180
-145
-108
-56
-56
-98
-140
-135
-77
-47
-48
-39
-10
-22
-7
8
-7
6
-42
-59
-55
-41
-30
-25
-24
-36
-40
-59
-62
-53
-73
-55
-22
-3
-1
-39
-27
-33
-34
-44
-56
-23
14
39
33
52
53
57
54
32
55
109
115
162
188
155
123
75
58
52
38
52
69
58
58
60
30
19
6
-3
15
18
17
35
79
73
71
92
81
45
10
-17
-28
-64
-109
-148
-181
-202
-252
-279
-263
-256
-252
-215
-183
-183
-205
-208
-205
-186
-151
-150
-108
-66
-61
-29
52
93
82
33
13
42
68
81
29
22
46
61
46
-22
-42
-5
10
-17
-60
-48
-17
-6
-16
-37
-78
-31
-31
-40
-8
-18
44
69
77
84
113
190
234
264
286
289
283
297
284
307
305
255
285
293
278
290
317
337
327
325
296
283
310
336
358
315
289
264
246
243
266
282
264
261
262
243
182
151
141
169
170
150
131
115
82
47
66
54
-3
-57
-110
-158
-170
-180
-205
-233
-227
-220
-213
-184
-190
-183
-191
-202
-173
-149
-87
-51
-21
6
-32
-20
36
50
85
83
104
143
156
205
198
177
156
135
149
147
97
69
67
82
65
32
-14
-25
2
-15
-42
-27
-47
-43
-12
49
74
97
109
102
124
91
74
75
71
103
137
180
251
276
270
251
224
183
166
157
178
178
159
131
102
65
20
39
76
38
2
0
-8
58
97
102
106
89
93
81
91
110
144
159
109
72
80
71
78
82
35
6
-38
-22
-17
-47
-58
-97
-124
-117
-125
-131
-134
-157
-155
-145
-111
-73
-69
-68
-80
-91
-87
-66
-65
-81
-76
-69
-97
-78
-52
-53
-24
-28
-27
2
-46
-85
-80
-73
-58
-33
-59
-122
-162
-169
-113
-42
-4
0
-3
-19
-39
-48
-59
-55
-64
-72
-45
-7
25
10
27
16
21
37
58
99
108
95
57
46
39
37
47
44
33
4
-63
-79
-69
-46
5
2
-21
-10
-7
-10
-26
-19
-8
-7
-28
-80
-68
-78
-84
-80
-48
-25
12
31
45
46
21
22
60
107
99
111
126
146
166
202
217
219
182
141
160
162
184
194
160
146
172
200
226
213
176
177
174
200
186
155
195
225
213
191
200
206
215
205
180
151
138
197
249
251
250
215
196
198
229
212
230
231
173
158
129
133
136
145
140
98
34
-8
-15
-14
-12
6
5
-11
18
0
-39
-88
-108
-68
-25
16
36
29
20
19
21
50
65
77
104
99
76
43
4
-27
-75
-89
-79
-44
-74
-142
-142
-115
-40
7
9
-8
-66
-113
-106
-66
-65
-110
-91
-61
-40
-9
-50
-104
-150
-201
-201
-216
-201
-171
-159
-166
-203
-194
-182
-170
-192
-240
-240
-226
-194
-134
-123
-115
-85
-66
-20
19
48
61
74
111
149
157
141
113
103
90
104
171
224
226
204
205
219
178
164
129
98
93
49
19
-25
-57
-88
-79
-111
-98
-71
-60
-46
-74
-36
-26
24
36
44
40
16
33
55
78
89
94
76
78
62
78
111
103
95
82
90
90
68
80
109
101
101
124
121
112
98
63
53
95
127
154
161
180
180
144
117
129
149
208
252
278
279
254
209
152
156
171
175
200
197
182
193
161
133
123
146
175
167
148
145
155
183
192
189
193
189
178
190
212
235
227
193
179
141
159
126
62
9
-29
-43
-55
-74
-125
-152
-174
-202
-197
-227
-281
-292
-297
-297
-297
-295
-271
-262
-277
-274
-246
-213
-178
-163
-144
-142
-132
-98
-91
-87
-124
-127
-92
-105
-123
-121
-162
-162
-137
-141
-134
-156
-152
-110
-57
-41
-44
-21
-22
-48
-7
36
42
38
9
-13
-11
-1
25
80
104
89
80
77
61
53
45
74
117
113
143
167
165
181
174
188
169
148
138
95
103
97
78
96
93
75
31
-10
-26
-52
-59
-123
-188
-219
-248
-231
-239
-250
-265
-323
-363
-368
-394
-393
-398
-395
-414
-404
-355
-341
-326
-344
-368
-378
-371
-397
-403
-392
-381
-343
-326
-311
-299
-289
-282
-226
-149
-129
-92
-71
-73
-74
-69
-48
5
46
42
4
-30
-51
-30
-10
32
69
60
81
83
115
135
124
139
124
93
80
44
12
-10
-15
19
12
-26
-96
-161
-202
-236
-220
-228
-228
-234
-255
-288
-284
-261
-255
-246
-264
-258
-236
-176
-113
-71
-64
-72
-43
-16
18
7
-15
-4
13
69
74
79
80
74
88
55
26
33
41
73
77
111
149
155
165
154
156
123
114
137
163
162
124
102
113
106
79
15
9
43
78
110
86
129
185
221
249
237
265
299
317
343
347
359
354
298
263
223
197
195
219
198
175
174
130
106
78
80
96
129
153
144
117
120
132
109
104
91
54
73
72
56
39
-7
-22
-5
2
-26
-57
-67
-45
-48
-49
-56
-43
-28
-26
-16
-12
9
-7
-30
-33
-7
-1
-49
-52
-60
-56
-48
-78
-79
-110
-183
-223
-256
-234
-238
-250
-266
-312
-330
-303
-269
-209
-146
-123
-122
-137
-88
-76
-94
-83
-100
-69
-30
-17
4
-23
-57
-53
-26
47
82
104
122
114
150
160
187
212
160
153
150
164
178
149
142
123
121
138
141
147
97
18
-31
-6
12
4
-18
-57
-46
-66
-50
0
31
66
82
97
95
51
46
45
28
26
3
-22
-43
-75
-140
-181
-215
-230
-228
-257
-250
-247
-255
-237
-207
-212
-187
-167
-166
-146
-146
-124
-101
-134
-167
-162
-181
-193
-186
-208
-234
-291
-304
-303
-318
-318
-301
-268
-237
-266
-273
-219
-166
-171
-187
-209
-217
-182
-204
-136
-89
-106
-107
-134
-143
-146
-167
-165
-138
-95
-65
-73
-79
-101
-121
-72
-62
-34
10
9
-2
2
8
10
11
-32
-75
-100
-92
-81
-79
-101
-123
-136
-168
-200
-217
-189
-131
-86
-60
-57
-25
-3
28
51
33
46
35
-20
-58
-106
-127
-97
-98
-121
-128
-141
-129
-131
-110
-100
-90
-53
-21
36
36
53
79
47
79
128
169
232
224
237
257
243
247
238
233
266
294
303
291
238
190
170
177
165
145
113
67
87
138
152
166
150
151
190
218
204
168
154
174
169
148
127
124
114
66
97
121
140
116
84
125
178
190
164
184
148
112
77
66
77
76
82
57
16
-14
0
-16
-23
-52
-99
-152
-199
-202
-217
-260
-286
-273
-243
-214
-231
-249
-243
-226
-167
-119
-98
-69
-53
-46
-39
-61
-59
-54
-14
-3
-37
-74
-118
-110
-108
-132
-99
-72
-90
-83
-42
26
96
135
161
193
235
239
260
277
286
264
240
253
295
290
284
303
293
346
359
365
410
426
425
387
365
387
388
338
299
277
275
235
221
190
163
172
125
104
33
-37
-67
-46
-15
-41
-67
-86
-72
-34
9
38
62
72
80
44
21
50
51
10
12
7
0
27
1
-18
-26
-115
-117
-110
-124
-135
-200
-223
-230
-193
-206
-206
-182
-168
-147
-101
-33
-16
23
23
10
22
-19
-80
-114
-126
-108
-134
-107
-83
-140
-169
-160
-109
-73
-84
-107
-110
-113
-115
-140
-165
-186
-181
-144
-125
-84
-86
-128
-156
-199
-209
-219
-216
-229
-217
-196
-187
-200
-246
-274
-282
-242
-194
-153
-173
-206
-221
-207
-145
-136
-180
-221
-248
-306
-332
-338
-311
-267
-284
-253
-211
-180
-164
-178
-205
-172
-123
-97
-73
-74
-65
-21
-23
-8
25
33
42
32
7
-37
-58
-42
7
14
7
6
15
21
45
92
115
142
118
107
104
156
160
186
223
243
303
321
340
363
376
433
480
511
497
423
385
325
302
324
331
348
312
297
268
277
284
220
228
205
151
186
234
248
273
258
227
196
149
123
130
90
32
-38
-55
-74
-52
-56
-90
-109
-160
-142
-132
-125
-113
-118
-72
-29
-32
-13
16
46
42
9
-13
-17
2
25
61
137
173
166
174
161
147
127
176
219
201
208
162
137
121
52
8
-1
-10
27
20
6
1
-35
-52
-45
-52
-39
-57
-56
-52
-70
-60
-15
53
100
132
149
202
213
235
247
264
281
292
272
254
263
269
277
257
204
202
198
178
186
156
91
90
96
91
79
82
74
106
121
67
41
21
41
88
63
32
6
-13
-23
2
21
-11
-33
-11
19
54
29
-1
15
17
36
-3
6
36
42
83
60
48
66
52
60
103
100
60
44
52
78
87
85
82
92
89
63
75
74
67
66
21
4
10
43
68
50
54
10
5
-14
-17
-27
-100
-137
-133
-153
-151
-171
-247
-285
-310
-324
-326
-303
-257
-239
-217
-230
-203
-148
-104
-25
24
50
65
48
15
-5
24
40
35
48
14
15
11
-21
-83
-100
-93
-115
-139
-148
-142
-133
-116
-110
-89
-112
-110
-94
-120
-124
-136
-140
-143
-147
-129
-143
-130
-174
-177
-127
-175
-182
-174
-167
-144
-120
-136
-128
-87
-51
-6
-12
-17
-35
-1
46
78
107
125
155
191
177
134
166
205
236
219
199
210
193
199
168
141
125
112
163
168
146
120
68
-16
-103
-115
-106
-75
-109
-128
-142
-176
-180
-181
-168
-165
-169
-183
-162
-145
-123
-124
-109
-72
-38
-17
-16
-7
23
53
77
81
52
46
33
65
78
96
55
16
18
27
63
88
91
84
74
63
52
68
94
105
169
201
192
193
160
156
192
232
219
181
131
75
50
42
50
36
33
26
26
9
-2
6
20
55
66
102
82
57
37
-17
-44
-28
-9
7
9
9
42
52
63
48
39
13
-14
-18
-37
-4
-3
15
38
30
29
13
35
84
127
142
122
117
52
21
51
31
6
-53
-62
7
23
55
51
48
93
115
141
188
230
241
225
215
228
261
295
291
236
216
177
193
218
225
208
130
43
2
-21
-25
-39
-58
-80
-124
-136
-142
-114
-114
-121
-81
-92
-97
-123
-162
-173
-166
-154
-182
-202
-173
-171
-138
-91
-105
-103
-112
-83
-35
-44
-48
-94
-152
-187
-163
-115
-106
-71
-48
-6
-12
-6
20
32
63
95
84
48
46
49
109
141
151
147
132
137
126
137
175
226
239
209
167
185
148
84
60
-59
-107
-125
-157
-157
-206
-283
-308
-342
-383
-413
-421
-444
-449
-438
-436
-438
-438
-408
-381
-373
-347
-321
-317
-313
-321
-314
-273
-227
-229
-223
-218
-154
-84
-57
-27
-28
-9
9
-18
-39
-57
-25
-19
-29
-23
-4
36
28
50
45
-5
-1
-23
-53
-41
-50
-63
-44
-31
-63
-115
-168
-150
-90
-43
-5
15
26
64
103
133
147
129
107
111
140
136
172
160
129
123
102
51
37
62
42
73
50
6
47
24
17
20
27
56
68
28
-17
-19
-18
-42
-29
-14
-16
-12
-56
-66
-57
-63
-57
-76
-55
-69
-114
-105
-84
-44
0
-15
-53
-60
-57
-6
12
0
-23
-10
-26
-37
-15
-21
-18
-19
-54
2
21
1
22
-7
-11
31
33
53
78
90
84
94
134
183
224
207
200
199
188
180
170
141
113
108
96
133
126
92
98
100
119
137
174
177
174
181
174
164
140
171
226
238
235
237
227
194
153
196
208
196
207
200
194
183
174
191
213
208
166
143
139
126
128
88
76
98
88
56
21
-35
-68
-117
-135
-127
-145
-184
-241
-240
-230
-258
-231
-221
-228
-231
-246
-276
-297
-269
-249
-198
-189
-206
-185
-203
-195
-203
-227
-215
-190
-173
-124
-123
-127
-116
-137
-138
-125
-112
-104
-144
-185
-230
-263
-247
-256
-208
-192
-193
-180
-173
-170
-142
-143
-138
-143
-125
-97
-82
-97
