-21
-43
-66
-47
-53
-96
-105
-158
-288
-360
-301
-336
-341
-301
-232
-339
-137
36
-20
13
-10
7
-6
5
-3
3
-2
1
-1
1
0
0
1
0
0
0
0
0
0
0
0
0
0
0
0
0
0
0
0
0
0
0
0
0
-1
0
0
0
0
0
0
0
0
0
0
0
0
0
1
0
0
0
0
0
0
0
1
0
0
0
1
1
0
0
0
-1
1
1
0
0
0
0
0
0
0
1
0
0
0
1
0
0
0
0
0
-1
0
0
0
0
0
0
0
0
0
0
-1
-1
-1
0
0
0
0
-1
0
0
0
0
0
0
0
0
0
1
0
1
0
0
0
0
0
0
1
-1
0
1
-1
0
0
0
0
0
0
0
-1
0
0
0
-1
0
0
0
0
0
0
0
-1
0
-1
1
-1
2
-3
4
-7
14
-122
-130
-81
-242
-276
-344
-388
-431
-358
-280
-344
-340
-332
-385
-425
-300
-272
-384
-411
-372
-379
-334
-234
-213
-299
-365
-325
-307
-259
-191
-173
-206
-199
-91
-169
-220
-173
-200
-254
-231
-167
-136
-148
-215
-237
-288
-244
-168
-259
-338
-299
-304
-306
-162
-30
-29
-121
-158
-166
-211
-187
-134
-145
-191
-76
-20
-85
-60
-25
-25
7
12
-40
-52
-65
-35
-87
-91
-141
-136
12
5
8
-5
-17
-14
-2
-3
-6
-1
10
4
-1
-5
-1
9
-8
1
-12
-10
4
-2
-1
-16
4
1
2
7
-22
-5
7
5
20
7
-3
-9
-6
2
-6
6
0
-4
-6
-9
9
0
3
9
14
11
1
10
1
-12
1
-16
-13
-4
-18
-3
-1
16
6
2
7
-10
0
5
2
15
-8
-2
14
-3
13
-5
-2
10
1
-2
5
8
-9
-6
4
0
-2
7
7
3
10
19
11
4
4
5
4
-7
10
10
-1
15
8
5
11
0
10
13
11
6
-6
11
8
-4
2
-5
-15
-8
-1
0
2
1
-7
-10
13
-2
-6
-9
-11
7
7
11
9
1
-10
2
9
6
16
7
-6
5
1
3
16
15
-9
-5
-2
-15
0
-9
-2
8
-9
-9
3
-4
-6
-18
-12
-4
3
12
10
10
-16
-4
-1
-3
5
-16
-14
-4
-4
9
15
6
17
-9
-22
-7
-7
6
11
10
7
4
13
10
13
-8
-15
4
3
5
14
10
0
10
6
14
8
5
-15
-10
-1
1
2
-26
2
9
1
1
-4
-8
-9
-7
5
-2
-14
-12
-13
-1
-3
0
-1
4
8
-19
-4
-13
-8
13
0
-2
-4
-3
3
-3
4
6
4
9
10
12
8
15
4
-2
3
-5
-5
-1
-1
1
1
-3
-5
-23
-5
1
7
8
3
13
6
4
7
3
-6
-7
-1
0
-11
-8
-7
-5
3
1
-11
-12
-6
-15
-9
10
8
9
-8
-10
7
12
13
-3
-3
10
-3
-7
-9
-13
3
-5
0
1
-6
-2
-14
-19
1
-3
-1
4
1
1
-6
10
1
4
4
-11
-6
-7
-6
-4
-6
-10
-5
-6
2
1
7
13
6
8
8
7
4
-2
7
14
6
9
4
6
4
-4
4
2
-9
5
9
-1
4
4
3
0
6
0
-3
-8
3
9
-3
-4
11
9
1
-4
-14
-12
5
-8
-11
-14
-15
-5
0
6
-6
-9
0
10
7
-10
-23
-22
-5
4
3
5
-9
-13
-12
-12
-11
3
6
-8
-26
-30
-6
0
-1
-11
-16
-2
28
43
31
26
-6
21
28
-4
-5
-20
-17
-10
-7
-13
11
15
13
25
-2
-17
2
-15
-2
-3
-2
6
-16
-6
3
-4
-18
-8
-1
-6
3
14
-6
-8
-11
-18
13
28
7
-2
-17
-18
0
-5
-6
14
20
28
18
-27
-32
-48
-34
-8
-15
33
13
-33
-14
-46
-3
-11
13
14
10
2
21
30
11
-5
-31
-17
-11
-1
-1
-4
4
25
-2
-4
-10
-14
3
27
21
-12
-21
-6
-1
-5
-10
-26
-27
7
16
0
0
-20
-17
28
20
16
-5
-29
-23
-9
13
-5
-3
-14
-18
-33
-36
-6
18
53
57
15
0
13
-10
-41
-45
-18
-13
-22
-10
-14
-1
17
3
13
-9
-30
-11
-14
1
-4
1
36
49
30
2
-1
22
23
13
9
-10
-25
-21
-9
-10
24
26
31
12
15
43
32
31
38
45
27
18
7
8
-11
-21
-36
-27
-22
4
15
-10
-21
-14
6
36
27
4
39
37
17
39
38
7
0
0
13
26
18
-24
-16
-12
-7
-5
-8
20
0
14
26
5
5
2
18
18
-1
25
7
41
16
-50
-31
-22
10
13
-16
-14
-29
-31
-3
8
34
31
19
-3
-26
-3
-7
2
0
-14
-5
22
14
-20
-16
-30
-38
6
2
-3
1
-3
43
57
17
27
20
38
78
74
56
48
61
36
33
38
32
39
20
-6
-1
-13
-25
-11
-30
-34
-6
23
10
-3
12
32
57
47
45
30
10
6
-11
-63
-87
-70
-49
-34
-27
-34
-61
-45
-34
-14
-4
-30
-19
-18
-27
15
38
7
-15
-28
-42
-49
-7
16
1
-14
-31
-13
10
20
8
-30
-56
-44
11
19
13
38
13
0
-22
-29
23
65
55
13
-9
-10
3
1
-24
-47
-48
-59
-50
-50
-58
-56
-49
-29
-26
-40
-20
-6
-10
-2
2
-1
-6
11
30
26
3
-29
-26
10
30
13
-31
-37
-6
-11
-28
-56
-93
-90
-49
-45
-61
-59
-70
-49
-5
-15
-35
-38
-29
-8
-13
-21
-33
-20
-7
-8
-25
-25
4
3
-29
-19
-10
-3
-2
-16
-14
-5
-30
-45
-14
-14
18
32
22
13
-31
-19
10
5
-6
-21
-17
-10
2
-13
-24
-18
-20
-50
-33
-22
-21
7
-4
-1
-33
-27
-27
-39
-33
-31
-4
1
-10
-11
-46
-56
-42
-18
3
5
-20
-17
2
1
41
35
12
6
13
1
7
45
21
-35
-27
-10
18
24
50
57
49
64
73
93
82
42
16
15
23
22
-3
-20
-33
-25
-36
-46
-50
-25
5
21
5
18
55
75
100
121
122
87
86
67
75
91
90
92
53
3
-11
15
45
58
23
-12
2
14
9
9
37
39
27
37
29
39
26
30
60
51
90
102
71
78
102
119
147
159
140
123
126
122
129
131
109
101
100
87
85
51
32
37
18
17
10
14
25
39
50
46
80
112
114
105
69
34
13
-26
-17
12
25
42
16
6
6
-4
-25
-69
-69
-62
-65
-32
-20
-42
-47
-45
-30
-22
-43
-22
-21
-14
44
59
57
34
10
10
5
-6
-53
-18
-30
-38
-48
-65
-51
-64
-69
-70
-66
-65
-62
-46
-36
-51
-55
-40
5
5
-19
-25
-33
-8
-5
-20
-19
5
25
0
-27
1
15
51
85
87
117
100
92
118
99
55
48
17
3
40
41
5
-41
-92
-134
-122
-107
-85
-87
-123
-108
-66
-66
-92
-108
-82
-62
-60
-72
-84
-85
-113
-84
-35
7
19
-15
-35
-30
-14
19
4
-35
-44
-27
-29
-23
-17
-36
-52
-100
-114
-84
-50
-30
-27
-60
-45
-33
-18
-14
-30
-26
-34
-12
27
46
12
-23
-22
-42
-74
-57
-42
-25
-34
-44
-38
-30
-19
-39
-67
-76
-76
-44
-18
-4
3
-12
7
-8
-47
-60
-52
-35
-24
-6
14
15
-11
4
-4
-15
-1
-7
-9
-6
15
41
26
-1
-37
-25
-4
-6
9
-18
11
3
-12
-22
-58
-72
-79
-65
-52
-40
-25
-43
-69
-49
-16
8
-3
-14
-25
16
51
65
54
28
25
12
-16
-3
-7
-66
-57
11
36
41
69
55
44
81
109
173
165
110
141
137
122
135
105
104
143
172
154
140
125
118
143
97
50
35
23
44
46
34
59
71
58
34
-3
26
89
87
34
-18
-30
-21
17
-2
-27
-6
28
35
21
-6
-7
23
48
50
35
30
2
18
43
71
120
140
125
85
53
46
38
73
88
84
72
56
32
35
25
8
-9
0
17
34
45
25
21
51
74
59
42
35
15
14
20
23
52
56
39
20
3
7
29
28
14
23
24
12
39
-4
-46
-24
-51
-79
-70
-92
-74
-60
-66
-64
-76
-80
-70
-50
-51
-44
0
-1
-23
-36
-75
-67
-58
-61
-33
-28
-22
-33
-69
-27
-13
-29
-41
-46
-29
-43
-10
-1
-35
-51
-82
-97
-83
-58
-44
3
25
9
-8
25
8
-18
-32
-36
-5
-1
22
32
27
-2
-3
-15
-21
16
31
0
-8
-5
0
-14
-10
-40
-61
-58
-59
-62
-53
-53
-34
-30
-25
-15
-32
-16
0
10
16
1
1
14
-3
3
-45
-66
-43
-33
-47
-66
-64
-71
-51
-36
-50
-66
-56
-65
-18
-10
-39
-1
-1
-17
-15
-19
5
14
0
17
38
44
43
23
0
7
6
2
19
46
28
76
154
182
189
156
124
155
177
184
158
126
126
134
109
63
46
21
35
58
64
23
2
-2
-6
15
20
0
-33
-44
-42
-5
23
60
64
26
12
12
63
85
81
72
61
85
79
76
50
43
47
63
123
149
118
115
85
86
86
41
35
18
3
53
70
60
21
-10
-22
-26
1
22
13
42
62
55
39
8
-10
5
25
51
77
53
70
53
26
34
16
11
19
39
38
43
44
26
46
96
119
87
47
10
18
54
125
163
153
143
115
63
53
90
104
96
88
101
81
59
51
42
36
27
24
25
26
54
78
81
95
98
93
75
66
70
74
89
85
106
68
-2
-51
-61
-34
-10
-46
-51
-45
-70
-66
-64
-77
-87
-102
-107
-53
-24
-62
-72
-84
-55
-20
-30
-38
-61
-89
-110
-118
-114
-97
-68
-81
-122
-142
-139
-85
-75
-111
-156
-163
-168
-156
-128
-165
-207
-238
-281
-261
-227
-236
-247
-264
-326
-348
-307
-296
-261
-240
-239
-215
-172
-171
-166
-141
-127
-93
-27
20
32
66
63
86
94
72
80
85
76
93
83
88
118
99
53
26
35
18
33
45
30
4
-15
-48
-42
-31
-39
-28
-62
-93
-124
-138
-147
-119
-132
-131
-121
-118
-80
-68
-35
-7
-43
-33
9
18
2
-32
-9
6
16
42
35
21
-5
-15
-22
-16
50
68
81
63
48
87
90
89
91
76
65
115
148
163
158
142
108
90
89
46
29
-7
-45
-48
-46
-5
-49
-49
-53
-93
-64
-46
-9
17
9
-16
-18
7
9
1
-8
14
31
62
65
86
112
140
166
168
200
209
241
241
244
258
242
310
350
362
334
266
233
252
269
263
264
203
172
159
152
141
130
140
132
149
156
153
141
101
86
63
65
65
48
70
76
97
86
75
108
88
82
76
57
56
86
88
50
33
11
10
51
70
49
55
38
39
96
130
156
165
133
133
146
140
150
190
187
172
120
84
130
154
120
117
103
67
79
57
18
-3
-17
15
48
71
79
65
46
32
68
54
52
55
60
81
71
80
52
31
5
-8
-22
-35
-37
-36
-16
-2
-11
-8
-39
-48
-37
-80
-85
-109
-109
-124
-134
-143
-148
-137
-111
-72
-58
-49
-73
-91
-42
-17
-18
-18
-62
-70
-46
-66
-79
-112
-125
-133
-134
-127
-137
-118
-119
-115
-80
-79
-55
-42
-51
-14
-7
23
43
36
30
21
8
-43
-65
-42
-50
-49
-67
-104
-99
-122
-107
-99
-103
-75
-84
-15
36
42
32
-2
10
-21
0
14
-7
1
2
-20
-11
-27
-62
-79
-119
-140
-173
-174
-151
-142
-125
-126
-115
-125
-164
-207
-253
-247
-211
-210
-220
-243
-265
-275
-257
-242
-241
-246
-226
-202
-178
-183
-190
-145
-135
-115
-114
-94
-93
-109
-94
-103
-92
-134
-144
-120
-134
-150
-162
-168
-150
-149
-151
-172
-180
-161
-172
-166
-205
-179
-131
-106
-59
-41
-22
25
13
-6
-72
-125
-111
-114
-97
-94
-96
-122
-127
-169
-155
-128
-144
-145
-162
-182
-167
-103
-98
-117
-128
-114
-100
-60
-55
-63
-113
-161
-169
-185
-160
-161
-203
-206
-183
-134
-97
-107
-126
-152
-104
-74
-32
21
2
36
23
41
31
-16
-17
-18
9
69
66
40
28
46
71
55
56
8
8
43
50
113
111
151
181
161
159
106
91
66
47
75
80
98
92
61
60
31
58
74
48
23
-6
32
77
114
141
147
156
127
133
129
100
57
20
38
75
71
65
50
61
79
84
131
131
115
147
184
219
241
243
239
219
205
175
189
200
164
185
196
189
201
149
126
103
49
39
16
4
0
-20
3
18
-14
-52
-66
-40
-25
-37
-24
-37
-26
13
36
29
9
39
42
42
49
67
63
65
71
88
86
91
107
137
182
182
187
172
176
183
200
220
223
230
220
218
210
241
278
266
283
246
204
191
184
167
180
195
170
165
159
147
160
140
92
93
104
147
157
136
101
70
71
44
54
45
17
42
66
59
25
-10
-46
-45
-56
-96
-121
-97
-81
-30
-31
-30
-5
-32
-15
-5
36
72
81
86
55
41
33
47
76
32
43
76
34
5
17
24
6
-6
-28
-51
-25
-27
-21
2
-31
-20
-81
-113
-112
-149
-149
-182
-232
-272
-261
-250
-272
-274
-278
-264
-233
-250
-266
-277
-268
-255
-263
-253
-241
-241
-265
-281
-290
-304
-312
-331
-371
-360
-331
-319
-289
-256
-221
-215
-255
-269
-282
-293
-280
-297
-282
-242
-259
-286
-320
-332
-343
-378
-405
-409
-383
-387
-374
-388
-377
-341
-296
-252
-266
-265
-263
-247
-244
-225
-233
-222
-204
-198
-173
-168
-159
-153
-148
-124
-102
-100
-124
-114
-127
-164
-159
-145
-124
-115
-120
-119
-139
-133
-134
-146
-143
-185
-241
-242
-230
-220
-162
-130
-121
-135
-156
-135
-127
-136
-126
-126
-117
-95
-81
-62
-73
-99
-130
-113
-87
-67
-66
-59
-52
-64
-74
-51
-34
-47
-75
-121
-88
-67
-42
-34
-37
-3
6
41
53
40
54
59
63
49
16
-12
-19
-3
-17
-62
-76
-99
-93
-62
-90
-80
-79
-80
-49
-73
-87
-114
-98
-81
-105
-67
-87
-70
-28
-27
-10
-20
-29
-8
9
39
62
106
99
69
74
43
61
69
55
34
23
50
82
103
134
144
153
133
136
194
221
232
227
226
252
228
265
283
248
252
252
242
226
212
213
203
199
166
141
127
119
150
164
145
136
108
82
92
106
151
164
160
143
144
140
100
70
66
66
93
100
84
81
30
61
97
97
132
149
155
139
146
153
156
148
131
143
115
107
123
130
146
172
196
247
265
220
208
218
255
300
294
257
232
223
213
195
204
179
140
149
139
139
143
115
121
106
74
123
124
88
78
73
48
51
68
60
71
81
84
99
119
100
119
112
80
77
36
24
46
68
99
102
69
52
71
99
68
1
-24
-19
-21
-15
-34
-60
-65
-50
-13
0
-29
-55
-80
-128
-116
-100
-69
-53
-65
-73
-66
-19
6
-12
-12
4
0
17
-4
-7
4
17
51
24
4
19
22
-15
-22
-37
-93
-130
-100
-93
-99
-98
-129
-131
-155
-182
-198
-214
-214
-218
-198
-193
-184
-160
-158
-144
-142
-155
-127
-99
-59
-56
-85
-75
-65
-44
-17
-50
-72
-79
-91
-78
-63
-58
-65
-30
-39
-62
-61
-47
-44
-71
-72
-113
-126
-136
-147
-138
-172
-198
-209
-166
-151
-182
-190
-167
-154
-128
-72
-52
-7
-20
-20
23
17
27
51
62
60
60
55
67
94
96
93
99
128
146
148
181
239
266
266
263
266
279
282
265
265
278
277
295
283
241
237
199
155
136
110
115
173
219
237
233
215
220
244
247
252
307
305
316
315
313
322
289
264
242
209
206
190
191
154
101
105
124
150
111
83
51
26
19
11
6
5
-27
-17
4
9
26
24
57
54
24
25
15
39
40
29
20
9
20
13
51
85
56
30
24
25
63
50
26
18
11
56
68
98
126
112
122
86
80
86
82
112
113
156
145
136
129
62
33
41
56
79
61
50
49
34
48
64
82
36
19
5
-20
22
-15
-54
-62
-101
-102
-100
-117
-130
-141
-130
-139
-118
-119
-125
-112
-125
-111
-99
-115
-66
-68
-116
-132
-141
-104
-81
-78
-93
-122
-127
-128
-117
-96
-54
-13
-5
13
4
36
45
22
-5
-11
-13
12
50
44
55
35
4
-12
-21
-31
-32
-22
-63
-60
-61
-72
-76
-85
-97
-110
-79
-72
-36
-36
-26
-7
-27
-29
-21
12
9
8
-5
22
63
82
66
43
-2
-11
18
2
17
12
42
69
39
22
88
122
132
160
181
182
176
177
145
142
142
122
121
128
172
172
152
103
107
158
158
143
145
144
170
214
221
171
146
146
137
158
180
174
147
103
64
51
39
51
34
17
15
20
30
22
9
-7
-68
-63
-34
-1
14
9
16
18
52
71
40
50
31
45
54
32
92
92
111
103
71
65
44
55
74
84
111
129
130
134
153
188
204
242
274
290
317
271
230
205
193
227
199
227
225
177
161
154
152
142
132
120
137
142
109
81
97
102
87
92
84
80
86
89
74
39
51
66
38
24
2
-9
-4
8
28
73
91
61
55
56
64
43
17
33
51
74
81
80
81
87
72
47
51
25
21
-47
-128
-142
-168
-161
-178
-207
-241
-242
-228
-208
-179
-196
-184
-126
-113
-79
-72
-67
-50
-71
-48
-54
-74
-44
-45
-63
-76
-126
-182
-248
-273
-264
-262
-262
-267
-249
-236
-245
-248
-274
-270
-281
-320
-336
-354
-348
-371
-418
-456
-467
-450
-494
-469
-439
-437
-396
-381
-380
-383
-409
-397
-385
-361
-319
-280
-264
-269
-256
-256
-263
-244
-256
-256
-216
-203
-201
-194
-170
-167
-157
-181
-199
-203
-202
-212
-207
-188
-169
-163
-181
-175
-148
-131
-158
-169
-195
-241
-285
-359
-346
-316
-330
-313
-325
-345
-341
-315
-294
-288
-254
-223
-168
-107
-78
-67
-42
-24
-17
-7
-4
20
23
25
61
65
32
4
4
8
19
36
53
44
37
19
31
47
54
100
106
86
66
28
23
20
26
16
14
49
17
-8
-23
-31
-36
-34
-23
-24
-26
-25
-32
-30
-52
-55
-7
-18
-14
14
50
91
105
66
47
38
14
10
7
2
16
27
45
59
35
26
36
79
127
173
183
216
249
268
260
234
201
174
192
172
182
191
168
148
148
127
114
69
23
45
30
26
67
64
51
40
32
49
58
94
90
101
112
117
138
115
124
89
72
105
94
95
79
66
61
52
53
88
90
95
116
132
154
170
168
147
145
133
173
165
162
177
191
174
113
100
90
76
45
17
20
39
36
8
-3
28
22
6
26
55
41
51
49
14
20
19
4
-3
9
21
25
16
14
22
43
60
39
12
34
50
-2
5
31
64
77
61
56
39
7
-11
-47
-78
-70
-46
-29
-50
-100
-124
-121
-143
-212
-261
-288
-282
-269
-280
-296
-296
-260
-232
-219
-249
-268
-299
-293
-284
-304
-311
-284
-233
-225
-217
-204
-203
-197
-163
-115
-126
-124
-133
-137
-114
-137
-118
-90
-68
-35
-38
-31
-48
-50
-30
-31
2
-4
7
-4
-23
-29
-31
-26
-67
-143
-216
-251
-256
-224
-220
-229
-279
-342
-380
-406
-386
-392
-383
-341
-286
-300
-344
-348
-356
-321
-296
-266
-233
-263
-308
-338
-338
-361
-345
-302
-306
-257
-244
-247
-240
-242
-238
-231
-218
-170
-102
-84
-110
-99
-88
-127
-152
-174
-167
-148
-126
-131
-147
-158
-169
-124
-97
-115
-149
-154
-151
-117
-138
-153
-154
-175
-182
-194
-196
-201
-206
-220
-219
-199
-223
-236
-209
-187
-137
-117
-146
-123
-86
-71
-37
-38
-54
-78
-59
-23
-36
-53
-28
-24
-30
-18
-20
7
14
25
-16
-37
24
34
29
40
57
73
76
60
35
27
71
82
80
97
66
32
54
74
77
100
94
87
93
86
66
35
34
16
24
79
92
122
103
125
219
222
189
158
142
116
129
160
155
174
192
165
160
163
167
174
148
81
98
69
49
104
124
129
152
161
145
114
109
98
26
-31
-69
-61
-49
-15
30
-3
-53
-71
-95
-87
-93
-86
-52
-11
65
107
87
97
111
147
138
73
78
39
42
38
54
114
81
157
99
90
44
-19
55
95
146
129
92
82
74
86
94
54
19
3
39
35
67
54
81
70
42
57
110
162
154
160
120
102
91
122
121
128
148
88
50
32
29
15
-61
-96
-105
-62
-7
48
93
59
45
108
82
113
59
5
22
16
28
39
30
-8
34
48
44
79
68
42
-3
-10
21
62
21
-47
-54
-28
22
43
-25
-19
-24
-45
21
-34
-31
7
-18
-9
-69
-57
-22
68
111
100
73
46
106
154
154
149
197
146
102
86
15
23
-9
-49
4
-7
80
63
85
77
70
79
115
114
135
130
151
162
168
221
216
210
176
188
179
205
179
151
127
84
44
13
-3
-31
24
1
-1
-36
-47
-40
-22
-8
-59
30
25
39
6
59
20
48
18
1
71
8
78
93
88
128
185
99
152
95
122
177
206
188
197
188
188
189
108
196
143
186
135
210
164
202
187
141
183
159
158
147
158
153
97
96
56
124
67
90
79
-4
69
20
-26
-55
-51
-88
-93
-41
-52
-10
-22
15
32
14
21
-52
27
-3
36
-21
-21
-3
-45
-22
8
48
151
51
117
29
42
75
65
121
74
114
79
140
82
38
43
94
81
19
44
47
97
102
78
60
86
72
72
90
125
94
71
26
14
-14
48
16
-20
-75
-65
11
-30
5
-4
-58
-40
-20
-69
8
-34
-15
-54
-53
-13
-29
45
-9
-13
-47
-60
-95
-22
-43
-46
-109
-118
-87
-79
-85
-80
-104
-98
-70
-20
-7
-2
-58
-48
-45
22
-1
-7
-1
-2
60
6
-30
-99
-100
-118
-53
-76
-71
-109
-79
-54
-75
-132
-109
-122
-131
-151
-150
-150
-50
-87
-69
-46
-121
-63
-73
-71
-35
-85
-110
-45
-134
-110
-176
-118
-105
-38
-30
-108
-188
-199
-186
-183
-197
-131
-214
-87
-39
-54
-28
-154
-71
-96
3
-5
26
96
74
136
98
119
160
181
172
192
96
128
216
244
300
230
240
213
222
216
212
195
154
184
210
213
231
236
232
205
209
159
247
148
230
166
161
158
171
213
208
290
186
275
221
266
256
190
203
257
219
247
220
168
202
169
209
229
257
278
217
230
183
228
220
294
263
250
287
250
326
227
191
138
78
127
108
156
154
117
194
173
162
171
120
83
79
2
20
-16
93
108
110
126
93
136
145
166
100
70
137
145
139
97
90
-10
12
110
27
94
-14
70
154
118
77
26
21
114
112
128
75
71
-2
2
11
45
83
39
128
61
73
48
170
36
173
85
95
157
48
175
99
142
90
71
169
119
341
232
273
248
146
312
180
272
207
189
241
222
197
223
158
182
108
125
118
115
51
39
-18
65
110
14
125
-41
35
84
37
114
24
29
0
-40
-38
-74
48
73
53
-30
-61
-83
-18
-47
-25
-52
-87
-13
-40
59
-40
-38
-115
-150
-151
-145
-153
-142
-88
-77
-60
-24
-91
5
-92
4
-26
-80
59
-42
81
-25
20
-76
-55
-118
-113
-58
-190
-168
-206
-179
-138
-100
-136
-83
-68
-201
-164
-318
-120
-269
-194
-116
-227
-199
-298
-171
-171
-174
-301
-358
-300
-392
-147
-351
-332
-272
-499
-229
-483
-270
-381
-333
-219
-244
-149
-304
-210
-429
-284
-308
-123
-285
-279
-347
-407
-207
-260
-230
-253
-367
-489
-422
-382
-161
-215
-326
-258
-402
-175
-112
-20
-24
-442
-333
-517
-183
-269
-158
-254
-102
-418
139
-282
70
-71
-343
-73
-419
-53
-187
-121
26
-234
-70
-109
13
-1
-191
85
-263
-28
-68
-52
-106
11
-220
95
-247
-67
-112
-271
-24
-119
86
-60
-45
-178
-51
-179
29
-69
-98
-43
-127
55
-1
41
49
-30
82
-101
67
-136
80
73
-20
159
-5
276
180
158
95
51
-19
106
183
297
259
112
-57
78
-116
75
27
75
104
114
-108
128
-51
-26
123
-86
132
-144
60
66
90
-142
54
-38
178
196
8
57
-37
211
103
107
169
107
151
163
127
85
34
136
252
361
220
147
123
161
235
292
250
270
157
286
248
220
373
164
245
59
194
193
150
146
17
239
133
347
233
211
161
65
148
196
236
212
211
91
258
112
86
186
-83
243
-38
127
72
-143
39
-27
55
20
-32
48
-11
-1
-52
-58
94
70
184
73
263
138
148
135
153
116
160
203
161
154
204
122
285
-29
265
-67
256
104
-7
168
-128
224
1
187
10
65
-53
8
4
-89
17
-50
19
-171
53
-161
-16
-94
-131
9
-227
69
-132
13
-61
-82
35
39
156
151
-36
125
-62
23
78
56
145
2
50
-114
37
-62
-8
-3
32
112
-54
-61
-165
-152
-221
-128
-217
-194
-113
-271
-144
-212
-288
-215
-379
-172
-234
-196
-155
-329
-204
-306
-155
-247
-69
-207
-143
-211
-116
-207
-110
-259
-212
-126
-194
54
-138
-56
-72
-83
-92
-67
-165
-18
-112
11
10
-22
-14
-64
-39
-181
-88
-350
-194
-263
-232
-103
-449
-183
-439
-210
-189
-319
-309
-200
-302
-218
-242
-210
-340
-307
-355
-398
-429
-401
-250
-316
-329
-282
-289
-123
-215
-295
-245
-342
-162
-392
-128
-322
-284
-267
-195
-135
-152
-135
-143
-69
-109
-166
-144
-202
-41
-158
-149
-239
-206
-174
-173
-170
-315
-66
-133
-64
-27
-226
-33
-163
122
-111
-82
-157
-259
-45
-136
71
-32
6
5
69
-172
191
-38
192
-6
209
252
217
344
127
160
-125
-182
-176
-98
-5
-108
17
-51
75
32
123
78
-61
-60
-24
-35
9
-86
-52
22
-77
81
105
228
126
272
122
116
-118
92
-55
-88
95
-212
21
-68
-31
-20
-116
-102
-51
-251
9
-191
37
-96
-88
4
-197
86
-90
103
-163
-77
-64
-196
120
-175
-20
-103
-59
-56
-76
-2
15
143
-57
6
176
90
101
-48
-57
45
-43
170
-150
157
-41
66
124
27
105
-51
131
103
77
27
-97
-101
-145
121
-32
171
-146
-183
-26
-76
18
158
-180
227
126
230
68
-261
-52
-270
194
2
123
-51
181
151
306
305
148
146
180
326
248
314
232
279
151
241
52
109
130
89
139
101
5
46
-35
56
161
-8
127
99
224
304
151
259
233
145
341
145
527
118
465
-37
367
-4
263
69
50
23
-99
106
-107
107
-249
-12
-353
-34
-208
-20
-232
-62
-186
73
92
105
272
47
439
143
302
309
267
295
146
124
188
-8
64
-40
-70
-268
39
-296
47
-278
-375
-381
-410
-79
-323
-79
-254
-250
-161
-262
-104
-202
-154
-89
-300
-113
-51
-108
101
40
84
101
263
255
330
160
300
157
285
374
342
488
456
216
66
-295
-325
-138
14
204
-91
289
-20
755
349
823
199
-202
-109
-420
15
-235
-163
-259
-43
-251
102
-281
-192
-661
-630
-1161
-1142
-186
-179
785
-188
416
-61
619
699
914
675
15
214
-747
343
-667
954
1106
1056
1162
-835
253
-200
560
-491
-671
-830
-612
-50
23
588
-461
-266
29
-36
209
-349
291
-47
-176
-163
-276
177
-347
549
-127
71
-255
-382
-287
-525
-171
-270
-95
-380
-263
-167
-413
-74
-337
-157
-21
-233
216
153
-45
411
-164
605
-26
479
-37
349
235
208
361
106
596
49
435
174
82
60
-175
-56
-120
18
-59
-85
158
-499
123
-463
-1
-76
-236
-110
-468
8
-219
82
-48
-27
82
-130
283
-252
1
-115
-93
285
-225
262
-198
122
10
63
168
-292
-110
-402
-163
-248
35
-55
67
-50
2
41
422
-13
532
-218
483
-120
480
499
293
577
-24
564
26
411
33
-5
161
-314
-123
-264
-112
-40
-378
-123
-390
-371
-237
-640
-384
-405
-424
-177
-323
-181
82
-174
246
110
-4
305
-70
186
173
72
213
22
207
120
237
81
72
95
35
83
111
177
66
-51
86
47
97
-181
-13
-359
-277
-305
-111
8
-94
-106
-403
-327
-320
-339
-270
-392
-458
-389
-345
-105
-92
-237
-162
-20
-333
92
-107
49
-115
-52
225
140
182
108
474
50
260
-24
164
110
-295
-24
-334
319
-27
328
54
-23
334
-184
385
62
254
-266
145
-138
152
145
59
278
-156
101
140
-45
238
-166
164
-24
-128
66
-172
101
18
-151
-115
-311
-395
-337
-29
-26
-103
-230
-482
-140
-376
-89
-184
-719
-162
-385
-15
125
-58
54
41
226
98
166
113
147
196
163
144
230
38
244
207
266
307
64
134
-168
-29
-309
154
-97
138
326
-46
-1
-321
-103
-311
99
-88
-244
-34
7
519
100
260
-9
-71
240
306
445
44
70
-505
414
439
267
163
-68
4
301
-64
308
-324
-109
-176
12
173
-38
77
-103
225
1
15
19
44
39
74
20
301
79
89
328
256
672
422
734
897
420
736
546
624
626
283
461
477
230
43
-593
-321
-331
205
-186
-385
-167
-352
45
-126
-230
-114
-288
330
194
67
123
68
259
298
315
528
299
964
412
919
597
697
465
234
462
71
408
-116
-105
-581
-255
-569
-38
-5
-100
50
-312
72
-360
-55
79
1170
-574
-104
-1262
-898
-60
-299
223
-512
-601
-232
-361
414
-126
-759
-788
-596
20
-257
-501
-741
-590
-746
-192
-89
3
-482
-252
198
517
13
0
-207
291
220
207
-133
-533
-351
-487
-780
-823
-878
-408
-155
-447
-323
-685
-149
-345
-242
-577
-803
-763
-602
-466
-161
-308
210
-190
-431
-893
-804
141
57
-77
-54
-500
-282
-176
-224
141
-296
-235
-434
-344
-166
-385
-232
-357
-365
-159
239
254
291
31
-246
-488
-494
-651
-531
-197
-20
-142
199
-301
-97
-103
176
-44
17
-774
-417
-424
-568
-179
-512
11
-390
-257
-189
-77
-188
-111
-566
-375
-741
-330
-620
-237
-633
-683
-603
-378
-362
-132
-467
-196
-225
-670
-65
-463
28
-3
-25
341
-26
-89
151
-294
-90
279
-101
757
142
167
-193
-39
169
-51
-460
-399
-165
-51
569
-486
-39
-657
-237
-234
-303
-104
-468
-354
-129
102
-300
-207
-307
77
215
203
230
46
122
-144
140
27
291
100
427
460
-87
-79
-584
-364
-149
-128
185
-244
-120
-139
-325
416
-177
8
-258
-168
-203
94
186
-38
43
-90
159
-67
105
-374
43
-583
78
-82
-97
46
-234
-469
-235
-500
-244
-187
-351
111
-654
-411
-436
-12
462
-172
395
-636
528
587
253
575
-895
-214
-983
232
245
116
303
-716
100
-108
180
705
227
458
-80
35
-320
-609
-1572
-1444
-1599
-721
-813
-546
-794
-427
-465
-746
-374
-1052
-617
-599
112
-257
47
-309
-117
-313
191
-90
14
394
121
444
3
762
705
639
298
-215
-582
-214
-225
-550
-705
-652
-1103
-336
-482
28
-89
-585
20
-372
139
-365
-240
-440
-555
-140
-317
-189
-389
-604
-106
-287
261
4
-165
-15
-110
903
1082
451
705
-1390
-718
364
709
1559
629
318
714
786
574
662
-795
-82
-1037
-506
313
-232
251
-242
-23
-206
-812
-93
81
-64
-226
-1065
-114
-392
-210
34
27
65
3
-608
-153
185
-330
242
-261
-24
396
-118
567
603
365
446
-503
-538
-288
-266
15
-380
-335
-68
355
-145
308
-610
-386
-555
-696
246
-299
197
80
-171
42
92
-357
-18
27
-146
-108
-262
166
-207
-454
1
52
31
71
-358
-319
4
-124
25
-202
93
338
541
718
913
623
286
799
473
1341
900
1057
767
716
1020
655
720
453
736
594
1258
988
1199
771
428
738
622
1063
548
523
26
173
333
437
420
642
492
537
274
593
586
728
920
1369
1343
1071
839
753
608
311
242
495
467
883
832
602
845
502
417
83
-502
-720
-817
-903
-731
-1012
-863
-915
-634
-541
-750
-907
-812
-1408
-997
-1420
-1189
-1475
-1703
-1332
-1555
-1401
-1283
-1209
-971
-1214
-1329
-1411
-1781
-1399
-1412
-1115
-1011
-904
-268
463
928
1816
2245
2852
3553
4059
4841
4881
4864
4830
4715
4436
4254
3814
3579
3209
2869
2473
2005
1793
1333
1211
819
573
250
-33
19
51
95
-38
-85
102
372
832
1402
1688
2006
2051
2297
2615
2638
2809
2222
2119
1919
1725
1695
1173
895
436
150
-103
-130
-168
-483
-689
-1221
-1296
-1476
-1789
-2075
-2825
-2969
-3633
-4112
-4178
-4589
-4489
-4721
-4988
-4490
-4613
-4557
-4277
-4258
-4064
-4380
-4772
-4581
-4284
-3935
-3140
-2822
-1610
-976
149
1680
2982
4472
5126
6162
6837
7640
8289
8396
8484
8081
7539
6829
5990
5368
4642
3529
2788
1778
926
109
-897
-1341
-1940
-2200
-2616
-3134
-3514
-3935
-3985
-3950
-3787
-3617
-3543
-3090
-2497
-1729
-1097
-526
225
863
1723
2542
3365
3945
4474
4791
5083
5186
5407
5396
5112
4999
4883
4912
4730
4692
4429
4153
4039
3506
3008
2210
1491
771
-186
-619
-1417
-1905
-2500
-2916
-2962
-3140
-2920
-2977
-2887
-3134
-3277
-3512
-3882
-4219
-4809
-5171
-5677
-6168
-6631
-6788
-6976
-7158
-7449
-7556
-7595
-7601
-7530
-7339
-6369
-5260
-3926
-2521
-1146
808
2908
4914
6854
8763
10516
11413
11975
12530
12862
12774
12119
11181
10094
8653
7185
5542
4257
2818
1228
-233
-1488
-2393
-3551
-4512
-5208
-5742
-6429
-7165
-7424
-7553
-7644
-7543
-7281
-6635
-6159
-5589
-4671
-3616
-2274
-1309
-108
1155
2333
3328
4192
5220
6299
6791
7253
7452
7516
7603
7142
6821
6122
5885
4981
4552
4141
3863
3947
3302
3177
2522
2260
1688
877
598
-303
-708
-1652
-2471
-2922
-3522
-3775
-4287
-4452
-4629
-4907
-5111
-5423
-5554
-5732
-6193
-6469
-6868
-7189
-7374
-7732
-7854
-8219
-8701
-8748
-9072
-8922
-9104
-8812
-7154
-6067
-3991
-2358
-397
2714
4876
7846
9914
12243
14276
14728
15722
15864
15976
15327
13674
12444
10445
8561
6228
4171
2503
507
-1432
-3353
-4497
-5688
-6856
-7673
-7909
-8212
-8999
-9495
-9263
-8768
-8784
-8599
-7917
-7050
-6421
-6048
-4765
-3199
-1731
-501
786
2621
4298
5563
6598
7906
8812
9115
9286
9486
9422
8919
8059
7365
6635
5675
4688
4066
3444
2936
2316
1631
1259
819
422
-395
-778
-1159
-1685
-2216
-2958
-3129
-3234
-3530
-3706
-3962
-3983
-4028
-4328
-4671
-4891
-5190
-5715
-6296
-6668
-6967
-7615
-8299
-8867
-9455
-9720
-10226
-10349
-10365
-10476
-9483
-8175
-6364
-4092
-2336
266
3109
6062
8848
11203
13890
15505
16359
17016
17194
17115
16044
14482
12908
10990
8874
6569
4639
2882
736
-1434
-3266
-4422
-5887
-7265
-7976
-8445
-9047
-9807
-10082
-9594
-9467
-9426
-8972
-8154
-7149
-6643
-5700
-4058
-2309
-918
325
1904
3820
5316
6429
7604
8833
9394
9432
9408
9256
8834
7871
7032
6298
5376
4428
3308
2754
2333
1762
1329
623
366
50
-508
-919
-1179
-1351
-1831
-2456
-2782
-2941
-2708
-2746
-2837
-2835
-2707
-2646
-2913
-3177
-3296
-3598
-4457
-5270
-5952
-6480
-7208
-8020
-8537
-9268
-9802
-10420
-10879
-10918
-10661
-9235
-7961
-6137
-3983
-2059
994
3694
6489
8893
11020
13281
14121
15082
15663
15832
15483
14020
12882
11074
9043
6883
4921
3114
975
-1169
-3050
-4360
-5558
-6870
-7585
-7882
-8325
-8877
-9184
-8473
-7887
-7970
-7624
-6812
-5719
-5159
-4629
-3305
-1761
-679
115
1354
3107
4456
5541
6528
7641
8513
8514
8494
8320
8045
7186
6116
5133
3844
2544
1129
395
-148
-794
-1144
-1769
-1782
-1894
-1807
-1547
-1571
-1134
-1384
-1328
-1281
-1264
-830
-882
-792
-888
-798
-636
-908
-1210
-1563
-1895
-2623
-3572
-4209
-4958
-5612
-6682
-7577
-8059
-8907
-9744
-10350
-10768
-10964
-10924
-10068
-8602
-7127
-5288
-3662
-870
1821
4181
6677
8950
11300
12459
13320
14224
14621
14533
13468
12377
11129
9349
7477
5613
3993
2043
33
-1557
-2884
-3870
-5251
-6077
-6453
-6997
-7599
-7912
-7391
-7061
-7161
-6943
-6237
-5334
-4718
-4290
-3092
-1740
-833
85
1313
2850
4140
5091
6048
7167
7953
8062
8082
8116
7821
6979
5837
4802
3682
2230
940
-49
-784
-1435
-2127
-2496
-2601
-2516
-2335
-2127
-1686
-1197
-913
-646
-264
182
688
987
1069
1069
1195
1203
922
499
76
-568
-1572
-2742
-3656
-4534
-5507
-6730
-7799
-8529
-9428
-10314
-11057
-11547
-11727
-12094
-11562
-10054
-8778
-6894
-5395
-3040
-38
2260
4829
7170
9765
11750
12907
14328
15148
15603
15188
14205
13331
11752
10088
8089
6156
4300
1989
45
-1870
-3362
-4921
-6243
-6892
-7761
-8494
-8939
-8783
-8333
-8231
-8016
-7287
-6439
-5727
-5069
-4106
-2794
-1782
-942
144
1617
2872
3911
4881
5953
6948
7275
7441
7741
7611
7043
6089
5136
4136
2713
1205
-98
-1113
-1730
-2740
-3256
-3528
-3643
-3175
-2969
-2025
-1187
-388
405
997
2267
3063
3715
4083
4151
4500
4193
3830
3234
2456
1586
323
-950
-2344
-3541
-4829
-6406
-7539
-8652
-9707
-10780
-11588
-11994
-12724
-13273
-13725
-13557
-12607
-11432
-10236
-8403
-6316
-3820
-1220
1326
4454
7298
9949
11819
13525
15326
16409
17074
16940
16440
15609
13868
12090
10294
8519
6209
3522
1191
-985
-2831
-4868
-6333
-7114
-8132
-9207
-9834
-9658
-9260
-9240
-9029
-8342
-7485
-6962
-6524
-5547
-4246
-3213
-2537
-1537
-224
1071
2144
3092
4328
5411
5991
6380
6761
6873
6701
6165
5624
4913
3906
2725
1626
742
-287
-1104
-1763
-2194
-2217
-2101
-1707
-1108
-163
847
1658
2775
3661
4701
5531
5837
6062
6005
5823
5079
4060
2957
1761
405
-1435
-3105
-4553
-5938
-7464
-9009
-10087
-11215
-11906
-12785
-13188
-13407
-13632
-13484
-13661
-12769
-11491
-10189
-8642
-6901
-4409
-1580
1161
4050
6983
9872
12247
14079
15932
17598
18745
19031
18629
18053
16951
15099
12959
10694
8268
5365
2357
-249
-2641
-4803
-6922
-8425
-9580
-10635
-11257
-11636
-11267
-10902
-10696
-10226
-9492
-8602
-7973
-7166
-5993
-4729
-3805
-2982
-1854
-628
669
1824
2970
4207
5211
5898
6480
6955
7395
7473
7271
6728
6014
5222
4361
3409
2459
1577
764
-19
-804
-1048
-829
-392
-9
447
1194
1966
2725
3392
4184
4941
5063
4967
4696
4565
4096
3111
2108
913
-359
-1962
-3627
-4992
-6314
-7705
-9279
-10545
-11422
-12281
-12797
-13301
-13460
-13500
-13459
-13267
-12770
-11557
-10032
-8327
-6437
-4367
-1843
1015
3733
6518
9131
11683
13705
15260
16732
17834
18422
18257
17532
16416
14754
12742
10607
8338
5819
2965
295
-1992
-4047
-6049
-7740
-8804
-9721
-10667
-11368
-11352
-10958
-10908
-10812
-10331
-9459
-8709
-8235
-7279
-6091
-4872
-4029
-3100
-1755
-427
824
2054
3430
4890
5943
6704
7499
8191
8610
8509
8229
7926
7379
6631
5626
4745
3919
2859
1905
1150
694
483
300
123
327
829
1212
1508
1906
2322
2651
2642
2487
2485
2339
1941
1161
373
-300
-1176
-2301
-3606
-4612
-5592
-6904
-8048
-8889
-9489
-10150
-10916
-11293
-11425
-11502
-11622
-11515
-11072
-10611
-9743
-8578
-6850
-5076
-3280
-1222
1278
3899
6113
8308
10608
12613
14095
15154
16129
16737
16622
15918
14876
13640
11999
10187
8245
6173
3990
1733
-311
-2140
-3697
-5246
-6578
-7659
-8756
-9661
-10169
-10292
-10387
-10531
-10492
-10090
-9610
-9154
-8484
-7531
-6425
-5518
-4457
-3168
-1657
-34
1389
2796
4315
5810
6930
7887
8775
9570
10029
10131
9887
9511
9044
8410
7629
6612
5731
4629
3630
2698
2030
1611
917
447
196
146
19
-181
-128
-108
-90
-291
-468
-455
-517
-748
-1215
-1589
-1998
-2649
-3406
-4121
-4662
-5418
-6259
-6893
-7469
-7906
-8429
-8781
-8930
-9228
-9386
-9559
-9570
-9291
-9077
-8429
-7427
-6140
-4862
-3445
-1579
396
2601
4662
6774
8911
10564
11956
13309
14474
15325
15526
15352
14957
14168
12944
11607
10126
8240
6123
3989
1933
-63
-2072
-3890
-5379
-6756
-8256
-9542
-10273
-10680
-11142
-11541
-11491
-11092
-10692
-10380
-9652
-8555
-7418
-6376
-5309
-3883
-2278
-835
621
2261
3945
5420
6644
7841
9088
10134
10746
11043
11249
11299
10973
10351
9546
8642
7546
6174
4941
3800
2642
1527
454
-295
-831
-1359
-1705
-1835
-1763
-1743
-1854
-1802
-1593
-1381
-1445
-1559
-1606
-1630
-1933
-2414
-2783
-3097
-3564
-4337
-5126
-5621
-6145
-6868
-7606
-8160
-8337
-8743
-9125
-9246
-9126
-8985
-9055
-8908
-8436
-7460
-6522
-5368
-3926
-2254
-520
1307
3484
5742
7900
9764
11431
13017
14352
15393
15986
16264
16195
15545
14446
13120
11658
9912
7687
5364
3091
871
-1418
-3685
-5631
-7302
-8845
-10297
-11323
-11837
-12055
-12275
-12393
-12076
-11469
-10735
-10055
-8988
-7671
-6392
-5192
-3855
-2238
-571
1052
2577
4252
5923
7460
8805
10051
11224
12173
12612
12760
12810
12568
11828
10764
9524
8099
6502
4814
3116
1708
489
-833
-1815
-2612
-2992
-3266
-3504
-3475
-3279
-2953
-2849
-2603
-2272
-1975
-1830
-1982
-2069
-2133
-2302
-2637
-3180
-3559
-3988
-4471
-5073
-5581
-5723
-6096
-6409
-6786
-6903
-6717
-6789
-6727
-6728
-6537
-6405
-6488
-6244
-6011
-5316
-4594
-3732
-2545
-1297
166
1873
3745
5709
7497
9223
10748
12074
13287
14090
14575
14560
14112
13343
12053
10546
8851
6915
4681
2332
60
-2056
-4040
-5874
-7430
-8729
-9737
-10582
-11117
-11256
-11085
-10925
-10609
-10010
-9260
-8400
-7601
-6478
-5269
-4125
-3055
-1883
-336
1175
2616
3928
5310
6815
8041
8998
9849
10766
11273
11350
11126
10790
10311
9317
8073
6742
5398
3980
2399
1016
-189
-1252
-2200
-3221
-3667
-3908
-4097
-4150
-4140
-3884
-3851
-3727
-3664
-3440
-3243
-3315
-3323
-3429
-3337
-3298
-3324
-3256
-3203
-3039
-3057
-3075
-2957
-2763
-2731
-2853
-2935
-2952
-3009
-3163
-3348
-3438
-3483
-3796
-4220
-4417
-4535
-4716
-4673
-4253
-3524
-2772
-1903
-720
984
2632
4083
5579
7128
8491
9413
10290
11077
11565
11399
10785
10234
9448
8318
6975
5502
4056
2325
611
-902
-2217
-3382
-4624
-5622
-6427
-7065
-7564
-7820
-7797
-7789
-7635
-7250
-6747
-6226
-5606
-4806
-3977
-3214
-2493
-1541
-497
486
1415
2376
3306
4172
4932
5694
6395
6916
7199
7340
7416
7301
6990
6555
6024
5262
4293
3209
2277
1356
196
-869
-1718
-2560
-3230
-3797
-4181
-4306
-4392
-4394
-4161
-3741
-3225
-2758
-2321
-1718
-1171
-752
-357
-5
346
462
583
646
495
282
8
-222
-583
-1034
-1455
-1892
-2340
-2821
-3368
-3741
-3940
-4313
-4736
-5087
-5406
-5776
-6340
-6590
-6356
-6019
-5698
-5087
-4185
-2973
-1375
348
2176
4203
6096
7761
9253
10749
12005
12734
12970
12878
12512
11634
10482
9145
7580
5721
3776
1898
206
-1228
-2551
-3778
-4843
-5655
-6244
-6664
-6853
-6923
-7056
-7215
-7291
-7256
-7306
-7325
-7152
-6903
-6648
-6273
-5700
-4830
-3715
-2446
-1100
383
2012
3570
4988
6363
7652
8605
9078
9224
9151
8740
8011
7012
5811
4546
3220
1950
805
-144
-793
-1333
-1616
-1647
-1466
-1175
-808
-410
-230
-32
231
391
290
64
-166
-525
-948
-1473
-1894
-2091
-2288
-2508
-2661
-2565
-2273
-2157
-2115
-2074
-1888
-1896
-2109
-2367
-2693
-3233
-3867
-4573
-5228
-5875
-6567
-7007
-7465
-7535
-7639
-7364
-6530
-5375
-4032
-2640
-959
936
2914
4796
6675
8348
9564
10484
11056
11633
11909
11714
11357
10645
9891
8890
7752
6734
5517
4157
2685
1218
-28
-1237
-2485
-3718
-4978
-6086
-7268
-8256
-9041
-9673
-10211
-10682
-10854
-10662
-10206
-9599
-8760
-7644
-6374
-5069
-3644
-2102
-454
1082
2347
3399
4443
5451
6204
6725
7069
7278
7305
7125
7039
6895
6671
6336
5828
5365
4906
4437
3828
3229
2625
1970
1231
634
120
-394
-921
-1407
-1779
-2079
-2356
-2487
-2597
-2710
-2712
-2701
-2625
-2480
-2366
-2261
-2265
-2250
-2199
-2290
-2281
-2314
-2366
-2427
-2638
-2763
-2784
-2794
-2773
-2863
-2935
-2878
-2861
-2858
-2865
-2827
-2840
-3007
-3158
-3309
-3441
-3306
-3007
-2458
-1782
-1077
-90
1124
2506
3883
5209
6487
7636
8559
9270
9761
9966
9764
9188
8422
7351
6114
4801
3356
1895
392
-970
-2110
-3096
-3911
-4598
-5165
-5653
-6079
-6386
-6485
-6596
-6838
-7149
-7363
-7383
-7388
-7413
-7257
-6920
-6513
-5986
-5195
-4054
-2741
-1426
-59
1400
2899
4331
5625
6784
7765
8479
8806
8947
8966
8752
8239
7440
6558
5696
4817
4009
3343
2694
2176
1724
1286
1099
904
699
410
-21
-423
-982
-1547
-2112
-2796
-3489
-4145
-4722
-5085
-5223
-5258
-5047
-4747
-4197
-3559
-2868
-1992
-1146
-282
388
858
1248
1482
1627
1528
1186
866
466
-64
-647
-1165
-1506
-1893
-2212
-2521
-2731
-2735
-2930
-3070
-2972
-2817
-2427
-2106
-1877
-1360
-900
-307
364
1042
1883
2454
2980
3603
4171
4881
5273
5558
5838
5980
5991
5797
5608
5338
4742
3856
2942
1939
844
-370
-1625
-2844
-4117
-5326
-6429
-7249
-7838
-8409
-8798
-8877
-8733
-8348
-7812
-7010
-5929
-4906
-3863
-2781
-1536
-118
1103
2280
3307
4328
5328
6038
6760
7494
8093
8484
8553
8660
8754
8688
8466
8081
7610
7005
6114
5192
4158
3161
2123
794
-350
-1398
-2454
-3479
-4439
-5309
-6006
-6575
-6921
-7110
-7080
-6740
-6384
-5857
-5173
-4248
-3217
-2356
-1365
-364
523
1375
2132
2829
3429
3784
3936
3997
3976
3836
3395
2980
2546
1918
1022
252
-371
-1144
-2050
-3203
-4092
-4971
-5999
-6998
-7893
-8646
-9069
-9302
-9058
-8395
-7478
-6252
-4869
-3105
-1098
827
2827
4710
6335
7691
8667
9481
9937
10019
9882
9308
8584
7756
6690
5518
4246
2955
1723
420
-892
-2050
-3145
-4172
-5304
-6348
-7208
-7935
-8632
-9308
-9652
-9712
-9591
-9269
-8557
-7433
-6108
-4746
-3107
-1129
915
2886
4719
6523
8197
9504
10409
11112
11663
11947
11663
11205
10682
9941
8985
7882
6732
5492
4109
2621
1350
61
-1178
-2505
-3731
-4630
-5512
-6285
-6969
-7368
-7520
-7600
-7464
-6955
-6161
-5211
-4113
-2956
-1616
-226
1073
2285
3346
4276
5008
5474
5720
5786
5735
5408
4941
4401
3638
2747
1856
954
5
-935
-1870
-2782
-3638
-4430
-5232
-5980
-6656
-7152
-7651
-7975
-8239
-8276
-8233
-8169
-7842
-7483
-6797
-5766
-4508
-2890
-1336
438
2310
4163
5978
7611
8957
9863
10352
10573
10571
10233
9515
8492
7381
6222
4882
3487
2246
1055
-222
-1623
-2892
-3896
-4893
-5943
-6896
-7722
-8350
-8865
-9139
-9014
-8553
-7935
-7152
-6016
-4498
-2883
-1116
664
2517
4181
5550
6734
7716
8456
8825
8845
8675
8332
7858
7251
6533
5805
5057
4255
3477
2758
2039
1275
451
-492
-1275
-2261
-3125
-3865
-4648
-5342
-5915
-6146
-6269
-6140
-5799
-5255
-4528
-3666
-2811
-1887
-898
42
816
1513
2103
2663
3032
3291
3566
3752
3876
4092
4159
4203
4143
4110
3948
3661
3280
2749
2143
1434
683
-171
-992
-1680
-2355
-3003
-3553
-4015
-4286
-4651
-4932
-5094
-5301
-5417
-5686
-5937
-6094
-6226
-6373
-6619
-6665
-6524
-5995
-5406
-4371
-3149
-1962
-600
668
2125
3372
4324
5005
5335
5499
5660
5602
5525
5378
5265
5115
5055
5184
5255
5168
4811
4373
3772
2954
2003
861
-302
-1621
-2928
-4105
-4922
-5377
-5555
-5535
-5112
-4391
-3430
-2377
-1257
-9
984
1754
2261
2616
2879
2919
2792
2597
2443
2356
2153
2039
2026
1989
1879
1604
1359
1002
494
-275
-1112
-1988
-2720
-3343
-3895
-4100
-4163
-3942
-3558
-2773
-1846
-775
217
1134
2058
2853
3508
4000
4370
4709
4928
5155
5339
5642
5858
5980
6133
6198
6054
5853
5379
4760
3826
2710
1507
186
-1036
-2140
-3197
-4165
-4909
-5434
-5866
-6134
-6334
-6508
-6714
-6950
-7218
-7463
-7705
-7901
-8049
-8118
-7924
-7553
-6985
-6403
-5479
-4593
-3767
-2961
-2065
-1343
-604
387
1359
2374
3332
4329
5376
6427
7550
8293
8961
9341
9501
9472
9360
9185
8787
8015
7013
6055
5017
3926
2933
1839
469
-913
-2293
-3501
-4527
-5523
-6394
-7253
-7827
-8145
-8237
-8034
-7643
-7147
-6610
-6012
-5232
-4289
-3391
-2358
-1385
-570
186
1065
1976
2784
3566
4154
4533
4824
5010
5130
5090
4854
4491
4006
3407
2853
2370
1904
1511
1181
804
682
603
726
1023
1279
1464
1562
1767
2082
2488
2735
2757
2764
2835
2912
3043
3184
3267
3074
2900
2721
2465
2134
1769
1196
381
-576
-1515
-2264
-2911
-3615
-4226
-4848
-5291
-5504
-5515
-5399
-5136
-4927
-4898
-4796
-4461
-4029
-3667
-3370
-2942
-2598
-2194
-1713
-1144
-666
-250
-86
155
357
498
489
265
63
5
-385
-672
-847
-908
-458
-166
563
936
1201
1577
1656
1817
1484
1045
317
-536
-1056
-1512
-1568
-1662
-1429
-1035
-614
-70
321
657
848
589
25
-586
-1204
-1713
-2268
-2509
-2486
-2394
-2190
-1748
-994
-246
293
727
1060
1304
1348
1404
1527
1644
1711
1836
2152
2754
3300
3751
4014
4140
3926
3468
2948
2348
1692
918
207
-277
-484
-438
-192
179
500
824
1064
1240
1417
1518
1573
1446
1185
1002
930
996
1149
1285
1425
1463
1501
1446
1459
1393
1111
784
478
363
362
350
491
653
840
887
942
936
740
412
-10
-408
-743
-1120
-1367
-1529
-1544
-1500
-1425
-1362
-1290
-1301
-1579
-1976
-2530
-3215
-4024
-4868
-5544
-6349
-6836
-7228
-7662
-7701
-7774
-7623
-7499
-7394
-7307
-7182
-6918
-6748
-6373
-5853
-4653
-3184
-1399
601
2089
3747
5401
6768
7959
8588
8917
8938
8776
8732
8867
9110
9068
8972
8798
8493
8045
7155
5964
4422
2204
614
-1450
-2850
-4032
-5156
-5775
-6001
-6053
-6066
-6007
-5678
-5696
-5877
-5743
-5486
-5184
-4852
-3849
-2797
-1421
188
1576
2935
4056
4968
5575
5807
5841
5538
5044
4595
4406
4451
4310
4521
4677
4709
4641
4670
4370
3759
3115
2397
1523
879
729
778
1244
1628
2149
2473
2815
3176
3435
3285
2561
1668
745
-121
-577
-932
-1529
-2187
-2522
-2793
-3244
-3529
-3958
-4784
-5770
-6524
-7011
-7187
-7148
-6944
-6653
-6018
-5067
-4017
-2958
-2087
-1314
-981
-767
-442
-10
298
567
1038
1399
1786
2098
2486
2701
2419
2026
1313
572
-209
-1078
-1831
-2673
-3134
-3550
-3769
-3961
-4011
-4042
-4190
-4325
-3958
-3123
-2155
-986
-232
550
1413
2332
3170
3716
4091
3941
3376
3265
3437
3594
3382
2981
2560
2268
1853
1315
803
-26
-1373
-2693
-3661
-4108
-4205
-4440
-4488
-4243
-3802
-3279
-2505
-1441
-607
-191
244
935
1967
3002
4061
5080
6147
7129
7936
8669
9284
9441
9030
8213
7329
6399
5285
3987
2755
1575
401
-648
-1448
-2234
-3084
-4132
-5189
-6058
-6755
-7362
-7862
-8078
-8141
-7717
-7054
-6089
-5118
-4180
-3196
-2037
-771
306
1122
1925
2743
3545
4421
5287
5811
6045
6252
6256
6163
5850
5237
4416
3569
2616
1929
1465
985
574
202
-216
-529
-755
-1033
-1427
-1909
-2521
-3132
-3610
-3908
-4142
-4397
-4557
-4700
-4835
-4821
-4781
-4824
-4998
-5153
-5346
-5399
-5340
-5118
-4866
-4762
-4649
-4381
-3993
-3506
-3155
-2836
-2844
-2376
-2001
-1830
-1292
-873
132
1182
2577
3865
4999
5546
5764
6133
6677
6875
7077
6869
6616
6691
6582
6895
7158
6928
6010
5045
4443
3518
2213
854
-533
-1879
-3004
-3585
-3813
-4113
-4476
-4795
-5172
-5503
-5828
-5871
-5778
-5559
-5039
-4622
-4039
-2900
-1547
-417
487
1311
1862
2358
2860
3204
3380
3469
3554
3927
4317
4756
5145
5287
5086
4662
4196
3544
2983
2245
1616
1058
463
173
89
290
594
667
773
687
571
441
248
417
552
621
700
881
1332
1558
1778
1874
1438
887
287
-272
-877
-1466
-2150
-2918
-3358
-3501
-3562
-3667
-3951
-4330
-4690
-4958
-5104
-5122
-5056
-4804
-4363
-3699
-2895
-2023
-1071
-266
409
1027
1376
1558
1704
1920
2118
2195
2315
2404
2574
2604
2519
2339
1992
1550
1039
450
-129
-724
-1424
-2066
-2714
-3124
-3451
-3925
-4270
-4612
-5002
-5159
-5241
-4973
-4560
-3848
-2989
-2140
-1099
-203
526
1103
1537
1959
2375
2803
3197
3558
4148
4629
4957
5163
5132
4946
4737
4439
4105
3789
3409
2997
2630
2361
2043
1742
1418
1063
615
130
-238
-479
-646
-835
-992
-1006
-862
-630
-383
-160
-2
172
274
318
322
308
240
312
453
528
584
540
515
373
171
-113
-362
-510
-597
-631
-703
-711
-699
-796
-845
-909
-859
-839
-802
-755
-738
-758
-824
-943
-949
-942
-928
-833
-782
-638
-464
-332
-138
104
231
340
348
470
574
582
531
415
288
171
-23
-139
-166
-223
-277
-336
-221
-73
53
185
391
557
560
540
566
521
449
326
147
-42
-215
-360
-491
-507
-458
-372
-200
31
318
515
591
680
743
781
747
676
574
412
240
66
-89
-190
-221
-295
-456
-596
-635
-617
-592
-653
-750
-759
-783
-785
-721
-690
-693
-740
-838
-919
-1015
-1077
-1130
-1162
-1066
-927
-708
-455
-185
115
339
556
657
682
672
609
525
426
315
200
142
173
191
169
99
7
-105
-272
-469
-634
-703
-753
-801
-810
-715
-579
-446
-282
-78
82
171
244
274
252
156
-41
-266
-418
-464
-530
-593
-526
-383
-227
-122
-8
138
222
219
122
47
-50
-156
-299
-569
-761
-839
-954
-942
-834
-750
-709
-552
-226
161
546
884
1308
1765
2161
2535
2855
3077
3223
3235
3189
3085
2969
2823
2560
2238
1968
1685
1335
943
538
30
-517
-1004
-1470
-1785
-2045
-2236
-2292
-2290
-2235
-2190
-2075
-1862
-1701
-1561
-1491
-1369
-1154
-936
-603
-277
181
673
1114
1567
1948
2318
2548
2713
2847
2842
2721
2470
2181
1906
1516
1100
660
181
-298
-730
-1105
-1443
-1733
-1981
-2162
-2210
-2169
-2105
-1947
-1842
-1738
-1662
-1637
-1642
-1669
-1701
-1752
-1772
-1795
-1757
-1701
-1639
-1539
-1406
-1281
-1143
-1042
-1022
-1031
-1044
-1039
-1049
-1047
-951
-824
-700
-597
-467
-294
-169
-7
157
316
541
840
1134
1375
1573
1811
1995
2097
2137
2163
2158
2020
1808
1694
1665
1642
1581
1441
1246
1043
795
404
13
-424
-838
-1159
-1408
-1497
-1550
-1593
-1522
-1383
-1216
-1015
-801
-612
-477
-428
-340
-238
-108
15
141
440
717
985
1215
1385
1751
2076
2522
2842
3132
2923
2572
2361
1806
1789
1601
1461
1589
1603
1712
1610
1313
746
129
-407
-709
-399
-88
202
287
112
141
48
-57
-466
-861
-1077
-1103
-925
-823
-824
-983
-1073
-1120
-1232
-1548
-1992
-2542
-2728
-2775
-2750
-2707
-2680
-2275
-1871
-1470
-1304
-1136
-1001
-797
-636
-447
-260
-66
403
724
1000
917
745
523
352
300
21
-121
-123
103
213
103
-17
-193
-486
-921
-1237
-1703
-2074
-2379
-2600
-2628
-2660
-2537
-2391
-2194
-2002
-1856
-1596
-1254
-796
-327
116
622
1110
1595
2002
2197
2382
2462
2496
2588
2594
2547
2539
2561
2571
2519
2444
2346
2152
1914
1619
1444
1203
1007
794
523
255
-124
-499
-806
-1101
-1371
-1584
-1749
-1806
-1695
-1510
-1205
-871
-583
-321
-64
203
497
712
862
1072
1307
1554
1788
1943
1985
1888
1720
1561
1539
1515
1463
1411
1324
1298
1236
1140
1015
871
709
537
423
317
225
140
0
-151
-250
-322
-378
-500
-618
-652
-820
-974
-1017
-1058
-1108
-1208
-1223
-1260
-1397
-1632
-1907
-2204
-2499
-2820
-3038
-3206
-3267
-3220
-3142
-3079
-2976
-2859
-2757
-2667
-2578
-2565
-2534
-2389
-2228
-2066
-1979
-1828
-1623
-1350
-1001
-687
-476
-234
-35
251
430
602
771
857
908
835
788
802
723
682
575
378
318
222
237
231
165
340
373
566
812
1051
1408
1535
1746
1875
1970
2090
1961
1872
1716
1441
1324
1135
1010
972
861
882
851
920
1042
954
955
875
809
764
558
451
275
118
126
50
104
95
23
87
178
356
598
817
1208
1601
1919
2239
2531
2795
2857
2777
2644
2519
2314
2039
1674
1220
829
436
134
-87
-168
-258
-402
-478
-533
-548
-700
-911
-1059
-1271
-1347
-1368
-1468
-1581
-1679
-1757
-1793
-1844
-1896
-1944
-1957
-1919
-1827
-1659
-1427
-1148
-824
-617
-326
-39
67
100
23
-92
-165
-191
-277
-437
-603
-703
-823
-931
-1080
-1183
-1180
-1096
-985
-825
-658
-608
-515
-424
-265
-177
-241
-377
-521
-593
-656
-791
-917
-962
-903
-794
-722
-650
-615
-564
-478
-404
-305
-171
63
360
582
752
702
709
758
772
703
500
455
445
454
592
734
900
1126
1288
1518
1726
1974
2111
2222
2300
2349
2336
2293
2231
2100
1917
1686
1512
1311
1086
860
650
506
422
347
236
73
101
127
88
74
-3
-56
-102
-154
-181
-288
-453
-661
-846
-961
-1112
-1192
-1203
-1163
-1039
-871
-676
-498
-359
-187
-72
34
145
180
321
509
729
823
759
591
578
670
738
706
598
451
408
395
384
310
142
22
18
12
-63
-225
-499
-799
-1118
-1394
-1625
-1817
-2015
-2141
-2141
-2054
-1820
-1555
-1318
-1067
-882
-780
-760
-673
-557
-483
-370
-159
-73
106
233
272
375
446
436
307
268
317
363
440
443
365
468
508
678
679
522
452
390
183
-4
-196
-574
-714
-766
-845
-862
-940
-906
-882
-946
-850
-646
-465
-273
-158
-239
-255
-224
-28
-28
-141
-198
-233
-171
-80
52
175
156
243
301
323
270
236
255
254
272
228
218
205
293
243
138
19
-40
-22
66
246
370
386
345
337
423
434
344
246
139
116
98
-48
-226
-327
-410
-528
-655
-759
-871
-880
-751
-604
-489
-361
-136
18
137
134
76
102
248
415
598
760
939
1224
1433
1558
1555
1495
1435
1415
1388
1313
1120
864
604
458
273
53
-131
-316
-492
-657
-840
-1045
-1146
-1197
-1156
-1169
-1187
-1075
-885
-595
-312
-114
42
202
419
738
1080
1247
1314
1402
1571
1743
1852
1770
1603
1496
1331
1269
1170
1004
726
463
288
75
-234
-522
-782
-885
-1055
-1217
-1339
-1431
-1450
-1573
-1601
-1678
-1666
-1614
-1540
-1400
-1100
-868
-568
-211
7
163
173
224
168
101
52
-23
-22
-2
80
226
363
524
578
652
703
677
603
548
430
233
116
125
197
190
179
111
171
162
74
69
77
149
259
354
445
470
523
542
544
462
368
321
314
277
187
161
232
375
485
525
441
383
286
201
142
52
15
-36
-42
1
15
34
58
94
129
119
76
24
54
72
137
199
229
339
422
443
441
443
362
356
336
408
557
569
594
573
593
664
738
856
876
777
719
766
833
854
752
688
682
616
559
312
73
1
-11
-77
-293
-470
-520
-530
-634
-851
-1086
-1145
-970
-841
-735
-803
-756
-607
-470
-384
-427
-339
-207
-66
-113
-217
-247
-163
39
-25
17
-63
-87
35
39
-23
-300
-379
-406
-378
-454
-774
-1021
-1126
-1078
-1125
-1231
-1313
-1304
-1105
-862
-666
-699
-707
-577
-372
-238
-320
-441
-417
-202
8
85
79
79
134
212
176
147
121
267
469
547
508
287
164
154
116
-24
-205
-345
-440
-353
-280
-257
-207
-128
-48
-34
-37
20
114
196
311
402
433
496
528
546
528
460
460
491
595
685
737
814
955
1101
1148
1102
1057
1073
1068
1011
917
814
712
669
650
592
518
425
358
244
160
138
134
144
104
40
0
-75
-171
-261
-310
-346
-303
-179
-115
-92
-106
-120
-110
-73
-21
-35
-96
-112
-111
-110
-141
-174
-219
-240
-275
-416
-499
-528
-555
-634
-736
-769
-772
-786
-839
-923
-968
-963
-924
-896
-906
-876
-794
-661
-514
-392
-321
-220
-130
5
60
0
56
177
228
175
131
85
47
43
54
93
157
215
278
332
417
453
412
318
276
256
77
79
112
299
488
584
706
825
918
1003
1013
963
991
899
896
846
807
685
599
613
633
613
572
537
510
449
220
16
-147
-326
-435
-535
-646
-737
-853
-923
-886
-849
-781
-679
-587
-410
-163
4
146
274
388
597
727
791
922
1079
1251
1415
1555
1605
1587
1522
1428
1429
1371
1236
1139
1044
946
769
555
302
31
-268
-605
-869
-1093
-1274
-1444
-1588
-1652
-1660
-1676
-1743
-1838
-1903
-1885
-1835
-1691
-1519
-1363
-1132
-912
-701
-487
-285
-69
99
225
344
484
653
826
982
1043
1064
1178
1230
1213
1170
1123
1063
947
815
688
542
376
166
-52
-255
-460
-687
-932
-1083
-1220
-1311
-1348
-1281
-1187
-1073
-955
-896
-780
-709
-579
-453
-335
-207
-120
-25
8
-6
-56
-88
-6
106
164
183
147
171
197
186
212
197
159
103
8
-86
-145
-171
-144
-79
39
165
321
488
621
728
765
762
794
831
848
856
850
834
801
743
660
530
384
213
45
-105
-236
-343
-415
-459
-501
-634
-819
-1032
-1197
-1353
-1496
-1547
-1527
-1458
-1344
-1147
-932
-706
-538
-384
-232
-118
31
184
404
640
888
1144
1329
1465
1479
1463
1443
1347
1243
1121
999
876
807
696
531
311
88
-120
-336
-515
-656
-773
-951
-1025
-1031
-1008
-944
-889
-892
-892
-869
-827
-705
-542
-395
-217
-94
-12
109
218
245
165
118
88
75
58
23
-26
-113
-203
-280
-351
-371
-386
-381
-314
-266
-182
-110
1
88
95
101
19
9
51
67
95
137
207
298
405
465
508
544
523
442
367
278
264
237
117
21
-49
-86
-124
-248
-399
-555
-721
-842
-890
-928
-938
-849
-711
-601
-509
-444
-392
-272
-192
-122
-21
98
243
331
435
549
640
722
792
828
834
786
749
741
751
719
706
741
756
808
742
600
538
436
380
293
194
100
47
6
-33
-130
-188
-376
-542
-579
-704
-825
-972
-1068
-1115
-1118
-1122
-1169
-1207
-1205
-1154
-1083
-995
-917
-809
-668
-509
-382
-258
-117
42
218
386
549
705
865
1010
1119
1196
1238
1234
1238
1265
1277
1263
1261
1257
1216
1087
955
781
537
271
11
-245
-454
-635
-804
-903
-1004
-1128
-1235
-1301
-1332
-1358
-1434
-1511
-1534
-1534
-1482
-1364
-1242
-1132
-1041
-953
-797
-595
-381
-167
31
200
349
517
631
729
839
875
919
963
950
935
870
732
597
485
385
308
156
34
-66
-193
-284
-311
-337
-359
-387
-462
-509
-548
-567
-587
-575
-588
-610
-610
-544
-486
-428
-366
-341
-325
-283
-242
-201
-176
-230
-245
-251
-265
-218
-199
-205
-228
-266
-283
-270
-256
-228
-207
-135
-26
108
225
308
339
351
372
386
429
423
419
449
498
553
606
587
542
487
367
186
0
-165
-300
-445
-583
-709
-800
-838
-901
-960
-1024
-1071
-1099
-1070
-1091
-1032
-960
-884
-801
-768
-575
-392
-185
-25
64
196
313
524
655
784
898
978
1103
1138
1222
1220
1170
1120
1087
1071
938
793
681
583
464
332
217
127
63
62
44
-27
-154
-295
-408
-545
-652
-727
-752
-744
-744
-754
-764
-731
-673
-630
-595
-581
-565
-518
-476
-399
-285
-145
-15
90
114
171
252
296
341
377
419
495
564
630
720
796
852
860
854
828
785
699
648
622
578
553
558
548
469
403
301
223
183
83
2
-43
-54
-63
-93
-118
-146
-176
-213
-232
-256
-313
-363
-360
-352
-335
-340
-334
-301
-247
-148
-63
25
79
118
132
141
161
205
277
361
391
405
431
471
513
574
663
743
793
812
789
790
771
720
685
619
573
521
458
397
279
130
-29
-211
-384
-562
-713
-872
-992
-1055
-1105
-1159
-1168
-1164
-1172
-1162
-1120
-1039
-949
-851
-785
-676
-523
-395
-249
-70
71
157
294
408
503
562
569
619
632
653
636
621
621
628
589
530
454
317
213
114
1
-165
-335
-494
-625
-724
-836
-911
-969
-1004
-1022
-1026
-982
-886
-751
-591
-475
-393
-299
-209
-84
4
60
117
234
340
395
468
522
614
642
687
749
675
622
578
514
476
378
292
165
70
-50
-185
-230
-331
-380
-428
-469
-429
-387
-354
-273
-194
-116
-64
54
155
223
271
246
267
255
181
106
-8
-79
-108
-162
-186
-221
-275
-339
-387
-430
-527
-613
-648
-700
-751
-791
-776
-787
-787
-753
-750
-677
-641
-620
-627
-621
-567
-465
-334
-208
-64
134
320
487
618
669
709
703
638
532
468
429
397
324
264
227
185
155
114
82
45
30
2
-49
-101
-126
-140
-135
-134
-162
-212
-283
-361
-424
-475
-554
-584
-538
-455
-381
-287
-154
-39
83
203
324
432
486
536
595
648
702
708
719
788
829
864
891
935
983
1052
1158
1218
1243
1229
1232
1193
1101
993
880
731
566
389
192
22
-154
-344
-514
-627
-666
-678
-722
-746
-710
-686
-664
-590
-571
-510
-421
-357
-296
-243
-174
-138
-72
8
78
141
213
317
427
486
532
582
617
653
688
653
607
581
519
489
461
450
475
464
472
481
437
395
291
209
184
185
194
159
153
188
239
243
198
158
81
-19
-95
-122
-183
-271
-374
-506
-628
-688
-738
-729
-698
-694
-676
-652
-601
-560
-499
-441
-356
-257
-158
-47
51
139
242
328
412
558
644
694
725
760
810
800
786
757
687
567
412
275
158
42
-44
-141
-239
-362
-452
-518
-595
-701
-776
-859
-962
-994
-1025
-1017
-1002
-918
-790
-688
-577
-487
-377
-217
-29
157
282
420
546
651
780
891
997
1054
1035
946
833
776
692
607
514
357
238
160
60
-61
-138
-217
-300
-355
-386
-404
-432
-478
-490
-462
-480
-486
-503
-477
-443
-431
-435
-431
-371
-343
-303
-257
-200
-113
-30
36
88
113
111
159
209
212
163
92
22
-52
-96
-121
-153
-138
-158
-170
-134
-112
-44
12
32
86
107
138
148
137
114
49
-1
-73
-126
-166
-274
-315
-326
-375
-353
-372
-366
-350
-368
-327
-320
-301
-348
-398
-435
-486
-439
-423
-434
-413
-414
-411
-404
-422
-382
-373
-366
-331
-293
-170
-99
-29
12
73
111
67
85
49
-24
-60
-126
-114
-60
-30
50
104
195
281
356
399
452
534
572
572
569
536
518
512
471
474
457
444
414
320
246
184
150
168
117
110
87
86
88
71
93
87
92
81
95
154
163
169
162
141
190
199
205
182
150
154
112
112
140
158
190
207
229
243
208
185
164
132
91
33
-32
-68
-41
-13
6
36
67
114
158
144
136
111
70
70
76
65
38
17
-17
-30
-33
-46
-82
-149
-225
-243
-203
-198
-194
-196
-179
-144
-109
-114
-111
-100
-78
-57
-57
-29
12
42
57
85
105
158
243
279
297
308
260
272
255
233
220
134
100
86
80
35
-49
-95
-103
-54
-17
-9
10
0
5
50
81
91
100
170
254
328
395
399
413
384
372
387
338
373
373
346
314
251
222
166
114
12
-60
-109
-181
-213
-293
-402
-474
-518
-561
-537
-462
-405
-359
-312
-282
-263
-216
-252
-248
-240
-247
-260
-291
-278
-273
-245
-224
-212
-175
-177
-154
-85
-110
-85
-114
-145
-118
-127
-91
-49
-32
-60
-66
-19
76
125
150
196
279
296
296
320
305
311
325
321
345
327
238
154
102
58
-28
-107
-197
-298
-393
-442
-433
-412
-416
-398
-388
-383
-356
-365
-337
-296
-244
-167
-83
-2
68
104
124
145
192
223
248
280
273
279
273
292
258
205
154
62
33
-20
-79
-101
-147
-151
-200
-277
-285
-288
-225
-178
-170
-159
-200
-209
-215
-194
-162
-131
-87
-50
-9
42
41
32
44
42
41
-9
-73
-122
-171
-225
-311
-391
-457
-501
-528
-553
-554
-534
-484
-429
-386
-355
-328
-328
-343
-368
-383
-344
-298
-242
-223
-159
-47
-7
67
138
208
271
284
275
238
219
204
168
103
64
25
-3
-44
-79
-94
-87
-76
-86
-42
-18
-17
-29
-23
22
116
171
223
221
198
240
230
260
281
242
194
122
71
74
77
69
44
37
16
24
43
30
89
78
81
104
86
95
146
186
234
265
265
284
305
327
349
389
446
522
548
552
581
568
578
596
527
464
426
363
257
163
43
-69
-158
-220
-277
-309
-311
-275
-260
-277
-245
-192
-144
-114
-125
-64
13
92
175
272
346
373
424
439
453
490
538
548
554
538
549
542
458
394
289
157
50
-62
-151
-246
-307
-373
-407
-366
-366
-374
-396
-388
-360
-345
-329
-340
-374
-396
-416
-409
-402
-387
-378
-399
-363
-345
-348
-304
-258
-235
-225
-190
-115
-42
-7
13
29
64
58
49
89
145
213
251
258
292
372
445
468
465
468
462
426
370
341
297
242
199
118
-2
-75
-139
-228
-276
-375
-430
-445
-506
-539
-591
-590
-556
-526
-493
-469
-367
-290
-212
-132
-109
-87
-38
-3
32
56
126
227
292
353
346
384
440
427
419
330
255
199
122
55
-23
-78
-124
-175
-184
-242
-287
-301
-308
-243
-216
-174
-103
-49
52
116
226
320
351
378
360
407
437
417
372
286
247
210
149
125
62
30
-18
-82
-130
-244
-286
-309
-333
-376
-453
-469
-502
-496
-449
-439
-359
-269
-186
-44
71
182
287
408
512
562
581
591
595
565
511
432
331
243
177
120
74
-2
-66
-127
-205
-259
-291
-291
-318
-340
-365
-422
-412
-402
-413
-436
-481
-476
-403
-328
-295
-218
-86
54
147
234
299
330
392
456
518
553
513
498
466
412
387
333
286
256
240
219
200
203
213
231
240
242
248
247
259
243
233
227
216
204
213
191
144
136
109
104
103
58
37
2
1
-40
-95
-134
-197
-227
-247
-311
-390
-416
-383
-308
-268
-220
-188
-175
-134
-113
2
118
226
308
306
341
368
402
432
411
415
383
343
338
288
293
271
202
175
133
153
133
88
78
19
-4
-8
-10
-41
-100
-77
-56
-48
-68
-91
-39
-30
-74
-34
5
59
67
85
99
48
11
-55
-75
-121
-200
-249
-325
-359
-358
-356
-316
-249
-166
-86
-4
91
149
175
210
269
298
312
341
362
379
417
448
463
479
460
462
451
433
442
400
376
296
157
37
-67
-135
-225
-305
-407
-492
-530
-571
-602
-631
-613
-590
-545
-524
-469
-417
-384
-354
-311
-253
-207
-191
-131
-57
-39
-14
2
8
1
3
9
-2
-26
-19
-2
24
57
58
24
15
18
20
37
27
15
-11
-69
-65
-55
-76
-66
-56
-57
-40
4
21
36
77
57
11
-35
-72
-91
-110
-108
-109
-129
-152
-160
-195
-260
-301
-272
-264
-296
-301
-341
-364
-323
-290
-240
-227
-212
-152
-59
40
82
134
121
128
181
222
251
278
254
251
273
252
263
259
263
221
181
179
206
225
189
146
98
33
-19
-44
-78
-103
-130
-171
-210
-239
-237
-214
-194
-196
-190
-191
-158
-84
-95
-71
-65
-75
-86
-74
-40
-13
20
36
28
45
47
79
98
84
90
54
70
45
34
71
56
88
142
121
108
64
57
57
35
15
-34
-52
-52
-46
-43
-93
-164
-215
-212
-214
-245
-277
-305
-295
-286
-275
-256
-238
-197
-135
-90
-34
26
129
174
190
208
256
316
345
363
384
428
461
467
506
532
503
507
517
482
448
424
408
401
406
402
356
279
201
143
106
83
60
50
49
28
28
11
-6
17
59
67
65
47
29
58
75
102
141
143
130
119
89
83
100
121
158
155
136
120
135
127
116
120
94
113
137
147
149
122
114
103
94
125
172
182
225
251
272
289
319
329
329
337
296
309
350
368
387
323
210
112
46
8
-66
-122
-218
-286
-327
-374
-393
-434
-491
-565
-643
-684
-636
-612
-562
-494
-474
-435
-348
-269
-240
-170
-73
25
77
95
117
154
190
197
201
159
156
183
183
146
94
48
-30
-82
-107
-174
-194
-206
-227
-274
-332
-369
-416
-434
-462
-466
-467
-463
-455
-475
-511
-488
-476
-472
-465
-444
-409
-392
-332
-299
-241
-155
-159
-137
-157
-195
-213
-239
-253
-297
-287
-273
-301
-333
-293
-220
-144
-101
-92
-77
-56
-22
-3
18
42
64
81
121
134
123
130
123
115
103
60
29
-15
-44
-78
-79
-72
-124
-118
-123
-188
-262
-307
-315
-330
-353
-342
-321
-296
-268
-195
-150
-102
-14
36
41
51
79
116
133
161
218
253
272
304
360
392
370
351
343
359
376
322
293
275
261
218
145
89
79
94
55
12
-37
-107
-109
-123
-154
-171
-195
-189
-180
-171
-149
-125
-103
-84
-84
-79
-45
27
67
64
76
76
79
74
56
58
55
64
85
100
141
165
230
306
310
298
273
317
368
378
395
409
446
475
461
444
420
396
349
306
322
314
290
209
116
49
-17
-44
-65
-108
-100
-80
-82
-68
-75
-122
-146
-140
-187
-193
-173
-159
-99
-58
-22
2
-7
24
66
129
163
212
234
261
316
341
358
356
338
340
373
382
364
320
309
307
304
281
251
249
220
203
202
186
157
105
73
25
12
22
8
-11
-72
-111
-126
-112
-93
-118
-121
-119
-147
-162
-172
-153
-188
-209
-191
-201
-174
-147
-157
-147
-158
-119
-74
-60
-18
-22
24
47
52
78
111
117
86
84
81
78
74
71
47
1
-33
-42
-15
4
34
52
35
-13
-46
-60
-93
-92
-96
-107
-106
-141
-173
-194
-236
-256
-298
-318
-301
-280
-233
-214
-192
-168
-182
-175
-149
-123
-79
-53
-55
-60
-80
-80
-89
-44
14
41
51
84
95
76
65
60
70
79
42
26
31
-13
-19
-54
-63
-85
-102
-107
-130
-142
-140
-146
-165
-164
-185
-200
-220
-243
-248
-223
-183
-178
-191
-176
-150
-152
-144
-124
-113
-93
-82
-114
-101
-67
-47
-29
16
52
57
87
80
110
150
136
95
33
-19
-53
-77
-122
-159
-194
-234
-263
-281
-292
-330
-345
-310
-284
-253
-212
-208
-213
-229
-222
-198
-222
-218
-213
-244
-265
-268
-256
-214
-139
-108
-70
-11
16
45
62
63
84
114
127
127
111
65
75
97
87
91
94
81
61
47
58
76
66
71
67
69
42
34
40
65
59
45
51
53
50
26
52
76
57
42
29
-7
-36
-58
-52
-37
-11
-15
-37
-58
-68
-40
-23
-18
-28
-45
-53
-24
-14
18
91
143
180
182
171
196
243
286
303
306
302
302
315
320
326
309
305
323
302
261
262
247
222
200
191
200
246
255
256
293
285
262
229
194
175
155
111
71
55
76
57
30
27
9
3
1
1
10
14
42
72
93
80
77
105
112
98
98
134
147
171
156
157
170
167
189
181
166
158
152
133
154
125
49
24
-2
4
5
-5
-71
-109
-95
-106
-98
-131
-155
-149
-150
-120
-122
-115
-65
-49
-71
-71
-38
34
79
82
82
83
65
62
74
57
63
44
19
36
41
26
0
-31
-76
-125
-157
-192
-185
-201
-197
-192
-177
-159
-89
-51
-65
-77
-109
-118
-114
-107
-130
-141
-154
-147
-118
-109
-84
-65
-58
-67
-103
-138
-165
-182
-169
-150
-131
-156
-185
-169
-182
-219
-260
-274
-262
-285
-274
-279
-302
-270
-213
-197
-179
-129
-87
-80
-76
-49
-27
5
17
7
9
28
-14
-27
3
-1
16
10
-36
-57
-91
-126
-121
-128
-148
-171
-208
-230
-258
-300
-338
-365
-376
-378
-347
-348
-361
-346
-319
-299
-267
-218
-190
-147
-114
-78
-36
-26
20
73
99
142
177
223
266
252
210
200
197
232
266
288
288
266
276
271
256
280
267
244
204
154
101
69
58
45
40
22
32
20
-35
-107
-121
-143
-141
-120
-132
-148
-163
-160
-145
-83
-24
4
26
33
74
152
168
164
215
254
254
265
273
279
302
299
301
286
263
235
187
159
147
127
113
95
59
62
61
40
39
19
-8
9
-4
-4
48
73
85
94
86
86
79
53
27
33
31
10
-14
-48
-62
-64
-76
-70
-68
-71
-73
-87
-98
-86
-70
-67
-54
-63
-72
-39
32
67
101
129
141
140
149
180
189
215
202
214
230
185
144
113
83
86
67
13
-11
-51
-79
-72
-88
-99
-136
-160
-155
-124
-117
-150
-149
-128
-100
-101
-126
-146
-152
-152
-136
-121
-115
-97
-57
-37
-44
-56
-30
1
27
53
89
66
-10
-33
-58
-99
-117
-139
-124
-144
-187
-194
-164
-146
-142
-160
-193
-221
-212
-229
-248
-247
-276
-278
-282
-295
-346
-358
-374
-404
-408
-431
-398
-334
-310
-291
-299
-282
-248
-239
-235
-201
-175
-151
-146
-143
-114
-97
-56
-34
-6
35
70
131
151
107
55
72
80
74
77
53
50
7
-12
-34
-91
-101
-129
-188
-197
-190
-210
-256
-274
-310
-280
-227
-247
-205
-157
-123
-76
-33
-2
5
28
36
66
107
145
177
184
199
243
278
293
307
303
307
314
342
350
328
321
296
309
301
261
225
179
169
158
186
210
219
220
204
196
178
145
159
153
111
44
3
2
-18
-10
-58
-97
-132
-182
-185
-180
-190
-177
-140
-146
-141
-148
-154
-140
-115
-90
-79
-74
-69
-54
-32
-6
66
101
71
72
64
71
124
167
191
227
233
178
127
56
32
67
82
88
64
11
-37
-70
-119
-111
-120
-121
-100
-116
-124
-99
-77
-79
-36
-6
-2
27
35
50
73
82
86
57
32
28
56
90
128
197
227
193
175
189
199
208
174
141
130
88
39
29
8
10
23
38
18
0
14
19
37
66
35
29
59
85
115
117
115
81
54
-4
-30
-69
-151
-176
-197
-199
-204
-216
-235
-226
-207
-211
-197
-203
-228
-232
-261
-277
-271
-264
-233
-222
-212
-205
-213
-175
-118
-74
-11
20
46
106
145
208
261
268
265
250
228
203
172
141
96
79
53
14
-17
-33
-41
-95
-131
-204
-228
-258
-302
-265
-280
-278
-256
-260
-277
-282
-311
-322
-323
-315
-316
-321
-284
-247
-212
-216
-206
-172
-174
-163
-151
-146
-152
-191
-205
-197
-187
-171
-189
-172
-149
-121
-93
-107
-73
-68
-85
-106
-145
-170
-164
-173
-206
-201
-199
-191
-188
-207
-218
-223
-304
-321
-297
-331
-322
-321
-346
-349
-369
-370
-361
-339
-298
-294
-223
-166
-147
-94
-68
-5
10
3
50
79
93
90
116
127
147
182
188
220
223
201
214
240
239
257
258
281
288
260
271
314
313
263
257
262
213
174
127
73
44
32
16
-23
-62
-101
-159
-176
-225
-184
-118
-118
-112
-128
-138
-139
-155
-154
-68
-30
15
55
58
63
72
105
151
173
155
124
122
168
208
223
203
199
181
186
220
226
261
298
289
278
235
193
188
181
186
171
160
152
116
128
128
136
157
157
150
129
126
161
209
245
238
236
217
181
214
213
207
250
251
231
241
262
289
294
301
255
249
250
233
255
218
173
158
129
165
165
129
117
98
77
53
80
89
62
102
123
130
158
135
111
72
50
33
25
29
-19
-36
-61
-11
-3
-59
-50
-32
-21
-16
-50
-99
-156
-206
-194
-215
-231
-245
-231
-208
-201
-155
-155
-123
-114
-116
-60
-62
-59
0
73
100
91
89
93
103
110
108
118
142
170
170
169
165
178
174
175
201
212
182
175
159
116
78
52
27
17
-4
-58
-63
-66
-55
-62
-107
-140
-159
-181
-149
-123
-134
-126
-125
-143
-173
-157
-170
-169
-146
-158
-150
-119
-119
-133
-114
-64
-18
22
94
139
133
88
41
15
-6
-17
-52
-79
-62
-105
-159
-154
-140
-131
-123
-142
-140
-135
-129
-144
-150
-119
-117
-117
-166
-182
-152
-177
-149
-176
-211
-228
-276
-253
-223
-197
-139
-141
-125
-108
-128
-80
-85
-73
-37
-38
-35
-63
-57
-92
-115
-102
-104
-75
-102
-139
-165
-160
-117
-134
-129
-101
-107
-80
-79
-53
-55
-72
-33
-38
-74
-97
-127
-127
-66
-30
38
47
77
85
68
105
94
127
153
191
206
170
173
172
176
190
173
174
187
195
193
175
179
183
161
161
114
104
106
65
98
93
102
132
99
103
68
82
133
141
132
104
98
96
94
119
147
139
136
131
172
200
239
268
264
253
211
212
223
192
190
195
217
183
150
147
112
110
125
124
117
124
116
131
132
143
167
161
146
114
104
98
78
91
130
162
154
147
150
147
149
154
187
216
221
229
231
241
236
220
206
183
107
66
-4
-44
-52
-71
-79
-95
-112
-126
-127
-109
-83
-86
-40
6
19
15
36
79
149
163
106
64
36
28
44
37
39
31
22
29
45
66
86
99
46
33
39
33
34
13
19
20
9
12
-1
26
10
-9
9
34
69
84
107
118
122
126
53
-7
-15
-50
-38
-53
-66
-78
-158
-200
-255
-266
-227
-216
-230
-253
-240
-230
-206
-165
-151
-123
-112
-140
-98
-95
-86
-49
-8
29
45
51
58
88
77
51
-3
-42
-78
-69
-82
-113
-127
-137
-125
-145
-147
-152
-164
-166
-158
-151
-174
-198
-206
-215
-219
-216
-199
-145
-127
-72
-21
6
40
31
67
96
130
164
169
168
137
141
150
146
110
67
31
26
40
40
37
3
-12
-12
-26
-39
-41
-44
-19
-22
-83
-67
-63
-85
-90
-111
-153
-161
-167
-172
-187
-195
-182
-162
-138
-150
-135
-128
-118
-99
-118
-113
-49
16
22
18
37
50
31
-15
-45
-34
-28
-15
21
-21
-43
-44
-39
-4
35
77
111
125
134
164
196
165
168
185
181
146
145
174
180
233
236
228
243
225
213
183
155
142
119
141
150
123
101
88
115
158
194
221
195
187
206
198
169
149
193
185
160
167
147
183
211
213
238
224
209
200
180
207
221
212
208
196
155
134
147
138
121
120
128
158
139
123
153
129
87
64
60
53
25
-2
-9
0
-1
34
84
74
95
119
81
93
54
5
11
5
14
48
96
99
97
109
118
105
99
93
76
62
50
68
49
16
-3
-18
-37
-26
-4
11
8
-38
-58
-60
-58
-41
-46
-68
-70
-43
-53
-78
-84
-130
-128
-116
-154
-140
-161
-171
-130
-137
-161
-205
-201
-171
-130
-130
-165
-176
-193
-238
-238
-243
-270
-284
-308
-342
-331
-332
-329
-332
-367
-371
-380
-386
-375
-363
-341
-286
-285
-271
-281
-291
-268
-257
-238
-258
-226
-224
-188
-146
-181
-206
-229
-221
-153
-103
-93
-62
-25
-20
-29
-29
-90
-131
-162
-200
-195
-209
-258
-272
-260
-265
-272
-266
-219
-202
-194
-191
-187
-126
-100
-96
-93
-104
-77
-34
-27
-16
-45
-45
-8
39
95
81
67
25
21
33
31
43
8
-19
-18
-19
-34
-47
-40
-13
-16
-24
-27
-67
-79
-73
-9
49
70
93
117
190
231
222
220
220
236
240
170
119
99
100
130
172
186
166
173
153
113
139
137
127
106
110
105
109
105
82
130
156
159
178
177
155
180
166
175
215
200
197
214
233
222
225
203
223
228
182
196
228
276
315
309
278
259
270
256
260
271
254
247
256
232
226
211
182
140
137
138
148
180
175
168
157
145
182
154
91
48
-14
13
69
120
134
98
45
43
62
59
59
80
90
110
81
53
87
144
163
147
133
128
155
158
173
192
195
189
164
116
112
149
155
150
124
103
107
88
57
50
43
44
55
86
85
100
119
108
135
131
147
135
143
146
136
126
79
29
28
33
17
-5
-44
-87
-152
-210
-229
-236
-204
-171
-173
-211
-242
-261
-261
-269
-257
-235
-249
-247
-228
-224
-205
-162
-128
-106
-118
-111
-83
-45
-21
-51
-98
-118
-108
-71
-55
-83
-105
-139
-150
-164
-197
-218
-252
-287
-307
-291
-287
-257
-249
-233
-211
-197
-180
-181
-170
-162
-165
-138
-103
-61
-68
-80
-99
-103
-67
-41
-49
-48
-70
-78
-81
-113
-128
-162
-166
-208
-221
-216
-261
-252
-259
-258
-252
-245
-234
-274
-242
-170
-137
-84
-67
-64
-49
-38
-66
-97
-99
-128
-127
-102
-100
-78
-89
-101
-95
-93
-85
-101
-143
-168
-164
-131
-90
-93
-102
-130
-136
-134
-153
-195
-269
-281
-262
-213
-180
-180
-198
-228
-204
-184
-167
-107
-88
-80
-74
-122
-129
-132
-138
-113
-75
-44
-40
-38
-52
-86
-113
-95
-68
-30
-22
21
53
83
117
121
132
124
122
93
101
73
46
71
66
107
150
126
106
152
162
192
253
269
313
306
307
322
316
342
355
369
359
323
291
266
299
273
224
223
209
238
246
242
225
210
229
215
191
161
157
153
147
109
107
66
22
11
-12
-12
-15
0
-14
-51
-44
-14
18
95
131
125
122
101
96
110
129
154
179
163
127
124
101
105
147
141
152
167
170
163
144
130
139
162
181
194
137
53
48
24
-5
-13
-5
2
-5
-21
-55
-69
-30
38
68
93
123
155
132
130
146
122
99
75
83
70
52
45
20
-36
-57
-72
-99
-84
-77
-88
-106
-122
-145
-145
-144
-119
-96
-79
-83
-101
-130
-150
-132
-126
-100
-79
-71
-59
-35
-20
-17
-4
3
-23
-14
6
19
47
34
53
57
23
-13
-18
-17
-38
-52
-77
-103
-128
-161
-169
-144
-141
-113
-98
-126
-119
-140
-161
-158
-146
-140
-151
-188
-199
-164
-134
-113
-133
-186
-149
-116
-96
-88
-100
-82
-73
-71
-102
-128
-131
-107
-85
-65
-82
-89
-148
-211
-224
-235
-198
-217
-204
-215
-226
-198
-206
-217
-253
-280
-271
-247
-221
-190
-205
-202
-206
-208
-201
-208
-191
-228
-230
-238
-241
-231
-203
-158
-134
-133
-153
-160
-175
-183
-189
-189
-175
-171
-177
-189
-215
-231
-168
-90
-80
-64
-95
-72
-27
-55
-57
-59
-54
-64
-60
-71
-68
-26
-18
-4
13
16
61
95
87
58
14
33
83
112
108
69
71
37
30
20
13
47
72
57
46
25
35
33
-2
-32
-35
0
13
26
40
39
59
57
51
88
91
139
187
176
211
220
213
222
240
262
238
221
215
210
195
184
191
230
245
238
176
158
166
183
208
189
182
186
255
289
299
305
295
277
294
306
312
313
307
311
308
298
302
310
308
279
254
232
244
263
210
172
170
191
203
168
83
44
-1
-6
-38
-51
-35
-26
-30
-93
-137
-163
-169
-144
-115
-108
-105
-138
-152
-157
-138
-125
-88
-50
-60
-46
-39
3
30
50
85
84
83
68
41
31
60
62
54
10
-21
-51
-76
-67
-38
-7
-21
8
10
26
37
27
38
33
17
39
52
22
-14
-71
-102
-102
-120
-161
-152
-149
-158
-169
-213
-228
-239
-262
-267
-242
-194
-198
-207
-180
-170
-162
-192
-205
-200
-204
-175
-162
-169
-219
-248
-210
-160
-115
-82
-83
-104
-116
-139
-144
-136
-127
-126
-117
-88
-101
-75
-56
-71
-85
-114
-103
-114
-105
-98
-105
-57
-28
-41
-24
-6
-8
4
5
-7
14
10
-12
23
34
-3
-30
-37
-16
20
19
-13
-36
-68
-71
-57
-70
-70
-49
-35
-30
-16
-30
-28
-46
-47
-26
-16
-36
-76
-99
-118
-90
-109
-121
-130
-136
-121
-104
-91
-88
-74
-96
-92
-63
-45
-44
-67
-95
-110
-78
-37
-14
-32
-77
-65
-20
35
81
103
130
144
128
59
60
77
63
76
73
75
89
88
46
15
23
3
3
20
6
-1
-55
-93
-53
-36
-39
-8
34
62
88
80
80
147
150
154
176
214
249
260
242
215
199
189
189
164
153
148
169
161
190
179
192
230
191
183
221
250
210
136
48
-21
-24
-56
-55
-12
-54
-101
-107
-146
-148
-133
-129
-109
-106
-116
-92
-32
-1
32
23
-11
9
-2
-30
-38
-28
-22
-40
-53
-37
-10
4
9
14
32
44
68
68
41
-19
-45
-40
-75
-98
-81
-96
-94
-71
-72
-18
23
10
42
61
73
82
81
64
55
65
65
85
107
125
126
128
132
131
101
52
58
86
129
118
89
90
70
55
88
95
121
132
75
35
23
21
22
23
-26
-64
-56
-94
-113
-104
-81
-44
-74
-104
-138
-136
-133
-135
-138
-167
-156
-159
-195
-218
-205
-204
-184
-178
-163
-105
-73
-99
-122
-109
-128
-115
-135
-140
-124
-134
-158
-181
-169
-142
-122
-158
-197
-184
-182
-188
-175
-188
-189
-198
-208
-181
-172
-156
-115
-108
-123
-76
-14
-6
1
18
31
33
49
30
21
-12
-14
10
26
32
16
-12
-81
-146
-133
-96
-91
-77
-93
-56
-70
-104
-91
-104
-109
-106
-80
-65
-19
33
45
18
-25
-16
31
38
28
21
43
121
121
79
57
75
91
75
74
70
95
69
36
57
68
62
32
2
-1
11
4
-21
-18
-4
9
-2
-13
-35
-29
-24
-26
-11
-1
28
100
122
137
157
176
174
160
121
104
74
41
44
28
33
62
75
66
96
109
115
144
178
226
209
193
145
122
161
184
195
168
172
179
149
144
157
165
165
125
71
41
70
95
77
95
91
90
104
90
74
69
75
65
65
52
24
46
25
-16
-45
-62
-34
-5
1
6
2
-20
-33
-40
-52
-75
-73
-52
-57
-63
-104
-127
-107
-125
-137
-128
-144
-138
-82
-29
-9
7
14
-9
-24
-10
