44
58
42
61
106
120
113
139
148
142
135
137
149
170
176
174
44
-10
6
-4
2
-2
1
-1
1
-1
1
-1
0
0
0
0
1
0
0
0
0
0
0
0
0
0
0
0
0
0
0
0
0
0
0
0
0
0
-1
0
0
0
0
0
0
0
0
0
0
0
0
0
1
0
0
0
0
0
0
0
1
0
0
0
1
1
0
0
0
-1
1
1
0
0
0
0
0
0
0
1
0
0
0
1
0
0
0
0
0
-1
0
0
0
0
0
0
0
0
0
0
-1
-1
-1
0
0
0
0
-1
0
0
0
0
0
0
0
0
0
1
0
1
0
0
0
0
0
0
1
-1
0
1
-1
0
0
0
0
0
0
0
-1
0
0
0
-1
0
-1
0
0
0
0
0
-1
0
0
0
0
0
0
0
-1
1
-10
-12
-44
-64
-86
-93
-78
-99
-107
-92
-66
-63
-62
-71
-78
-47
-31
-34
-67
-74
-60
-61
-37
-63
-60
-51
-58
-65
-87
-64
-93
-73
-74
-107
-97
-143
-148
-163
-174
-169
-146
-127
-102
-106
-167
-189
-188
-138
-100
-68
-69
-64
-49
-68
-31
-22
-44
-15
-6
-12
-6
7
42
34
6
-26
-12
16
42
63
34
14
18
46
44
30
14
-14
26
17
-7
-11
-15
-7
-10
-5
-11
-7
3
0
2
12
5
-4
5
2
0
6
6
5
12
11
8
-5
-5
5
-2
-2
-9
4
10
-1
2
1
-3
-2
-6
1
-3
-8
11
13
8
-11
-11
1
-10
-7
-13
-9
-8
-21
-1
0
2
-3
2
8
1
0
5
8
5
7
-8
-9
-11
8
5
-2
1
-2
21
-1
8
7
-2
10
-3
7
6
4
3
5
12
6
5
7
7
10
11
1
3
3
4
15
4
-8
5
1
-4
-3
-4
3
-1
-4
-9
-4
6
8
8
7
14
7
0
-7
-2
2
10
10
-2
-10
-15
-12
-4
-2
-10
-15
-11
-6
-4
-8
-12
-3
-2
2
0
7
4
5
-7
-1
12
13
0
-11
0
6
14
2
4
7
-2
16
0
-8
10
0
1
1
-1
4
6
14
17
-3
-2
-5
-3
0
1
13
-8
11
2
-6
10
3
5
-1
-1
-7
-11
-7
-7
6
-8
-16
-11
-20
-12
2
-5
-4
-2
3
6
1
0
6
6
9
15
15
-1
0
3
4
5
1
4
11
9
1
9
4
4
5
8
3
3
-2
2
5
-5
11
11
-8
1
0
-6
12
-2
-9
-2
-6
-10
-10
-11
-3
6
-3
2
6
-9
0
9
-2
3
3
-4
-6
-9
-18
0
2
-7
4
-9
-9
0
-12
6
9
0
-9
-9
-6
-6
-6
0
8
5
-1
-1
3
-2
-2
-3
-7
0
3
7
-11
-10
-5
-10
-6
-9
-8
-6
8
-3
-6
0
2
12
2
-8
-11
-9
0
3
-7
-12
-14
8
10
4
2
12
9
-4
-1
-7
-4
3
1
6
3
-5
-3
-2
-4
2
-2
-10
-3
1
-1
-5
-1
5
5
2
6
3
6
-1
-3
0
10
16
8
-1
-8
-7
4
9
2
0
5
2
1
-1
-13
-12
-1
3
2
-1
-7
0
-12
1
14
6
11
14
-9
-8
9
-6
-19
-13
-6
4
14
0
10
1
-11
6
-21
-12
-11
-7
0
-14
-12
-23
-31
-38
-52
-34
-17
-16
-26
-46
-10
2
12
28
-10
-12
-13
0
10
21
14
23
31
18
8
16
10
20
10
-4
12
20
11
7
7
1
1
-4
12
22
10
-10
-6
-3
-11
-6
-22
-36
-29
-25
3
9
-7
-12
-10
17
15
28
27
7
-2
-16
-13
-16
-23
7
11
18
10
-4
-5
-18
-23
-24
21
2
-18
-28
-26
-15
-16
-7
-5
12
6
12
13
2
-6
-5
6
-11
5
-1
2
25
27
54
32
20
23
5
-21
-7
19
14
5
-2
3
33
50
34
16
16
32
23
37
14
-29
-35
-41
-12
-14
-35
-11
-35
-30
-15
-44
-30
-12
-23
-1
-19
-6
7
-14
-16
-22
3
-5
10
-16
-52
2
11
18
8
-21
11
29
48
52
42
29
18
33
16
-2
21
-1
-3
9
-14
14
-5
8
22
7
16
-2
19
10
-11
14
18
12
18
4
5
2
10
15
10
19
-6
-3
12
-8
8
12
-4
-4
5
13
11
-3
-16
-7
5
23
31
-12
-34
-8
22
30
-9
-41
-22
9
10
-6
-22
-17
-29
5
12
5
-1
-5
-11
-22
1
16
11
-6
-7
12
30
37
39
20
3
-13
5
25
-16
-10
-16
-23
8
3
3
12
-3
28
17
-13
14
13
18
15
5
2
-9
-42
-54
-28
-38
-67
-55
-79
-85
-77
-90
-44
-38
-44
-31
-1
13
46
51
23
25
0
-13
8
30
-1
-24
16
57
25
18
12
12
22
12
16
13
38
36
33
47
14
5
29
1
7
32
12
32
32
16
-12
2
16
-16
-23
-57
-62
-14
-14
-7
-12
-40
-17
-37
-47
-44
-37
-17
-24
-23
-49
-39
-44
-80
-75
-88
-75
-58
-51
-14
-18
-28
-28
-21
-16
-24
-21
-25
-42
0
2
0
2
5
25
-10
-9
10
25
48
36
15
4
3
29
32
23
21
14
9
-6
-33
-26
-20
-41
-71
-69
-58
-37
-36
-69
-61
-63
-58
-20
-17
-23
-11
-20
-16
-5
1
13
23
4
-7
-4
-31
-32
-15
-22
15
21
19
19
-4
-15
-8
34
42
38
6
-40
-31
27
5
-1
25
2
4
-15
-1
-17
-32
-15
-37
-30
-19
8
55
30
19
0
15
38
14
30
-2
-8
25
10
3
0
-5
10
0
-17
-26
-39
-29
0
-2
-28
-8
15
22
32
26
24
50
59
56
49
34
13
5
8
19
36
26
30
35
49
31
10
-12
-1
34
33
1
21
18
-8
27
39
15
12
14
5
-1
-16
6
-2
-13
-6
13
3
-10
-17
-14
16
43
48
27
10
30
57
28
7
-26
-41
-37
-36
-45
-55
-39
-29
-45
-39
-58
-55
-56
-92
-67
-67
-46
-8
30
17
-34
-68
-53
-30
-62
-71
-57
-31
-1
34
37
48
63
91
104
113
116
107
68
59
59
69
97
82
65
33
8
18
36
36
33
25
41
51
25
40
69
58
56
50
57
61
58
55
36
2
-57
-75
-91
-73
-63
-91
-89
-54
-27
-39
-26
-22
-25
-17
-41
-46
-24
5
27
31
37
36
31
-2
-26
-9
-18
-13
-14
-23
-33
-32
1
15
8
33
26
29
12
-43
-87
-130
-90
-46
-43
-41
-35
-34
-26
30
55
26
20
-5
40
70
53
47
57
74
82
89
79
79
57
32
28
40
63
77
72
29
29
45
13
22
19
-8
-9
-21
-20
-16
-2
0
5
3
0
13
18
0
1
-37
-49
-40
-27
1
6
36
22
44
23
9
23
20
5
-5
-52
-73
-64
-69
-41
-10
-7
-10
-15
-44
-53
-72
-112
-94
-82
-83
-44
-57
-50
-20
0
-35
-32
-4
-54
-88
-116
-115
-53
-37
-13
18
24
33
35
33
11
2
-10
-22
-8
-23
-20
-5
21
29
-3
-48
-33
-20
-30
-30
-64
-62
-71
-29
-25
27
36
11
24
21
5
-1
-16
-37
-51
-97
-109
-89
-45
-30
-10
-13
-7
12
11
29
39
51
78
70
56
41
29
69
75
39
56
56
46
23
-5
-27
-25
-22
-55
-71
-71
-77
-74
-43
-23
-45
-63
-78
-90
-63
-54
-24
8
40
56
42
2
0
-10
-32
-25
-24
-8
-6
7
-12
-33
-33
-30
-34
-72
-110
-115
-101
-119
-140
-152
-140
-124
-93
-67
-49
-42
-31
-8
-26
-22
-21
-44
-48
-40
-27
-12
-5
8
25
25
14
4
17
16
25
57
63
65
61
64
78
100
92
70
38
4
-16
-27
-41
-76
-106
-97
-43
-65
-84
-104
-114
-131
-165
-151
-133
-120
-110
-107
-116
-127
-85
-37
-2
22
-3
2
11
6
29
33
36
42
2
24
57
64
86
88
85
113
127
152
143
159
181
185
213
215
209
206
218
202
198
179
152
122
101
93
119
118
114
123
127
135
119
93
57
30
42
79
96
92
72
92
118
129
105
90
92
66
48
10
5
56
64
76
54
30
42
41
64
71
55
25
13
33
43
62
84
76
56
46
55
40
4
-49
-94
-110
-97
-65
-69
-55
-61
-67
-28
8
5
11
37
50
67
23
-11
16
44
62
77
129
151
123
120
93
101
124
105
122
110
89
94
81
93
116
109
111
121
79
56
39
10
-10
11
8
55
101
79
79
45
34
19
2
-11
-34
-41
-50
-60
-72
-120
-106
-78
-101
-102
-112
-154
-152
-131
-119
-128
-124
-102
-112
-101
-128
-119
-84
-77
-63
-101
-142
-187
-197
-159
-193
-239
-248
-225
-198
-188
-170
-169
-160
-137
-112
-109
-102
-78
-54
-51
-56
-93
-82
-61
-47
-58
-80
-47
-60
-92
-117
-129
-111
-92
-60
-20
-52
-72
-92
-115
-102
-84
-67
-77
-118
-145
-185
-215
-184
-178
-182
-182
-174
-213
-205
-171
-174
-130
-114
-89
-87
-93
-48
-26
-8
20
29
54
47
46
66
67
102
120
87
44
8
-3
-2
-17
-37
-69
-22
29
78
94
57
42
10
-1
-35
-54
-80
-117
-133
-148
-156
-121
-96
-93
-88
-56
-44
-22
-22
-39
-17
-28
-29
-7
-2
-7
6
-6
3
8
-17
-17
5
15
-19
-74
-86
-65
-22
-14
19
35
35
39
24
41
62
79
67
42
22
19
5
-1
-36
-54
-60
-58
-68
-108
-86
-67
-48
-12
41
57
85
78
75
77
69
79
55
8
-33
-43
-23
-9
-11
6
-13
-9
-34
-54
-87
-108
-62
-13
40
53
51
44
4
-32
-46
-48
-55
-87
-119
-127
-137
-120
-149
-138
-123
-106
-66
-51
18
38
44
79
108
133
138
137
148
128
137
184
207
192
178
157
152
168
152
152
162
181
225
246
271
266
214
190
175
173
154
130
112
105
117
126
119
134
155
171
136
146
176
197
232
255
294
300
261
207
180
171
179
186
174
135
91
41
-11
-7
-23
-13
2
-6
15
4
1
31
48
12
-19
-63
-97
-95
-87
-99
-119
-158
-154
-119
-75
-62
-45
-38
-45
-55
-76
-81
-77
-30
-8
-16
-20
-51
-83
-100
-89
-68
-57
-59
-55
-59
-79
-83
-96
-91
-112
-167
-170
-178
-159
-145
-152
-145
-134
-103
-90
-95
-115
-124
-88
-73
-68
-66
-81
-88
-65
-58
-84
-46
5
36
64
62
87
129
139
154
163
133
165
165
146
153
129
144
175
148
100
61
43
22
15
2
-34
-39
-57
-44
-23
-25
-25
-12
-5
-46
-72
-107
-95
-66
-70
-62
-87
-71
-50
-44
-32
-25
-30
-38
-22
-29
-17
-6
-23
-4
-4
-33
-48
-63
-80
-85
-107
-109
-121
-124
-102
-101
-37
5
33
39
63
125
151
121
96
81
56
74
90
82
89
94
82
83
73
52
37
29
59
88
110
113
80
52
50
60
55
40
28
-8
-24
-55
-87
-53
-13
15
24
-17
-30
-8
-37
-42
-90
-94
-81
-106
-121
-187
-191
-159
-163
-131
-154
-121
-112
-131
-95
-102
-103
-95
-87
-73
-81
-72
-3
35
52
28
21
21
2
24
25
21
18
21
57
70
99
91
116
139
131
166
153
157
132
134
161
162
152
146
134
120
71
23
28
43
41
-6
-41
-60
-53
-10
26
51
72
89
126
135
119
125
129
133
104
72
74
86
77
54
36
14
-2
-36
-72
-129
-138
-133
-104
-61
-92
-123
-117
-78
-69
-78
-142
-159
-184
-193
-192
-180
-202
-237
-234
-263
-269
-273
-226
-232
-238
-238
-218
-203
-195
-182
-186
-164
-149
-127
-105
-98
-82
-84
-108
-107
-80
-55
-17
9
50
70
59
82
79
45
2
-18
-14
-55
-55
-48
-28
-3
-32
-65
-112
-112
-74
-71
-79
-109
-136
-82
-60
-91
-89
-113
-109
-111
-132
-136
-124
-132
-127
-118
-117
-85
-108
-108
-142
-167
-80
-52
-81
-179
-223
-140
-79
-44
-167
-198
-107
-77
-96
-156
-134
-77
-66
-122
-194
-224
-193
-196
-239
-245
-229
-200
-218
-248
-244
-208
-187
-202
-193
-188
-188
-195
-210
-168
-182
-182
-216
-332
-313
-328
-297
-334
-386
-356
-304
-211
-191
-240
-217
-176
-132
-114
-83
-53
-9
41
73
115
122
172
172
175
184
214
230
236
290
301
290
278
278
253
242
256
251
244
215
215
211
179
187
168
125
67
49
65
92
135
139
144
146
112
110
140
147
163
198
218
236
245
224
231
225
252
249
256
272
223
234
231
257
272
273
247
246
280
304
315
282
253
232
203
181
153
119
100
148
189
190
231
240
252
245
212
198
222
237
235
210
220
249
279
273
269
263
236
273
229
220
235
236
251
261
290
305
296
282
280
269
284
298
272
244
242
230
186
160
152
147
146
154
154
133
78
1
-5
-27
-87
-78
-123
-178
-177
-163
-132
-147
-168
-168
-148
-100
-58
-32
-23
-46
-43
-21
13
18
15
-19
-47
-28
-6
27
39
53
77
48
45
44
16
33
27
22
26
11
15
-2
1
-9
4
30
37
47
6
-33
-27
9
4
-11
-14
-39
-64
-89
-107
-90
-66
-22
0
-36
-53
-53
-63
-60
-96
-132
-139
-153
-158
-169
-188
-174
-182
-206
-242
-236
-230
-274
-310
-354
-335
-282
-273
-296
-301
-287
-252
-252
-266
-274
-261
-223
-213
-209
-211
-176
-149
-171
-169
-175
-162
-123
-125
-128
-148
-153
-157
-193
-215
-239
-213
-205
-219
-202
-190
-206
-222
-246
-236
-228
-238
-253
-286
-286
-282
-305
-320
-335
-363
-400
-365
-389
-377
-302
-304
-279
-322
-334
-309
-317
-290
-315
-308
-271
-253
-247
-276
-273
-258
-250
-206
-213
-204
-188
-229
-223
-203
-190
-138
-119
-132
-152
-171
-205
-184
-167
-177
-168
-233
-245
-231
-226
-190
-175
-166
-157
-151
-126
-109
-79
-91
-102
-80
-108
-131
-132
-134
-87
-106
-111
-119
-131
-122
-112
-91
-116
-120
-106
-81
-34
-27
-48
-31
-55
-40
-15
-34
-27
-10
12
30
36
49
58
59
59
62
115
121
128
116
82
93
84
106
109
98
92
100
114
113
106
100
114
133
113
104
106
79
85
116
125
152
180
191
206
175
188
192
221
214
199
197
182
187
202
211
214
212
209
183
152
151
115
100
100
102
110
108
134
171
174
193
215
219
215
241
284
290
287
293
295
305
264
226
212
197
185
160
165
181
192
207
200
187
193
170
173
179
134
147
203
244
267
276
280
285
299
326
322
314
359
374
395
400
371
369
395
440
414
369
333
281
283
227
220
211
146
142
108
65
73
80
80
88
70
34
10
6
-41
-27
-40
-65
6
21
27
51
52
51
53
79
101
99
121
133
137
147
129
156
169
205
206
176
151
146
162
157
189
179
128
127
141
119
120
139
163
155
158
137
139
170
165
138
107
77
67
31
-7
7
-16
-27
-30
-73
-102
-88
-44
-37
-60
-44
-48
-19
-17
-43
-27
-39
-34
-25
-52
-126
-147
-121
-110
-113
-113
-109
-120
-99
-126
-163
-165
-180
-177
-149
-161
-180
-174
-154
-112
-101
-72
-65
-57
-63
-79
-85
-92
-85
-88
-77
-52
-32
-32
-62
-96
-126
-138
-129
-143
-157
-182
-185
-170
-148
-143
-133
-138
-131
-98
-104
-145
-180
-198
-226
-235
-235
-228
-214
-224
-231
-250
-255
-266
-298
-319
-307
-317
-332
-366
-370
-361
-372
-348
-323
-324
-336
-346
-341
-357
-367
-333
-329
-307
-304
-300
-293
-321
-314
-333
-339
-314
-310
-316
-299
-292
-254
-226
-212
-166
-159
-137
-110
-104
-99
-128
-155
-175
-139
-104
-97
-88
-98
-110
-106
-116
-120
-115
-113
-120
-144
-134
-117
-120
-127
-104
-82
-101
-76
-89
-116
-79
-92
-74
-30
-11
3
-33
-38
-4
16
30
50
40
17
39
58
45
54
67
58
58
33
51
71
96
111
92
86
50
55
60
49
102
115
126
165
190
244
285
280
253
241
235
202
173
191
181
199
175
143
140
123
137
174
185
187
181
161
193
242
259
277
253
229
228
237
265
264
289
274
268
257
230
236
245
271
273
254
247
244
239
237
243
232
238
261
264
251
231
168
144
135
97
42
43
66
76
88
108
126
121
99
126
157
177
240
247
212
166
123
122
118
124
111
102
130
150
134
124
146
137
120
106
100
106
88
62
59
61
69
24
-18
-70
-115
-108
-111
-87
-97
-132
-133
-112
-80
-56
-48
-35
-56
-37
2
18
32
3
1
-32
-81
-73
-77
-46
-53
-74
-50
-53
-44
-46
-32
-8
11
63
65
91
128
123
151
133
98
95
95
103
93
98
72
50
85
70
86
58
41
59
68
65
26
22
39
16
43
15
-21
16
19
33
21
-16
2
41
41
46
5
-12
-27
5
31
18
-14
-73
-94
-127
-148
-139
-135
-137
-157
-170
-143
-138
-147
-157
-178
-194
-192
-185
-214
-214
-192
-181
-186
-185
-205
-247
-251
-211
-194
-149
-150
-122
-90
-138
-133
-120
-103
-54
-32
-52
-68
-38
-21
-36
-32
-56
-74
-48
-46
-66
-82
-86
-61
-89
-111
-139
-119
-81
-88
-64
-108
-123
-115
-81
-31
-22
-3
-5
-48
-51
-44
-6
27
28
-9
-41
-26
-21
-18
-19
-21
-12
-40
-38
-37
-43
-17
-37
-72
-51
0
31
23
-22
-41
-31
-34
-6
2
-44
-66
-56
-31
12
45
-10
-65
-89
-100
-77
-85
-101
-105
-101
-77
-81
-61
-68
-83
-83
-112
-108
-94
-106
-100
-87
-55
-34
-12
29
22
10
-24
-28
-24
-35
-62
-77
-77
-80
-86
-85
-84
-70
-11
11
29
56
89
87
69
70
54
71
73
67
102
112
136
199
209
210
206
217
252
238
247
232
234
250
243
258
212
201
217
219
197
175
165
189
208
169
145
111
104
103
113
100
97
72
68
54
34
11
-5
-43
-68
-82
-148
-164
-139
-83
-51
-54
-101
-91
-51
-65
-64
-57
-59
-45
-44
-21
11
-19
-44
-70
-83
-77
-63
-79
-106
-102
-129
-103
-54
-58
-84
-107
-173
-188
-192
-180
-149
-115
-137
-195
-179
-156
-105
-87
-101
-56
-27
2
42
66
94
111
123
113
134
122
95
75
73
111
151
180
173
138
93
91
73
70
72
68
57
24
7
10
40
68
73
57
16
-22
-4
-12
-16
36
46
11
-6
-26
-32
-11
27
43
-9
-20
-30
-60
-51
-32
-11
-59
-90
-118
-129
-87
-65
-55
-50
-24
-40
-36
-36
-34
-5
11
19
34
50
72
89
68
56
54
58
84
78
74
78
75
61
65
90
89
82
42
48
50
91
115
113
106
91
86
73
74
53
44
19
2
-23
4
23
18
8
-12
-56
-81
-43
-26
-7
-28
-69
-79
-88
-85
-126
-158
-192
-205
-212
-190
-184
-204
-214
-219
-164
-88
-44
-39
-82
-79
-44
-9
40
18
13
14
0
16
29
49
51
37
25
32
44
31
74
81
53
66
50
58
84
62
71
77
74
81
83
126
146
157
130
84
105
124
138
170
155
147
129
118
113
82
106
92
107
96
49
70
68
112
98
63
59
64
105
125
156
152
120
120
107
106
130
113
133
116
66
33
21
-13
-47
-76
-92
-80
-69
-74
-58
-32
-79
-95
-107
-102
-74
-67
-49
-56
-35
-30
-31
-36
-63
-101
-53
4
20
21
-29
-16
1
39
31
19
59
76
123
128
106
92
94
92
50
29
30
48
65
48
7
17
14
21
61
0
-10
-29
-42
-39
-80
-105
-119
-87
-58
-65
-63
-66
-56
-69
-111
-106
-107
-71
-67
-52
-77
-132
-137
-117
-90
-108
-153
-199
-237
-234
-246
-231
-215
-240
-264
-301
-314
-296
-273
-252
-234
-250
-243
-203
-158
-141
-132
-114
-125
-117
-133
-117
-90
-61
-32
-58
-70
-81
-73
-75
-113
-120
-147
-195
-173
-152
-134
-119
-114
-106
-142
-184
-204
-196
-206
-236
-191
-165
-119
-81
-78
-59
-78
-76
-74
-82
-66
-95
-131
-155
-167
-148
-131
-93
-43
-47
-85
-123
-109
-84
-51
-27
-32
-36
-59
-34
16
18
8
-37
-63
-68
-65
-56
-44
-66
-65
-44
-42
-4
-5
9
-31
-76
-80
-48
-6
-4
-29
-48
-44
-26
-8
44
42
48
90
91
127
165
148
134
155
159
180
199
211
183
135
104
122
120
106
73
62
77
104
169
168
181
191
158
163
188
225
244
261
259
214
233
246
280
316
339
328
308
290
278
282
273
283
284
314
326
307
297
269
271
258
227
185
199
250
274
285
252
245
243
274
311
318
306
297
270
247
250
238
180
143
126
88
68
86
93
85
74
6
13
36
30
25
-2
12
11
24
19
17
50
21
18
25
55
98
94
103
101
60
49
31
11
5
21
-2
-61
-79
-62
-61
-62
-78
-95
-119
-119
-82
-71
-75
-110
-133
-138
-127
-57
8
38
65
72
59
89
134
173
226
266
308
338
323
331
331
286
258
241
250
251
228
191
155
142
150
160
149
95
47
0
-33
-62
-48
-45
-46
-78
-101
-123
-188
-220
-232
-220
-209
-230
-280
-301
-295
-300
-270
-281
-335
-346
-340
-332
-329
-329
-354
-350
-301
-270
-257
-261
-286
-313
-341
-301
-228
-180
-175
-192
-167
-165
-132
-87
-86
-109
-121
-130
-145
-110
-76
-106
-150
-218
-228
-210
-163
-133
-178
-193
-196
-164
-141
-154
-139
-132
-98
-86
-59
-31
-80
-104
-129
-132
-167
-207
-208
-215
-205
-211
-274
-323
-317
-314
-295
-315
-287
-280
-275
-238
-231
-221
-222
-211
-232
-268
-270
-229
-210
-194
-196
-205
-207
-212
-159
-132
-146
-144
-139
-114
-107
-71
-18
1
9
-43
-37
1
-5
2
-2
-5
-35
-32
-12
-8
-8
-8
-15
-20
-49
-62
-46
-37
14
14
-13
-11
-6
-3
5
3
-26
-45
-37
-22
33
43
15
1
-16
-11
4
6
44
42
27
-6
-24
-35
-47
-73
-134
-176
-186
-185
-211
-201
-204
-230
-240
-227
-196
-149
-105
-76
-39
-27
-33
-62
-34
12
3
11
21
46
59
43
53
78
98
147
139
102
91
108
131
138
111
68
50
38
74
85
54
19
-24
-48
-63
-64
-20
24
7
1
-27
-38
-36
-64
-71
-90
-80
-112
-112
-79
-93
-99
-128
-122
-59
-11
10
24
50
90
130
175
234
226
188
172
158
170
167
193
194
160
155
155
151
147
115
104
128
112
79
42
15
41
50
32
35
41
34
31
17
12
-47
-69
-20
51
128
81
26
24
28
59
90
93
84
31
-6
-17
19
76
69
18
-37
-14
31
39
51
39
12
-24
-62
-18
27
65
63
24
24
37
113
130
87
44
26
30
79
126
166
201
169
189
263
272
268
231
200
169
136
136
136
158
176
195
177
136
108
76
38
42
17
4
324
552
613
538
292
123
71
-15
-112
-120
-153
-105
6
103
64
-76
-210
-261
-310
-415
-395
-329
-248
-170
-212
-148
-152
-85
18
38
52
5
-32
-66
-45
27
123
174
138
80
49
48
49
3
-21
-141
-179
-131
-79
11
-6
-38
-42
-93
-69
-86
-94
-150
-149
-119
-122
-119
-129
-58
-45
-63
-111
-141
-69
-26
-1
-46
-56
-88
-90
-13
-55
-91
-83
-64
-23
41
13
8
-32
-42
-49
-10
-44
-94
-114
-155
-150
-140
-143
-165
-157
-179
-227
-247
-214
-177
-141
-124
-146
-169
-186
-238
-219
-154
-133
-135
-157
-117
-43
22
1
-2
-21
7
57
51
93
106
132
129
154
159
168
192
193
210
142
149
165
140
147
103
124
63
5
3
2
36
15
-26
-87
-98
-83
1
36
58
8
-17
-14
-21
20
29
55
46
-11
-19
-49
-13
19
-60
-35
-81
-57
-66
-48
-21
-28
-10
-11
2
-29
-30
-3
-5
28
-23
-15
42
82
93
17
2
-90
-103
-93
-159
-136
-235
-192
-203
-199
-177
-194
-168
-213
-196
-206
-188
-179
-158
-146
-139
-165
-195
-171
-152
-83
-95
-115
-106
-73
-5
6
14
-25
-73
-37
-59
28
30
44
46
62
58
56
74
39
59
17
48
60
71
59
52
-2
64
48
123
134
123
121
91
72
93
119
118
137
72
93
74
85
134
181
251
184
198
226
212
255
235
257
241
298
306
327
339
333
305
309
346
257
309
315
322
342
288
302
318
308
355
267
247
272
215
242
186
199
191
198
123
159
134
139
186
174
168
139
148
175
199
160
119
79
-26
5
77
82
141
127
103
108
106
127
123
124
124
158
186
154
201
207
231
213
225
174
172
181
186
195
127
155
110
93
87
42
42
66
115
128
59
59
42
43
87
75
155
121
174
162
126
125
100
120
112
108
87
132
156
175
195
157
183
165
168
167
169
238
161
176
78
104
131
93
167
87
79
-7
0
-13
-35
35
-76
-36
-68
-57
-11
-31
-18
-141
-192
-199
-195
-195
-186
-243
-291
-307
-285
-252
-211
-166
-156
-152
-158
-133
-121
-105
-100
-129
-108
-145
-153
-109
-29
-14
-121
-76
-156
-27
-99
-53
-24
-53
-43
-47
-11
-44
14
-78
10
-39
-41
19
-28
73
-56
-39
-60
-61
-64
-47
-63
-132
-115
-193
-196
-162
-280
-228
-358
-268
-375
-264
-208
-204
-186
-266
-266
-222
-173
-141
-58
-116
-103
-153
-86
-49
-27
-46
-110
-147
-240
-183
-218
-176
-188
-249
-198
-232
-242
-204
-231
-212
-245
-328
-224
-303
-199
-231
-195
-204
-204
-182
-156
-137
-122
-104
-197
-123
-118
-107
-72
-8
-50
43
-91
71
-47
73
99
11
98
71
113
238
208
265
155
141
319
228
307
212
239
130
196
103
119
56
89
81
81
41
27
63
51
101
85
24
14
-40
19
31
8
15
43
45
84
156
120
182
36
100
91
147
154
99
99
53
52
70
90
67
59
122
100
159
160
149
139
123
118
109
120
99
186
201
215
284
321
333
384
265
338
327
343
287
246
254
199
260
216
343
221
256
148
217
188
244
223
217
269
181
276
296
244
259
195
197
209
167
191
158
215
195
254
349
295
314
255
239
240
224
281
258
344
197
263
181
267
292
204
205
102
59
78
113
111
81
68
71
77
125
99
111
133
180
150
179
103
115
78
34
30
64
-10
-1
-23
-50
8
-91
-43
-112
-88
-95
-132
-131
-93
-155
-105
-101
-89
-47
-70
-22
-66
-96
-146
-175
-224
-167
-189
-111
-107
-124
-101
-140
-76
-213
-144
-234
-200
-112
-179
-133
-118
-104
-83
-45
-23
-19
35
-9
-37
-63
-132
-42
-64
-12
-94
-37
-69
-67
-67
2
-20
0
-21
-42
-98
-3
-11
90
64
26
-14
-72
-20
-41
7
-98
-67
-128
-98
-77
35
-15
-36
-50
-69
35
66
61
20
-58
-59
-93
-93
-32
-78
-20
-75
-46
-150
-137
-99
-171
-163
-210
-140
-220
-59
-116
-81
-41
-124
-45
-71
8
32
23
-2
-55
-4
0
125
136
140
150
105
156
176
147
172
130
110
196
191
270
299
279
298
256
230
234
185
174
200
186
186
110
107
74
104
78
45
-60
-95
-8
-53
49
5
-48
12
-91
-17
-52
-13
-61
-96
-101
-170
-43
-150
-104
-201
-217
-93
-154
-92
-111
-33
-70
-72
-134
-81
-52
-59
14
-61
25
-62
71
47
40
11
-97
-9
-9
-46
9
7
-13
28
0
27
44
-59
-5
-172
-111
-203
-314
-141
-289
-199
-241
-301
-203
-255
-259
-248
-217
-205
-193
-177
-137
-147
-82
-142
-79
-118
-35
-66
126
-10
74
-18
67
87
141
142
179
151
78
190
115
234
181
200
182
163
159
187
188
170
118
122
96
183
112
68
50
-53
52
-30
-125
-85
-264
-266
-261
-331
-182
-203
-226
-161
-347
-241
-221
-183
-115
-179
-166
-118
-83
-55
33
45
1
35
70
109
111
45
96
41
68
42
-7
-59
-88
-156
-76
-70
-100
-100
-47
-72
-9
2
-79
28
-92
-19
-76
-80
-35
-64
-6
62
36
30
-22
-121
-74
-146
-89
-88
-100
-104
-82
-193
-16
-158
106
-72
-15
-123
140
-18
9
-76
-187
-20
-143
122
-286
-18
-238
-98
-157
-146
-142
-147
-151
16
-210
-188
-206
-332
-409
-371
-180
4
-29
-25
-91
-21
62
63
98
-63
27
-74
90
-184
-103
-268
-161
-109
-84
-23
-47
-22
-41
-101
168
209
75
-70
-567
-433
-630
-471
-187
-50
118
110
-36
189
71
252
-112
120
-123
-270
-115
-692
728
-3
1104
264
11
27
-82
639
-4
-79
-254
-389
93
143
278
-179
-66
460
225
483
-170
151
128
181
22
-60
-126
17
45
304
81
1
-234
1
111
-188
10
-122
52
-143
-110
-207
36
-214
23
-29
106
186
17
346
124
292
238
247
230
171
262
149
241
301
352
450
212
362
30
185
247
91
236
-81
134
102
225
218
-200
46
-344
108
-167
-260
-167
-511
41
-241
4
-41
-302
-71
-195
53
-71
83
-103
-20
-18
104
171
106
179
16
153
-43
174
82
-48
199
-62
123
107
-57
168
-138
63
-17
17
-23
-24
-78
13
-93
116
-53
-13
-157
-143
-285
-291
-278
-277
-188
-309
-113
-375
-239
-250
-251
-259
-383
-404
-286
-298
-114
-272
-210
-303
-74
-196
-133
-188
-103
87
-87
-70
-203
18
-39
124
26
189
19
70
124
106
39
62
137
60
28
18
0
11
53
-162
-15
-137
90
-77
-142
-261
-412
-366
-266
-323
-314
-351
-398
-269
-132
-171
-114
-135
-204
-109
-102
107
13
-23
13
-70
106
20
128
234
148
223
6
-64
-13
-185
109
-125
75
-108
153
-67
7
-88
-340
-254
-327
-246
-428
-14
-330
-7
-241
-91
-214
-382
-163
-278
-197
-212
-479
-84
-357
-169
-175
-232
-157
-274
-21
-222
-92
-45
-330
-61
-137
-340
-153
-494
178
-23
67
-81
30
-128
3
-15
-33
114
-90
68
-155
-35
-19
-9
89
93
41
-209
-79
-301
-181
-91
-251
-23
-462
-195
-377
-123
-120
-156
-43
-511
-106
-291
-53
-53
-271
-100
-177
140
194
118
111
3
-125
203
348
208
243
69
309
298
317
474
353
296
52
44
47
262
279
61
74
24
179
-39
-17
-307
-92
-250
-198
-14
-484
-66
-1
-112
321
-118
-59
-50
118
211
103
113
285
180
278
727
418
769
388
647
301
379
356
222
384
281
175
6
-24
-104
149
-214
33
-534
-339
-47
-510
-49
-480
-392
-181
-391
284
-184
190
-164
145
8
23
319
-195
402
-135
528
192
558
480
749
633
813
746
847
1079
970
963
630
215
334
-275
-561
-1196
-998
-568
-240
-349
-506
-417
-725
-441
-922
-641
-692
-762
-535
-369
-605
-498
-575
-113
206
32
81
292
78
136
292
524
483
23
510
270
345
216
293
498
235
433
219
625
569
545
563
497
577
437
549
626
301
180
328
78
-242
-11
-483
31
-194
-349
5
-696
-257
-601
-369
-274
-216
-406
-478
-313
-500
-170
-82
-177
-155
-154
96
151
366
385
389
49
171
14
205
409
42
386
114
38
427
-20
940
36
388
-153
-244
324
-159
585
72
-339
-87
-541
224
-30
-365
-646
-1420
-623
-718
-257
-1028
-849
-1496
-791
-480
-364
-476
-1147
-905
-986
-648
-491
-559
-300
-166
190
445
716
605
656
863
292
720
-373
581
217
691
465
-570
381
-17
1128
163
320
-215
-626
-121
-450
57
-766
-377
-221
203
-385
-172
-198
-5
97
-344
-107
-466
-439
-258
-411
3
-560
-298
-499
-296
-12
-594
-379
-941
-380
-718
-562
-360
-296
-422
-368
-342
-465
-438
-368
-58
187
290
796
1687
1350
1231
127
-766
-519
-407
-72
-358
-545
-691
-587
-455
103
-240
-218
-367
-564
-653
-603
-790
-1028
-1068
-981
-611
-293
87
306
466
-156
259
-452
62
-341
-250
320
-95
158
196
-109
-92
85
-413
-37
-850
-296
-919
-732
16
135
156
122
-142
-30
-104
352
30
-352
-508
-806
-724
-994
-850
76
179
418
270
-667
57
-411
-210
-861
-875
-915
-1058
-723
-430
-536
-661
-333
-573
50
-509
105
381
-335
-52
-981
-608
-797
-321
287
-160
76
-394
273
334
851
46
-15
-409
-287
-362
-189
323
-392
-167
-282
-88
-12
-265
-36
-108
-169
136
512
641
115
414
28
648
36
478
821
75
615
-364
402
165
18
394
-183
294
-23
232
180
-106
-11
-417
148
-46
203
289
176
291
-9
160
135
193
123
185
-40
3
165
72
264
380
190
445
49
-246
-116
-149
-183
-385
-419
-480
-388
-558
-247
-229
-229
142
5
107
-99
-178
-195
-117
-3
-89
330
58
316
-26
357
250
668
175
417
32
98
540
206
840
161
609
144
407
520
284
525
104
17
184
592
480
367
249
182
385
28
329
81
71
150
-41
164
23
-146
-42
141
91
224
113
203
278
159
474
406
724
245
416
291
407
548
93
408
87
226
281
261
658
327
224
-184
-141
-289
-25
-167
-113
-92
-217
-50
-324
-197
-765
-595
-771
-659
-451
-959
-744
-1032
-685
-573
-748
-451
-593
-944
-922
-773
-760
-724
-788
-582
-582
-593
-303
-220
-182
-407
-365
-459
-493
-255
-187
105
387
663
1098
1317
1678
1922
2253
2480
2824
2857
2949
3031
3043
3100
3068
2999
2898
2708
2651
2595
2469
2227
2182
2031
1656
1664
1503
1551
1508
1229
955
639
544
429
426
385
329
330
204
288
59
-90
-379
-491
-296
-322
-471
-533
-525
-514
-469
-832
-1020
-1439
-1627
-1741
-2078
-2133
-2393
-2688
-2609
-2972
-2953
-3171
-3180
-3501
-3654
-3938
-3964
-4156
-4557
-4669
-4923
-4626
-4518
-4098
-3541
-2726
-1599
-910
270
1535
2767
4252
5079
6118
6789
7173
7573
7574
7597
7080
6547
5808
5035
4289
3189
2510
1834
1171
747
139
-222
-537
-999
-1258
-1479
-1664
-1946
-2223
-2328
-2330
-2392
-2181
-1912
-1581
-1373
-1036
-515
-14
669
988
1475
2028
2674
3231
3688
4084
4362
4384
4362
4691
4755
4915
4769
4777
4852
4759
4609
4432
4001
3594
3033
2469
1921
1435
792
367
-105
-639
-841
-1194
-1318
-1305
-1324
-1496
-1462
-1631
-1790
-1808
-2345
-2666
-3088
-3623
-3795
-4400
-4882
-5452
-5814
-5999
-6157
-6436
-6649
-6646
-6724
-6801
-6909
-6497
-5943
-4457
-3589
-2172
-608
734
3085
4550
6545
8083
9236
10363
10876
11774
11954
12180
11475
10513
9553
7837
6564
4938
3530
2221
613
-681
-1971
-2775
-3695
-4294
-4868
-5505
-5830
-6358
-6322
-6339
-6435
-6342
-6044
-5824
-5382
-4820
-4046
-3066
-2291
-1626
-665
357
1422
2498
3527
4503
5509
6140
6548
7241
7304
7391
7173
6813
6774
6037
5511
5192
4653
4573
3958
3496
3048
2601
2074
1288
1008
431
-65
-744
-1463
-1792
-2469
-2689
-2974
-3060
-3175
-3412
-3546
-3784
-3774
-4147
-4263
-4608
-4898
-5080
-5694
-5832
-6243
-6608
-6934
-7257
-7350
-7566
-7793
-7905
-8098
-7764
-6993
-5717
-4204
-2914
-984
1024
3319
5598
7733
9929
11613
12697
13330
14053
14512
14156
13421
12256
11046
9251
7211
5439
3670
1765
-395
-2139
-3586
-4705
-5789
-6694
-7106
-7560
-8061
-8368
-8186
-7983
-7928
-7941
-7626
-7037
-6817
-6350
-5450
-4302
-3403
-2510
-1364
83
1513
2669
4046
5490
6779
7617
8257
8985
9456
9618
9501
9279
8920
8188
7341
6757
5940
5119
4128
3194
2412
1535
861
11
-587
-1317
-2066
-2480
-3129
-3133
-3426
-3633
-3664
-3884
-3770
-3995
-4039
-4265
-4441
-4735
-5325
-5688
-6213
-6775
-7012
-7754
-8096
-8399
-8945
-9172
-9437
-9601
-9823
-9835
-9055
-7616
-6058
-4345
-2558
-58
2681
5055
7639
10013
12351
13930
14780
15879
16506
16555
15672
14911
13708
12019
9997
7666
6118
3830
1266
-970
-2827
-4268
-5972
-7259
-8018
-8526
-9238
-9935
-9750
-9484
-9437
-9229
-8693
-7946
-7429
-7307
-6413
-5097
-4316
-3605
-2715
-1354
47
1169
2367
4101
5597
6411
7199
8152
9031
9397
9151
9015
8841
8326
7533
6808
6352
5251
4151
3023
2197
1735
664
-168
-780
-1420
-1997
-2589
-2791
-2898
-2914
-3278
-3443
-3100
-3236
-3123
-3424
-3570
-3556
-4055
-4672
-5225
-5531
-6195
-7029
-7842
-8538
-8938
-9678
-10556
-10694
-11214
-11406
-11486
-10989
-9414
-8027
-6335
-4663
-2078
890
3173
6101
8573
11086
12807
13606
14999
15907
16160
15536
14732
13868
12246
10416
8159
6713
4715
2049
29
-1772
-3185
-4971
-6462
-7194
-7754
-8504
-9200
-8975
-8615
-8721
-8643
-8172
-7412
-6897
-6786
-6045
-4848
-4187
-3677
-2961
-1716
-528
307
1303
2784
4345
5008
5705
6650
7582
8101
7942
7934
7928
7483
6629
5884
5430
4512
3278
2077
1214
635
-329
-1221
-1512
-1741
-2099
-2499
-2452
-2094
-1745
-1930
-1860
-1358
-1096
-1097
-1153
-1243
-1233
-1712
-2619
-3256
-3881
-4700
-5896
-6776
-7569
-8379
-9296
-10210
-10736
-10925
-11536
-11828
-11970
-11136
-9793
-8781
-6966
-5407
-2693
-213
1814
4898
7299
9914
11713
12891
14566
15532
15955
15593
15416
14592
13055
11510
9387
8245
6051
3407
1475
-482
-2203
-4097
-5365
-6321
-7185
-8210
-8951
-8522
-8323
-8495
-8211
-7747
-6957
-6491
-6371
-5386
-4261
-3772
-3318
-2491
-1359
-311
447
1264
2597
3802
4417
5370
6420
7181
7613
7539
7810
7832
7393
6515
5803
5213
4083
3094
1865
1165
306
-790
-1292
-1580
-1604
-1892
-2032
-1811
-1463
-1141
-999
-452
19
128
117
82
245
62
-625
-1389
-2126
-2926
-4176
-5404
-6444
-7526
-8551
-9823
-10556
-11166
-11707
-12233
-12705
-12674
-12147
-10978
-9759
-8090
-6249
-4395
-1474
970
3732
6753
9029
11374
12919
14333
15759
16572
16619
16364
15894
14488
13169
11426
9575
7890
5297
2884
936
-1271
-3249
-4847
-6029
-7143
-8245
-9222
-9630
-9332
-9712
-9706
-9030
-8559
-7945
-7584
-6941
-5689
-4878
-4228
-3277
-2145
-1206
-342
821
2038
3454
4216
4858
5958
6715
7208
7565
7886
8003
7721
7041
6401
5907
5126
4043
3204
2323
1553
744
37
-60
-160
-388
-605
-449
-63
318
571
783
1218
1378
1171
1094
1038
866
180
-806
-1647
-2589
-3597
-4995
-6277
-7343
-8744
-9889
-11047
-11862
-12359
-13142
-13569
-13981
-13804
-13094
-11706
-10379
-8581
-6664
-4601
-1436
1011
3992
7024
9497
11970
13674
15349
16857
17793
17976
17721
17195
15703
14243
12281
10192
8147
5301
2820
485
-1779
-3951
-5612
-6902
-8279
-9325
-10186
-10374
-10306
-10609
-10483
-9791
-9561
-9209
-8703
-7886
-6618
-5947
-5319
-4344
-3273
-2351
-1275
84
1411
2609
3535
4482
5707
6598
7366
8077
8444
8395
8165
7806
7405
6902
5857
4953
4163
3155
2353
1526
1125
825
348
205
116
386
528
662
883
1067
1390
1310
1254
1225
966
586
-185
-944
-1774
-2757
-4024
-5410
-6606
-8071
-9312
-10803
-11979
-12699
-13666
-14093
-14597
-14527
-14382
-13804
-12020
-10647
-8464
-6715
-4614
-1026
1493
4568
7524
10146
12833
14332
15938
17542
18868
19043
18619
18234
16806
15583
13559
11489
9660
6794
4036
1534
-714
-2924
-5008
-6657
-8245
-9448
-10523
-11263
-11152
-11492
-11437
-10916
-10664
-10011
-9373
-8671
-7713
-6879
-5961
-5009
-3857
-2809
-1573
-88
976
2364
3675
4860
6099
7031
8079
9025
9492
9553
9582
9740
9333
8614
7812
6847
6247
4785
3769
3104
2284
1807
1023
933
816
797
732
816
1270
1246
1429
1462
1562
1707
1254
929
376
-334
-1204
-2258
-3297
-4573
-5930
-7439
-8727
-9915
-11048
-12217
-12946
-13689
-14047
-14238
-14549
-13986
-13033
-11638
-10106
-8146
-5937
-3266
-221
2222
5461
8433
10812
13129
14480
16245
17788
18198
18346
18116
17577
16083
14554
12795
10864
8735
5669
3284
1146
-1378
-3525
-5298
-6692
-8137
-9641
-10703
-10859
-10989
-11585
-11477
-10972
-10661
-10375
-10013
-9095
-7880
-7179
-6440
-5263
-3981
-2852
-1646
-279
1097
2543
3680
4904
6328
7509
8592
9285
9615
9927
10071
9930
9454
8785
8033
7078
5891
4702
3750
2968
1970
1030
544
42
-308
-711
-639
-298
-296
-160
52
521
630
451
421
313
-68
-862
-1709
-2401
-3425
-4616
-6027
-7094
-8193
-9642
-10639
-11765
-12353
-13069
-13446
-13486
-13387
-13158
-12892
-11535
-9968
-8216
-6301
-4191
-1777
989
3349
5895
8669
10843
12724
14196
15577
16829
17413
17346
17349
16909
15662
14268
12719
10974
8916
6395
3987
2002
-434
-2751
-4546
-6128
-7860
-9419
-10426
-11097
-11491
-12242
-12327
-11891
-11850
-11587
-10988
-9815
-8709
-7878
-6872
-5524
-3978
-2793
-1365
317
1739
3128
4434
5829
7236
8285
9206
9955
10499
10643
10806
10810
10375
9644
8674
7709
6622
5483
4065
3374
1956
981
225
-591
-677
-1224
-1200
-1265
-1269
-1109
-978
-526
-345
-200
-183
-360
-418
-1033
-1583
-2090
-3036
-4042
-5333
-6346
-7389
-8518
-9613
-10350
-10868
-11612
-11976
-12198
-12014
-11521
-11342
-10674
-9435
-8071
-6460
-4719
-2659
-509
1872
3996
6318
8799
10706
12471
14023
15310
16676
17307
17466
17627
17060
16015
14742
13458
11809
9756
7281
4813
2854
239
-2190
-4084
-5982
-7755
-9662
-11100
-11836
-12507
-13279
-13583
-13253
-13015
-12762
-12073
-10962
-9579
-8520
-7500
-5825
-4174
-2728
-1221
492
2238
3703
5097
6517
8145
9372
10294
11228
11820
12158
12227
12145
11878
11274
10208
8996
7790
6472
5026
3761
2414
1119
148
-904
-1452
-1989
-2351
-2420
-2534
-2495
-2353
-2122
-1936
-1800
-1728
-1744
-1859
-2268
-2772
-3211
-3989
-4919
-5896
-6873
-7757
-8698
-9747
-10582
-11120
-11602
-11813
-11796
-11599
-11196
-10640
-10245
-9209
-7932
-6353
-4596
-3123
-1280
570
2807
4857
6941
9160
10830
12579
13879
15204
16528
16986
17208
17176
16627
15683
14329
12979
11244
9131
6515
3918
1712
-935
-3409
-5642
-7706
-9646
-11669
-12963
-13627
-14131
-14758
-14885
-14442
-13901
-13151
-12182
-10747
-9095
-7753
-6354
-4541
-2780
-1025
636
2355
4102
5663
7146
8514
9833
10791
11670
12411
12694
12839
12737
12416
11637
10515
9375
8162
6735
5076
3744
2434
1002
-427
-1627
-2242
-2658
-3265
-3546
-3521
-3421
-3340
-3211
-2671
-2329
-2206
-2385
-2392
-2331
-2695
-3036
-3604
-4031
-4757
-5705
-6374
-6895
-7459
-8098
-8549
-8822
-8863
-8894
-8870
-8263
-8082
-7693
-7340
-6998
-6092
-5335
-4115
-2949
-1705
-260
1269
3327
5054
7027
8900
10466
12127
13394
14787
15964
16289
16415
16033
15395
14253
12773
11222
9110
6879
4075
1654
-626
-3206
-5431
-7519
-9299
-11034
-12413
-13153
-13538
-13890
-14037
-13579
-12870
-12168
-11111
-9722
-8146
-6695
-5389
-3624
-1705
-38
1559
3230
4958
6350
7620
8969
10189
11014
11337
11704
11917
11746
11373
10839
10193
9144
7855
6569
5431
4105
2754
1377
342
-634
-1684
-2193
-2747
-2997
-3333
-3472
-3474
-3488
-3301
-3261
-3213
-3176
-3068
-2985
-3040
-3139
-3139
-3198
-3294
-3584
-3745
-3754
-3927
-4119
-4453
-4566
-4775
-5117
-5419
-5584
-5681
-6092
-6152
-6312
-6269
-6193
-6565
-5939
-5484
-4468
-3694
-2640
-985
526
2397
4019
6187
8241
9746
11141
12469
13727
14476
14552
14715
14530
13636
12306
10704
9348
7330
5065
2664
529
-1520
-4026
-5920
-7602
-8964
-10469
-11656
-12084
-12305
-12414
-12262
-11499
-10595
-9643
-8570
-7017
-5435
-4045
-2746
-1224
388
1584
2841
3942
5108
5900
6503
7179
7569
7983
8179
8403
8377
8108
7951
7738
7328
6658
5964
5329
4444
3342
2380
1455
447
-854
-2035
-2802
-3592
-4341
-5086
-5347
-5453
-5627
-5479
-5002
-4243
-3639
-3095
-2336
-1477
-687
-48
449
909
1022
953
702
439
-5
-841
-1664
-2659
-3372
-4335
-5103
-5814
-6509
-6862
-7388
-7474
-7602
-7582
-7518
-7358
-6710
-5988
-4948
-4152
-3093
-1760
-336
1450
3063
4845
6609
8005
9419
10820
12145
13098
13582
13881
13727
13266
12309
11195
9917
7902
5781
3524
1399
-662
-2852
-4828
-6605
-8162
-9541
-10365
-10823
-11168
-11244
-10994
-10371
-9511
-8658
-7671
-6449
-5454
-4503
-3477
-2358
-1337
-557
263
1129
2083
2799
3649
4671
5564
6477
7141
7907
8623
9123
9391
9453
9377
8799
7909
6965
5780
4494
2849
1242
-292
-1589
-2786
-3951
-4357
-5083
-5106
-4958
-4563
-3709
-3127
-2115
-1336
-379
425
997
1587
1857
1894
1658
1283
916
228
-635
-1357
-2231
-2938
-3892
-4525
-5128
-5572
-6048
-6485
-6595
-6720
-6723
-6693
-6578
-6502
-6511
-6566
-6267
-5721
-4927
-4204
-3445
-2172
-788
1030
2731
4616
6652
8363
10013
11528
13249
14478
15019
15159
15001
14641
13643
12406
10991
9091
6810
4392
2169
36
-2195
-4252
-6157
-7873
-9413
-10538
-11080
-11591
-11946
-12130
-11972
-11515
-11056
-10192
-9049
-7948
-7020
-5914
-4391
-2906
-1549
-154
1432
2862
3970
5149
6521
7655
8312
8884
9489
9857
9842
9652
9442
9085
8176
7095
6100
4961
3578
2073
878
-318
-1528
-2814
-3500
-4000
-4490
-4733
-4884
-4500
-4223
-3770
-3055
-2324
-1617
-1106
-528
27
483
820
957
999
865
592
272
-171
-776
-1350
-2064
-2686
-3332
-3902
-4306
-4749
-5064
-5405
-5476
-5575
-5583
-5632
-5581
-5583
-5689
-5755
-5633
-5150
-4705
-3976
-3238
-2146
-806
695
2505
4277
6176
7706
9336
10973
12500
13670
14314
14749
14685
14216
13133
11828
10177
8094
5546
2813
302
-2239
-4714
-7061
-8952
-10607
-12108
-13147
-13604
-13580
-13402
-12939
-12068
-10897
-9755
-8435
-6983
-5576
-4320
-3195
-2037
-916
146
1018
1921
2747
3492
4364
5287
6209
7040
7684
8312
8901
9261
9583
9731
9526
8957
8171
7272
6183
4869
3332
1762
190
-1426
-2778
-3481
-4359
-4851
-5249
-5362
-4785
-4341
-3611
-2975
-1988
-1265
-765
1
482
1089
1166
976
929
736
422
59
-391
-731
-1097
-1602
-1971
-2143
-2301
-2570
-2728
-2892
-2904
-2899
-2951
-2964
-3160
-3407
-3854
-4216
-4566
-5072
-5647
-5871
-5687
-5288
-4672
-3798
-2335
-631
1192
3084
5306
7409
9004
10475
11711
12890
13317
13042
12513
11617
10304
8463
6564
4654
2623
360
-1736
-3405
-4847
-6123
-7139
-7810
-8316
-8745
-8812
-8585
-8291
-7989
-7744
-7467
-7111
-6805
-6350
-5826
-5353
-4985
-4416
-3591
-2681
-1528
-320
1003
2321
3714
5281
6891
8263
9418
10370
11039
11447
11568
11470
10936
9994
8702
7304
5880
4238
2565
898
-685
-1962
-3145
-3919
-4402
-4767
-4863
-4825
-4450
-3974
-3354
-2796
-2399
-1901
-1541
-1202
-928
-803
-755
-775
-926
-934
-849
-724
-632
-558
-364
-152
102
254
525
682
685
635
578
432
180
-302
-815
-1243
-1891
-2689
-3396
-4017
-4706
-5567
-6519
-7125
-7373
-7423
-7282
-6845
-6069
-5025
-3814
-2413
-585
1330
3025
4550
6055
7585
8792
9577
10111
10495
10412
9895
9233
8497
7549
6086
4494
3071
1646
43
-1520
-2873
-4128
-5474
-6724
-7521
-8044
-8620
-9227
-9487
-9467
-9454
-9295
-8894
-8046
-7289
-6555
-5524
-4264
-2807
-1405
176
1790
3433
4962
6406
7857
9070
10057
10771
11131
11272
11256
10982
10375
9494
8495
7306
5947
4506
3101
1859
401
-1029
-2251
-3260
-4222
-5210
-5788
-6054
-6335
-6468
-6442
-6007
-5389
-4944
-4334
-3571
-2685
-1961
-1069
-18
963
1818
2478
3409
4165
4750
5212
5517
5601
5343
4999
4520
3847
2887
1780
532
-650
-1918
-3365
-4598
-5958
-7207
-8277
-9270
-9981
-10709
-11258
-11606
-11635
-11218
-10405
-9203
-7810
-6086
-4187
-1899
487
2991
5550
7825
9891
11576
13076
14289
15024
15281
15205
14713
13789
12565
11088
9589
7608
5396
3205
1060
-1070
-3291
-5262
-7049
-8795
-10500
-11818
-12720
-13460
-14038
-14360
-14160
-13761
-13125
-12109
-10761
-9099
-7324
-5364
-3003
-474
2076
4677
7130
9496
11478
13091
14602
15721
16437
16588
16165
15457
14428
13079
11365
9495
7410
5157
2787
465
-1536
-3450
-5297
-7017
-8288
-9165
-9850
-10098
-10148
-9811
-9235
-8679
-7688
-6309
-5028
-3776
-2497
-1133
359
1634
2796
3973
4853
5525
5954
6268
6460
6292
5989
5408
4710
3876
2884
1851
830
-356
-1532
-2540
-3491
-4186
-4919
-5562
-6028
-6420
-6653
-6768
-6860
-6796
-6785
-6757
-6642
-6496
-6266
-6101
-5559
-4735
-3763
-2679
-1424
105
1895
3681
5328
7125
8654
9728
10549
11077
11466
11284
10545
9448
8180
6507
4572
2570
659
-1435
-3578
-5377
-6869
-7916
-8896
-9594
-9858
-9887
-9736
-9276
-8488
-7582
-6678
-5743
-4576
-3353
-2063
-740
624
2032
3273
4456
5602
6710
7819
8805
9492
9975
10328
10413
10356
9891
9228
8368
7223
5907
4470
3067
1527
-71
-1651
-3149
-4464
-5748
-6761
-7559
-8233
-8857
-9108
-9155
-8977
-8647
-8182
-7356
-6524
-5548
-4414
-3068
-1635
-355
985
2379
3752
4923
6040
7051
7809
8245
8525
8711
8557
8205
7599
6863
6080
5051
4098
3106
2043
1055
72
-749
-1506
-2319
-2995
-3603
-4155
-4653
-5318
-5735
-6137
-6570
-6899
-7379
-7562
-7885
-8210
-8414
-8726
-8711
-8950
-8631
-7889
-7014
-5779
-4559
-3099
-1180
645
2351
4176
5681
6916
7743
8413
9159
9357
9373
9035
8614
8131
7348
6849
6392
5634
4761
3861
3050
2393
1432
520
-260
-1347
-2434
-3454
-4037
-4550
-5140
-5480
-5525
-5299
-4900
-4174
-3107
-2016
-1104
-179
867
1785
2473
3009
3428
3428
3121
2619
2170
1745
1068
345
-342
-942
-1444
-1716
-1763
-1776
-1885
-1923
-1905
-1975
-2040
-2090
-2089
-2216
-2420
-2430
-2344
-2075
-1571
-999
-77
958
1935
3276
4690
5985
7228
8194
8934
9442
9631
9562
9244
8754
7978
6888
5830
4760
3736
2690
1543
608
-286
-1368
-2235
-3113
-4026
-4963
-6043
-6991
-7850
-8636
-9401
-9987
-10324
-10453
-10490
-10360
-9789
-9161
-8491
-7702
-7072
-6151
-5463
-4964
-4199
-3918
-3526
-3290
-3073
-2125
-1141
120
1545
2872
4803
6693
8400
10306
11740
12941
13603
13584
13695
13304
12348
11115
9396
7840
6081
4134
2611
968
-719
-2485
-4119
-5240
-6424
-7624
-8703
-9668
-10517
-11380
-11875
-11915
-11708
-11403
-10919
-10049
-8763
-7180
-5413
-3582
-1724
5
1555
3016
4294
5371
6170
6520
6665
6786
6706
6628
6499
6371
6326
6100
5943
5898
5891
5814
5381
4853
4315
3443
2457
1485
525
-427
-1502
-2321
-2730
-2902
-2956
-2623
-2043
-1013
-107
780
1976
2819
3618
3864
4060
4116
3772
3300
2609
1937
1245
464
-349
-882
-1310
-1723
-2173
-2605
-2702
-3115
-3564
-3831
-4149
-4256
-4532
-4573
-4258
-3953
-3519
-2920
-2065
-1156
-321
334
1058
1626
1840
2036
1932
1816
1521
762
222
-339
-1045
-1650
-2354
-2932
-3481
-4174
-4499
-4332
-4035
-3550
-3510
-3263
-2550
-2202
-1821
-1583
-1318
-1172
-1471
-1485
-1027
-671
-292
196
887
1830
2507
3207
4185
4798
4962
4707
4427
4235
3508
2559
1809
1046
136
-806
-1223
-1300
-1345
-1459
-1313
-999
-803
-592
-266
30
200
87
21
49
68
274
562
836
1069
1310
1733
2191
2486
2682
2818
2725
2450
2115
1909
1640
1158
738
576
421
233
212
337
510
355
162
3
-173
-551
-949
-1349
-1264
-1487
-1449
-1135
-772
362
880
1929
2794
3626
4248
4717
5288
5542
5453
4974
4578
4074
3645
3064
2305
2083
1407
692
111
-526
-914
-1829
-2845
-3518
-4477
-5278
-6221
-6842
-7243
-7702
-8124
-8204
-8045
-7889
-7688
-7547
-7020
-6581
-6558
-6296
-5999
-5622
-5238
-5213
-4723
-4317
-4094
-3519
-3031
-2345
-1612
-549
849
2453
4012
5199
6598
7924
8986
9448
9757
9945
9636
9062
8626
8177
7799
7114
6590
6247
5626
4881
4162
3364
2186
547
-1231
-2872
-4391
-6122
-7672
-8791
-9663
-10421
-10795
-10503
-9925
-9441
-8713
-7808
-6741
-5809
-4797
-3571
-2388
-1198
34
1451
2887
4433
6035
7516
8815
9866
10585
11076
11292
11137
10681
10090
9205
8157
7254
6466
5639
4745
3983
3376
2616
1635
682
-202
-1217
-2438
-3611
-4676
-5526
-6339
-6910
-7067
-6997
-6554
-6321
-5754
-5178
-4716
-4216
-3902
-3512
-3353
-3205
-2971
-2608
-2143
-1595
-918
-259
620
1422
2120
2671
3050
3278
3161
2734
2431
2048
1664
1434
1165
1049
978
1069
1155
1243
1314
1220
932
535
219
-345
-865
-1440
-1907
-2158
-2571
-2773
-3001
-3125
-3228
-3472
-3742
-4006
-4277
-4610
-4846
-5128
-5393
-5538
-5449
-4501
-3631
-2557
-1710
-871
22
826
1459
1780
1995
2022
2037
2239
2703
3346
3842
4573
5217
5722
6116
6166
6016
5584
4627
3565
2362
1249
526
37
-25
69
234
466
911
1311
1660
1687
1404
947
255
-303
-619
-843
-882
-696
-327
236
865
1455
1966
2048
1805
1275
474
-366
-1318
-2179
-2960
-3589
-3964
-4047
-3832
-3517
-3171
-2917
-2769
-2705
-2704
-2620
-2476
-2287
-2048
-1627
-925
-33
1091
2284
3536
4349
4989
5403
5673
5779
5621
5516
5388
5311
5291
5345
5561
5664
5541
5121
4620
3823
2676
1386
23
-1328
-2686
-3867
-4757
-5317
-5713
-5973
-6143
-6253
-6410
-6687
-7027
-7322
-7548
-7669
-7605
-7261
-6614
-5734
-4658
-3360
-2176
-975
-8
780
1262
1433
1706
1686
1554
1560
1430
1443
1475
1277
1084
788
317
-375
-1107
-1782
-2690
-2845
-2639
-2058
-1120
-372
853
1915
3229
4211
4774
5231
4936
4745
4664
4596
4583
4325
4251
4031
3838
3537
3000
2261
978
-371
-1700
-3046
-4187
-5205
-5780
-6233
-6470
-6272
-5948
-5390
-5040
-4729
-4226
-3790
-3368
-2978
-2162
-1263
-323
899
2181
3638
4895
5889
6860
7562
7982
8083
8035
7754
7142
6605
6055
5571
5082
4389
3783
2978
2138
1219
330
-623
-1741
-2687
-3534
-4136
-4595
-4877
-4846
-4433
-4195
-3701
-3431
-3065
-2668
-2469
-2052
-1803
-1532
-1338
-1118
-619
-343
-166
-157
-236
-444
-666
-879
-1120
-1186
-1319
-1391
-1138
-744
-218
251
600
971
1129
1178
1198
1202
1248
1237
1327
1508
1934
2419
2769
3010
3095
3167
3006
2586
2132
1481
684
-160
-1053
-1727
-2521
-3281
-4202
-4938
-5719
-6460
-7153
-7852
-8123
-8375
-8462
-8328
-8026
-7453
-6859
-6150
-5218
-3931
-2319
-862
772
1927
3271
4439
5741
7135
8008
8827
9175
9623
10379
10844
11116
10882
10354
9425
8092
6731
5303
3748
1839
-79
-1608
-2684
-3539
-4125
-4551
-4869
-5408
-5709
-5871
-5863
-5880
-6210
-6271
-5999
-5522
-4744
-3747
-2467
-1167
-33
1062
2182
3261
4026
4515
4667
4730
4717
4613
4464
4254
3863
3336
2634
2024
1441
764
20
-773
-1434
-2024
-2531
-2738
-2750
-2732
-2819
-2873
-2702
-2282
-1786
-1274
-751
-548
-280
38
601
1333
1816
2079
2238
2403
2706
2957
3061
2793
2151
1384
713
164
-304
-922
-1615
-2279
-2800
-2968
-2959
-2796
-2682
-2522
-2441
-2246
-1802
-1242
-744
-362
-51
370
908
1471
1969
2423
2681
2778
2729
2774
2806
2690
2395
1864
1306
698
-5
-631
-1350
-2274
-3140
-3994
-4693
-5258
-5718
-6125
-6366
-6506
-6526
-6510
-6193
-5784
-5351
-4886
-4039
-2802
-1545
-64
1178
2297
3187
3709
4554
5342
5959
6514
6645
7040
7835
8267
8777
8794
8337
7482
6213
5078
3807
2220
351
-1295
-2456
-3463
-4257
-4801
-5177
-5524
-6080
-6332
-6386
-6425
-6203
-5848
-5232
-4491
-3791
-2751
-1507
-355
578
1146
1623
1965
2204
2600
3000
3236
3303
3466
3810
4078
4236
4060
3642
3004
2214
1554
951
408
-130
-607
-845
-1019
-1154
-1195
-1284
-1487
-1768
-2087
-2313
-2322
-1882
-1156
-204
479
959
1590
2191
3097
3902
4337
4603
4398
4432
4828
5067
4952
4121
3048
2017
1150
503
-189
-1159
-2374
-3412
-3994
-4082
-4012
-4135
-4330
-4590
-4621
-4349
-3941
-3448
-2911
-2421
-1873
-1140
-422
318
904
1203
1491
1606
1734
1839
1958
2144
2184
1986
1772
1543
1379
984
370
-331
-1126
-1954
-2717
-3109
-3365
-3740
-4135
-4670
-4896
-5083
-5276
-5232
-5231
-5045
-4939
-4477
-3555
-2484
-1203
-73
889
1533
1971
2461
2794
3149
3302
3249
3382
3497
3880
4321
4352
4085
3450
2677
2082
1562
1055
448
-290
-951
-1397
-1547
-1563
-1628
-1982
-2497
-2966
-3262
-3207
-2938
-2663
-2363
-1933
-1262
-311
597
1297
1704
1839
1891
2027
2322
2711
3021
3115
3196
3323
3485
3610
3501
3203
2701
2096
1608
1208
845
440
-6
-425
-799
-1156
-1399
-1555
-1798
-2041
-2268
-2291
-2055
-1709
-1253
-749
-331
12
287
537
645
520
309
47
-156
-264
-269
-110
5
152
262
470
661
786
893
959
1121
1248
1389
1661
1974
2299
2504
2515
2493
2233
2042
1981
1697
1515
1212
911
797
695
584
365
82
-271
-621
-881
-1216
-1542
-1905
-2268
-2570
-2762
-2830
-2938
-3082
-3191
-3136
-2940
-2687
-2397
-2048
-1754
-1446
-1111
-683
-236
84
391
698
1107
1480
1720
1870
1876
1812
1609
1313
918
437
-132
-711
-1188
-1641
-2011
-2364
-2572
-2665
-2722
-2776
-2825
-2902
-3030
-3128
-3165
-3016
-2739
-2470
-2175
-1838
-1446
-975
-538
-67
381
715
1094
1544
2050
2609
3082
3431
3640
3680
3633
3575
3534
3476
3338
3159
3026
2923
2779
2500
2078
1639
1243
912
660
467
257
32
-268
-602
-838
-1051
-1361
-1736
-1965
-2149
-2173
-2074
-1866
-1579
-1406
-1282
-1109
-946
-828
-734
-749
-733
-697
-661
-527
-328
-93
175
391
657
941
1166
1363
1494
1622
1693
1758
1866
2090
2307
2376
2366
2341
2348
2316
2239
2103
1972
1789
1514
1249
1026
803
459
70
-418
-921
-1368
-1819
-2179
-2507
-2863
-3087
-3215
-3242
-3165
-3112
-3074
-3091
-3125
-3200
-3219
-3190
-3062
-2820
-2503
-2104
-1627
-1053
-496
-119
220
477
651
815
958
1093
1166
1193
1239
1375
1490
1505
1493
1439
1328
1186
1118
1034
924
702
421
158
-128
-437
-775
-1030
-1253
-1459
-1554
-1558
-1475
-1393
-1358
-1329
-1325
-1321
-1340
-1283
-1198
-1168
-1104
-957
-713
-448
-274
-69
137
291
421
568
783
1069
1374
1665
1981
2217
2382
2516
2570
2480
2220
1908
1614
1331
1062
851
778
822
883
982
1160
1302
1309
1245
1148
1009
771
519
177
-188
-538
-926
-1218
-1568
-1831
-2176
-2373
-2448
-2517
-2261
-2016
-1710
-1378
-920
-448
-163
109
285
476
647
851
1094
1120
1187
1240
1335
1416
1244
1087
872
807
706
614
444
134
49
-10
182
274
121
-92
-415
-448
-251
-226
-490
-869
-1040
-1008
-675
-753
-971
-1097
-1279
-1039
-713
-809
-910
-1003
-893
-695
-619
-615
-812
-886
-1057
-872
-677
-623
-769
-921
-911
-478
10
418
472
300
181
473
924
883
899
619
738
1083
1256
1390
1107
728
412
389
294
57
-273
-729
-796
-816
-775
-731
-780
-857
-1016
-957
-952
-1024
-1209
-1372
-1270
-942
-469
-130
16
-177
-193
139
581
961
987
863
966
1168
1541
1575
1078
633
464
692
1052
1137
960
557
399
383
244
-161
-838
-1390
-1656
-1691
-1717
-1900
-2176
-2270
-2120
-1775
-1514
-1402
-1330
-1085
-593
-12
485
906
1310
1740
2142
2409
2509
2494
2393
2304
2280
2203
1954
1665
1438
1284
1111
816
552
395
279
246
136
21
-59
-76
-89
-128
-224
-407
-627
-776
-802
-784
-822
-834
-741
-678
-631
-696
-751
-707
-575
-400
-277
-150
-40
92
193
306
342
214
114
35
24
-51
-220
-321
-280
-170
-123
-191
-230
-255
-259
-185
-209
-281
-378
-502
-488
-472
-477
-548
-645
-680
-692
-713
-776
-851
-915
-993
-1013
-1134
-1202
-1231
-1396
-1554
-1725
-1792
-1826
-1917
-1898
-1846
-1745
-1612
-1426
-1118
-810
-567
-304
-6
406
773
1121
1484
1745
2002
2090
2283
2457
2552
2640
2669
2850
2932
2933
2940
2826
2696
2429
1940
1468
907
420
-41
-482
-824
-1177
-1446
-1711
-1933
-1975
-2022
-2001
-1934
-1806
-1518
-1167
-749
-392
-6
358
751
1236
1665
2069
2399
2694
2932
3163
3313
3449
3542
3502
3532
3387
3138
2845
2366
1940
1453
1020
598
156
-168
-509
-847
-1205
-1618
-1975
-2257
-2336
-2226
-1994
-1685
-1360
-1030
-732
-420
-105
90
300
540
793
1076
1386
1661
1875
1965
1935
1788
1570
1252
849
502
148
-183
-477
-750
-969
-1155
-1413
-1702
-1998
-2272
-2446
-2612
-2698
-2705
-2657
-2514
-2391
-2255
-2157
-2078
-1827
-1653
-1415
-1165
-894
-607
-385
-174
-78
-35
-87
-75
0
12
-24
-85
-113
-129
-183
-293
-410
-499
-683
-807
-953
-1082
-1097
-1156
-1214
-1183
-1229
-1191
-1091
-947
-764
-660
-498
-267
51
465
904
1373
1816
2261
2607
2865
3053
3084
2960
2725
2457
2222
1957
1709
1452
1137
871
561
270
72
-172
-458
-767
-1038
-1172
-1271
-1389
-1473
-1450
-1393
-1257
-1058
-741
-474
-190
115
413
715
990
1247
1477
1701
1933
2104
2328
2564
2624
2602
2362
2172
1989
1850
1842
1790
1725
1615
1512
1394
1219
1008
675
361
127
-6
-159
-408
-649
-838
-1076
-1335
-1567
-1759
-1845
-1883
-1839
-1659
-1439
-1264
-1088
-890
-741
-695
-718
-727
-707
-659
-621
-619
-615
-666
-700
-738
-764
-755
-796
-845
-791
-744
-788
-888
-987
-929
-833
-787
-739
-671
-443
-236
-93
33
9
-20
-106
-212
-288
-457
-595
-683
-731
-819
-905
-901
-960
-970
-945
-918
-798
-633
-505
-422
-383
-369
-338
-276
-161
-103
-46
45
156
387
608
829
1002
1132
1363
1537
1639
1699
1568
1463
1297
1192
1209
1148
1126
1071
1055
1105
1068
1112
1082
1070
1129
1099
1117
1087
947
842
649
519
336
104
-2
-132
-224
-359
-412
-280
-81
145
455
692
922
1067
1192
1235
1190
1132
959
895
891
834
751
623
517
431
323
244
164
142
129
97
95
87
65
-27
-163
-280
-368
-447
-529
-557
-549
-442
-349
-234
-88
-55
-21
2
17
11
-127
-312
-536
-723
-850
-999
-1127
-1211
-1289
-1320
-1284
-1233
-1207
-1219
-1253
-1229
-1140
-1077
-1013
-904
-785
-593
-475
-321
-136
49
244
338
467
510
526
622
658
691
671
570
490
307
59
-182
-382
-569
-793
-968
-1092
-1093
-1002
-950
-880
-767
-703
-547
-324
-174
-103
-134
-25
173
413
632
806
1089
1353
1657
1910
2047
2149
2134
2016
1843
1594
1329
1029
686
369
70
-167
-393
-640
-800
-1005
-1240
-1418
-1603
-1666
-1713
-1703
-1605
-1510
-1384
-1264
-1046
-820
-606
-325
-20
372
721
1053
1366
1554
1754
1840
1879
1856
1795
1806
1725
1642
1563
1469
1390
1226
1015
710
362
48
-165
-371
-580
-805
-1000
-1154
-1341
-1500
-1743
-1981
-2181
-2325
-2414
-2404
-2301
-2190
-2003
-1786
-1543
-1273
-971
-695
-454
-212
25
229
429
666
892
1077
1205
1330
1366
1419
1462
1442
1467
1494
1499
1550
1521
1474
1392
1253
1092
890
662
418
218
23
-111
-178
-234
-313
-392
-503
-621
-775
-910
-1027
-1122
-1167
-1218
-1218
-1159
-1112
-1075
-1124
-1142
-1175
-1193
-1099
-1023
-900
-734
-526
-386
-326
-218
-147
6
100
189
355
518
744
968
1118
1236
1284
1310
1262
1191
1087
1019
1097
1160
1228
1234
1211
1109
984
821
618
376
97
-137
-350
-486
-692
-831
-994
-1148
-1305
-1557
-1746
-1882
-1904
-1899
-1904
-1884
-1807
-1643
-1502
-1326
-1195
-1075
-859
-641
-336
42
427
850
1182
1471
1792
2042
2268
2461
2612
2735
2789
2852
2887
2859
2709
2477
2166
1813
1482
1160
889
589
266
-47
-315
-506
-722
-1027
-1397
-1708
-2002
-2285
-2414
-2433
-2298
-2167
-1961
-1788
-1558
-1267
-994
-728
-478
-249
-16
288
587
882
1117
1253
1435
1551
1568
1543
1448
1382
1322
1247
1163
1096
1001
904
772
619
471
316
174
1
-232
-455
-682
-938
-1128
-1250
-1388
-1492
-1548
-1552
-1518
-1450
-1319
-1196
-1035
-927
-855
-718
-585
-460
-351
-241
-189
-142
-74
43
93
60
58
56
33
45
42
51
80
59
95
134
166
213
255
296
348
427
503
559
617
592
573
543
450
426
381
310
230
134
67
40
33
44
37
35
-57
-148
-182
-291
-395
-494
-557
-566
-601
-664
-704
-795
-857
-923
-943
-893
-768
-560
-359
-135
46
154
237
289
297
310
318
453
575
699
901
1064
1219
1342
1405
1362
1242
1124
975
849
719
579
439
261
110
2
-50
-119
-203
-249
-219
-173
-145
-145
-151
-139
-132
-158
-218
-287
-380
-434
-486
-518
-541
-568
-569
-555
-514
-491
-445
-396
-359
-285
-253
-196
-123
-117
-138
-185
-220
-246
-236
-253
-290
-265
-271
-270
-245
-136
-47
7
85
190
269
312
316
303
221
120
26
-75
-153
-206
-273
-378
-484
-607
-689
-746
-847
-983
-1101
-1220
-1251
-1208
-1167
-1103
-1084
-1062
-975
-801
-592
-383
-180
-25
135
265
389
515
558
586
608
670
754
814
818
803
766
692
575
453
356
250
145
73
21
-22
-61
-57
-59
-149
-221
-243
-221
-176
-95
38
146
210
236
268
310
361
378
345
367
408
436
455
442
453
407
289
173
41
-69
-183
-261
-375
-446
-494
-502
-502
-528
-507
-490
-454
-398
-339
-221
-33
151
304
388
498
574
676
816
892
979
1064
1136
1200
1201
1114
987
849
726
629
510
397
318
134
-10
-180
-349
-530
-802
-1098
-1373
-1577
-1812
-1991
-2044
-2035
-1988
-1889
-1760
-1598
-1388
-1177
-975
-789
-600
-442
-312
-135
34
180
266
400
483
482
456
386
370
378
412
437
485
523
510
536
579
514
445
387
354
354
281
219
194
162
173
179
173
212
255
315
360
420
420
438
504
507
502
462
398
282
158
34
-99
-231
-349
-398
-389
-366
-398
-471
-520
-510
-469
-429
-347
-282
-209
-76
47
179
285
373
514
670
820
995
1166
1362
1588
1771
1910
1977
2002
1961
1820
1611
1366
1088
800
473
113
-251
-581
-915
-1253
-1522
-1776
-1998
-2206
-2365
-2460
-2490
-2484
-2456
-2357
-2242
-2135
-1986
-1777
-1492
-1194
-909
-625
-305
17
296
583
823
1054
1221
1357
1448
1493
1574
1620
1631
1582
1487
1400
1262
1051
802
484
202
-47
-307
-575
-807
-1027
-1203
-1359
-1474
-1557
-1634
-1631
-1610
-1557
-1487
-1409
-1312
-1251
-1187
-1103
-954
-781
-649
-491
-341
-207
-39
178
390
600
765
937
1108
1233
1342
1380
1418
1451
1456
1451
1379
1335
1228
1051
909
763
621
470
316
245
186
178
95
55
16
-28
-62
-116
-140
-211
-272
-320
-395
-475
-520
-583
-589
-577
-558
-497
-454
-398
-314
-196
-92
-40
33
89
125
180
244
292
369
431
436
472
527
602
682
718
740
763
765
738
733
666
571
477
359
302
198
60
-15
-61
-111
-193
-265
-364
-435
-478
-541
-557
-588
-621
-635
-639
-632
-626
-622
-649
-692
-729
-756
-730
-693
-662
-585
-535
-475
-355
-247
-143
-81
-34
14
135
255
345
444
514
565
614
666
712
745
690
641
625
640
641
630
589
532
483
384
317
264
160
76
-11
-10
7
-5
11
6
16
-37
-75
-92
-91
-115
-176
-172
-159
-134
-106
-88
-68
-43
-31
-14
-11
14
51
83
111
103
66
13
36
90
79
36
-23
-98
-179
-312
-386
-395
-391
-336
-300
-218
-118
-79
-49
-34
6
46
99
144
149
145
142
176
215
235
211
181
196
200
183
200
197
193
178
112
31
-63
-93
-102
-134
-129
-142
-130
-131
-158
-171
-239
-266
-289
-287
-272
-348
-400
-414
-413
-390
-441
-449
-475
-515
-509
-512
-403
-333
-251
-122
-24
63
134
147
167
209
235
246
246
251
239
233
236
233
212
158
126
82
-1
-53
-124
-162
-187
-188
-155
-170
-190
-229
-281
-312
-365
-433
-516
-608
-633
-643
-658
-658
-649
-581
-488
-395
-243
-88
63
209
355
522
696
833
950
1067
1114
1108
1047
946
848
760
686
643
601
519
405
323
247
172
62
-105
-181
-285
-380
-418
-424
-389
-403
-463
-487
-496
-517
-571
-622
-613
-568
-469
-337
-134
59
148
282
379
444
515
508
482
457
414
353
358
373
361
358
313
282
270
261
256
222
172
117
102
126
178
189
190
201
221
260
274
261
208
187
141
114
100
30
-21
-125
-199
-254
-347
-360
-391
-376
-324
-340
-325
-337
-373
-352
-367
-380
-399
-337
-260
-203
-81
-22
23
45
86
149
175
184
193
210
282
369
459
536
596
652
624
663
670
599
533
452
423
392
379
370
374
363
309
303
281
250
280
242
170
135
100
69
43
41
15
30
75
98
128
128
113
91
28
-17
-65
-64
-4
-6
6
-20
-48
-35
-19
29
77
84
45
14
61
76
35
2
-71
-139
-193
-217
-240
-290
-341
-395
-404
-356
-360
-374
-398
-367
-324
-288
-244
-254
-272
-290
-314
-279
-245
-240
-273
-294
-274
-264
-259
-258
-255
-247
-237
-228
-211
-254
-262
-253
-241
-245
-275
-286
-346
-391
-418
-421
-411
-413
-397
-324
-292
-189
-79
30
182
191
201
238
244
222
191
193
202
183
156
116
114
58
-8
-42
-109
-188
-322
-424
-486
-507
-567
-639
-608
-614
-590
-498
-380
-284
-186
-71
63
169
256
323
352
408
429
477
506
551
637
685
737
770
771
739
649
594
496
380
242
44
-71
-199
-287
-363
-474
-540
-629
-640
-658
-730
-742
-799
-805
-762
-749
-661
-605
-519
-428
-351
-241
-177
-119
-46
11
55
103
160
214
268
362
417
475
472
436
426
409
364
302
238
190
114
58
33
5
14
-8
16
43
58
97
118
144
182
208
222
183
131
75
36
2
-6
-15
-102
-200
-243
-278
-295
-269
-266
-293
-315
-285
-227
-154
-90
-28
59
149
226
332
441
508
582
638
674
726
742
787
850
899
945
967
955
969
953
866
812
747
691
631
555
477
387
320
221
110
3
-144
-259
-351
-424
-441
-444
-457
-447
-373
-288
-228
-181
-134
-62
22
74
116
168
228
272
316
345
334
337
296
256
231
151
89
55
50
42
0
-26
-77
-138
-203
-233
-263
-316
-319
-324
-303
-228
-230
-208
-148
-74
22
50
81
119
125
114
101
84
45
-3
-74
-80
-93
-81
-113
-132
-123
-132
-116
-101
-86
-114
-74
-61
-91
-112
-153
-133
-98
-105
-63
-10
22
37
40
82
83
116
137
87
119
102
77
92
85
90
27
-4
-51
-101
-151
-187
-189
-269
-292
-279
-302
-296
-316
-374
-380
-376
-320
-301
-250
-163
-92
-32
4
44
-13
-73
-91
-116
-154
-198
-219
-285
-382
-440
-502
-552
-574
-612
-625
-652
-641
-575
-550
-559
-592
-568
-497
-403
-348
-310
-264
-190
-95
-22
64
141
178
200
287
359
394
454
504
528
523
505
489
443
358
258
107
-68
-216
-303
-362
-420
-510
-618
-665
-718
-771
-780
-752
-723
-722
-668
-568
-504
-438
-359
-287
-212
-156
-46
47
106
172
244
337
413
516
547
555
531
484
496
511
512
471
421
375
347
296
228
181
104
22
-21
-77
-111
-144
-188
-210
-216
-230
-239
-204
-210
-183
-143
-105
-62
-10
28
58
113
128
165
191
203
244
235
182
120
32
-19
-68
-78
-24
-8
20
54
91
144
177
227
248
235
225
202
228
285
360
430
487
540
547
546
523
524
545
506
424
360
307
301
261
248
241
162
122
87
60
7
-53
-81
-126
-122
-129
-205
-264
-303
-308
-276
-256
-240
-271
-316
-338
-317
-271
-228
-211
-184
-155
-162
-154
-115
-61
-37
20
23
60
91
80
126
171
185
167
162
161
167
167
149
121
104
95
71
19
-36
-85
-111
-156
-205
-220
-223
-300
-343
-359
-384
-412
-449
-484
-544
-587
-596
-586
-564
-570
-532
-497
-421
-278
-191
-106
2
115
219
330
442
536
622
781
856
898
899
862
864
808
787
772
714
656
630
602
551
509
422
311
236
126
22
-110
-232
-336
-416
-473
-561
-638
-695
-749
-723
-688
-654
-593
-581
-530
-450
-400
-379
-367
-328
-276
-238
-210
-182
-138
-107
-72
-87
-146
-152
-132
-170
-188
-188
-157
-120
-109
-47
-5
30
23
52
30
4
15
20
61
95
129
169
182
192
185
137
119
106
112
112
119
109
66
48
-6
-39
-75
-134
-211
-294
-354
-426
-487
-525
-548
-560
-584
-593
-564
-513
-482
-443
-402
-317
-249
-148
-44
51
120
200
298
401
478
479
531
573
632
675
725
732
703
664
607
557
446
333
305
201
157
98
-6
-48
-128
-192
-228
-215
-250
-291
-289
-281
-257
-225
-268
-301
-316
-328
-246
-184
-138
-61
-8
60
123
196
262
327
392
384
382
352
306
336
332
314
253
195
129
95
78
26
24
-6
-35
-11
-35
-24
-5
6
26
31
57
68
77
78
84
83
69
76
52
24
32
11
-11
-27
-60
-74
-95
-128
-187
-216
-192
-178
-177
-186
-183
-161
-181
-195
-201
-210
-144
-61
33
102
108
100
109
141
148
161
164
201
206
161
117
105
142
145
189
195
224
264
270
279
254
250
258
248
231
188
134
92
62
71
62
59
62
60
53
-19
-67
-77
-101
-81
-83
-118
-84
-83
-81
-72
-119
-186
-230
-249
-259
-286
-335
-339
-352
-325
-254
-185
-110
-92
-54
9
90
170
224
274
345
363
379
392
356
294
245
225
214
212
199
206
165
105
92
75
18
-36
-78
-130
-210
-283
-315
-346
-420
-449
-467
-462
-442
-437
-396
-349
-298
-239
-169
-64
-21
30
80
118
143
180
242
273
292
307
320
345
370
379
421
429
430
395
334
299
253
240
194
146
90
30
37
17
2
9
-18
-15
-44
-91
-136
-187
-201
-196
-137
-142
-198
-203
-193
-174
-210
-217
-214
-214
-158
-154
-100
-31
-32
-55
-93
-110
-75
-48
-33
-34
-18
0
27
78
72
58
62
57
65
73
52
61
46
59
96
73
37
-6
-46
-96
-109
-116
-152
-123
-124
-155
-148
-184
-164
-96
-131
-174
-249
-319
-321
-327
-326
-324
-324
-340
-321
-258
-230
-165
-129
-136
-104
-102
-65
-19
21
93
138
174
272
349
358
387
413
461
523
549
537
505
492
467
485
459
401
371
315
288
272
222
155
73
-40
-122
-203
-265
-302
-335
-407
-430
-421
-437
-435
-406
-376
-306
-239
-177
-105
-77
-5
64
121
184
258
330
396
468
500
557
600
642
681
699
673
621
577
525
507
483
413
369
312
227
171
136
118
109
77
45
24
-6
-17
-52
-108
-134
-158
-200
-241
-258
-193
-142
-76
-10
19
44
92
132
141
152
121
90
81
36
-5
0
-6
-4
-20
-42
-43
-20
4
8
-9
27
24
29
76
94
88
109
136
155
208
153
124
141
118
71
9
-57
-128
-164
-172
-205
-258
-323
-394
-432
-495
-547
-604
-667
-654
-636
-629
-611
-603
-588
-543
-512
-467
-428
-403
-355
-294
-256
-205
-133
-80
-18
20
64
95
111
158
199
222
236
252
242
227
189
162
119
85
34
28
52
18
-32
-81
-65
-35
-42
-45
-72
-99
-93
-85
-54
-52
-67
-48
-44
-68
-39
-5
-16
-22
-17
5
17
20
31
66
68
57
78
91
89
101
142
158
126
106
100
76
40
-61
-137
-159
-170
-182
-195
-204
-205
-193
-168
-154
-127
-104
-102
-118
-110
-64
-26
-28
-55
-71
-121
-136
-156
-159
-169
-202
-202
-190
-194
-207
-226
-195
-156
-147
-139
-155
-149
-138
-104
-77
-62
-28
-27
-26
-36
-51
-38
-16
38
79
88
91
94
117
139
123
120
114
81
60
42
60
64
46
23
-22
-46
-81
-133
-145
-167
-144
-167
-163
-105
-87
-57
-9
53
93
122
138
161
170
162
173
197
161
149
133
150
145
116
116
94
69
49
19
0
-29
-55
-40
-25
-32
-21
-53
-76
-77
-74
-44
2
-10
15
64
60
101
163
215
268
262
272
308
316
320
325
322
295
273
266
219
165
95
23
19
-1
18
48
36
2
-20
-15
-57
-99
-116
-137
-89
-69
-51
10
28
57
90
152
194
206
244
290
339
396
430
484
551
548
545
543
525
469
431
404
336
265
185
153
106
-7
-78
-173
-268
-287
-289
-274
-276
-223
-167
-133
-98
-86
-67
-64
-49
-36
-35
-45
-28
-25
-36
-30
-60
-67
-50
-17
4
1
6
66
96
90
78
55
88
98
80
73
74
113
131
129
92
32
28
11
20
15
-31
-23
-31
-33
-28
-56
-82
-124
-212
-255
-250
-245
-268
-298
-329
-327
-330
-373
-394
-420
-437
-431
-432
-438
-451
-464
-426
-402
-383
-368
-365
-323
-307
-286
-238
-183
-94
7
77
148
144
189
243
276
319
296
277
248
227
220
196
155
110
91
85
59
37
27
5
-18
-113
-154
-175
-234
-238
-272
-283
-287
-315
-343
-316
-299
-292
-281
-285
-251
-221
-216
-179
-138
-117
-64
-58
-82
-70
-43
-21
22
73
121
178
236
295
365
384
405
447
451
412
364
301
227
193
154
164
110
31
-50
-94
-156
-191
-204
-260
-277
-330
-385
-366
-379
-415
-406
-393
-347
-299
-274
-232
-196
-177
-105
-56
0
7
1
0
-3
21
29
85
141
144
158
198
252
302
282
255
191
143
111
78
69
-2
-64
-129
-149
-174
-200
-203
-222
-205
-200
-161
-121
-82
-42
14
69
71
18
35
64
69
61
51
85
114
145
170
170
202
212
198
234
254
267
258
257
254
245
211
182
181
166
119
100
109
137
152
171
198
205
202
195
196
222
237
255
241
194
204
205
215
230
227
218
183
156
125
92
53
37
44
67
60
46
19
11
19
9
7
1
17
17
-13
-54
-58
-76
-73
-34
0
10
21
58
88
101
97
131
171
170
163
188
230
266
287
317
332
310
319
324
316
258
171
130
115
69
-15
-66
-87
-83
-81
-121
-183
-239
-269
-280
-301
-305
-299
-262
-238
-221
-222
-207
-174
-239
-287
-253
-254
-215
-174
-160
-109
-110
-104
-92
-116
-140
-130
-118
-107
-58
-67
-78
-43
-28
-24
-31
-69
-123
-180
-215
-249
-260
-238
-242
-269
-297
-339
-350
-353
-320
-306
-318
-332
-348
-341
-371
-413
-423
-373
-334
-294
-255
-227
-193
-179
-155
-118
-104
-92
-66
-62
-67
-63
-81
-77
-47
-41
-33
-52
-47
-43
-65
-27
17
57
101
110
130
160
159
136
135
140
186
195
177
184
184
174
162
147
98
86
120
146
148
146
123
113
108
80
80
76
69
27
11
19
8
-2
-51
-72
-99
-130
-148
-157
-136
-90
-61
-61
-66
-54
-17
8
57
103
161
223
235
271
313
350
371
372
380
352
347
354
357
377
395
414
417
408
347
275
244
218
164
134
115
87
60
19
-15
-59
-76
-100
-110
-119
-174
-170
-146
-174
-148
-106
-64
-8
6
19
61
102
126
158
186
227
256
263
269
290
264
241
232
249
240
242
248
258
248
184
115
57
31
-15
-28
-37
-67
-113
-138
-148
-154
-179
-241
-311
-304
-270
-247
-235
-229
-248
-273
-268
-257
-234
-231
-235
-220
-198
-206
-171
-149
-99
-46
-61
-58
-77
-92
-77
-27
37
114
145
177
198
261
314
328
305
263
289
289
275
244
201
194
167
151
109
32
20
-7
-34
-35
-14
-20
-65
-101
-204
-259
-253
-260
-263
-294
-316
-334
-339
-354
-325
-295
-284
-270
-250
-178
-136
-132
-140
-130
-79
-11
14
54
72
111
133
160
208
215
243
241
246
245
216
178
147
117
72
37
33
26
-14
-45
-81
-87
-98
-113
-130
-166
-193
-217
-240
-241
-232
-249
-274
-322
-370
-392
-393
-385
-381
-362
-350
-340
-290
-275
-259
-199
-185
-148
-87
-40
-26
-19
-36
-27
29
44
60
71
87
114
131
148
178
166
136
83
58
64
34
17
-11
-65
-99
-131
-184
-190
-197
-238
-230
-200
-164
-130
-141
-194
-245
-262
-258
-251
-239
-244
-253
-255
-260
-230
-211
-211
-234
-256
-217
-192
-172
-108
-23
56
144
193
267
326
361
367
336
307
284
280
306
324
350
339
337
345
321
315
270
256
238
226
216
136
93
65
35
8
-42
-89
-138
-138
-107
-92
-87
-69
-71
-67
-52
-43
-21
-3
51
76
103
138
170
201
211
227
288
336
345
333
332
288
241
256
245
272
283
289
329
316
313
334
346
357
354
318
257
238
204
125
86
49
39
48
5
-19
-43
-80
-93
-129
-132
-161
-184
-133
-122
-81
-84
-72
-83
-132
-128
-137
-123
-74
-53
-5
25
22
57
41
21
37
40
61
74
80
92
116
140
113
98
65
54
62
12
-2
-11
-61
-80
-116
-114
-161
-178
-131
-123
-124
-143
-129
-93
-92
-106
-120
-129
-116
-101
-120
-143
-150
-171
-184
-179
-182
-208
-188
-224
-267
-273
-286
-247
-214
-235
-232
-192
-157
-130
-135
-146
-149
-161
-174
-186
-159
-141
-95
-108
-141
-118
-95
-56
-73
-48
-24
-48
-30
-31
-35
-35
-14
-14
-7
-13
0
6
-6
-45
-78
-89
-100
-98
-105
-102
-92
-126
-131
-133
-170
-155
-132
-138
-129
-108
-97
-53
-46
-33
-26
-14
30
85
131
114
141
164
167
177
162
159
137
133
130
82
47
39
36
77
83
39
-11
-95
-81
-65
-73
-49
-34
-26
-52
-97
-104
-80
-67
-74
-94
-110
-117
-102
-89
-95
-110
-107
-104
-137
-149
-128
-99
-82
-67
-59
-64
-64
-44
-26
22
74
85
78
78
91
93
88
66
37
37
55
62
64
61
40
28
38
80
122
117
106
94
108
130
128
111
84
70
50
50
30
11
3
-19
-16
-2
14
8
-16
6
13
24
74
129
148
139
145
166
187
185
179
184
166
180
203
208
232
240
280
301
307
321
351
365
381
390
369
348
321
307
250
177
112
100
120
109
117
97
46
76
79
73
69
-16
-58
-69
-64
-41
-74
-71
-76
-51
-22
-23
-7
-14
-2
-42
-38
-32
-69
-43
-68
-107
-104
-113
-91
-64
-58
-66
-86
-65
-25
30
56
38
40
1
8
63
69
110
124
123
131
108
85
45
26
22
18
35
14
-3
-51
-113
-97
-114
-144
-141
-152
-139
-137
-128
-120
-145
-147
-148
-171
-191
-220
-201
-182
-157
-145
-147
-103
-109
-117
-83
-71
-77
-27
51
143
179
207
208
229
275
294
323
352
349
355
357
362
368
331
279
225
175
158
138
98
58
32
9
10
-17
-100
-151
-225
-287
-296
-312
-336
-286
-271
-314
-327
-310
-316
-329
-336
-332
-276
-227
-162
-100
-65
-28
1
11
11
26
46
73
100
77
69
58
27
-14
-41
-57
-82
-80
-46
-20
-35
-84
-127
-109
-96
-100
-123
-142
-141
-130
-125
-144
-169
-190
-220
-228
-219
-182
-133
-125
-114
-109
-116
-107
-88
-103
-87
-40
-11
32
31
38
50
10
10
16
2
28
31
58
68
82
89
68
52
26
28
35
31
4
-35
-43
-74
-73
-70
-124
-139
-144
-140
-169
-198
-165
-164
-167
-208
-213
-192
-177
-114
-117
-119
-119
-150
-134
-99
-60
19
30
53
89
130
130
114
129
115
107
97
89
127
147
137
155
171
164
149
145
155
148
124
127
111
120
99
95
115
88
81
58
29
1
-37
-28
-41
-52
-55
-88
-112
-140
-152
-177
-213
-207
-240
-207
-170
-162
-152
-147
-165
-171
-198
-177
-141
-127
-72
-46
-75
-119
-86
-58
15
111
178
196
203
231
271
276
241
222
204
195
196
184
163
172
168
173
183
175
145
118
76
33
68
75
60
40
17
1
10
11
1
18
39
73
114
116
116
141
177
204
194
216
217
188
166
173
184
202
186
159
138
111
124
109
95
88
86
99
39
26
35
37
83
79
71
61
62
96
99
144
158
152
153
122
139
123
139
178
172
162
136
98
100
87
82
39
-39
-83
-117
-110
-132
-161
-171
-196
-194
-188
-182
-167
-215
-208
-146
-97
-76
-86
-85
-72
-38
28
46
100
125
109
142
138
188
192
186
205
193
187
146
112
85
49
64
71
55
43
16
17
2
-28
-54
-79
-63
-58
-68
-102
-100
-97
-155
-205
-272
-316
-307
-297
-276
-268
-274
-274
-287
-318
-301
-256
-241
-231
-231
-209
-167
-141
-130
-108
-97
-77
-81
-88
-61
-28
16
45
74
123
124
134
144
151
139
127
117
78
32
-42
-125
-153
-172
-206
-200
-195
-195
-208
-192
-173
-144
-122
-131
-151
-195
-200
-177
-189
-192
-186
-171
-102
-50
-60
-64
-41
-43
-28
-37
-12
38
80
75
65
51
35
52
80
64
52
72
98
112
66
7
-15
-29
-55
-42
-45
-10
53
91
94
76
13
-8
-24
-21
-22
-21
7
5
4
-18
-38
-49
-66
-96
-104
-104
-132
-166
-174
-197
-196
-187
-203
-176
-136
-93
-62
-9
51
97
153
215
282
311
288
288
276
253
236
200
238
288
311
321
310
328
336
323
287
277
279
238
213
213
186
159
143
114
94
61
50
-10
-34
-48
-73
-61
-55
-37
-36
-27
14
23
81
92
105
171
193
207
190
157
114
119
109
90
75
98
96
108
119
94
88
57
29
19
12
14
-23
-67
-77
-91
-116
-117
-111
-87
-65
-78
-88
-99
-140
-151
-144
-136
-107
-98
-103
-120
-99
-81
-65
-80
-101
-105
-104
-100
-108
-123
-139
-115
-102
-88
-58
-20
10
49
75
75
58
37
43
49
98
132
112
91
93
115
95
98
88
86
92
92
131
128
98
76
46
8
-4
-41
-70
-37
-83
-142
-146
-161
-158
-126
-116
-103
-71
-53
1
21
-33
-42
-27
-34
-36
-38
-19
-3
28
58
99
126
151
168
153
154
123
96
76
19
-42
-59
-44
-45
-89
-93
-92
-110
-106
-116
-150
-202
-239
-269
-269
-280
-302
-333
-343
-328
-264
-194
-206
-177
-151
-137
-121
-149
-184
-208
-204
-146
-103
-85
-99
-86
-94
-106
-72
-111
-143
-148
-140
-81
-65
-56
-66
-67
-48
-48
-7
-9
-10
-3
-47
-15
-5
-50
-52
-95
-124
-151
-163
-179
-179
-164
-168
-170
-176
-197
-191
-176
-138
-91
-88
-80
-66
-81
-99
-121
-131
-150
-130
-88
-38
20
25
39
23
40
87
87
107
134
115
99
108
125
161
180
196
203
219
208
214
239
226
192
157
135
148
165
213
235
219
221
192
217
226
209
223
208
196
178
134
120
55
21
4
-11
-19
-82
-89
-78
-73
-74
-83
-82
-110
-126
-142
-144
-113
-121
-112
-152
-150
-133
-137
-118
-135
-181
-155
-148
-155
-156
-142
-105
-67
-46
-48
-38
-37
-40
-10
12
9
-10
-29
-1
16
3
-22
-50
-37
-31
-11
-19
-50
-58
-54
-63
-38
-10
2
-40
-60
-32
-25
21
42
38
67
89
85
95
91
127
164
166
181
202
196
160
169
183
148
142
109
114
126
123
138
115
74
87
109
101
96
82
108
107
58
-7
-15
-19
-23
-16
-23
-27
-89
-123
-120
-127
-123
-155
-161
-178
-194
-189
-198
-222
-198
-204
-211
-193
-173
-156
-114
-67
-55
-51
-41
7
29
42
28
49
37
18
12
-18
-23
-35
-39
-46
-30
-14
-8
25
30
7
-8
-56
-76
-78
-73
-70
-96
-119
-133
-131
-132
-136
-131
-159
-215
-246
-280
-321
-372
-396
-382
-384
-362
-347
-329
-313
-287
-246
-211
-173
-143
-96
-69
-57
-37
-32
-44
-31
-30
1
5
4
24
24
14
12
3
24
52
65
68
31
39
13
9
42
9
-19
-35
-88
-117
-138
-132
-101
-110
-116
-122
-160
-163
-179
-225
-220
-222
-219
-216
-208
-198
-231
-263
-252
-231
-205
-189
-202
-216
-214
-194
-178
-165
-150
-172
-171
-167
-146
-132
-138
-151
-140
-91
-12
19
39
62
85
131
123
142
140
130
134
156
165
177
160
129
105
100
100
69
56
42
44
58
81
132
184
224
235
232
242
259
225
208
218
185
167
148
167
184
181
198
192
213
223
198
126
67
52
30
52
72
84
84
72
85
102
87
76
68
91
126
151
228
288
274
255
219
205
211
203
193
205
213
212
227
195
175
213
214
221
237
183
199
193
199
243
250
291
305
276
247
229
219
193
172
139
107
104
118
125
146
165
183
206
209
215
198
213
220
213
180
118
115
99
68
36
13
-22
-11
3
-6
-17
-48
-49
-30
-13
17
23
-20
-77
-118
-107
-86
-60
-49
-46
-66
-65
-42
-58
-84
-144
-192
-223
-252
-256
-236
-240
-234
-250
-274
-289
-265
-239
-244
-234
-199
-191
-170
-165
-221
-235
-215
-170
-120
-125
-129
-125
-136
-127
-67
-45
-50
-65
-72
-58
-42
-66
-84
-63
-74
-81
-83
-86
-79
-79
-92
-105
-110
-138
-155
-146
-117
-125
-126
-122
-120
-97
-87
-94
-102
-111
-122
-100
-80
-90
-81
-108
-119
-98
-102
-59
-63
-69
-50
-73
-61
-40
-25
-1
5
-6
-45
-63
-52
-45
-39
-66
-74
-63
-88
-73
-49
-48
-43
-73
-107
-133
-136
-137
-145
-147
-170
-136
-100
-110
-103
-107
-107
-87
-131
-157
-179
-185
-166
-201
-190
-186
-176
-188
-194
-197
-176
-103
-47
-8
-7
11
32
39
38
64
44
7
3
-11
-33
-51
-40
-13
32
56
49
47
33
33
56
37
56
61
93
140
101
88
106
123
125
100
49
38
26
45
72
79
148
192
217
235
233
221
194
205
209
192
175
178
178
161
173
211
225
221
230
236
214
206
230
248
248
221
206
206
212
214
208
217
227
202
165
163
157
175
145
104
75
36
46
26
3
-9
-6
-3
-49
-25
-6
21
44
69
115
113
144
170
197
217
204
188
193
225
223
226
209
179
155
144
164
200
193
197
204
157
104
92
57
