88
172
148
143
119
104
83
90
92
74
78
117
104
88
75
58
20
-5
3
-3
1
-1
0
0
1
0
0
0
0
0
0
0
1
0
-1
0
0
0
0
0
0
0
0
0
0
0
0
0
0
0
0
0
0
0
-1
0
0
0
0
0
0
0
0
0
0
0
0
0
1
0
0
0
0
0
0
0
1
0
0
0
1
1
0
0
0
-1
1
1
0
0
0
0
0
0
0
1
0
0
0
1
0
0
0
0
0
-1
0
0
0
0
0
0
0
0
0
0
-1
-1
-1
0
0
0
0
-1
0
0
0
0
0
0
0
0
0
1
0
1
0
0
0
0
0
0
1
-1
0
1
-1
0
0
0
0
0
0
0
-1
0
0
0
-1
0
0
0
0
0
0
0
-1
0
0
1
-1
1
-1
2
-4
9
-89
-157
-146
-153
-149
-170
-152
-149
-124
-67
-34
-11
10
15
23
63
89
75
84
117
134
128
113
95
85
71
64
75
72
78
61
57
89
75
75
59
62
50
40
52
46
82
86
55
39
-15
-11
44
47
72
44
18
44
48
34
38
77
93
89
110
61
63
116
117
132
122
104
108
146
155
171
194
187
204
192
183
196
187
181
68
-15
5
21
6
0
-3
-22
14
10
9
9
-10
-2
-6
4
11
-1
2
1
0
-6
-1
9
1
12
4
-9
4
1
5
-14
-14
-5
2
11
7
2
-15
-17
-8
-4
3
6
-6
8
1
2
7
-1
6
-2
-5
-3
2
-2
2
5
-8
1
5
-15
-3
0
-14
0
-5
-6
-6
-19
-6
-4
6
-6
-3
-6
-10
0
-8
6
1
-14
-10
-12
-14
-2
-2
8
4
-5
2
-10
3
11
-7
0
3
-2
0
7
9
6
9
-2
7
-7
-15
4
6
22
9
2
4
5
6
-1
-3
-11
-9
4
-2
2
1
-7
-15
-10
1
-15
-7
-6
-9
-1
-11
-1
-2
-9
2
1
4
12
-2
-9
-3
0
4
12
11
-3
4
6
3
2
-12
-6
0
5
-2
-7
5
0
7
-8
-8
-7
-3
6
-1
0
-1
4
6
0
-6
-9
-12
-7
-13
-11
0
4
5
5
-4
-6
-6
-5
-5
-10
1
-5
-5
1
-9
-11
-6
9
9
-2
1
9
19
10
7
2
5
7
12
-4
-2
15
19
9
3
-4
-6
-3
-2
-5
9
9
10
14
12
4
-1
2
2
6
3
-2
3
2
-4
-9
-4
13
0
0
-3
-2
-5
3
6
5
-4
-4
1
-2
7
-4
1
9
8
9
-6
0
7
2
-2
-7
-4
11
0
-1
6
-3
5
2
15
8
2
-4
-3
14
11
6
5
-5
-7
10
10
18
7
-3
-7
-10
4
12
5
1
2
-2
-4
-5
-5
-2
6
2
2
7
4
10
5
1
1
-5
1
-8
0
1
0
8
1
-6
-11
-5
0
3
-3
5
12
11
-2
-10
-10
-10
5
-1
3
7
3
-3
-3
-2
-9
5
8
10
4
-9
-6
-9
-9
-5
-10
-2
0
-9
-3
-5
-7
2
2
-2
-8
7
12
11
8
2
7
0
-2
0
-2
-4
2
-6
-8
-1
-7
-2
-3
7
0
-8
2
-5
0
-20
-24
-28
-62
-42
-26
-30
-16
-34
-25
-21
-11
-11
-20
-17
-30
-26
-26
-17
-12
-20
-11
-16
-25
-28
-2
14
18
25
9
-2
-15
-16
-8
-9
-27
-24
-19
-12
-6
9
7
7
4
-9
-9
-8
-15
-1
1
-16
-13
-23
-5
5
22
29
-3
-15
-23
-26
-4
-4
-6
-21
-36
-37
-15
-3
-33
-18
6
3
3
-4
6
22
10
18
20
6
0
9
30
19
14
20
21
13
-2
-4
-4
13
15
-19
-6
17
12
23
1
0
-27
-22
7
5
18
10
-1
-3
-8
15
3
-23
12
4
5
-1
-21
-15
-20
-6
11
4
27
21
12
5
-4
19
1
2
11
12
43
12
-5
-6
-45
-25
-23
-10
23
3
6
12
19
15
-10
16
10
25
24
16
20
15
26
38
30
27
14
6
25
13
17
15
33
24
-3
2
5
22
21
12
12
14
41
23
-11
-18
-37
-20
14
-7
1
5
-6
7
13
3
-9
-19
-25
-6
-14
-20
-14
5
23
30
20
3
2
-4
9
11
15
15
40
53
36
16
-3
-1
10
9
4
4
9
14
0
-3
-20
-16
-9
-15
-7
5
14
23
30
34
29
18
8
-1
39
38
16
5
1
8
-10
3
7
12
18
10
-2
-4
-13
-30
-34
-12
-10
-45
-33
-9
-7
-7
-26
-56
-49
-31
-8
-1
-8
-21
-13
-1
16
15
-6
-2
-13
-29
-2
6
21
9
-27
-28
-59
-64
-51
-63
-36
-20
-40
-61
-58
-39
-25
-22
-15
5
-4
11
2
7
21
1
-2
9
13
22
33
21
25
41
47
35
26
-5
4
-12
-25
-30
-50
-20
-7
-19
-24
-29
-46
-48
-53
-64
-38
-34
-38
-48
-58
-39
-14
11
-12
-8
-11
-43
-35
-13
26
3
-52
-57
-31
-5
-23
-31
-3
-6
-2
1
-16
7
-5
-9
4
10
31
60
49
4
10
16
39
66
35
-7
-29
-29
-10
-6
-17
-13
-20
-25
-44
-40
-25
-31
-33
-56
-58
-38
-22
-9
-33
-64
-85
-65
-46
-51
7
28
24
16
-4
11
28
29
37
25
30
39
58
90
55
34
-18
-42
-28
-9
9
37
44
8
-13
-27
3
3
15
-11
-32
-33
-41
-27
-9
3
-11
-15
-7
-19
-9
-26
-21
17
37
35
-20
-8
13
22
33
24
11
19
30
24
54
57
36
22
0
-1
22
24
18
11
-23
-25
-15
-5
5
7
3
-3
-11
-41
-51
-15
-7
7
-3
4
12
-12
-10
25
28
37
39
29
28
11
-8
-16
16
4
-16
-8
-10
-9
-11
-30
-7
2
-2
-7
-24
-33
-50
-31
-8
15
17
-19
-42
-49
-76
-63
-33
2
45
70
75
74
75
61
58
40
29
30
29
36
52
46
31
30
36
67
69
52
39
35
44
63
38
12
7
6
12
-1
-16
1
-6
16
33
29
42
16
1
6
22
13
25
38
22
42
42
21
11
-4
3
-30
-23
-5
-3
-6
-29
-17
-40
-47
-30
-29
-25
-26
-18
-11
-2
16
11
-12
-48
-60
-56
-65
-40
-26
4
17
-22
-11
0
0
8
-20
-44
-30
-4
34
7
6
22
27
39
-6
-5
-13
-29
2
-10
-20
-35
-44
-10
-6
31
21
8
-3
-53
-64
-75
-85
-68
-59
-39
-6
31
21
19
36
12
9
-4
-21
-1
-9
-18
-17
-62
-95
-84
-65
-24
-22
-4
13
6
7
0
-3
-17
2
31
18
-10
-67
-112
-105
-71
-20
-25
-34
-49
-27
-3
3
33
43
52
67
48
5
26
35
12
2
-18
-16
-24
-8
43
62
60
22
-15
2
-4
-6
-12
-45
-29
-18
-8
3
26
32
7
16
40
72
69
72
97
93
83
74
46
44
31
20
12
9
-39
-51
-51
-18
10
-1
0
-15
5
-3
-10
3
17
27
1
-11
11
25
40
18
-15
-8
17
27
3
-13
-17
-12
-19
-10
-18
-18
-20
-6
-10
-7
8
-8
-14
5
5
15
43
43
61
70
39
23
24
1
16
49
44
24
6
27
66
78
72
50
31
25
33
75
63
12
-21
2
50
18
-25
-65
-76
-68
-57
-59
-62
-46
-48
-50
-39
-11
14
29
20
41
53
71
104
90
67
39
-5
-4
-1
-13
-13
-52
-59
-71
-83
-72
-57
-58
-66
-69
-59
-41
-48
-45
-61
-48
-17
-12
-14
-12
19
14
26
39
32
38
42
48
43
3
4
22
35
67
28
-12
-34
-42
-30
-39
-12
-32
-51
-46
-61
-81
-111
-133
-124
-115
-112
-152
-182
-208
-191
-165
-136
-108
-83
-36
-5
21
47
66
59
91
93
65
75
100
88
83
72
82
82
75
70
53
55
70
71
66
24
21
31
-2
-46
-91
-89
-82
-56
-6
1
-15
-35
-44
-20
2
2
-7
-10
4
33
40
56
41
14
-3
1
5
-1
36
52
57
52
9
18
27
-7
-10
-4
-22
-34
-67
-111
-115
-118
-111
-112
-124
-98
-88
-89
-95
-72
-61
-54
-34
-13
21
-14
-14
-5
-32
-7
25
33
48
49
43
67
82
72
65
53
46
23
8
-11
-43
-50
-50
-28
-24
-17
-23
-11
-9
-13
19
6
4
12
6
-1
14
36
43
73
104
98
74
89
74
72
78
62
45
15
49
69
104
113
109
107
66
52
47
35
40
46
48
26
15
-24
-37
-38
-47
-37
-30
-25
2
35
39
47
51
68
88
100
103
106
129
164
192
203
187
175
162
167
155
111
100
95
61
41
9
-10
19
16
8
10
23
41
58
71
86
88
80
84
76
105
122
124
127
111
112
110
88
88
88
109
133
158
158
178
175
154
133
81
51
-10
-49
-42
-53
-43
-48
-69
-50
-83
-138
-147
-145
-129
-126
-116
-117
-104
-109
-126
-110
-89
-58
-37
-52
-59
-72
-50
-7
-4
-5
-25
-28
-19
-13
-12
-2
22
27
-18
-30
-25
-20
-8
-43
-51
-46
-50
-51
-36
-31
-52
-92
-89
-51
-15
-8
-11
-11
-16
-8
-25
-24
-14
-26
-58
-91
-105
-91
-97
-118
-130
-153
-160
-124
-67
3
78
77
51
44
42
91
85
27
17
6
-1
4
-24
-37
-37
-49
-48
-60
-70
-58
-71
-97
-98
-97
-110
-115
-135
-166
-160
-180
-194
-194
-191
-208
-211
-204
-221
-228
-201
-190
-160
-151
-168
-117
-111
-104
-83
-91
-73
-42
-20
-20
-42
-35
15
21
14
-29
-12
29
12
-12
-63
-68
-44
-27
-22
5
16
-27
-5
8
15
50
70
69
65
69
71
101
101
54
57
23
-30
-51
-88
-55
-43
-36
-54
-44
4
35
61
82
70
61
45
44
66
76
93
77
58
81
103
95
65
69
72
67
44
23
-2
-13
-15
-56
-61
-50
-16
36
67
48
31
37
26
38
72
73
63
66
53
36
17
-41
-68
-65
-70
-57
-61
-79
-66
-26
19
59
88
121
178
182
181
213
214
235
263
249
243
243
250
242
213
182
160
157
147
128
128
133
154
188
225
246
230
235
232
243
247
218
192
155
141
157
160
143
123
112
105
95
87
67
22
10
-21
-29
-38
-71
-55
-58
-16
-5
-14
3
17
33
32
60
61
74
140
181
193
174
136
128
135
147
146
176
230
291
347
342
322
293
253
255
238
208
175
168
169
150
130
111
85
74
53
36
14
1
16
27
41
51
73
89
117
124
95
94
76
84
89
64
85
113
80
63
55
33
52
44
34
8
19
28
35
-10
-69
-79
-88
-99
-85
-98
-119
-125
-148
-122
-123
-136
-124
-130
-147
-161
-158
-142
-96
-87
-102
-91
-109
-127
-113
-124
-143
-128
-156
-167
-179
-209
-206
-208
-222
-223
-247
-292
-318
-322
-303
-257
-270
-273
-266
-255
-221
-244
-259
-256
-235
-200
-201
-163
-111
-126
-175
-167
-159
-178
-165
-177
-181
-194
-210
-186
-165
-148
-138
-107
-120
-139
-134
-151
-143
-147
-142
-130
-136
-119
-87
-76
-116
-128
-81
-47
-3
-7
-2
24
-1
21
73
70
58
68
34
19
16
2
14
32
41
28
28
51
49
21
-3
-4
-22
-47
-42
-42
-59
-51
-40
-29
-19
2
-10
-48
-67
-74
-79
-116
-136
-144
-125
-144
-164
-208
-214
-218
-230
-216
-228
-201
-189
-192
-211
-247
-264
-265
-230
-201
-197
-189
-155
-81
-35
-8
-11
-6
13
31
16
47
67
49
44
83
74
65
79
101
117
102
99
129
147
129
120
94
77
76
76
57
87
124
120
104
98
97
107
116
128
170
185
153
190
152
172
180
207
219
198
244
211
187
152
187
219
220
199
238
235
241
243
250
251
275
263
294
286
288
310
314
335
272
294
280
271
256
251
256
255
239
274
276
261
251
285
300
299
236
204
202
155
97
126
150
83
29
75
64
11
22
27
119
49
50
38
64
56
28
91
98
115
103
135
199
174
163
158
149
155
104
107
74
48
25
7
-25
-50
-72
-83
-77
-76
-77
-68
-35
-2
-77
-99
-73
-51
-34
-58
-155
-135
-145
-116
-82
-119
-159
-221
-217
-289
-292
-296
-250
-231
-282
-294
-263
-241
-219
-217
-240
-260
-239
-190
-184
-171
-177
-133
-99
-124
-56
-121
-88
-127
-168
-161
-135
-100
-83
-102
-130
-272
271
-120
-42
-354
-265
-18
13
-64
-419
-290
-139
-42
-173
-259
-410
-352
-128
-172
-455
-524
-463
-252
-334
-434
-517
-335
-243
-238
-260
-324
-305
-248
-184
-227
-274
-261
-213
-171
-195
-234
-271
-265
-200
-206
-254
-287
-311
-268
-264
-245
-286
-290
-267
-277
-326
-374
-366
-315
-305
-282
-313
-354
-335
-326
-289
-281
-308
-309
-274
-268
-211
-229
-227
-194
-169
-143
-121
-66
-62
3
15
0
52
86
101
93
68
50
21
25
9
5
15
-19
-2
27
62
142
177
163
129
91
90
74
86
144
153
171
180
188
188
151
167
143
125
119
142
170
193
215
218
201
175
186
131
113
70
69
-120
-26
317
466
463
136
-116
-7
260
489
404
135
-103
-93
194
468
432
162
22
12
148
246
292
269
176
69
135
263
380
405
360
263
169
240
327
364
383
376
275
228
217
259
286
213
199
57
80
17
61
14
-42
-15
-97
-94
-157
-92
-112
-117
-140
-153
-77
-38
-8
-57
-29
28
39
55
60
93
79
86
68
60
91
120
76
61
67
115
121
75
28
-5
1
28
24
18
-5
-33
-43
-32
7
10
23
-28
-62
-48
-9
35
26
23
39
47
14
26
35
18
78
93
60
21
37
54
59
40
-1
6
-25
-80
-72
-63
-67
-75
-89
-91
-102
-133
-148
-156
-150
-135
-159
-186
-171
-148
-114
-101
-122
-164
-198
-211
-218
-207
-215
-223
-183
-218
-209
-166
-211
-193
-230
-272
-266
-262
-223
-219
-254
-284
-272
-237
-210
-203
-238
-297
-309
-323
-308
-271
-282
-270
-261
-264
-270
-251
-194
-153
-155
-174
-177
-152
-66
-47
-80
-75
-130
-98
-61
-26
-101
-120
-138
-136
-74
-56
-45
-8
-5
-7
-42
-19
31
20
6
-13
-41
-45
-19
-8
-15
-2
-5
-60
-62
-67
-49
-54
-64
-52
-27
-49
-37
-59
-52
-31
-3
30
55
143
119
115
141
128
217
226
278
308
268
256
243
206
218
236
198
223
207
176
91
39
71
5
71
46
-27
40
31
31
85
118
73
93
88
80
101
127
173
160
189
173
76
93
172
129
133
171
192
212
196
242
261
281
294
314
306
253
354
203
353
284
413
-41
66
1203
-263
221
589
88
509
288
270
46
401
506
73
507
584
171
263
861
460
56
586
555
420
292
378
440
360
301
229
274
277
78
255
233
59
170
155
92
159
173
98
73
122
152
75
33
53
99
-30
-16
49
40
68
7
-52
-4
32
-33
9
1
48
59
2
-75
41
212
183
-49
-293
-355
62
167
-22
-297
-286
-69
-75
95
-193
-281
-159
4
55
-239
-277
1
293
163
-294
-666
-171
159
403
-315
-475
-278
-1080
630
715
262
-1438
-1014
-109
234
-112
-701
-382
-26
149
-415
-269
-67
-376
-578
164
151
-260
-461
399
205
-391
-663
7
266
-122
-141
-29
19
-393
-344
-267
-206
-126
-111
23
-84
-101
-153
-232
-215
-57
85
-42
-137
-43
-224
-98
-403
-282
-50
-27
-4
-276
-197
-46
-19
-217
-135
128
75
-41
-6
91
-2
-77
74
50
62
-20
-58
-140
-133
-177
-251
-96
-5
-97
-143
-80
-72
-199
-264
-210
-207
-85
-36
-56
-122
-135
-114
-177
-134
-49
-18
42
32
-60
-45
-59
-11
-75
-88
-62
-38
5
-24
11
33
-7
53
107
120
106
80
113
57
144
175
112
17
63
107
72
91
126
196
239
216
161
195
258
252
239
296
353
266
205
243
227
191
185
139
117
149
211
223
208
153
128
206
168
130
111
127
124
158
184
115
152
267
308
273
264
260
274
277
221
124
115
68
78
140
197
116
43
29
61
71
124
83
80
186
154
133
90
129
132
96
78
98
149
218
199
165
217
250
234
263
286
260
322
281
204
198
220
247
189
176
184
100
71
130
213
195
163
129
125
119
100
41
42
150
138
121
143
163
123
180
231
161
173
205
212
200
199
139
110
63
17
51
92
55
-10
24
45
39
38
1
-110
-88
-27
-122
-185
-240
-238
-186
-170
-185
-236
-212
-188
-129
-152
-150
-163
-88
-58
-107
-168
-183
-116
-158
-77
-112
-136
-137
-51
-81
-90
-196
-91
-43
23
-154
-105
-132
-192
-5
-221
-4
-155
18
-177
-109
-101
-7
-102
-88
-79
-166
-176
-195
-141
-192
-187
-285
-147
-212
-116
-115
-152
-217
-224
-119
-97
-124
-187
-183
-49
-199
-217
-284
-249
-116
-158
-18
-150
-26
-92
-155
-221
-155
-300
-305
-336
-405
-303
-370
-281
-378
-405
-408
-405
-461
-374
-350
-268
-285
-324
-310
-199
-243
-208
-302
-252
-244
-266
-246
-205
-236
-246
-209
-179
-138
-150
-146
-86
-72
-190
-120
-74
-51
-146
-105
66
9
2
83
59
42
44
55
21
-19
75
39
-33
72
131
74
-40
-1
27
-5
-29
-86
-81
63
101
-39
-31
56
55
-46
6
53
59
34
-14
-14
21
51
-19
-94
-53
1
-45
-77
-15
4
-24
-52
-34
-94
41
-55
-16
-29
-87
60
-88
-83
-39
165
-33
86
58
-52
-6
55
149
111
100
95
75
124
154
206
142
100
39
63
165
85
34
-68
-43
-32
-4
-19
-62
-80
-58
-79
-62
-7
5
77
68
-75
-8
50
57
8
81
148
4
44
151
198
95
103
101
50
104
158
85
-33
5
21
-3
-58
-46
-28
-73
-26
-69
-84
-13
-46
-154
-168
-65
-31
-93
-60
6
3
-36
-41
-24
1
78
26
49
45
216
116
15
161
181
177
56
183
168
80
108
120
157
81
72
31
38
130
36
69
107
99
70
47
108
87
35
37
82
85
48
67
56
-14
-36
-25
-90
-75
-63
-61
-119
-99
14
35
-21
-23
32
77
73
83
92
54
126
139
100
122
137
110
70
132
151
86
66
104
126
135
74
37
75
81
119
98
78
155
138
96
80
160
154
116
126
115
83
59
96
86
92
81
85
67
73
9
19
83
81
56
85
135
117
114
122
86
46
23
29
8
-53
-85
-49
4
204
240
144
27
-57
18
-87
-128
-110
-47
98
180
176
143
149
32
-84
-81
-44
-94
-40
63
90
69
51
47
59
54
64
29
49
91
114
105
69
134
144
117
50
-28
-74
-96
-52
10
-1
-21
-6
52
66
47
-37
-43
-14
-14
0
-41
-53
-53
-34
-63
-41
-32
-82
-101
-135
-106
-110
-141
-145
-149
-128
-168
-246
-268
-252
-297
-283
-221
-209
-223
-199
-131
-155
-187
-176
-157
-144
-114
-149
-182
-116
-124
-157
-162
-125
-200
-267
-241
-188
-180
-209
-176
-135
-127
-118
-125
-86
-73
-51
-30
-103
-38
-24
-68
-64
-62
-71
-138
-117
-62
-71
-18
-1
-63
-67
-46
-18
-54
-66
-62
-96
-100
-96
-106
-72
-70
-98
-141
-110
-120
-145
-113
-106
-83
-114
-135
-190
-205
-179
-196
-180
-198
-128
-86
-61
-97
-110
-93
-86
-80
-65
-32
-25
-69
-68
-33
-60
-25
-35
6
-81
-171
-167
-115
-72
-79
-143
-184
-141
-102
-100
-53
-58
-141
-121
-112
-111
-36
19
-16
-100
-125
-89
-121
-170
-105
-27
-33
-50
12
67
83
103
65
52
114
143
100
96
134
123
54
157
68
44
81
97
166
118
171
195
152
189
185
178
188
188
182
143
131
152
218
256
270
260
255
238
194
147
112
87
122
126
126
174
180
127
81
73
113
128
158
150
118
104
116
154
198
237
228
192
147
61
9
-10
-79
-107
3
67
57
57
60
53
2
-44
-72
-73
-67
-58
-66
-41
-12
33
124
192
177
151
102
-10
-18
26
-19
-11
71
169
196
182
200
177
123
112
80
69
65
-7
-41
6
4
-31
25
79
62
-3
-66
-114
-174
-182
-155
-157
-156
-105
59
121
166
177
110
66
-9
-8
-8
-77
-84
-83
-134
-150
-98
-90
-205
-239
-233
-335
-304
-184
-165
-163
-134
-166
-217
-211
-223
-208
-207
-181
-209
-203
-55
-71
-34
108
50
-62
-89
-132
-230
-232
-90
-91
-71
-30
-22
104
122
24
-96
-181
-199
-219
-183
-42
23
95
128
28
-10
41
-65
-197
-187
-142
-170
-198
-104
-37
16
50
-9
19
83
51
80
243
278
134
99
88
146
146
240
201
93
75
122
184
71
-2
-187
-127
5
41
83
128
13
-51
-35
-5
168
198
167
76
-8
-28
-46
33
-40
-125
-63
58
269
309
423
411
272
329
236
143
151
62
-93
100
107
149
82
61
28
-143
45
65
5
-171
-316
-188
-146
-67
-67
-54
-52
-101
-126
-51
18
39
62
313
237
92
51
2
392
292
238
27
139
240
334
86
149
152
-62
80
-106
53
-121
-133
82
188
325
97
24
-143
-36
27
-29
123
29
-48
-121
-169
4
-99
-121
-240
-158
-1
42
105
57
190
17
-265
-284
49
-15
10
-147
-110
-2
-95
-47
105
102
-23
27
163
270
67
2
-51
15
27
277
280
283
129
221
272
536
228
-62
98
-3
363
269
237
390
224
214
228
-102
9
-54
-147
-53
-178
121
532
245
484
398
196
237
63
258
312
138
169
-77
-25
53
11
-16
-89
-48
-260
52
-161
-122
-61
-68
312
-88
-27
-57
203
-37
-205
3
-298
319
-230
114
152
-181
307
-107
106
76
-180
-54
-18
81
138
-15
16
44
-50
21
161
-155
-22
-183
62
-241
-23
197
-363
29
-261
-204
-234
-265
-226
-29
246
154
356
96
215
129
-103
180
201
189
176
469
365
376
264
334
391
352
206
460
267
330
255
331
193
358
231
309
625
269
191
203
113
525
216
184
534
-113
616
183
659
168
72
157
198
504
187
267
267
393
75
520
251
224
248
7
562
95
362
113
245
362
-213
269
-101
254
-18
-51
-37
44
-3
59
-46
101
425
93
490
142
110
29
-35
120
339
68
113
221
484
414
352
572
294
210
184
312
242
284
152
267
241
365
275
233
347
155
414
194
173
-77
45
-41
-116
329
6
225
57
71
254
119
-11
-135
-51
16
60
164
108
-32
-149
-156
90
20
74
-240
-180
-45
-74
23
-49
48
-68
-75
97
138
87
106
5
95
86
173
171
40
169
35
-17
2
-25
-59
99
-94
-55
-184
-61
-69
156
43
156
51
-30
134
-132
148
-19
94
308
52
116
2
106
95
48
12
-81
41
-2
114
111
131
-61
133
157
88
175
-126
209
14
-19
70
-69
200
-46
30
-27
248
-98
87
48
4
125
-238
-3
-138
-123
-94
-222
33
-203
-169
-300
-227
-39
-194
-85
-288
4
-232
24
-178
-89
-176
-224
-65
-249
-13
-237
-135
-318
-77
-125
-151
-200
-195
-40
-54
-119
-212
-184
-153
-38
-1
17
-149
-67
-168
79
-27
-98
-156
-149
26
-185
-173
-153
-149
-161
-193
-204
-103
-73
-10
17
5
-40
77
-83
14
-96
-142
-13
-175
-175
-192
-291
-106
-302
-196
-281
-302
-231
-276
-36
-356
-257
-561
-432
-555
-498
-376
-555
-349
-498
-433
-461
-403
-433
-408
-487
-483
-453
-460
-446
-431
-407
-329
-281
-175
-254
-242
-240
-39
-160
-224
-238
-341
-88
-241
-175
-220
-228
-136
-70
-87
-56
-183
-123
-97
-177
-71
-148
-27
-38
-49
-132
-47
-133
-131
-122
-199
-137
-164
-80
-166
-91
-108
-194
-178
-225
-260
-186
-120
-165
-159
-51
-126
-106
-176
-135
-13
-15
77
77
-34
-36
13
2
101
27
-138
-86
-32
-36
-43
-88
-39
-1
-54
-44
-13
-80
-33
-141
-93
-78
-212
20
-55
130
-63
64
132
25
197
48
233
129
294
237
181
153
60
221
2
53
32
-40
139
54
-3
-51
-68
19
-27
227
-132
58
-161
23
105
-8
32
-44
63
14
75
17
196
-47
132
106
94
203
-43
-48
17
1
-40
136
82
254
107
187
301
136
176
71
229
254
171
170
41
116
45
83
36
108
98
190
172
58
36
-203
-128
-193
-250
-189
-305
72
-226
-37
-179
-312
72
-206
111
-227
-75
-19
8
166
-145
116
-178
-36
85
-6
255
-5
-97
81
-102
216
148
161
174
74
106
103
229
47
59
-55
179
112
105
19
-115
-18
-122
21
11
-13
1
57
214
-26
261
46
192
67
77
76
4
147
-155
-109
-265
-88
-1
-217
93
-156
-6
-26
-218
-27
-309
-153
-111
-173
-179
-302
-124
-94
-7
60
-49
75
45
-50
64
-126
57
92
-69
79
-283
-112
-110
14
46
1
-128
-94
-117
-124
-41
-52
-28
-36
-122
-44
-133
-18
-31
-230
-89
-226
-126
-100
-244
-201
-267
-164
-133
-221
-324
-412
-378
-262
-71
-239
-40
-406
-235
-422
-183
-280
-171
-71
-242
-198
-133
34
-22
136
-103
-124
-60
-93
18
-87
74
-112
-203
-186
-336
-76
-233
-38
-316
-273
-408
-297
-160
-187
-346
-334
-433
-149
-199
-213
-164
-372
-104
-382
-139
-190
-285
-97
-332
-191
-192
-132
43
-201
-176
-206
-222
-39
-203
-9
-357
-141
-420
-190
-185
-165
59
-222
40
-339
-114
-231
-113
-301
-239
-338
-475
-109
-152
2
-117
-145
-94
-134
59
100
135
33
101
55
177
159
29
74
-79
130
-2
64
9
64
142
-123
369
57
197
79
-100
69
-145
-98
-26
-23
122
93
8
252
321
319
135
77
-161
287
414
291
259
-75
207
207
173
412
100
176
66
83
229
223
356
175
454
69
331
336
566
316
-38
230
-181
460
100
101
-47
67
269
112
345
-260
88
-231
187
-250
-28
18
-320
249
-11
400
-56
23
141
-242
386
-341
95
238
-30
309
-245
183
-254
-112
-53
-90
163
248
247
144
112
296
-21
92
-371
30
-155
347
456
-15
177
-241
371
387
518
202
281
232
617
569
462
148
57
118
113
317
-172
318
-190
104
-61
-65
159
-239
-192
305
-150
17
-308
-598
119
-672
517
-219
-27
4
-308
405
-318
434
-359
-112
213
62
953
-87
598
-169
5
165
-124
231
-29
490
-121
281
378
334
416
-152
399
290
-147
385
-332
286
-335
-490
271
-447
65
-293
-179
149
-295
17
-450
61
-235
-40
190
-167
329
-289
286
84
72
141
-87
201
27
412
-148
15
82
58
304
-87
-34
-100
-294
-133
-422
-315
-344
-170
-160
-91
-290
-220
-438
-715
10
-961
-27
-726
-517
-557
-933
-710
-1012
-454
-790
-344
-928
-360
-278
-704
-311
-542
-565
-815
-420
-537
-148
-647
-286
71
-76
391
-233
89
160
-11
-434
-482
-275
-180
-158
-107
61
-305
53
-228
221
-317
-742
-755
-841
-75
123
33
-316
-736
-1171
-1055
-617
-629
-389
-702
-488
-384
-386
11
-484
-476
-606
-241
-675
0
-424
-182
82
-524
-24
-58
-393
-173
-178
-158
90
-393
-256
-312
-454
-194
-474
-542
-428
-776
-298
-496
-252
-785
-823
-494
-588
-219
-590
-582
-814
-690
-393
-622
-566
-908
-780
-602
-401
-195
-139
-657
-61
-848
-481
-435
-39
-344
698
-518
-66
137
-519
711
-239
640
-41
441
189
626
386
524
545
188
481
313
338
331
163
99
-217
42
7
132
196
-30
304
-95
-277
-137
-327
197
-135
103
132
188
96
122
-155
299
141
272
-14
-9
-189
-504
-109
332
410
692
251
456
543
-15
386
-491
142
863
460
953
569
15
738
-137
202
-135
-838
-27
-445
-366
-8
-829
-325
-299
-111
-256
-659
-563
-261
-733
-374
-356
-538
51
-403
419
177
-1
525
-286
764
399
1043
901
939
883
642
395
660
873
474
1099
-158
738
196
498
494
9
-121
72
-240
54
-260
-570
-21
-784
22
-686
-459
-521
-465
-600
-70
-909
-102
-329
243
231
254
-80
397
179
339
615
-486
487
-601
414
547
511
636
95
670
728
555
855
-94
392
-288
120
434
20
349
175
-114
260
228
392
444
54
116
-364
-406
-28
67
177
266
110
244
-158
-222
-136
349
274
123
-89
-18
-182
-181
60
202
723
76
779
100
704
25
204
351
333
434
506
736
413
741
12
667
266
486
446
111
642
212
721
278
543
53
216
409
168
922
100
429
-210
106
405
478
508
279
353
-24
60
45
458
102
13
28
381
315
51
87
-304
-31
37
-165
93
-166
-73
-106
-2
293
-150
-240
-70
-315
30
-356
19
-190
-401
456
152
250
68
-328
-16
-81
-82
133
-240
-56
-183
-191
-335
-288
-363
-140
-23
57
55
45
48
38
-127
-349
-180
-18
228
280
656
650
734
855
924
1177
1007
1170
1190
1100
1412
1388
1783
1714
1793
1774
1681
1953
1928
2253
1922
1616
1671
1444
1802
1434
1385
1342
1238
1375
1045
916
480
454
153
311
233
62
7
-17
76
-194
-315
-616
-557
-749
-707
-1075
-1372
-1433
-1580
-1381
-1775
-1846
-1869
-2109
-1976
-2238
-2248
-2196
-2650
-2618
-2737
-2776
-2942
-3247
-3335
-3440
-3638
-3643
-3530
-3162
-2661
-2174
-1325
-524
530
1562
2739
3810
4592
5438
5888
6505
6697
6880
6801
6213
5796
4944
4430
3407
2817
2349
1678
1201
490
283
-198
-503
-892
-1349
-1608
-2028
-2096
-2262
-2209
-1983
-2054
-1852
-1714
-1406
-948
-669
129
515
1332
2102
2924
3817
4439
5214
5461
5702
5819
5413
5273
4498
4194
3371
2453
1629
598
270
-709
-851
-1561
-1436
-1775
-2082
-2056
-2531
-2508
-3175
-3218
-3572
-3829
-3959
-4238
-4067
-4370
-4309
-4463
-4422
-4523
-4741
-5021
-5328
-5510
-5889
-6057
-5943
-5954
-5378
-4641
-4262
-2490
-2000
-4
1494
2709
4802
5353
7325
7922
8904
9447
9582
9839
8948
8877
7503
7003
5893
4437
3959
2042
1622
163
-680
-1330
-2315
-2640
-3702
-3855
-4547
-4651
-4844
-5125
-4931
-5155
-4801
-4696
-4257
-3653
-3130
-2356
-1849
-950
-101
758
1988
2766
3693
4390
5066
5785
6286
6713
7077
7338
7156
7405
6927
6711
6215
5192
4474
3127
2124
962
-64
-1200
-2102
-2951
-3591
-3696
-4209
-4063
-4066
-4135
-3812
-4002
-3767
-3718
-3927
-3876
-4278
-4439
-4865
-5255
-5729
-6038
-6424
-7116
-7243
-7964
-8040
-8528
-7954
-7449
-6360
-4962
-4205
-1584
-552
2331
4173
6203
8659
9452
11588
11976
13104
13208
12954
12790
11515
10824
8799
7925
6228
4526
3305
1103
251
-1448
-2323
-3202
-4090
-4627
-5655
-5925
-6488
-6563
-6709
-7016
-6893
-7049
-6904
-6609
-6229
-5307
-4663
-3793
-2918
-1864
-515
607
2124
3109
4415
5283
5997
6906
7146
7999
7727
8054
7758
7683
7528
6842
6811
5722
5496
4406
3695
3082
2111
1411
145
-493
-1672
-2222
-3067
-3584
-3817
-4597
-4592
-5005
-4923
-4994
-5162
-5198
-5306
-5478
-5696
-6020
-6360
-6624
-7010
-7512
-7643
-8047
-8056
-8332
-8534
-8710
-8563
-7586
-6713
-5064
-4000
-1703
77
2510
5179
7272
9844
11041
12768
13917
14771
15158
14832
14489
13226
12006
9909
8385
6738
4296
2422
51
-1512
-3262
-4762
-5523
-6366
-7023
-7725
-8009
-7982
-7787
-7633
-7478
-7061
-6681
-6302
-5750
-5198
-4294
-3531
-2887
-2165
-1128
54
1073
2246
3287
4469
5493
6259
7381
8058
8572
8677
8726
8545
8439
7791
7160
6793
5577
5213
3899
3068
2472
1032
353
-802
-1507
-2188
-2853
-3497
-3783
-4023
-4632
-4601
-4973
-4695
-4614
-4971
-4586
-4748
-4965
-5148
-5549
-5769
-6146
-6843
-7231
-7611
-8052
-8366
-8942
-9077
-9253
-9417
-9472
-8531
-7505
-6114
-4739
-3250
-643
1209
4108
6431
8912
11062
12282
14055
14888
15832
15646
15280
14477
13036
11528
9476
8013
5651
3364
1067
-1090
-2728
-4555
-5849
-6904
-7871
-8791
-9184
-9539
-9435
-9147
-9041
-8590
-8263
-7721
-6939
-6323
-5489
-4484
-3673
-2912
-1781
-648
899
2032
3339
4748
5772
6938
7695
8683
9163
9466
9324
9192
8989
8483
7702
6718
5723
4666
3744
2609
1863
758
-176
-1273
-2091
-2613
-3290
-3774
-4353
-4440
-4717
-4861
-4904
-4655
-4286
-4304
-4014
-3825
-3627
-3651
-3774
-3905
-4226
-4596
-5315
-5865
-6449
-7034
-7507
-8241
-8514
-8901
-9192
-9305
-8826
-7624
-6666
-5006
-3834
-1290
839
3023
5885
7711
10038
11191
12536
13851
14551
14611
14191
13718
12354
11029
9139
7656
6026
3540
1507
-536
-2252
-3836
-5274
-6391
-7210
-8172
-8627
-8657
-8709
-8324
-8023
-7675
-7066
-6434
-5692
-4749
-4090
-3298
-2418
-1805
-916
29
1114
1951
2784
3883
4895
6113
6771
7836
8450
8727
8867
8670
8521
8025
7211
6133
5132
4096
2987
1786
812
-282
-1072
-2275
-2925
-3073
-3462
-3480
-3660
-3422
-3152
-2932
-2556
-1991
-1491
-1263
-830
-717
-477
-507
-990
-1351
-1986
-2766
-3428
-4353
-5065
-5872
-6737
-7375
-8026
-8413
-8914
-9230
-9750
-9511
-8622
-8036
-6497
-5835
-3964
-1997
-464
2266
4243
6453
7946
9265
10701
11962
12509
12785
13129
12454
11875
10735
9739
8783
6877
4942
3380
1616
-93
-1576
-2956
-3858
-5174
-6214
-6527
-6915
-7088
-6948
-6859
-6675
-6308
-6038
-5433
-5044
-4654
-3881
-3333
-2641
-1737
-785
212
1067
1980
3022
4056
4977
5851
6660
7005
7269
7348
7216
7063
6288
5631
4629
3635
2993
1669
1095
-49
-748
-1269
-2035
-2001
-2321
-2258
-2323
-1947
-1601
-1208
-856
-397
286
429
817
1204
1208
1151
869
316
-57
-987
-1895
-2688
-3942
-4932
-6282
-7293
-8238
-9330
-10265
-11196
-11643
-12403
-12477
-12229
-11326
-10360
-9225
-7784
-6006
-3538
-1454
1568
3801
6132
8277
10027
12315
13674
14809
15380
15736
15422
14877
14119
12983
11578
9262
7158
5048
2889
704
-1208
-3037
-4774
-6312
-7478
-8001
-8781
-9060
-9143
-9087
-8891
-8539
-7792
-7188
-6677
-6026
-5158
-4314
-3567
-2616
-1647
-670
244
1285
2377
3414
4283
5008
5629
6274
6655
6955
7003
6724
6489
5669
5216
4276
3644
2742
1738
1057
145
-106
-760
-745
-780
-831
-383
-39
647
1128
1694
2218
2578
2707
2936
3032
2659
2167
1458
545
-508
-1779
-3131
-4540
-6075
-7616
-8977
-10221
-11362
-12402
-13258
-13743
-14270
-14441
-14429
-14255
-12917
-11833
-10066
-8092
-6358
-3212
-885
2054
5293
7730
10439
12480
14531
16520
17623
18114
18566
18421
17586
16657
15192
13696
11644
8801
6562
4408
1706
-439
-2566
-4562
-6313
-8107
-9156
-9861
-10671
-11166
-11323
-11440
-11212
-10725
-10155
-9275
-8644
-7732
-6646
-5724
-4548
-3310
-2072
-1083
-89
1007
2211
3225
4235
5228
6024
6725
7199
7590
7923
7984
7891
7506
6989
6778
6007
5348
4660
3989
3401
2501
2211
1839
1499
1145
1016
1184
1191
1236
1127
1292
1202
926
654
380
27
-738
-1559
-2292
-3342
-4581
-5875
-7112
-8285
-9607
-10621
-11454
-12063
-12603
-12924
-13054
-12858
-12691
-12137
-11654
-10816
-9173
-7790
-5680
-3921
-1802
1027
3209
6034
8664
10851
13018
14621
16294
17706
18412
18525
18498
17710
16463
15063
13155
11300
8811
5773
3534
1099
-1437
-3565
-5784
-7420
-9113
-10637
-11339
-11908
-12599
-12801
-12795
-12690
-12249
-11638
-10746
-9920
-9179
-8129
-6833
-5735
-4448
-3008
-1509
-116
1209
2810
4443
5863
6993
8189
9281
10069
10561
10858
11062
10873
10327
9879
9184
8438
7418
6124
5283
4167
3262
2241
1327
852
64
-517
-773
-859
-937
-1144
-1229
-1158
-1119
-1377
-1449
-1555
-1993
-2432
-3100
-3682
-4295
-5297
-6030
-6880
-7745
-8490
-9217
-9605
-10036
-10347
-10377
-10175
-9789
-9346
-8809
-8130
-7646
-7010
-5638
-4258
-2945
-1750
-450
1485
3174
4830
6929
8524
9764
10966
12064
13541
14293
14479
14662
14504
13712
12734
11765
10507
8799
6273
4154
2305
-94
-2306
-4331
-6238
-8128
-9985
-11154
-11785
-12641
-13269
-13203
-12902
-12465
-11708
-10558
-9338
-8335
-7221
-5627
-4023
-2693
-1241
241
1632
2826
4010
5398
6681
7663
8484
9345
10222
10768
11157
11391
11317
11006
10367
9813
9043
8140
6716
5497
4170
2959
1815
451
-290
-1353
-2129
-2720
-2956
-3107
-3311
-3424
-3261
-2939
-2903
-2577
-2345
-2286
-2346
-2428
-2502
-2695
-3265
-3709
-4154
-4793
-5415
-6066
-6386
-6735
-7377
-7686
-7833
-7944
-8044
-7986
-7633
-7439
-7376
-7246
-6760
-5850
-4943
-3984
-2940
-1607
-96
1580
3378
5475
7155
8623
10263
11797
13381
14246
14809
15297
15243
14616
13716
12721
11368
9353
6951
4857
2784
207
-2399
-4623
-6725
-8781
-10577
-11605
-12285
-13229
-13765
-13661
-13216
-12634
-11655
-10305
-8978
-7825
-6436
-4586
-2935
-1488
93
1704
3156
4483
5800
7197
8320
9089
9832
10500
11042
11221
11174
11008
10630
9899
9152
8320
7502
6225
4879
3649
2517
1501
157
-671
-1585
-2436
-3105
-3535
-3522
-3660
-3860
-3766
-3473
-3176
-2932
-2561
-2213
-2232
-2321
-2382
-2368
-2653
-3157
-3627
-4195
-4733
-5538
-5994
-6434
-6945
-7373
-7804
-7743
-7853
-7698
-7575
-7273
-6908
-6785
-6203
-6009
-5341
-4402
-3493
-2350
-1426
-114
1367
3043
4624
6530
8017
9373
10710
11965
13254
13883
14230
14303
14028
13132
12148
10843
9285
7240
4694
2486
282
-2076
-4502
-6389
-8302
-10078
-11502
-12303
-12647
-13229
-13271
-12769
-11899
-10969
-9574
-7987
-6441
-4998
-3457
-1492
143
1580
2949
4401
5452
6392
7326
8199
8934
9158
9491
9765
9890
9857
9764
9577
9129
8459
7756
7047
6299
5261
4051
2902
1722
572
-736
-1906
-2944
-3959
-4891
-5420
-5769
-6002
-6193
-6176
-5849
-5556
-5120
-4538
-3824
-3338
-2863
-2358
-1933
-1579
-1621
-1550
-1544
-1907
-2263
-2687
-2989
-3353
-3875
-4104
-4330
-4484
-4648
-4539
-4411
-4175
-3992
-3975
-3457
-3466
-3419
-2895
-2434
-1634
-1400
-732
312
1275
2483
3622
5153
6127
7231
8457
9663
10749
11089
11506
11666
11213
10519
9577
8498
6957
4837
2964
1092
-896
-2967
-4813
-6215
-7812
-8905
-9623
-9717
-9777
-9843
-9040
-8130
-7050
-6036
-4700
-3325
-2334
-1333
-237
1013
1793
2400
3200
3847
4255
4772
5327
5976
6273
6473
6917
7287
7610
7677
7741
7587
7167
6610
5728
5080
3797
2424
1054
-512
-1470
-3008
-3991
-4879
-5526
-5975
-6216
-5820
-5435
-4805
-4152
-3038
-2015
-1145
-125
902
1638
2062
2347
2650
2778
2235
1947
1319
746
-277
-1263
-1912
-2919
-3417
-4349
-4471
-4842
-5146
-5102
-5166
-4836
-4879
-4846
-4649
-4596
-4925
-5163
-5561
-5240
-5342
-5017
-4640
-3984
-2933
-2028
-28
1413
3342
4873
6673
8759
10195
11807
12652
13513
13715
13552
13131
12333
11039
9216
7213
5184
3011
761
-1354
-3448
-5042
-6906
-8060
-8824
-9370
-9590
-9912
-9444
-9026
-8434
-7711
-6775
-5746
-5062
-4131
-3208
-2200
-1529
-975
-100
647
1242
1884
2562
3409
3983
4517
5240
5783
6154
6251
6465
6526
6197
5726
5075
4576
3588
2628
1678
715
-189
-1219
-1788
-2304
-2677
-2900
-2777
-2446
-2070
-1526
-741
102
777
1321
1931
2442
2592
2645
2446
2271
1767
945
217
-675
-1588
-2634
-3585
-4373
-5142
-5866
-6327
-6567
-6556
-6620
-6362
-6004
-5617
-5148
-4850
-4401
-4074
-4071
-4088
-4101
-4385
-4442
-4320
-3847
-3349
-2797
-1693
-368
1469
3231
5340
7448
9395
11379
13178
14842
15588
15881
15823
15330
14098
12360
10413
8053
5208
2170
-431
-2893
-5367
-7732
-9436
-10802
-11880
-12404
-12366
-11914
-11564
-10749
-9666
-8577
-7489
-6456
-5322
-4591
-3921
-3277
-2607
-2107
-1780
-1214
-520
227
1029
2120
3412
4642
5887
7278
8631
9766
10526
11181
11574
11556
11093
10192
9204
7882
6035
4499
2675
1094
-465
-2023
-2827
-3691
-3990
-4345
-3909
-3508
-3009
-2237
-1620
-514
-97
410
780
921
713
375
-120
-663
-1372
-2270
-2730
-3350
-3827
-4198
-4263
-4178
-3926
-3658
-3095
-2228
-1778
-1055
-512
-48
223
103
172
-202
-546
-1329
-1868
-2622
-3492
-4282
-4949
-4774
-4870
-4378
-3913
-2812
-1432
-2
1880
3508
5233
6395
7753
8884
9770
10071
9860
9671
8875
7871
6619
5489
4073
2498
792
-464
-1534
-2884
-3865
-4855
-5501
-6273
-6801
-6966
-7159
-7508
-7833
-7642
-7542
-7426
-7321
-6877
-6278
-5783
-4981
-3887
-2661
-1533
-251
1293
2959
4445
5905
7461
8787
9766
10555
11223
11673
11577
11113
10495
9595
8369
7004
5489
4016
2280
569
-529
-1942
-2797
-3837
-4273
-4377
-4549
-4271
-4099
-3454
-3274
-2662
-2251
-1733
-1371
-1380
-904
-871
-771
-841
-731
-688
-664
-780
-595
-249
-328
-61
51
361
508
633
746
732
622
326
149
-420
-898
-1634
-2257
-2967
-3723
-4486
-5368
-6160
-6949
-7446
-8121
-8494
-8833
-8608
-7938
-7214
-6044
-4775
-3039
-1174
803
2983
5004
6781
8369
9945
11058
11907
12059
12026
11794
10977
9954
8641
7230
5427
3503
1480
-288
-2068
-3982
-5604
-7045
-8352
-9516
-10349
-10864
-11260
-11644
-11632
-11219
-10712
-10043
-9021
-7828
-6531
-5021
-3266
-1313
618
2451
4471
6486
8246
9919
11347
12534
13266
13619
13760
13706
13182
12149
11016
9657
8012
6189
4349
2515
679
-1218
-2881
-4177
-5453
-6402
-7151
-7560
-7737
-7710
-7442
-6997
-6335
-5669
-4731
-3802
-2705
-1668
-624
461
1447
2409
3211
4123
4761
5263
5495
5596
5558
5160
4651
4006
3337
2236
1175
183
-944
-1958
-3106
-3874
-4511
-5244
-5875
-6072
-6273
-6420
-6427
-6415
-5993
-5947
-5850
-5734
-5633
-5602
-5776
-5597
-5179
-4580
-3993
-3133
-2105
-837
714
2319
4201
5762
7141
8370
9459
10346
10776
10713
10159
9371
8159
6660
4998
3138
1110
-1101
-3014
-4673
-6109
-7370
-8451
-9099
-9490
-9585
-9254
-8590
-7817
-7000
-5973
-4635
-3237
-1818
-344
1032
2354
3594
4996
6393
7575
8567
9343
10024
10449
10784
10875
10586
10000
9087
8015
6755
5354
3730
1999
134
-1754
-3467
-5032
-6436
-7456
-8243
-8843
-8882
-8682
-7991
-7157
-6245
-5035
-3730
-2307
-834
629
1830
3001
3840
4788
5603
5981
6324
6296
6283
6024
5748
5359
4834
4178
3300
2612
1743
978
83
-799
-1618
-2477
-3140
-3721
-4089
-4517
-4822
-5057
-5196
-5132
-5118
-5016
-4850
-4811
-4644
-4474
-4420
-4258
-4256
-4198
-4296
-4500
-4665
-4913
-5263
-5055
-4745
-4125
-3369
-2773
-1316
-74
1354
2873
4084
5268
5918
6434
6979
7162
6655
6198
5456
4736
3904
2878
2404
1652
865
217
8
36
-298
-495
-444
-435
-763
-1032
-1149
-1216
-1797
-2251
-2362
-2534
-2569
-2581
-2176
-1702
-1181
-361
687
1671
2571
3473
4275
4803
5104
5375
5157
4527
3652
2660
1580
217
-1086
-2255
-3405
-4482
-5148
-5526
-5633
-5534
-5124
-4378
-3863
-2993
-2124
-1095
-77
592
1537
2145
2821
3503
3995
4496
4823
5213
5721
6086
6274
6533
6478
6374
6165
5753
5347
4502
3614
2661
1563
487
-637
-1590
-2570
-3524
-4195
-4667
-4984
-5248
-5491
-5621
-5656
-5789
-5736
-5712
-5962
-6081
-6476
-6621
-6897
-7231
-7415
-7727
-7840
-7934
-7970
-7810
-7509
-7300
-6896
-5900
-4627
-2866
-1454
201
2252
4108
6187
7991
9766
11060
11803
12437
12882
13166
12647
12000
11130
10038
8771
7334
6224
4766
3170
1422
-68
-1339
-2867
-4086
-5504
-6646
-7834
-8784
-9186
-9439
-9549
-9514
-9047
-8314
-7263
-6071
-4739
-3326
-2065
-747
452
1568
2522
3120
3606
3740
3807
3915
3806
3608
3301
3111
3044
2840
2821
2931
2944
2840
2732
2704
2575
2319
2029
1980
1682
1408
1429
1481
1954
2184
2628
3234
3884
4624
5174
5921
6409
6657
6574
6474
6095
5367
4365
3116
2030
583
-598
-1863
-3021
-3877
-5056
-5680
-6296
-6753
-6961
-7306
-7390
-7376
-7269
-7007
-6613
-6253
-5728
-5159
-4636
-3920
-3169
-2324
-1744
-1131
-470
-108
370
546
619
768
263
-67
-593
-1055
-1457
-2421
-2877
-3221
-2875
-2358
-1360
-277
817
2264
3471
5122
6096
6821
6974
6484
6124
5025
4221
2660
1244
-240
-1722
-2566
-3511
-3622
-4138
-4425
-4651
-4527
-4001
-4046
-3724
-3634
-3398
-3421
-3559
-3085
-2752
-2237
-1995
-1365
-411
513
1620
2655
3689
4384
4945
5481
5849
6153
6051
5869
5485
5061
4828
4426
4109
3676
3263
2814
2305
1929
1444
911
33
-892
-1747
-2494
-3138
-3797
-4268
-4375
-3974
-3412
-2263
-1199
319
1744
3027
4563
5493
6227
6279
6098
5704
4857
4014
2764
1977
995
230
-422
-797
-847
-1209
-1185
-1349
-1107
-1248
-1409
-1373
-1720
-1861
-2215
-2317
-2223
-2282
-2083
-1898
-1489
-1228
-906
-639
-572
-708
-1152
-1545
-2113
-2868
-3712
-4525
-5193
-5987
-6541
-6895
-7244
-7518
-7833
-7833
-8006
-8175
-8276
-8257
-7214
-6499
-5192
-3916
-2386
-425
1345
3521
5325
7031
8299
9156
9993
10346
10727
10550
10368
9887
9157
8537
7562
7110
6024
4851
3472
2082
1067
-448
-1740
-3034
-4422
-5413
-6480
-6793
-7063
-7052
-6877
-6410
-5752
-5107
-4047
-3193
-2192
-1398
-684
126
553
1276
1926
2499
3045
3341
4076
4707
5181
5495
5785
6103
6055
5752
5428
5012
4326
3419
2667
1891
1168
469
-49
102
277
452
924
1339
2191
2844
3392
4030
4368
4683
4702
4783
4898
4793
4504
4031
3691
3171
2436
1466
514
-538
-1991
-3406
-4821
-5899
-6936
-7913
-8446
-8915
-9006
-8805
-8355
-7589
-6952
-6260
-5632
-4965
-4296
-3711
-3264
-2961
-2583
-2364
-1950
-1735
-1458
-1062
-825
-501
-396
-254
-92
-43
-192
-474
-606
-1026
-1434
-1807
-2139
-2367
-2930
-2963
-2289
-1325
-3
652
1812
2980
4119
5218
5860
6459
6402
6217
5985
5897
5886
5453
5136
4708
4319
3641
2751
2069
771
-614
-2544
-4427
-5954
-7541
-8459
-9179
-9614
-9615
-9289
-8256
-6863
-5253
-3667
-2156
-801
523
2077
3372
4640
5666
6669
7849
8826
9954
10941
11733
12208
12184
12026
11574
10575
9247
7654
6061
4303
2535
976
-266
-1384
-2495
-3377
-4151
-4814
-5589
-6366
-6655
-7119
-7376
-7420
-7493
-7062
-6409
-5649
-4595
-3594
-2552
-1638
-779
61
663
1162
1296
1292
1298
1354
1325
1306
1450
1476
1633
1566
1622
1864
1789
1614
1312
1097
1003
793
756
860
995
1074
1123
1262
1350
1206
859
589
96
-605
-1355
-2217
-2998
-3703
-4609
-5238
-5921
-6541
-7039
-7607
-7955
-8465
-8864
-9133
-9336
-9238
-9002
-8492
-7926
-7199
-6066
-4128
-2204
152
2237
3948
5747
7068
8447
9213
9667
9530
9201
9069
8954
9012
8904
8733
8535
8182
7774
6904
5861
4376
2510
706
-1141
-2485
-3498
-4373
-4700
-4734
-4258
-3698
-2998
-2281
-1729
-1274
-1064
-963
-984
-1105
-1159
-1080
-698
-256
284
858
1314
1825
2102
2185
2043
1636
1133
489
-104
-538
-801
-965
-1148
-1220
-1200
-1104
-1017
-1040
-1048
-1129
-1210
-1051
-301
377
1164
2405
3466
4741
5771
6355
6846
6807
6560
5912
5258
4634
3764
3241
2734
2315
1925
1395
1049
507
-331
-1300
-2221
-3232
-4326
-5071
-5672
-6087
-6217
-6097
-5732
-5455
-5090
-4773
-4547
-4404
-4504
-4493
-4491
-4585
-4504
-4227
-3704
-3055
-2429
-1678
-1030
-476
-174
230
475
413
266
45
180
169
277
373
410
613
580
315
201
-200
-664
-1393
-2007
-1634
-1150
-171
916
1875
2957
3578
4388
4980
5101
4837
3921
3361
2963
2767
2622
2429
2180
1679
1296
999
626
-44
-1207
-2415
-3540
-4350
-4633
-4624
-4278
-3944
-3365
-2559
-1672
-646
93
633
951
1160
1648
2339
3070
3789
4572
5322
6033
6644
6974
7133
6872
6142
5300
4486
3690
2941
2104
1349
624
-111
-761
-1439
-2124
-2906
-3886
-4729
-5266
-5597
-5729
-5496
-4982
-4192
-3288
-1942
-418
1188
2454
2642
2726
2625
2725
2828
2618
2376
1908
1759
1895
2088
2330
1806
790
-570
-1713
-2720
-3560
-4336
-5078
-5603
-5800
-5369
-4387
-3397
-2655
-2216
-1918
-1581
-1184
-636
-253
-44
171
450
975
1620
2131
2274
2159
1721
1093
627
-138
-943
-1869
-2724
-3256
-3898
-4293
-4669
-4930
-5418
-6013
-6380
-6668
-6806
-7009
-6947
-6635
-6070
-5225
-4471
-2869
-1029
455
2349
4070
5592
6739
7276
7844
8287
8703
8557
7967
7621
7629
6983
6516
6224
5493
4427
2938
1740
742
-498
-1763
-2893
-3885
-4606
-5109
-5390
-5264
-5005
-5057
-4973
-4763
-4010
-3260
-2559
-1482
-400
597
1730
2882
3959
4862
5232
5321
5226
5045
4948
4438
3804
3341
2756
1912
1108
552
-26
-1034
-2189
-3079
-3793
-4472
-4878
-5123
-4978
-4704
-4423
-3904
-3079
-2165
-1334
-549
1257
2423
3211
3688
3928
4570
4680
4835
4581
3953
3273
2364
1996
1801
969
85
-788
-1521
-2138
-2421
-2619
-2889
-3576
-4124
-4145
-3985
-3959
-3844
-3639
-3485
-3387
-2907
-2022
-1196
-289
581
1427
2454
3335
4161
4970
5394
5322
5084
4796
4413
3955
3145
2218
1169
-164
-1409
-2515
-3638
-4798
-5786
-6391
-6868
-7259
-7213
-6993
-6547
-6240
-5864
-5305
-4807
-4284
-3806
-3083
-2283
-1190
-77
1142
2911
4266
5332
6314
6910
7303
7399
7617
7535
7269
6954
6393
6110
6072
5637
4815
3805
2717
1436
199
-950
-1948
-2730
-3662
-4180
-4171
-4031
-3890
-3811
-3542
-3351
-3444
-3369
-2907
-2330
-1808
-1390
-678
239
1128
1953
2621
2918
2969
2837
2535
2240
1792
1175
506
-135
-738
-1250
-1573
-1836
-2073
-2266
-2381
-2487
-2392
-2109
-1753
-1414
-1069
-553
-2
592
1281
2080
2558
3151
3086
3152
3411
3610
3803
3755
3567
3201
2817
2897
2573
2003
1282
419
-89
-402
-737
-1139
-1512
-1843
-2100
-2165
-2239
-2323
-2297
-2408
-2509
-2631
-2592
-2370
-2046
-1598
-1365
-1286
-981
-727
-201
124
174
183
225
346
424
299
-56
-547
-1118
-1735
-2250
-2677
-3091
-3406
-3609
-3618
-3488
-3221
-2791
-2365
-1941
-1686
-1467
-1034
-515
-199
75
101
236
294
354
226
233
82
33
62
135
353
513
834
931
991
1070
1017
1219
1549
1651
1690
1430
1373
1261
1230
1086
656
255
-84
-325
-349
-516
-763
-1076
-1241
-1212
-1090
-954
-964
-956
-884
-923
-837
-746
-669
-583
-653
-673
-719
-659
-642
-680
-564
-313
-27
434
1024
1570
2038
2411
2623
2787
2891
2883
2694
2464
2141
1694
1295
911
571
282
-122
-409
-549
-519
-437
-336
-298
-210
-130
-73
153
283
381
406
448
719
940
1013
921
687
577
553
737
1061
1227
1324
1249
1146
1052
770
317
-249
-838
-1301
-1628
-1828
-1874
-1841
-1793
-1650
-1497
-1084
-588
-248
152
247
508
867
1351
1647
1650
1475
1144
1169
1516
1570
1374
803
496
499
671
714
442
-72
-363
-366
-291
-360
-668
-1168
-1625
-1729
-1634
-1492
-1595
-1894
-2152
-2128
-1941
-1765
-1669
-1587
-1486
-1339
-959
-454
-77
131
150
205
252
408
481
405
258
9
-296
-635
-916
-1218
-1618
-1964
-2214
-2313
-2339
-2288
-2198
-2091
-1899
-1602
-1230
-888
-560
-260
19
274
597
915
1229
1654
2159
2582
2906
3191
3398
3526
3619
3645
3613
3508
3353
3167
2931
2649
2278
1832
1355
929
461
0
-431
-755
-903
-938
-919
-880
-795
-673
-575
-543
-544
-569
-569
-587
-571
-567
-543
-570
-631
-600
-540
-399
-291
-258
-170
-48
66
207
429
677
823
862
875
967
973
890
728
653
645
757
992
1304
1728
2069
2399
2694
2917
3002
2962
2852
2540
2105
1673
1237
741
236
-273
-805
-1288
-1699
-1996
-2331
-2677
-3083
-3430
-3693
-3884
-3998
-4003
-3967
-3890
-3786
-3597
-3324
-3100
-2924
-2673
-2488
-2344
-2142
-1761
-1479
-1311
-1043
-757
-315
104
513
892
1175
1314
1482
1463
1351
1132
813
504
161
-164
-454
-700
-953
-1174
-1323
-1374
-1372
-1211
-1052
-903
-805
-669
-428
-184
35
187
188
201
261
308
404
309
203
203
226
247
428
727
1004
1171
1332
1490
1565
1552
1514
1480
1441
1335
1153
1071
922
814
794
795
846
871
936
1074
1139
1249
1416
1579
1601
1561
1545
1514
1440
1472
1473
1398
1312
1138
935
902
739
527
282
-53
-303
-556
-605
-735
-791
-995
-1096
-896
-707
-515
-473
-492
-268
-155
163
322
507
708
639
719
799
880
795
764
749
755
582
453
309
226
210
181
201
154
67
-113
-320
-486
-614
-715
-823
-911
-1111
-1248
-1239
-1230
-1212
-1359
-1507
-1581
-1230
-1074
-1129
-1302
-1482
-1153
-658
-215
-178
-319
-419
-156
86
239
-125
-650
-924
-725
-264
-223
-288
-508
-219
290
597
669
382
274
454
869
1106
1024
838
788
974
1091
1111
854
556
567
719
746
572
333
104
33
109
126
23
-190
-320
-227
5
127
8
-152
-252
-209
-147
-70
-88
-155
-43
220
622
935
972
1012
1124
1220
1282
1134
950
885
828
923
982
853
671
477
479
459
201
-84
-448
-699
-862
-1125
-1272
-1473
-1632
-1556
-1458
-1317
-1452
-1561
-1372
-1186
-878
-679
-517
-184
187
562
847
900
976
1017
1075
1083
830
467
204
-1
-240
-408
-632
-826
-1012
-1205
-1170
-1277
-1227
-908
-749
-563
-473
-403
-146
10
106
235
230
390
574
575
545
311
99
-108
-376
-482
-654
-836
-903
-921
-801
-753
-787
-885
-1039
-1241
-1477
-1608
-1741
-1893
-2049
-2041
-1787
-1477
-1175
-913
-686
-347
-112
237
588
903
1214
1515
1626
1829
1934
1942
1954
1723
1471
1155
823
626
390
121
-137
-481
-630
-709
-743
-892
-1000
-1189
-1232
-1191
-1180
-1133
-1204
-1221
-1180
-1135
-966
-761
-403
-30
543
1060
1632
2150
2525
2913
3012
3069
2987
2859
2727
2484
2181
1947
1554
1332
999
789
566
326
75
-100
-289
-379
-511
-598
-617
-749
-819
-866
-778
-715
-585
-463
-266
-47
279
657
979
1205
1364
1551
1805
1992
2221
2132
2209
2323
2291
2243
2010
1893
1823
1608
1349
980
579
274
12
-142
-403
-708
-982
-1210
-1254
-1384
-1644
-1787
-1937
-1921
-1851
-1725
-1569
-1413
-1144
-828
-586
-376
-158
-30
168
274
391
451
479
530
527
510
423
359
351
316
157
-23
-221
-273
-414
-558
-518
-661
-584
-623
-599
-435
-599
-539
-614
-745
-599
-769
-672
-845
-1076
-1106
-1321
-1255
-1236
-1226
-1124
-1055
-945
-747
-704
-575
-490
-401
-396
-275
-237
-60
205
168
380
350
321
488
325
520
390
465
638
771
1091
1207
1456
1476
1545
1626
1450
1529
1166
1096
942
681
783
614
592
606
614
740
806
771
776
676
639
535
427
246
170
-33
-125
-341
-523
-642
-824
-917
-935
-913
-796
-552
-371
-120
3
55
137
273
316
354
353
381
394
363
347
371
344
331
290
215
188
125
49
42
-120
-268
-412
-579
-648
-789
-873
-952
-979
-939
-884
-930
-999
-1054
-1063
-1034
-963
-912
-896
-829
-739
-670
-629
-575
-593
-677
-793
-873
-996
-1039
-1148
-1194
-1227
-1198
-1093
-1006
-902
-875
-752
-603
-596
-507
-550
-540
-403
-376
-168
-251
-63
17
163
273
179
257
195
176
205
100
-5
-154
-277
-277
-318
-337
-398
-373
-453
-345
-320
-468
-536
-657
-617
-485
-569
-472
-479
-363
10
125
481
684
774
1079
1315
1503
1701
1697
1825
2000
2018
2100
2121
2096
2145
1877
1749
1577
1341
1292
977
835
690
562
561
544
556
462
362
317
241
233
206
164
164
201
324
419
575
694
755
795
844
933
950
865
726
536
325
174
28
-161
-304
-444
-526
-531
-425
-260
-243
-269
-246
-170
-80
-82
-108
-125
-171
-180
-193
-198
-182
-202
-221
-169
-52
56
79
133
199
215
176
125
92
20
-136
-315
-485
-613
-742
-809
-866
-968
-1056
-1166
-1222
-1260
-1377
-1574
-1733
-1824
-1871
-1821
-1839
-1860
-1896
-1903
-1818
-1757
-1618
-1545
-1427
-1285
-1062
-814
-502
-225
-14
315
468
641
833
930
1181
1275
1358
1497
1545
1606
1553
1512
1463
1367
1304
1204
1105
906
723
480
255
132
-114
-347
-566
-702
-696
-714
-593
-481
-353
-121
61
354
511
645
829
1011
1176
1365
1515
1597
1755
1822
1862
1904
1910
1869
1676
1462
1235
989
748
441
126
-223
-561
-797
-1025
-1166
-1262
-1304
-1329
-1333
-1231
-1098
-978
-831
-626
-339
-81
134
363
510
664
755
875
1009
1056
1081
1022
975
849
642
407
171
-53
-292
-541
-800
-1025
-1226
-1427
-1618
-1756
-1808
-1824
-1793
-1776
-1740
-1702
-1667
-1637
-1644
-1672
-1711
-1692
-1608
-1500
-1365
-1175
-1003
-825
-698
-550
-329
-137
112
342
526
633
657
694
721
755
743
651
517
341
207
39
-94
-234
-379
-476
-509
-494
-491
-406
-318
-265
-188
-70
81
153
211
300
361
419
478
555
564
462
375
322
220
94
-69
-259
-369
-489
-498
-569
-592
-507
-454
-291
-184
-43
101
129
286
448
585
725
759
882
1027
1179
1295
1352
1434
1469
1548
1571
1554
1509
1331
1223
1091
961
778
568
420
249
88
-73
-228
-334
-469
-595
-725
-783
-810
-864
-853
-894
-877
-846
-833
-767
-737
-725
-677
-657
-572
-461
-324
-193
-59
110
250
391
502
555
569
552
532
565
578
611
652
678
711
823
932
1041
1089
1081
982
832
713
553
349
93
-115
-300
-508
-714
-872
-1051
-1195
-1298
-1431
-1557
-1717
-1883
-1967
-1993
-1995
-1942
-1870
-1735
-1562
-1380
-1111
-823
-565
-285
40
348
640
985
1247
1493
1699
1780
1882
1869
1844
1734
1532
1418
1224
1084
949
810
757
642
524
416
342
305
219
70
-54
-201
-313
-421
-509
-554
-605
-646
-653
-626
-571
-483
-410
-347
-278
-192
-15
176
369
527
646
724
754
826
823
792
723
645
556
425
308
268
250
297
344
338
405
422
451
566
605
628
611
571
554
539
522
443
339
226
66
-66
-131
-214
-286
-351
-469
-551
-603
-643
-654
-645
-685
-720
-710
-636
-545
-511
-495
-472
-466
-439
-387
-342
-223
-158
-106
3
98
203
310
312
290
269
242
237
226
168
119
31
-159
-284
-341
-325
-317
-363
-409
-475
-491
-465
-422
-404
-448
-485
-513
-482
-424
-383
-360
-371
-369
-322
-202
-73
16
102
144
141
185
190
180
116
32
-7
-35
-22
-31
-73
-142
-216
-234
-203
-179
-124
23
185
347
468
523
646
735
773
830
822
796
718
650
594
460
376
294
228
231
247
282
302
359
425
481
407
297
198
100
54
-48
-186
-341
-508
-647
-758
-873
-943
-948
-981
-965
-912
-823
-703
-564
-399
-200
-16
197
336
453
523
547
595
624
696
701
662
667
624
585
545
495
489
382
290
216
153
88
-23
-63
-150
-267
-339
-463
-507
-528
-559
-542
-566
-543
-443
-306
-134
46
203
305
438
492
496
494
425
293
130
33
-5
-91
-130
-200
-288
-352
-437
-467
-472
-519
-549
-601
-654
-596
-528
-416
-271
-120
59
276
452
669
869
1033
1144
1224
1275
1329
1381
1342
1318
1259
1189
1132
993
830
606
332
100
-105
-344
-608
-800
-979
-1091
-1139
-1234
-1259
-1313
-1337
-1343
-1363
-1337
-1296
-1164
-1056
-847
-606
-389
-148
52
267
396
456
546
590
653
742
767
800
775
765
726
631
529
401
283
157
-7
-108
-193
-252
-345
-403
-409
-427
-423
-371
-290
-217
-140
-78
0
98
197
257
257
218
140
110
100
96
89
72
113
158
208
233
245
271
262
244
223
168
124
77
13
-38
-101
-173
-279
-343
-320
-270
-226
-181
-95
1
121
259
403
479
543
599
665
711
704
653
600
542
489
442
452
440
403
353
244
139
23
-95
-187
-346
-512
-653
-801
-911
-1053
-1180
-1242
-1325
-1328
-1296
-1211
-1110
-1006
-879
-681
-496
-318
-166
-103
-39
47
209
343
429
524
593
645
742
831
905
925
849
804
792
741
659
554
414
271
131
44
-15
-57
-133
-258
-339
-424
-490
-563
-644
-689
-769
-826
-830
-819
-781
-742
-703
-644
-565
-485
-413
-357
-281
-216
-126
-16
109
254
285
324
381
452
558
564
610
681
741
854
983
1097
1154
1198
1245
1265
1237
1166
1059
973
834
667
545
431
326
238
103
-92
-272
-439
-603
-751
-893
-988
-1025
-1077
-1095
-1072
-1050
-981
-910
-845
-785
-717
-626
-521
-391
-227
-51
140
268
370
483
595
678
724
740
723
684
648
618
558
533
484
379
252
125
57
-16
-96
-122
-184
-234
-256
-322
-429
-528
-577
-629
-590
-591
-637
-655
-747
-788
-849
-868
-795
-784
-678
-541
-419
-308
-256
-185
-119
-114
-105
-103
-130
-153
-150
-144
-96
-74
-63
35
124
216
274
287
304
294
313
318
291
305
328
388
451
525
496
436
372
317
265
162
72
39
-24
-75
-127
-183
-187
-213
-255
-290
-304
-372
-412
-436
-424
-401
-382
-383
-326
-240
-177
-130
-123
-96
-30
1
59
157
249
265
282
327
413
504
522
554
585
601
573
543
489
436
345
188
89
-1
-103
-242
-408
-467
-528
-578
-544
-493
-448
-399
-307
-233
-156
-74
-20
8
51
36
-21
-82
-135
-144
-182
-224
-221
-188
-143
-87
-46
11
57
68
41
22
-19
-82
-96
-75
-54
-62
-60
-140
-222
-262
-310
-350
-396
-394
-388
-371
-289
-217
-125
-48
-34
-11
20
21
26
45
48
59
15
18
15
-11
-55
-69
-75
-95
-122
-171
-187
-202
-185
-172
-146
-110
-68
-61
-104
-179
-216
-264
-374
-431
-455
-481
-519
-519
-456
-378
-304
-249
-147
-50
-36
-31
-38
10
95
158
254
337
416
512
573
642
708
723
743
772
803
825
815
810
816
836
879
861
798
711
564
385
253
97
-49
-166
-280
-354
-398
-471
-484
-519
-562
-571
-640
-677
-645
-603
-513
-422
-356
-243
-151
-29
109
225
328
397
435
452
469
474
444
394
332
212
121
92
59
-17
-142
-202
-264
-296
-295
-283
-264
-280
-284
-236
-170
-98
-8
31
63
91
85
63
64
64
-4
-86
-190
-282
-326
-349
-370
-380
-386
-418
-406
-397
-393
-348
-320
-266
-189
-152
-85
4
97
174
216
253
310
334
349
410
460
503
523
524
507
494
499
488
456
414
393
362
298
212
140
38
-53
-154
-248
-351
-400
-413
-378
-324
-284
-217
-116
9
142
282
366
429
439
468
519
553
595
642
646
578
584
581
565
529
514
492
425
350
244
154
57
-37
-162
-298
-382
-432
-462
-522
-583
-621
-648
-637
-610
-579
-579
-571
-537
-533
-541
-516
-460
-395
-333
-287
-243
-186
-156
-119
-138
-192
-194
-227
-212
-152
-151
-144
-125
-101
-108
-106
-36
35
122
180
164
109
62
60
42
7
22
32
57
71
63
112
151
117
38
-38
-125
-148
-148
-202
-230
-277
-321
-337
-330
-317
-299
-285
-329
-331
-345
-366
-381
-420
-403
-374
-320
-234
-130
-37
11
53
94
151
218
274
287
286
320
343
320
300
268
278
302
327
369
367
349
400
438
428
406
369
359
372
394
418
448
460
411
343
313
250
186
171
116
83
64
58
103
108
72
-17
-109
-162
-167
-177
-198
-185
-164
-140
-102
-65
7
81
107
163
197
228
266
246
225
184
133
109
61
43
51
62
79
87
55
18
-2
-67
-125
-180
-203
-204
-207
-182
-196
-220
-227
-216
-147
-118
-141
-142
-104
-85
-92
-104
-137
-143
-165
-189
-178
-196
-166
-181
-229
-237
-296
-300
-304
-313
-298
-272
-207
-133
-74
-46
-20
34
122
224
337
424
495
552
574
592
592
609
618
593
534
443
391
371
320
278
213
149
74
5
-45
-98
-138
-166
-199
-233
-302
-341
-358
-390
-415
-444
-407
-335
-268
-221
-201
-185
-120
-23
73
141
226
291
346
410
456
491
549
555
545
519
479
446
400
331
216
74
-58
-99
-140
-166
-159
-153
-164
-135
-125
-122
-79
-77
-90
-102
-119
-122
-92
-49
-51
-49
-71
-65
-16
-49
-57
-74
-110
-96
-97
-130
-158
-170
-197
-213
-208
-234
-247
-242
-204
-119
-30
64
131
218
251
314
376
396
464
464
453
446
487
551
581
596
579
536
515
467
405
296
191
60
-80
-124
-235
-324
-406
-494
-535
-578
-531
-485
-444
-398
-341
-225
-172
-98
-42
11
93
168
288
394
466
513
532
530
452
431
411
359
335
248
151
44
-67
-181
-250
-338
-439
-463
-435
-385
-383
-403
-410
-400
-341
-289
-274
-212
-132
-49
2
98
194
237
307
329
351
375
357
369
355
310
274
250
162
65
-42
-163
-303
-422
-518
-608
-677
-749
-766
-761
-760
-742
-700
-604
-530
-402
-256
-152
-48
37
119
238
343
412
460
493
539
568
626
640
649
645
637
603
557
495
431
345
269
197
82
25
-70
-161
-221
-298
-390
-442
-467
-471
-473
-421
-359
-272
-163
-121
-100
-92
-82
-62
-43
-46
-94
-136
-98
-50
-16
8
27
42
38
60
89
150
184
167
152
113
78
63
101
176
186
214
238
264
314
340
351
348
320
307
313
331
319
271
221
162
62
-61
-150
-274
-365
-427
-482
-564
-647
-680
-690
-683
-679
-653
-596
-530
-447
-364
-296
-242
-202
-155
-95
-18
79
171
233
279
322
346
322
294
251
208
198
218
241
259
305
311
293
264
219
194
123
50
51
21
-2
24
-10
-40
-39
11
36
79
125
160
149
102
70
60
77
61
30
-20
-55
-63
-107
-177
-222
-306
-373
-389
-415
-431
-444
-415
-388
-384
-382
-372
-336
-298
-209
-98
8
122
253
370
491
601
635
674
746
827
936
963
902
815
741
651
546
447
321
268
184
92
27
-101
-246
-414
-555
-668
-770
-819
-854
-862
-836
-828
-800
-749
-721
-688
-627
-552
-484
-408
-295
-195
-77
13
62
130
220
268
273
270
276
263
170
112
49
-18
-85
-169
-256
-307
-317
-330
-302
-256
-247
-229
-214
-173
-73
-10
33
53
82
100
132
174
186
221
202
161
156
109
49
21
-47
-129
-181
-241
-290
-295
-316
-339
-369
-379
-364
-311
-270
-231
-164
-99
-3
82
146
207
245
266
301
343
424
482
541
604
640
663
614
571
516
449
378
332
291
249
235
189
92
7
-34
-91
-120
-162
-170
-164
-182
-172
-167
-202
-238
-222
-203
-179
-106
-43
17
50
94
141
170
190
176
173
176
186
201
215
197
144
36
-48
-57
-39
-31
29
50
72
90
87
68
25
-15
-61
-72
-79
-49
-14
11
-2
-22
-55
-93
-79
-68
-33
31
76
72
33
-14
-44
-79
-92
-108
-135
-175
-190
-180
-176
-210
-242
-253
-287
-239
-167
-123
-69
-53
-59
-62
-66
-45
7
76
107
122
149
168
169
142
135
127
147
169
154
170
157
120
114
77
30
10
-8
-35
-72
-173
-212
-242
-296
-294
-283
-256
-216
-196
-184
-129
-58
48
100
113
125
128
178
212
265
239
197
176
119
86
30
-53
-96
-147
-202
-282
-351
-387
-448
-474
-516
-524
-522
-546
-530
-501
-476
-430
-442
-415
-388
-355
-288
-268
-210
-173
-116
-41
32
98
140
141
155
120
123
99
27
16
-38
-100
-170
-264
-352
-463
-510
-556
-598
-529
-489
-454
-435
-447
-446
-430
-403
-387
-402
-361
-327
-279
-219
-172
-106
-69
8
34
35
34
52
46
47
65
78
62
52
82
98
104
64
9
-28
-55
-50
-50
-37
-35
-53
-17
5
-8
23
36
60
108
107
145
189
219
246
251
232
188
174
175
165
156
137
98
47
30
24
-4
-7
7
-34
-63
-67
-79
-52
1
20
20
15
47
81
89
107
149
177
206
239
273
246
229
159
72
91
60
51
17
14
38
-14
-25
-46
-73
-104
-122
-140
-195
-198
-227
-237
-206
-209
-219
-235
-211
-106
-53
-12
44
61
98
155
160
175
219
263
355
420
436
432
439
396
364
339
273
231
188
169
172
152
135
108
54
38
37
29
15
28
28
-6
-34
-39
-31
-38
-46
-60
-66
-83
-105
-142
-163
-160
-167
-148
-154
-138
-97
-66
-50
-38
-10
14
58
124
154
210
258
285
351
354
411
449
467
485
458
435
413
370
292
240
213
202
176
111
62
19
-15
-63
-78
-87
-113
-117
-140
-126
-118
-132
-112
-60
-11
47
54
44
66
39
31
24
12
55
78
43
23
51
43
24
-10
-36
-49
-53
-81
-80
-52
-53
-45
-71
-70
-66
-65
-68
-70
-83
-52
-6
3
0
2
35
106
153
176
190
152
100
57
-5
-45
-67
-131
-176
-227
-267
-290
-319
-352
-420
-465
-508
-521
-528
-555
-537
-571
-576
-552
-547
-503
-455
-428
-401
-349
-303
-250
-177
-129
-106
-58
-24
-24
8
5
5
5
-32
-32
-58
-51
-69
-138
-168
-209
-248
-265
-314
-317
-351
-374
-360
-334
-269
-276
-226
-153
-95
-32
0
33
58
70
99
100
93
91
64
46
16
-24
-33
-26
-40
-92
-115
-145
-156
-107
-106
-119
-134
-180
-126
-75
-51
-37
-19
43
56
105
137
216
300
323
323
353
353
368
358
338
316
270
248
202
173
145
149
137
75
-1
-45
-88
-87
-109
-98
-75
-72
-36
-40
-27
-38
-52
-14
10
41
59
78
119
131
136
160
175
189
211
230
242
278
292
304
296
260
253
235
197
154
121
91
89
108
100
87
42
3
-17
-25
-5
24
43
31
49
51
76
111
95
100
112
142
187
205
224
261
241
172
139
147
138
167
215
204
210
162
124
82
56
37
25
16
-32
-60
-111
-108
-73
-60
-22
6
-11
31
72
133
219
259
309
320
358
401
378
367
365
332
314
289
312
313
315
375
399
438
440
400
394
353
326
233
170
168
121
143
137
127
156
133
133
129
117
151
137
162
162
111
105
65
86
72
59
85
65
120
165
178
215
244
282
279
267
272
236
232
205
181
192
174
195
164
131
120
74
23
-13
-36
-46
-87
-157
-190
-207
-216
-240
-253
-257
-258
-231
-246
-238
-229
-229
-206
-223
-243
-251
-265
-256
-252
-249
-219
-190
-164
-137
-134
-140
-103
-66
-56
-58
-67
-52
-78
-113
-152
-171
-167
-174
-202
-241
-238
-238
-245
-225
-231
-276
-271
-229
-165
-107
-109
-124
-121
-79
-68
-54
-49
-44
-17
5
6
-8
-8
-2
6
23
101
137
159
129
124
141
125
124
86
95
86
60
49
32
66
86
59
72
66
62
91
94
138
140
185
218
203
188
166
165
125
74
56
14
17
10
-43
-43
-95
-119
-115
-162
-197
-202
-206
-219
-225
-184
-148
-95
-33
-28
8
27
55
121
144
167
152
132
151
163
224
256
266
295
301
292
266
290
325
355
406
393
354
339
345
344
341
301
291
267
204
164
129
111
82
31
-5
-49
-61
-71
-74
-66
-60
-70
-95
-82
-66
-52
-54
-76
-63
-27
6
27
35
74
122
185
238
237
237
226
190
165
141
171
191
240
266
236
230
227
193
154
90
42
21
-1
0
-33
-62
-107
-124
-132
-165
-207
-231
-206
-164
-157
-162
-130
-64
6
81
109
153
186
169
135
78
42
52
64
68
97
147
159
155
133
96
53
42
54
43
11
-21
-52
-45
-19
-32
-36
-27
14
24
44
69
73
75
78
115
108
63
66
74
97
87
89
90
100
104
81
78
60
42
-13
-35
-41
-58
-57
-33
14
52
51
60
52
20
3
16
55
93
110
133
134
156
167
169
174
130
153
188
209
195
104
109
129
121
124
94
75
4
-97
-144
-207
-192
-185
-230
-248
-232
-161
-114
-114
-103
-104
-100
-95
-112
-92
-108
-86
-58
-70
-73
-76
-24
23
36
14
-12
-10
-27
-42
-25
-54
-79
-115
-146
-175
-189
-186
-220
-256
-277
-312
-295
-297
-316
-287
-284
-308
-336
-327
-278
-232
-225
-243
-277
-294
-285
-270
-272
-274
-237
-184
-159
-170
-189
-204
-195
-164
-130
-94
-52
-35
-37
-9
15
57
99
125
163
181
190
157
116
84
72
64
48
84
115
106
98
70
59
31
-33
-68
-90
-111
-108
-91
-121
-96
-98
-84
-61
-36
31
91
127
169
183
166
173
193
214
155
120
95
69
112
85
71
74
85
120
74
32
19
23
50
33
34
42
43
67
78
98
131
163
198
209
243
268
246
217
185
218
268
290
270
197
132
84
70
99
95
89
10
-22
-29
-88
-114
-162
-168
-142
-172
-200
-204
-207
-210
-215
-218
-220
-225
-220
-214
-221
-192
-137
-42
21
55
59
88
144
169
206
204
223
266
288
312
303
270
212
203
168
98
61
39
-1
-37
-23
-3
5
0
-47
-87
-170
-245
-252
-263
-245
-228
-254
-255
-244
-206
-152
-130
-134
-148
-138
-153
-187
-214
-233
-235
-247
-241
-212
-172
-143
-138
-113
-73
-67
-77
-118
-122
-85
-36
9
21
38
20
43
47
44
37
57
84
98
115
110
136
146
132
146
125
119
139
135
83
40
29
-4
-33
-83
-125
-183
-206
-219
-247
-302
-349
-373
-394
-397
-437
-472
-489
-467
-410
-367
-351
-332
-356
-349
-297
-301
-284
-253
-210
-183
-154
-114
-74
9
58
90
137
183
191
203
188
190
198
207
203
182
162
100
63
19
3
-19
-43
-51
-74
-106
-135
-174
-199
-227
-256
-276
-289
-285
-313
-343
-357
-323
-312
-298
-313
-317
-324
-314
-286
-246
-170
-130
-92
-95
-81
-46
-71
-38
-8
32
100
144
204
212
242
252
229
225
219
199
220
227
228
222
193
176
143
93
41
30
39
37
48
44
-6
-40
-90
-78
-43
-81
-97
-139
-143
-151
-193
-177
-165
-135
-114
-130
-115
-120
-133
-117
-101
-77
-67
-66
-72
-116
-91
-72
-78
-77
-60
-35
-37
-37
-57
-55
-38
-24
5
27
35
77
131
116
138
175
208
248
228
228
207
240
273
271
280
236
211
187
151
137
126
119
134
98
84
67
91
141
146
152
137
172
171
173
172
157
155
168
139
136
143
159
165
120
65
60
56
56
47
19
1
3
29
8
23
23
24
44
1
-50
-104
-74
-26
-15
-22
-40
-28
-33
-53
-59
-24
-9
-6
-45
-72
-71
-72
-71
-110
-74
-20
40
61
59
64
58
66
106
147
183
226
241
269
267
296
347
363
362
356
352
315
267
239
240
253
199
136
92
70
18
-9
1
-2
-1
-18
-31
-49
-95
-128
-167
-217
-216
-200
-201
-211
-187
-153
-147
-134
-133
-126
-109
-110
-107
-88
-23
42
61
49
42
38
45
20
24
31
16
22
29
37
33
32
41
48
15
-21
5
20
8
22
29
34
50
34
43
29
-3
-61
-97
-64
-83
-99
-136
-161
-143
-157
-147
-189
-278
-307
-303
-305
-301
-334
-320
-277
-262
-259
-276
-266
-254
-233
-216
-183
-138
-103
-72
-39
-19
19
47
103
113
118
122
122
159
142
108
71
41
7
-41
-68
-95
-97
-81
-86
-106
-123
-120
-163
-231
-262
-237
-210
-208
-176
-152
-130
-137
-163
-201
-177
-125
-83
-46
-54
-50
-84
-147
-168
-166
-163
-136
-129
-147
-148
-184
-237
-213
-220
-239
-193
-188
-185
-138
-143
-136
-106
-111
-118
-93
-32
7
33
56
67
131
117
99
80
66
87
95
111
103
104
83
66
55
31
13
-5
-35
-28
-30
-74
-82
-86
-88
-87
-81
-82
-73
-37
-13
9
23
70
127
162
208
228
225
246
255
263
273
268
237
220
206
279
310
297
316
280
313
306
284
265
208
201
203
210
168
106
92
71
78
75
15
-41
-83
-128
-141
-130
-106
-114
-104
-94
-83
-61
-33
4
38
39
76
88
123
209
274
310
313
353
374
400
386
350
314
334
341
329
332
343
343
298
270
288
326
316
295
299
281
229
192
154
156
132
144
102
50
15
-25
-18
4
0
36
62
66
61
64
75
72
107
124
104
60
10
-17
-31
-1
11
-18
15
-4
-4
-8
-4
11
-7
24
26
23
7
-10
-13
10
43
47
42
35
1
-16
-11
-20
19
39
51
48
8
-11
10
29
53
98
122
102
59
0
-20
37
76
93
94
35
8
-32
-82
-95
-123
-174
-239
-281
-338
-353
-360
-328
-301
-309
-322
-336
-386
-387
-367
-314
-263
-202
-99
-78
-108
-116
-94
-25
56
121
149
147
140
146
171
222
230
241
235
235
233
223
186
160
134
68
22
-21
-32
-72
-85
-136
-148
-159
-176
-189
-250
-305
-299
-249
-257
-264
-259
-263
-301
-306
-266
-194
-83
-30
-19
-29
-44
-1
40
77
104
113
142
137
146
90
31
-9
-40
-55
-56
-41
-73
-96
-107
-122
-108
-43
6
75
69
36
51
61
117
165
196
225
248
267
269
235
232
229
234
226
238
247
185
145
106
148
163
162
154
99
66
14
-42
-64
-67
-94
-79
-81
-128
-148
-145
-117
-102
-114
-141
-183
-176
-175
-196
-171
-185
-216
-205
-182
-161
-179
-192
-197
-188
-156
-141
-137
-163
-155
-112
-52
-14
-5
-30
-43
-61
-91
-81
-68
-91
-80
-66
-94
-111
-92
-89
-50
-8
1
51
67
61
57
46
49
118
178
237
293
298
282
292
312
345
375
349
335
331
315
360
370
332
288
212
184
165
122
82
64
66
62
39
-11
-74
-107
-102
-116
-84
-79
-107
-157
-202
-194
-173
-128
-82
-57
-25
7
14
63
61
52
69
106
124
128
134
135
155
158
145
144
127
99
58
-11
-1
-16
-41
-67
-79
-104
-146
-159
-146
-121
-119
-124
-126
-106
-84
-88
-96
-91
-52
1
17
37
72
106
123
171
199
195
201
193
181
157
122
105
130
157
168
151
119
166
187
164
141
140
182
220
267
279
270
261
241
243
242
200
179
124
73
66
30
-16
-68
-133
-158
-141
-146
-140
-176
-214
-223
-215
-223
-204
-180
-185
-156
-127
-112
-27
-14
-53
-71
-62
-21
-16
7
-5
-52
-107
-148
-134
-113
-123
-105
-103
-92
-103
-109
-97
-109
-117
-116
-105
-83
-84
-121
-153
-166
-184
-172
-178
-196
-162
-183
-177
-132
-116
-104
-90
-81
-70
-81
-51
-35
-25
-4
-31
-2
14
23
16
-8
-13
-50
-39
-67
-110
-128
-158
-140
-111
-107
-63
-24
-46
-70
-62
-74
-47
-36
-62
-75
-103
-106
-96
-120
-124
-108
-143
-124
-103
-115
-128
-134
-145
-138
-135
-183
-197
-210
-251
-299
-310
-269
-243
-208
-213
-194
-135
-113
-81
-108
-122
-102
-70
-17
33
69
51
39
22
21
29
49
50
53
56
61
69
117
147
153
161
158
145
170
158
159
202
226
250
257
268
283
301
274
265
279
268
275
245
207
211
212
235
199
152
86
34
6
-45
-61
-68
-80
-99
-138
-170
-226
-263
-288
-338
-321
-318
-291
-239
-212
-133
-129
-101
-65
-58
-15
16
34
27
2
-13
-7
48
76
59
46
0
3
27
18
28
-21
-51
-26
-28
11
25
-3
6
-28
2
21
49
90
115
132
97
113
133
103
83
50
27
41
28
19
-19
-74
-102
-119
-131
-119
-152
-172
-191
-180
-194
-185
-191
-237
-215
-190
-144
-81
-65
-55
-19
15
45
75
87
81
78
91
123
144
171
159
134
79
29
29
82
98
99
53
-5
-27
-53
-40
-81
-93
-138
-221
-225
-244
-307
-337
-354
-348
-322
-294
-254
-242
-263
-273
-218
-160
-144
-131
-148
-185
-190
-176
-167
-160
-149
-142
-144
-141
-112
-85
-69
-56
-28
-23
-2
6
1
-19
-43
-53
-32
-9
-41
-68
-40
-26
-28
-24
-31
-40
-50
-92
-128
-131
-133
-113
-107
-95
-79
-97
-131
-121
-110
-92
-63
-60
-48
-48
-20
1
-5
-5
7
24
54
71
49
47
25
33
43
78
95
69
47
1
-30
-49
-55
-39
-15
-34
-83
-94
-127
-122
-98
-104
-135
-201
-232
-256
-270
-274
-269
-275
-273
-239
-199
-151
-128
-109
-63
5
58
63
95
162
205
192
224
269
262
231
233
264
300
336
331
364
360
350
326
286
283
272
261
259
257
263
276
291
241
214
242
243
260
269
251
266
277
270
276
264
245
233
207
176
147
107
86
108
99
72
74
45
5
-11
-39
-33
-34
-55
-47
-41
-39
-57
-71
-105
-121
-92
-78
-40
-23
-20
14
2
-31
-55
-25
49
76
82
104
152
191
171
188
175
160
182
176
171
136
115
122
113
108
75
25
-23
-49
-25
-16
-30
-42
-66
-57
-46
-41
-45
-39
-3
-41
-61
-61
-63
-28
-32
-35
-44
-46
-26
-43
-43
-14
-1
-18
-71
-140
-174
-127
-84
-82
-61
-79
-114
-126
-195
-169
-122
-78
-44
-44
-44
-113
-148
-215
-251
-235
-247
-241
-271
-294
-282
-321
-297
-283
-298
-294
-329
-296
-277
-252
-204
-193
-166
-181
-219
-210
-222
-175
-129
-113
-82
-85
-84
-113
-140
-149
-150
-95
-38
4
40
2
-35
-35
-63
-6
13
33
75
58
58
28
11
7
2
4
-21
-56
-41
-24
9
-33
-61
-73
-99
-104
-136
-133
-117
-96
-63
-20
-8
-37
-40
-48
-71
-79
-63
-54
-37
-78
-113
-110
-89
-53
-67
-90
-104
-89
-80
-118
-134
-119
-91
-78
-79
-66
-76
-85
-126
-144
-101
-65
-54
-74
-97
-80
-37
5
-13
-23
2
-29
-1
-1
-10
31
51
49
51
57
42
6
-30
-46
-12
-29
-35
-24
-36
-19
-2
25
55
108
161
165
177
187
197
249
268
319
372
361
390
342
330
365
363
391
395
383
377
376
385
392
390
388
377
385
370
346
299
255
254
212
203
172
159
178
175
166
133
122
67
32
22
1
-9
-10
7
24
6
10
6
-11
-9
-37
-28
4
24
34
3
-27
16
58
85
95
73
89
129
148
126
150
150
115
150
127
104
107
67
95
98
115
150
109
67
19
34
23
12
49
46
81
57
14
15
29
47
66
56
81
93
102
132
111
124
147
148
133
131
126
79
58
83
110
141
153
127
123
138
165
148
129
121
122
119
80
33
1
-19
-19
30
12
-1
7
-27
-11
26
41
46
32
57
59
20
-30
-39
-26
-24
2
19
-9
-47
-77
-108
-104
-116
-174
-211
-196
-197
-199
-194
-224
-218
-209
-220
-221
-222
-198
-202
-201
-180
-180
-150
-127
-104
-100
-112
-113
-117
-129
-141
-134
-96
-70
-86
-112
-123
-109
-90
-62
-17
-33
-42
-75
-114
-152
-193
-159
-152
-166
-154
-158
-112
-106
-94
-71
-93
-105
-134
-135
-121
-133
-139
-141
-156
-173
-182
-157
-146
-108
-112
-130
-92
-75
-79
-108
-113
-123
-123
-122
-113
-109
-136
-139
-96
-96
-77
-102
-126
-138
-183
-125
-91
-57
-17
-46
-73
-110
-104
-49
-77
-71
-67
-63
-32
-74
-67
-83
-73
-8
29
62
48
38
46
45
119
170
207
284
283
263
284
305
295
309
272
214
195
181
166
174
214
197
195
202
198
213
247
285
290
301
257
223
219
178
146
117
62
29
18
-31
-49
-39
-37
-42
-14
-27
-39
-60
-47
-10
32
93
85
34
24
32
54
64
45
37
25
53
116
151
132
86
70
66
135
154
132
139
108
95
110
120
121
139
125
111
117
105
116
122
125
126
138
128
112
121
95
90
81
88
81
77
92
76
79
68
68
82
66
68
41
-6
19
53
122
140
124
152
139
128
126
152
196
217
231
192
213
232
223
227
190
154
148
156
189
214
180
161
157
165
153
116
103
80
100
27
-22
-36
-45
-54
-84
-101
-106
-119
-115
-57
-33
-24
-12
27
65
74
59
-15
-58
-62
-94
-92
-100
-112
-112
-94
-67
-54
-53
-60
-29
-5
-18
-3
35
100
138
133
124
122
120
115
91
61
43
1
-65
-112
-145
-157
-186
-201
-174
-188
-179
-234
-250
-240
-256
-234
-244
-273
-304
-320
-325
-289
-255
-262
-270
-253
-297
-265
-221
-181
-104
-118
-121
-128
-128
-130
-111
-84
-58
-65
-73
-79
-100
-87
-69
-60
-50
-23
-21
-17
7
9
13
3
8
5
1
25
29
33
17
11
32
21
23
28
12
35
18
5
-14
-47
-41
-55
-71
-75
-64
-10
16
33
64
70
56
25
14
23
38
39
23
22
36
45
62
83
85
73
68
67
60
58
2
-2
21
-2
0
-22
-38
-17
-18
-7
-1
8
37
55
34
57
115
115
119
105
85
99
123
102
26
-32
-16
18
31
22
-22
-10
13
18
42
38
27
33
27
27
40
18
15
43
65
64
99
94
75
75
113
178
237
292
284
261
234
240
234
198
192
198
189
191
174
205
203
163
171
183
168
137
93
53
45
47
30
32
1
-42
-38
-49
-47
-23
-17
-27
-48
-64
-59
-41
-54
-72
-61
-48
-36
-11
-36
-76
-80
-86
-64
-56
-67
-70
-80
-60
-39
1
13
33
70
26
20
13
23
69
43
38
35
10
10
-24
-13
-30
-27
-11
-24
-50
-114
-152
-169
-143
-119
-138
-112
-81
-101
-142
-150
-136
-118
-75
-66
-59
-77
-86
-78
-43
-11
8
35
25
11
30
51
53
58
50
48
62
76
87
70
48
29
29
41
25
36
32
39
5
3
-2
-38
-26
-69
-89
-59
-75
-104
-166
-195
-197
-210
-205
-220
-187
-166
-147
-105
-89
-68
-114
-134
-127
-144
-92
-73
-79
-70
-59
-39
-31
-17
-20
27
40
45
65
41
34
25
18
37
45
43
71
85
127
175
203
194
160
133
119
95
45
27
43
61
41
9
-39
-62
-56
-96
-127
-122
-143
-160
-190
-218
-238
-217
-175
-165
-133
-101
-61
-59
-45
-21
8
32
53
92
105
86
78
117
136
167
212
256
264
230
204
210
224
187
111
71
74
52
57
48
59
61
52
36
34
30
-2
-24
-24
1
7
-3
16
28
3
-21
-61
-20
11
21
17
12
50
65
80
99
135
175
226
216
174
173
168
164
154
152
125
130
152
155
189
199
205
195
158
173
180
180
225
243
228
155
118
134
112
117
118
115
119
75
46
15
7
-13
-32
-16
-28
-40
-17
-38
-55
-93
-102
-77
-79
-61
-83
-94
-108
-114
-91
-44
-50
-41
-29
-12
-38
-61
-71
-71
-56
-33
-38
-66
-65
-48
-43
-79
-52
-53
-40
-22
-33
-36
-63
-69
-101
-96
-74
-79
-103
-165
-209
-205
-190
-193
-171
-188
-181
-160
-142
-146
-174
-197
-219
-212
-202
-192
-160
-192
-182
-155
-151
-117
-98
-105
-110
-89
-68
-55
-54
-55
-60
-45
-56
-49
-36
-36
-24
-44
-36
-46
-77
-49
-24
-11
-1
0
22
11
-54
-98
-113
-69
12
-4
-34
-21
-14
-34
-74
-105
-95
-54
-30
-35
-53
-63
-75
-46
14
50
68
77
77
91
125
118
93
100
128
141
147
141
128
107
107
113
98
65
38
35
12
34
58
42
67
75
95
125
99
77
40
-17
-29
-14
5
8
-13
-2
17
27
25
-10
-16
-20
-8
21
47
47
11
26
3
-19
-18
17
93
64
38
32
44
60
42
22
-7
13
52
40
65
40
17
23
-4
54
117
132
163
187
190
155
136
121
121
139
111
70
63
79
89
78
51
56
51
5
4
-32
-57
-82
-79
-58
-69
-89
-99
-88
-80
-82
-97
-90
-57
-59
-46
-36
-49
-42
-44
-7
28
28
42
27
10
32
41
64
42
32
45
49
105
116
123
128
108
102
113
99
106
139
195
211
195
156
145
142
76
20
6
22
46
60
55
16
-21
-35
-20
2
-11
-52
-68
-79
-91
-93
-93
-65
-56
-28
7
30
70
94
119
129
150
162
156
162
134
128
156
120
101
70
49
86
117
92
57
47
42
73
77
73
104
114
98
96
84
64
76
79
57
54
64
20
7
33
31
33
-4
-30
-48
-41
-59
-110
-134
-84
-55
-65
-106
-151
-141
-133
-138
-130
-131
-116
-108
-87
-65
-69
-49
-44
-52
-52
-41
-5
10
-17
-36
-40
-33
-21
-30
-37
-41
-61
-82
-113
-167
-192
-170
-144
-154
-173
-178
-197
-168
-166
-177
-150
-153
-169
-159
-186
-180
-167
-186
-172
-183
-185
-200
-143
-91
-58
-47
-53
-49
-99
-142
-117
-100
-55
-25
-37
-58
-94
-103
-102
-92
-57
-36
-19
19
-10
-49
-56
-34
-16
-32
-32
-39
-27
1
-10
-26
-32
18
24
36
5
-47
4
25
-23
-53
-67
-90
-103
-178
-210
-197
-191
-123
-85
-57
0
43
44
35
33
14
-1
33
77
79
82
76
66
43
22
11
23
34
35
16
-8
-15
-42
-43
-27
-11
-1
1
34
68
57
63
82
109
85
93
88
69
61
55
13
-24
-46
-45
-11
-19
34
104
138
100
24
-20
-49
-39
-10
6
43
36
33
22
-30
-45
-56
-63
-74
-75
-77
-78
-93
-102
-108
-90
-109
-141
-162
-171
-168
-190
-172
-158
-148
-130
-148
-191
-221
-204
-152
-146
-145
-147
-146
-116
-89
-60
-9
56
96
103
103
94
67
104
109
140
205
