0
0
-1
0
0
0
0
-1
0
0
0
0
0
0
0
0
0
0
0
0
0
0
-1
0
0
0
0
0
0
0
0
0
1
0
-1
0
0
0
0
0
0
0
0
0
0
0
0
0
0
0
0
0
0
0
-1
0
0
0
0
0
0
0
0
0
0
0
0
0
1
0
0
0
0
0
0
0
1
0
0
0
1
1
0
0
0
-1
1
1
0
0
0
0
0
0
0
1
0
0
0
1
0
0
0
0
0
-1
0
0
0
0
0
0
0
0
0
0
-1
-1
-1
0
0
0
0
-1
0
0
0
0
0
0
0
0
0
1
0
1
0
0
0
0
0
0
1
-1
0
1
-1
0
0
0
0
0
0
0
-1
0
0
0
-1
0
-1
0
0
0
0
0
-1
0
0
0
0
0
0
-1
0
0
0
0
0
0
0
0
-1
-1
0
0
0
0
0
1
0
0
0
0
0
-1
0
0
0
0
0
0
0
0
0
1
0
1
0
0
1
-1
1
0
0
0
-1
-1
0
0
0
-1
0
-1
0
0
0
-1
0
0
0
0
1
0
0
0
0
0
0
1
0
1
0
0
0
0
0
0
1
0
0
0
1
1
0
0
0
0
0
0
0
0
-1
1
0
0
0
0
0
0
0
1
0
0
-1
0
0
0
-1
-1
0
0
1
0
-1
0
0
0
0
0
0
-1
-1
0
0
-1
1
0
1
0
0
0
0
0
0
1
0
0
0
-1
0
0
0
0
0
1
-1
0
0
0
0
0
0
0
0
0
1
0
0
0
0
0
0
-1
0
0
-1
0
0
-1
0
0
0
0
0
0
0
0
1
0
0
-1
1
0
0
-1
-1
0
0
0
1
-1
0
0
0
-1
1
0
0
0
1
-1
0
0
0
0
0
0
0
0
0
0
0
-1
0
0
0
0
0
0
0
0
0
0
1
-1
0
0
-1
1
0
0
0
0
0
0
0
0
0
0
0
0
0
0
-1
0
0
0
0
0
0
0
-1
0
0
0
-1
0
0
-1
-1
0
0
0
0
0
1
1
-1
0
-1
0
0
0
0
0
0
0
0
1
0
0
0
0
-1
1
0
0
1
0
0
0
0
0
1
1
0
0
0
0
0
-1
0
-1
1
0
1
0
0
1
0
0
1
0
0
0
1
-1
-1
1
0
0
0
-1
0
0
1
0
0
0
0
0
0
-1
0
0
0
-1
0
0
1
1
-1
0
0
0
0
0
0
0
0
0
-1
1
0
0
1
0
0
0
0
1
-1
0
0
0
0
-1
1
0
0
-1
0
0
0
0
0
-1
0
-1
1
0
0
0
-1
0
0
0
0
0
0
0
-1
0
0
0
1
0
1
0
0
0
0
-1
0
1
1
1
0
1
1
0
0
0
1
0
0
0
1
1
0
1
0
0
0
0
0
0
-1
-1
-1
-1
0
0
0
0
1
0
1
1
2
1
1
1
0
1
1
1
1
1
1
0
1
0
1
2
1
1
1
1
2
2
3
3
3
2
2
2
1
1
1
1
1
1
3
2
0
0
0
0
0
0
0
0
-1
-1
-1
0
0
1
0
0
1
1
0
1
1
1
2
2
4
5
4
4
3
3
2
2
3
5
7
7
8
11
12
12
12
12
11
12
12
13
13
14
14
12
12
9
9
7
5
4
3
0
1
0
0
-2
-3
-4
-4
-5
-6
-6
-4
-2
0
1
1
2
1
-1
0
-1
1
4
4
6
5
4
4
3
3
3
2
2
1
2
4
4
6
7
7
9
9
11
12
13
12
9
8
7
5
3
2
0
-1
-1
-1
-1
-3
-6
-6
-7
-7
-4
-3
-1
-3
-3
0
2
2
1
1
3
5
6
7
8
9
9
9
8
10
12
13
15
18
20
23
23
25
27
28
30
31
28
25
21
20
20
18
19
19
23
23
21
17
13
9
5
6
4
3
0
-3
-6
-10
-11
-11
-7
-5
-5
-2
0
0
1
-3
-7
-4
2
7
7
5
6
6
8
9
10
12
14
17
15
14
15
18
20
20
21
21
23
24
25
24
24
27
29
28
24
20
20
16
12
11
10
8
6
8
9
6
-2
-10
-14
-15
-13
-11
-7
-6
-4
-1
2
2
4
8
13
17
22
23
25
28
24
23
25
26
24
26
25
23
20
19
20
28
40
46
52
52
45
38
34
36
38
36
36
33
26
21
14
6
4
5
6
7
5
6
8
7
8
6
-2
-3
2
8
12
16
17
15
15
14
16
19
20
19
11
5
7
7
7
7
8
11
13
15
11
4
3
9
22
34
43
39
31
24
27
32
32
28
21
15
15
18
25
28
25
20
17
13
10
12
8
4
-3
-7
-12
-10
-7
-4
0
2
6
8
10
14
20
21
22
27
33
38
34
24
21
23
34
46
52
52
44
38
40
42
49
54
52
42
26
19
21
24
29
35
36
36
36
35
28
17
16
17
17
19
17
19
19
18
12
2
-4
-11
-6
3
15
20
22
25
36
45
47
46
48
45
39
31
22
19
24
25
21
27
29
30
33
27
27
34
43
52
61
65
56
45
42
37
39
36
34
31
32
28
21
25
21
13
0
-7
-5
-2
-1
0
-4
0
5
9
6
-1
-6
1
6
6
12
16
21
27
30
27
29
31
27
29
34
44
49
54
60
69
79
82
87
91
94
98
107
121
130
125
110
95
87
91
92
97
92
84
85
79
72
67
67
72
71
65
53
37
30
28
23
16
15
21
28
29
18
10
15
24
36
49
59
61
56
59
62
62
69
66
68
74
77
76
69
63
61
56
52
55
54
54
56
55
45
43
35
32
34
33
40
45
48
47
49
47
33
19
19
22
13
3
0
2
4
8
18
29
26
19
12
11
14
22
23
16
13
17
27
27
26
16
8
12
15
14
4
10
24
36
50
61
71
88
98
96
92
92
94
94
92
89
95
87
67
54
51
51
54
45
34
40
59
64
55
35
21
5
-2
4
4
8
16
26
17
-7
-14
-12
-15
-16
-19
-9
-1
7
13
16
26
32
27
22
22
33
40
43
44
24
7
9
14
28
37
45
55
53
48
50
61
69
67
54
52
56
46
40
33
31
27
17
18
18
14
12
0
-9
-10
-10
-10
-9
-20
-25
-9
9
20
31
43
45
39
45
44
43
42
38
36
33
39
57
69
76
78
88
94
105
117
124
143
154
165
179
184
171
158
157
168
187
197
200
189
181
164
153
154
146
130
108
103
109
118
121
113
108
107
114
118
108
101
99
100
107
103
104
115
121
119
121
120
125
124
129
131
145
161
170
172
153
148
131
117
112
136
148
155
172
193
208
200
187
178
181
164
137
113
111
116
108
104
105
114
104
87
71
63
52
40
23
8
12
32
46
30
17
14
24
38
47
63
70
76
77
70
78
82
91
81
63
72
91
102
98
75
48
46
65
72
84
103
112
115
86
73
63
58
68
71
92
107
123
117
96
84
93
114
113
93
89
73
42
17
-2
-25
-44
-49
-32
-10
-7
-17
-13
-6
-11
-13
-17
-8
8
29
33
16
-2
-14
-27
-27
-16
-3
-7
-6
-12
-13
3
14
20
14
-6
-12
-15
-13
-7
0
9
16
11
28
37
33
21
-8
-5
-2
-1
-14
-34
-50
-67
-82
-101
-110
-113
-118
-126
-144
-153
-120
-91
-95
-100
-101
-107
-92
-82
-80
-56
-32
-21
-15
-9
-18
-34
-28
-18
-6
12
24
43
66
79
69
67
63
57
62
64
68
90
104
118
128
110
101
103
104
102
108
121
134
131
140
167
181
181
172
141
105
72
62
67
76
66
59
68
73
81
103
133
159
173
158
143
138
144
158
171
184
202
210
209
197
205
208
199
194
180
178
165
157
151
150
148
144
168
195
210
192
166
151
134
127
126
128
139
147
129
121
114
98
73
48
28
24
21
34
42
38
30
16
15
27
32
7
-8
-4
18
35
51
75
98
123
127
122
128
122
122
122
114
143
176
189
182
166
164
168
191
198
186
146
112
116
123
127
110
90
74
57
37
10
-43
-67
-71
-69
-52
-63
-37
6
32
39
19
13
-25
-54
-64
-66
-51
-32
-13
9
34
51
58
54
37
47
56
34
2
-40
-67
-91
-99
-103
-118
-89
-46
-35
-54
-64
-75
-58
-43
-35
-29
-23
-45
-59
-57
-73
-91
-113
-125
-139
-120
-90
-90
-109
-132
-163
-195
-226
-221
-221
-231
-221
-218
-221
-200
-166
-169
-152
-129
-138
-150
-171
-167
-138
-100
-58
-38
-48
-50
-45
-39
-39
-28
-27
-66
-71
-46
-53
-70
-89
-101
-78
-60
-53
-53
-47
-63
-62
-54
-46
-42
-46
-34
-58
-57
-64
-76
-67
-53
-62
-93
-105
-100
-81
-71
-78
-65
-35
9
41
95
149
196
245
238
199
150
146
140
122
135
165
183
161
131
106
89
89
110
116
108
107
85
32
0
5
21
69
94
105
130
154
179
161
147
129
119
103
108
104
106
161
172
147
100
66
85
133
129
91
62
12
-17
-3
30
72
131
187
177
177
208
239
270
278
250
228
201
172
178
178
172
173
185
212
198
178
155
131
125
130
129
144
180
199
244
300
332
323
326
339
359
359
336
327
299
259
225
184
160
158
200
223
181
163
123
107
133
151
143
107
143
202
211
227
273
339
400
456
485
518
465
371
331
291
235
182
155
152
162
160
157
154
155
137
116
71
46
21
9
-13
-10
12
12
28
60
101
118
173
235
260
255
236
214
180
105
21
-59
-99
-117
-155
-144
-131
-163
-195
-244
-262
-220
-184
-165
-157
-145
-118
-80
-14
22
49
91
88
79
78
73
69
42
-24
-75
-123
-156
-202
-250
-296
-323
-348
-347
-316
-296
-273
-267
-228
-165
-113
-95
-112
-139
-146
-153
-146
-144
-142
-154
-167
-180
-189
-229
-255
-232
-240
-241
-253
-266
-275
-280
-288
-269
-234
-181
-133
-93
-49
-49
-7
33
81
131
148
184
196
186
93
1
-43
-71
-126
-192
-258
-291
-268
-237
-221
-206
-145
-79
-33
-10
5
26
40
42
53
48
52
64
107
161
196
226
226
227
199
186
173
174
147
70
29
-16
-66
-78
-53
-9
57
109
132
142
151
188
208
208
221
219
224
222
220
217
251
256
246
214
196
179
143
111
40
-34
-71
-31
3
36
57
85
96
146
184
189
228
258
325
391
421
413
399
392
398
389
343
315
260
242
250
280
308
335
367
399
442
463
470
493
519
515
529
532
551
572
605
651
726
773
749
786
848
873
870
850
799
734
612
447
356
294
276
234
181
165
244
331
392
418
426
453
457
473
454
462
445
403
350
349
406
414
372
332
338
320
314
255
202
129
32
-19
-61
-58
-51
-78
-59
-6
9
20
8
-37
-46
-33
-32
-60
-84
-137
-147
-102
-48
26
54
50
6
-28
-99
-201
-225
-222
-243
-239
-244
-255
-275
-232
-203
-207
-183
-177
-190
-179
-181
-167
-151
-114
-89
-58
-38
-49
-29
-49
-71
-60
-26
-29
-81
-157
-255
-272
-257
-196
-182
-162
-129
-105
-106
-138
-183
-174
-150
-185
-199
-216
-216
-201
-134
-60
-12
24
53
116
153
147
100
7
-70
-138
-188
-164
-161
-179
-218
-260
-229
-210
-172
-156
-151
-148
-171
-220
-225
-169
-94
-76
-94
-127
-165
-166
-126
-88
-114
-150
-156
-157
-198
-246
-300
-319
-336
-373
-361
-285
-232
-186
-182
-200
-212
-163
-149
-125
-57
-26
-4
47
145
174
185
220
252
245
231
238
235
213
203
143
125
95
68
61
61
85
74
-9
-93
-91
-60
-7
57
122
144
176
182
230
310
369
389
452
540
516
490
435
385
348
317
341
399
422
456
460
412
378
351
335
329
295
274
276
304
332
351
354
398
404
458
588
681
787
875
883
845
753
641
568
507
451
402
332
287
301
361
384
344
372
440
426
434
417
377
346
315
300
296
315
319
312
281
278
282
334
411
421
379
249
130
46
-15
-61
-150
-225
-271
-229
-144
-79
-11
-9
-72
-97
-92
-100
-119
-76
-16
62
185
226
246
307
334
283
181
131
92
-3
-107
-243
-380
-460
-496
-483
-494
-506
-496
-466
-385
-335
-277
-250
-258
-260
-215
-162
-146
-196
-232
-217
-191
-214
-274
-323
-394
-484
-505
-539
-535
-503
-501
-532
-551
-534
-450
-407
-485
-519
-557
-516
-465
-416
-365
-288
-205
-117
-21
31
105
180
205
141
-5
-213
-383
-515
-664
-805
-906
-917
-844
-739
-689
-634
-546
-462
-343
-341
-399
-425
-424
-423
-435
-426
-385
-284
-221
-166
-123
-173
-206
-240
-308
-439
-563
-597
-684
-817
-934
-1036
-1022
-953
-868
-795
-749
-667
-598
-541
-457
-327
-224
-163
-144
-94
-77
-100
-90
-78
-56
-70
-113
-156
-239
-335
-356
-455
-555
-665
-715
-690
-656
-625
-654
-535
-416
-322
-244
-90
95
216
326
434
504
519
541
537
536
444
346
322
339
352
278
216
244
296
339
376
364
385
387
359
319
300
356
374
385
429
536
643
788
904
1058
1181
1191
1195
1152
1041
787
512
296
165
13
-91
-173
-114
55
212
252
216
336
473
597
605
557
512
596
725
754
738
783
856
975
1066
1025
888
725
668
584
473
333
225
192
171
119
79
49
55
133
154
134
129
202
356
471
509
540
612
716
839
876
881
807
713
569
417
225
83
19
-118
-258
-368
-456
-523
-527
-538
-543
-541
-459
-401
-331
-126
44
206
283
254
276
379
444
491
461
432
418
323
192
141
95
42
-37
-101
-123
-121
-39
16
75
67
49
14
15
97
149
145
117
154
285
438
592
734
818
816
764
666
463
222
-113
-386
-543
-687
-832
-861
-798
-691
-578
-492
-419
-350
-238
-244
-345
-370
-292
-88
65
182
211
177
117
53
23
-19
-149
-321
-473
-622
-707
-856
-977
-1015
-1017
-1095
-1187
-1151
-1086
-1088
-1034
-933
-816
-684
-453
-239
-116
-17
26
48
100
142
72
-28
-99
-121
-263
-434
-575
-688
-795
-953
-1180
-1408
-1371
-1245
-1155
-1076
-976
-887
-772
-652
-562
-460
-378
-262
-89
-34
-22
2
95
196
244
165
-25
-122
-223
-319
-426
-482
-386
-280
-240
-224
-178
-84
30
15
-25
-72
4
117
239
447
696
890
1068
1284
1394
1480
1548
1580
1377
952
541
257
42
-75
-164
-240
-225
-121
61
204
296
358
414
462
528
577
726
990
1220
1425
1601
1685
1671
1654
1587
1444
1249
1025
864
716
590
500
465
360
249
197
126
111
99
160
305
391
458
471
656
968
1198
1347
1415
1451
1431
1339
1236
1134
1076
1048
923
828
730
621
556
446
245
68
-82
-145
-121
-159
-179
-33
219
500
658
729
784
851
923
969
1006
1049
1012
1021
1128
1086
934
750
565
394
248
120
5
-67
-31
0
9
16
5
41
59
56
119
222
295
449
747
1035
1153
1175
1307
1413
1390
1271
1025
657
236
-183
-423
-577
-702
-803
-840
-852
-836
-783
-728
-690
-680
-596
-407
-243
-99
169
499
808
893
831
706
672
674
621
563
388
157
-94
-178
-197
-355
-511
-768
-982
-1165
-1274
-1280
-1186
-980
-712
-499
-356
-237
-123
-44
68
165
214
350
375
245
54
-101
-194
-264
-340
-461
-682
-851
-968
-1090
-1286
-1445
-1648
-1712
-1646
-1541
-1386
-1281
-1166
-1081
-940
-816
-681
-528
-359
-260
-121
81
306
424
322
97
-132
-314
-435
-528
-600
-625
-630
-684
-744
-888
-945
-890
-828
-713
-568
-379
-204
46
332
542
609
700
791
857
912
958
937
786
460
76
-289
-509
-646
-797
-917
-909
-802
-700
-611
-592
-575
-506
-315
-62
213
464
828
1150
1418
1497
1422
1395
1451
1474
1417
1356
1168
896
656
514
341
127
-148
-305
-508
-626
-620
-536
-385
-233
-45
149
279
263
323
499
716
835
1031
1275
1421
1517
1610
1568
1432
1260
1035
803
597
370
32
-173
-346
-435
-461
-418
-297
-265
-153
-38
81
265
420
588
707
799
995
1094
1066
1012
950
951
994
1054
1011
899
816
716
623
517
374
236
24
-160
-338
-381
-224
-21
180
435
667
897
1154
1401
1664
1866
1916
1912
1858
1915
1929
1802
1554
1115
648
288
54
-221
-422
-531
-639
-670
-825
-945
-952
-891
-783
-553
-211
211
601
895
998
897
925
943
905
827
778
748
708
599
434
280
-9
-329
-713
-1069
-1258
-1293
-1342
-1399
-1396
-1391
-1280
-1087
-882
-830
-834
-615
-358
-177
17
159
315
459
550
489
287
54
-236
-474
-638
-735
-840
-1039
-1241
-1492
-1684
-1866
-1942
-2077
-2072
-1948
-1719
-1357
-1032
-667
-396
-197
-73
-60
-195
-349
-394
-350
-378
-382
-392
-392
-304
-288
-384
-641
-1013
-1323
-1473
-1588
-1716
-1772
-1699
-1502
-1216
-1002
-934
-842
-738
-538
-209
179
392
592
644
696
716
497
146
-327
-627
-655
-750
-1011
-1118
-1224
-1218
-1244
-1406
-1654
-1782
-1702
-1527
-1271
-978
-620
-352
-146
117
363
567
591
618
597
617
559
318
254
366
199
-50
-371
-733
-971
-1225
-1390
-1498
-1506
-1466
-1381
-1208
-968
-824
-806
-693
-448
-95
130
419
633
662
743
737
699
540
320
172
154
74
87
72
-14
-88
-321
-661
-1026
-1288
-1481
-1431
-1218
-898
-432
-58
260
537
727
764
797
764
707
695
652
812
1031
1203
1247
1256
1207
1112
875
555
249
-62
-141
-223
-215
-121
-1
199
394
670
811
986
1170
1414
1607
1723
1983
2123
2140
1925
1615
1310
954
671
537
492
507
498
493
536
448
251
-50
-288
-390
-386
-350
-227
95
425
672
1026
1313
1476
1585
1661
1831
1946
1937
1682
1468
1216
999
719
429
137
-183
-349
-455
-388
-366
-378
-275
-259
-285
-469
-604
-622
-538
-379
-233
22
504
875
1058
1200
1226
1032
666
389
238
276
323
389
250
-49
-439
-815
-1076
-1374
-1681
-1736
-1611
-1313
-842
-527
-239
-59
-53
-238
-405
-450
-490
-436
-314
21
336
521
727
893
780
519
204
-356
-863
-1227
-1348
-1296
-1190
-1011
-768
-405
-278
-169
-194
-302
-317
-187
-54
51
383
668
918
1028
1077
899
569
165
-207
-379
-517
-591
-582
-513
-538
-689
-919
-1316
-1588
-1575
-1355
-1204
-1014
-725
-396
-158
49
209
283
313
413
632
712
711
614
382
-4
-100
-161
-221
-300
-408
-529
-682
-675
-720
-729
-847
-978
-1238
-1449
-1469
-1294
-924
-775
-664
-456
-179
-99
-156
-136
-157
-247
-242
-161
19
190
283
238
-15
-418
-802
-1102
-1302
-1408
-1431
-1265
-1062
-708
-263
-86
-49
-48
-153
-201
-332
-310
-30
420
907
1354
1665
1905
1806
1433
1110
764
468
114
-135
-168
9
262
416
571
789
877
859
810
749
741
917
1102
1350
1570
1860
2065
2119
2031
1802
1435
1113
1101
1089
1194
1241
1275
1366
1522
1601
1227
798
349
6
13
117
236
509
853
1179
1442
1621
1591
1564
1598
1622
1666
1535
1434
1385
1307
1217
1133
948
709
443
212
75
-69
-208
-278
-231
-263
-221
-112
-55
-122
-214
-121
111
215
179
163
327
575
857
1147
1308
1306
1106
937
788
548
374
163
7
-176
-397
-378
-164
-36
-21
126
347
400
352
226
172
118
199
314
366
582
864
1233
1418
1312
1158
992
780
432
33
-218
-420
-501
-552
-592
-490
-316
-174
-207
-307
-547
-698
-771
-781
-720
-491
-190
83
333
546
719
623
483
347
119
-10
-179
-329
-486
-637
-681
-603
-647
-770
-1022
-1296
-1403
-1325
-1108
-899
-720
-561
-417
-251
-134
-164
-279
-480
-491
-375
-369
-458
-390
-147
-73
-186
-500
-922
-1181
-1236
-1280
-1411
-1650
-1768
-1517
-1275
-1159
-1340
-1596
-1667
-1670
-1553
-1267
-1115
-1003
-798
-576
-576
-645
-627
-564
-455
-425
-495
-602
-629
-587
-579
-633
-828
-975
-1089
-1054
-993
-1181
-1155
-985
-683
-572
-655
-643
-455
-235
12
238
334
455
539
638
788
709
476
362
213
74
-18
-172
-82
164
280
255
262
214
209
214
136
235
270
351
450
645
910
1168
1459
1612
1663
1755
1920
1773
1506
1075
614
496
540
481
355
313
407
392
234
-17
-181
-221
-229
-291
-246
151
658
1008
1224
1417
1425
1301
1059
893
779
679
737
732
617
548
466
483
355
96
-173
-344
-339
-195
5
0
-100
-284
-272
-272
-346
-285
-293
-204
-90
58
254
430
649
727
756
667
665
671
549
480
453
294
-19
-384
-649
-748
-556
-324
-285
-421
-555
-581
-612
-583
-617
-565
-476
-211
-47
53
333
420
273
136
90
5
-24
-107
-245
-337
-290
-195
-172
-76
34
-13
-9
6
-85
-189
-127
-13
47
139
400
639
770
849
865
829
998
1133
1239
1329
1209
843
321
155
277
134
-407
-877
-900
-558
-261
-425
-637
-677
-626
-622
-633
-512
-452
-334
-97
216
397
186
-170
-349
-126
91
181
112
33
-1
-84
-317
-658
-1098
-1438
-1598
-1600
-1442
-1265
-1225
-1299
-1262
-1169
-1098
-1190
-1448
-1673
-1622
-1318
-942
-563
-250
9
119
58
-80
-393
-730
-979
-1186
-1347
-1443
-1401
-1295
-1151
-1074
-1003
-1100
-1292
-1544
-1805
-1906
-1744
-1412
-1136
-836
-713
-689
-625
-532
-374
-245
-171
-184
-394
-562
-529
-550
-574
-552
-558
-534
-460
-437
-390
-468
-648
-761
-676
-631
-608
-576
-512
-399
-278
-147
-118
-70
27
211
361
721
964
1037
1070
956
653
260
-129
-432
-652
-831
-773
-454
13
215
146
34
31
-31
-155
-181
128
247
172
151
312
452
440
205
-74
-66
-32
-80
-346
-515
-583
-482
-512
-485
-500
-688
-652
-647
-589
-589
-615
-651
-717
-518
-362
-255
-260
-394
-340
-160
-3
166
344
437
378
325
303
205
-55
-293
-359
-437
-472
-441
-476
-453
-374
-339
-386
-386
-283
-189
-5
31
60
191
270
134
-137
-176
-173
-159
-231
-206
-174
-90
184
403
484
413
403
221
55
-155
-276
-233
-167
-85
7
140
335
567
563
550
557
385
320
493
577
592
542
578
525
430
510
468
440
383
340
400
408
213
187
465
678
580
426
427
707
1073
1160
1017
913
825
796
760
746
962
1032
720
418
201
-50
-295
-487
-514
-405
-403
-518
-450
-421
-397
-440
-590
-597
-616
-746
-842
-924
-965
-806
-530
-363
-193
-243
-256
-214
-178
-188
-329
-292
-248
-316
-527
-662
-757
-960
-1207
-1482
-1517
-1248
-1043
-1113
-1086
-964
-800
-718
-787
-643
-559
-603
-613
-663
-688
-744
-768
-791
-826
-648
-371
-75
159
123
-3
-9
-38
-134
-366
-514
-538
-565
-407
-308
-235
-165
-102
-70
-102
-22
167
157
141
175
132
200
290
304
262
136
23
-36
-113
-115
-26
145
293
520
644
631
613
583
595
633
772
861
927
1071
1210
1425
1438
1301
1083
1065
1173
1130
1010
710
429
293
164
-83
-158
-169
-216
-177
-359
-551
-593
-669
-785
-717
-665
-658
-610
-497
-384
-392
-372
-313
-248
-238
-116
33
-13
-115
-38
8
-22
-83
-153
-178
-337
-495
-544
-459
-296
-221
71
185
229
251
198
116
132
109
90
259
350
379
455
504
515
484
544
470
358
556
598
607
571
670
795
832
723
591
552
455
435
368
395
576
753
757
764
837
902
923
869
903
984
1137
1142
924
732
678
583
545
465
342
280
230
208
181
225
430
635
752
840
968
1102
1148
1145
1261
1318
1417
1464
1546
1688
1671
1648
1479
1349
1199
1048
825
668
597
536
372
253
136
77
76
154
191
56
62
-15
-41
-126
-91
20
6
143
304
459
488
440
398
314
205
64
-85
-289
-435
-454
-417
-543
-696
-764
-762
-786
-721
-576
-537
-594
-619
-517
-475
-588
-609
-561
-402
-333
-486
-517
-489
-492
-472
-433
-358
-301
-205
-182
-352
-454
-538
-648
-765
-708
-605
-431
-293
-154
-28
59
126
87
93
99
281
335
313
224
217
374
444
534
361
262
165
-35
-238
-310
-419
-487
-479
-532
-480
-427
-328
-336
-316
-229
-108
-61
-6
90
242
459
635
709
743
634
452
304
178
157
203
252
274
260
105
153
115
-28
-256
-376
-407
-433
-377
-260
-136
-158
-81
-58
-28
-16
158
318
286
287
260
248
186
119
133
269
339
288
162
34
19
-17
-140
-261
-258
-324
-269
-298
-394
-499
-540
-544
-507
-492
-580
-672
-870
-898
-941
-1000
-1039
-979
-832
-669
-592
-557
-564
-684
-711
-714
-760
-888
-970
-966
-761
-484
-369
-357
-385
-310
-187
-168
-111
-30
105
320
500
585
674
691
666
572
422
220
-2
-195
-268
-320
-259
-89
-82
16
209
435
496
467
501
440
432
554
550
640
694
673
692
727
764
693
614
468
480
654
779
726
565
519
429
286
185
38
-213
-238
-253
-210
-123
-205
-341
-272
-186
-149
-36
38
28
135
125
34
-53
-115
-142
-108
-198
-368
-551
-676
-644
-616
-693
-653
-489
-324
-129
-100
-164
-217
-252
-191
-184
-431
-611
-597
-503
-325
-219
-177
-188
-300
-265
-257
-197
-203
-363
-444
-471
-421
-554
-549
-582
-691
-615
-539
-435
-484
-580
-536
-595
-565
-507
-483
-584
-519
-195
87
169
31
-23
-26
5
-143
-340
-278
-210
-256
-220
-439
-670
-555
-403
-359
-366
-459
-596
-489
-202
-133
-108
54
198
240
223
34
-213
-191
-37
56
168
249
110
48
100
131
130
-26
-101
-233
-133
-129
-108
-193
-169
-189
-95
-170
-239
-156
-112
61
158
103
35
-8
53
165
146
189
145
171
150
151
7
-129
-58
-169
-252
-256
-315
-185
-141
-122
-145
-160
-76
-195
-402
-404
-227
-259
-325
-231
-175
-127
-358
-560
-611
-548
-612
-807
-781
-846
-793
-652
-751
-639
-403
-452
-534
-539
-697
-853
-752
-530
-533
-286
-285
-256
-80
-43
-151
-368
-312
-365
-227
-172
-315
-403
-599
-694
-707
-539
-535
-579
-486
-410
-362
-280
-145
-106
-108
17
45
79
162
-1
142
185
152
97
12
-268
-501
-506
-408
-294
-283
-334
-287
-165
-320
-366
-326
-189
-339
-328
-223
-180
-168
-110
-186
-125
78
-14
-185
-127
-163
-298
-57
220
160
-1
-145
-88
148
84
-197
-297
-189
-236
12
277
349
394
604
598
687
688
660
513
606
379
218
280
306
200
224
349
254
321
-23
-257
-378
-350
-360
-337
-417
-671
-689
-678
-792
-656
-515
-639
-644
-559
-439
-334
-224
-52
30
86
40
-118
-167
-65
-80
-178
-3
123
62
51
184
188
254
51
-285
-344
-475
-715
-626
-524
-543
-342
-301
-286
-236
-177
-363
-320
-96
26
119
186
-21
-118
-48
58
100
222
343
218
191
79
14
113
111
-95
114
5
196
301
79
-74
107
126
21
94
-232
-186
-238
-86
108
252
207
302
267
195
343
282
252
216
276
51
78
49
-135
36
105
-109
54
107
47
388
603
590
705
611
604
507
612
484
442
675
344
28
-61
-146
-281
-207
-184
-461
-279
-302
-356
-541
-455
-687
-483
-408
-770
-709
-681
-677
-678
-522
-320
-482
-500
-417
-352
-330
-64
-100
-147
-168
-384
-640
-341
-399
-541
-257
-424
-366
-251
-275
-501
-462
-397
-531
-427
-492
-610
-426
-412
-416
-358
-395
-261
-277
71
247
421
433
209
173
99
108
37
166
238
424
275
155
59
67
-93
65
47
155
7
124
242
232
291
56
57
173
253
246
294
311
506
344
154
187
291
138
149
241
118
93
217
474
446
407
464
514
428
430
324
218
1
118
-99
91
253
-41
178
250
89
12
-12
-136
-375
-197
-239
-269
-6
6
98
364
327
216
400
386
313
382
549
793
860
725
681
444
545
393
392
354
290
398
523
558
256
71
426
288
250
357
385
102
96
-41
-262
-33
-179
-336
-273
17
-190
-405
29
-84
-503
-319
-277
-420
-129
-29
-149
-72
260
-126
-229
-291
-157
-124
122
227
70
-181
188
33
18
120
186
64
-19
279
121
285
381
342
423
262
319
287
262
137
-22
-97
-9
215
25
157
325
216
162
381
462
572
722
657
587
494
597
633
714
604
805
763
666
773
609
497
510
391
340
-43
-257
-102
-95
-146
1
-29
-31
99
58
-115
-96
57
-107
-160
-341
-264
-204
-8
-157
-50
-34
224
342
137
88
133
263
263
290
249
179
105
-27
-54
-216
-111
29
-128
-68
62
-64
-433
-358
-79
-215
-462
-399
-378
-429
-502
-486
-548
-457
-448
-493
-466
-264
-292
-781
-765
-736
-740
-704
-450
-367
-313
-41
44
-163
-104
-205
-203
-465
-451
-295
-561
-433
-274
-298
-368
-90
-186
-384
-190
-107
-514
-607
-474
-662
-706
-451
-340
-458
-383
-217
-178
-113
277
258
155
214
196
144
291
158
-121
-100
23
-97
-211
-53
17
14
-107
153
153
373
197
44
63
201
-18
-42
15
-100
-246
-109
-193
-336
-24
12
-145
-81
-52
-305
-298
-342
-423
-429
-265
90
57
116
143
-230
-84
-36
-41
-34
16
96
92
46
-37
-98
-14
-211
-40
-16
-44
-21
-195
-77
-13
-120
-236
-473
-572
-542
-575
-617
-441
-528
-379
-289
-479
-441
-473
-436
-489
-116
-318
-240
-142
-324
-662
-335
-372
-435
-147
-125
-133
51
126
-306
-348
-256
-247
-82
117
-108
-196
-232
-300
-245
-229
-129
-100
-57
36
231
297
220
153
337
500
377
468
445
467
485
220
416
310
437
413
346
448
398
277
119
376
638
548
561
421
75
112
173
-8
-43
-41
126
420
341
357
467
461
191
357
256
177
199
186
405
854
801
811
829
598
447
510
293
146
299
46
385
508
867
723
768
583
297
370
212
85
22
243
261
62
250
235
39
-65
-155
-223
-317
23
-290
-327
-228
-409
-600
-312
-403
-417
-408
-278
-548
-545
-411
-695
-693
-444
-464
-386
-132
-223
-388
-350
-358
-470
-418
-481
-457
-561
-454
-577
-682
-620
-876
-838
-730
-671
-765
-941
-722
-592
-635
-411
-189
-60
-25
-73
-406
-408
-266
-413
-527
-409
-295
-441
-472
-194
-176
-53
130
118
-234
-228
-255
-568
-459
-217
-406
-643
-300
-454
-624
-370
-243
-504
-325
-199
-119
-80
142
146
253
416
386
-119
-63
-101
-143
45
76
23
-312
-120
170
208
200
379
178
-120
-147
-323
-743
-688
-593
-574
-444
-157
-367
-399
-216
-290
-385
-707
-644
-654
-361
-139
-217
-393
-289
-306
-321
-289
-161
-434
-251
136
10
-98
-174
-304
-101
63
-36
-342
-536
-350
-369
-216
-143
-109
78
148
63
-7
-103
-354
-404
-456
-437
-258
-124
-73
83
125
76
375
390
315
601
481
357
263
134
151
441
261
196
311
322
345
391
467
364
372
67
-55
-67
-186
15
124
-94
-100
-154
-201
-62
117
68
12
34
-142
-23
160
11
124
263
326
508
443
172
372
406
479
413
248
310
239
344
323
342
333
406
116
86
206
29
140
44
-51
-2
-12
-106
134
70
-257
-392
-196
-299
-138
56
248
614
620
471
435
248
-61
11
-62
-240
-145
-203
-132
51
59
-146
-168
-215
-354
-398
-503
-275
-399
-509
-470
-583
-526
-151
-184
-303
-272
-315
-375
-218
-118
-302
-262
-313
-397
-353
-263
-296
-152
125
277
22
21
-90
-261
-359
-375
-376
-499
-493
-298
-129
-76
-94
11
-61
-141
-32
-235
-460
-574
-728
-907
-763
-606
-694
-437
-156
-105
-63
171
41
168
353
96
-150
-297
-321
-304
-394
-279
71
-4
260
231
77
275
437
470
526
339
-87
-45
82
-75
-157
-108
58
286
268
408
383
456
510
329
8
-188
-212
-261
-149
-204
54
136
-30
-36
-134
-318
-286
-228
-385
-324
-234
-509
-558
-337
-411
-224
-229
-308
-266
-397
-439
-521
-586
-646
-573
-705
-552
-416
-498
-583
-589
-556
-602
-395
-339
-215
-283
-274
-280
-336
-263
-125
-30
-80
31
103
169
340
466
406
467
420
354
312
146
50
-5
141
111
-13
147
157
-37
-140
-309
-387
-276
-238
-266
-461
-572
-514
-499
-359
-305
-317
-94
34
78
345
417
486
454
439
572
487
235
193
340
269
320
466
821
847
1037
1227
1019
783
564
421
236
334
136
-85
131
201
183
199
519
516
412
460
491
494
447
548
467
527
467
308
106
81
301
440
461
373
389
422
553
489
386
358
425
414
317
127
70
198
280
453
277
257
127
117
-84
-6
235
73
1
53
176
172
120
-11
173
443
560
567
631
667
583
478
486
506
451
105
-93
-77
-87
-176
-131
-97
-219
-261
-127
-3
-16
-72
-105
-87
8
-63
-175
-147
-292
-217
-296
-22
77
-58
-182
-14
11
-212
-109
-208
-304
-416
-310
-268
-453
-413
-522
-570
-517
-573
-581
-505
-389
-402
-489
-345
-328
-553
-495
-337
-458
-201
-26
-74
-56
25
92
78
82
35
51
-21
-73
-100
-5
-120
-219
-184
-346
-405
-341
-316
-366
-378
-354
-270
-164
-73
-257
-124
-168
-363
-429
-314
-82
-34
9
98
149
-29
-8
-90
-51
45
-241
-243
-280
-475
-453
-329
-295
-485
-486
-590
-576
-455
-556
-682
-714
-848
-926
-870
-701
-598
-652
-581
-517
-443
-414
-474
-764
-868
-883
-781
-676
-536
-522
-705
-807
-899
-773
-741
-857
-921
-891
-855
-877
-872
-790
-684
-594
-351
-251
-382
-488
-523
-590
-604
-406
-369
-256
-186
-57
41
56
162
115
28
-35
-115
-37
-20
-9
23
151
162
28
144
262
573
704
646
473
510
587
519
631
636
573
653
740
622
594
816
762
682
810
835
745
704
850
725
708
659
494
313
505
435
354
441
352
270
219
199
164
76
76
-11
-119
-121
-183
-251
-128
-45
-196
-130
-102
-79
-128
-222
-141
-97
-144
-137
-20
-33
-68
84
80
-97
-133
-93
-138
-199
-225
-223
-127
-214
-203
-282
-296
-131
-21
132
217
204
113
139
26
77
63
119
141
134
300
588
635
640
812
793
683
700
666
562
485
329
135
231
318
297
584
744
790
916
951
920
991
946
667
455
439
340
356
231
-183
-463
-275
-107
-320
-503
-576
-609
-671
-610
-400
-414
-556
-716
-883
-909
-797
-806
-664
-411
-178
-28
-92
-124
-230
-315
-364
-410
-607
-632
-752
-679
-529
-651
-762
-666
-504
-609
-747
-958
-1109
-1182
-1175
-1077
-901
-929
-808
-748
-834
-778
-665
-610
-393
-88
-150
-152
-67
-51
-91
-229
-434
-645
-648
-585
-545
-612
-654
-660
-630
-575
-742
-702
-574
-447
-266
-385
-458
-364
-435
-421
-158
43
158
259
338
539
700
766
709
645
688
661
707
688
772
618
229
-220
-348
-250
-268
-497
-661
-625
-321
-188
-329
-578
-719
-525
-324
66
347
364
315
439
466
412
403
365
361
374
524
435
454
608
394
387
183
-182
-267
-302
-366
-461
-487
-467
-515
-626
-701
-722
-687
-521
-495
-547
-399
-224
71
355
522
609
659
663
592
641
757
657
594
746
737
688
643
469
142
82
93
57
71
23
-80
-165
-209
-269
-292
-247
-224
-153
30
200
343
476
672
527
503
501
574
714
805
912
964
1051
873
909
856
657
742
889
806
651
371
181
0
-139
-153
-294
-546
-508
-172
-53
-180
-452
-514
-456
-423
-398
-184
-249
-302
-352
-256
-4
59
156
91
2
26
294
432
350
247
101
-78
-277
-478
-540
-516
-443
-267
-16
122
90
22
-67
-39
-91
-217
-219
-53
262
439
437
482
407
391
323
150
15
37
177
78
22
6
27
-56
-104
-241
-532
-693
-787
-771
-701
-831
-985
-1063
-1051
-1113
-1256
-1220
-1252
-1150
-932
-732
-636
-530
-380
-272
-186
-190
-133
-100
51
286
351
292
276
392
627
646
653
731
648
528
393
207
-24
-253
-275
-263
-273
-291
-216
-169
-174
-279
-425
-380
-429
-617
-684
-482
-286
-250
-169
104
110
-127
-388
-566
-564
-451
-137
159
323
299
140
-11
-212
-380
-509
-497
-493
-532
-301
-90
-4
101
8
-29
9
5
-132
-130
27
116
160
129
199
202
122
-37
-100
-57
-92
-6
73
38
-145
-337
-419
-497
-544
-545
-630
-673
-689
-786
-797
-793
-872
-800
-698
-794
-848
-726
-563
-372
-374
-487
-621
-511
-122
116
42
30
157
354
507
559
676
784
886
1066
1335
1497
1660
1757
1828
1702
1390
1198
1148
1081
858
558
497
620
656
568
466
365
212
26
-182
-160
204
274
245
265
129
47
-91
-242
-188
-75
-24
204
355
352
224
86
13
-119
-155
-222
-124
-95
18
118
113
125
185
326
261
181
69
176
468
581
475
430
498
310
170
-14
-134
9
95
238
440
409
395
434
295
225
249
113
-17
-20
-104
-193
-193
-236
-281
-368
-403
-376
-255
-224
-220
-181
-283
-239
-117
-44
2
106
108
251
437
725
882
913
964
1155
1274
1088
1007
971
939
1090
1404
1393
1284
1165
829
817
820
501
297
408
684
649
486
256
93
-113
-309
-311
-358
-371
-373
-271
-200
-275
-639
-822
-890
-926
-862
-645
-322
-162
-180
-224
-243
-421
-496
-585
-664
-438
-280
-267
-299
-265
-404
-503
-474
-451
-524
-657
-630
-604
-419
-207
-61
-70
-91
-327
-453
-527
-482
-345
-296
-336
-466
-397
-325
-407
-495
-421
-429
-370
-216
-261
-324
-350
-490
-457
-573
-820
-1009
-1182
-1083
-991
-1004
-1068
-1114
-897
-603
-226
4
43
123
187
143
-97
-23
43
67
316
460
752
1010
1135
1129
1220
1216
1227
898
410
161
2
-18
-238
-476
-443
-328
-400
-541
-651
-708
-704
-668
-650
-613
-704
-789
-780
-794
-814
-873
-861
-821
-717
-585
-411
-310
-356
-356
-355
-529
-725
-740
-729
-690
-615
-487
-435
-200
-84
-34
-135
-191
-291
-334
-254
-39
276
364
371
467
545
584
551
331
224
266
366
431
589
816
720
620
653
467
353
236
-29
-159
-96
94
27
-36
-18
-208
-423
-605
-749
-810
-708
-579
-512
-420
-304
-197
-77
62
91
164
92
45
68
246
495
693
825
802
962
1021
1112
1224
1164
1105
1088
1215
1303
1162
883
622
517
395
193
-22
-9
-13
-105
-150
-220
-163
-283
-434
-403
-385
-438
-654
-790
-773
-726
-674
-593
-278
-131
33
107
220
288
236
188
-45
-106
-169
-173
-254
-320
-411
-439
-371
-334
-354
-491
-588
-699
-852
-1126
-1115
-935
-851
-659
-756
-751
-568
-549
-708
-826
-802
-540
-159
45
152
208
297
411
376
178
-59
-262
-324
-332
-309
-360
-415
-490
-694
-787
-925
-900
-976
-1090
-905
-852
-607
-408
-252
-109
-30
63
44
36
67
129
267
585
756
834
902
948
843
650
704
815
761
873
914
941
1002
931
702
314
69
-60
-283
-559
-647
-610
-452
-247
-334
-382
-364
-320
-368
-350
-181
-16
-19
-156
-171
-217
-142
-188
-311
-448
-526
-453
-179
45
-21
-147
-202
-166
-236
-411
-449
-593
-720
-805
-802
-705
-537
-482
-638
-680
-629
-645
-712
-693
-589
-520
-374
-268
-221
-155
-289
38
292
474
615
465
452
581
344
70
242
3
-317
-625
-860
-658
-446
-520
-786
-559
-371
-360
-529
-683
-416
-225
-178
-303
7
216
278
214
560
1178
1009
1364
1446
1538
1724
1827
1729
1817
1804
1277
1295
1151
919
810
936
890
926
792
501
278
231
330
388
339
274
312
417
436
396
301
313
249
118
314
408
402
225
14
-64
-2
-238
-387
-253
-212
-190
-305
-410
-543
-661
-904
-1122
-1097
-1058
-963
-804
-795
-722
-573
-528
-598
-657
-539
-495
-294
-33
137
219
203
165
260
269
121
42
197
41
-110
77
-23
0
-5
-276
-302
-436
-573
-416
-208
-276
-346
-490
-379
-288
-434
-510
-519
-333
-375
-326
-333
-226
-129
145
465
515
615
873
833
694
733
557
470
483
792
1022
985
840
619
593
580
394
369
655
769
661
561
586
318
-7
77
157
294
293
219
328
437
282
356
559
353
198
96
65
368
381
102
53
78
58
379
452
155
73
-149
-275
-270
-321
-400
-363
-448
-358
-185
-191
-276
-432
-457
-377
-229
-141
-58
-3
210
12
-31
277
214
181
296
319
366
535
651
740
768
580
465
443
87
-125
-339
-274
-225
-475
-471
-294
-68
-109
-23
35
123
164
51
-36
-69
-25
-45
48
212
515
472
224
67
86
100
101
426
640
697
458
78
298
399
265
226
211
171
249
-42
-321
-185
-39
-62
-50
34
10
95
14
36
67
22
54
46
105
175
141
84
74
59
-272
-171
-58
-52
-151
-220
-210
-191
-237
-167
-10
-63
-326
-406
-616
-665
-651
-732
-643
-666
-773
-691
-381
-21
265
281
435
463
288
224
272
403
426
339
370
355
380
540
537
529
696
750
740
531
170
180
333
361
208
187
285
414
232
237
371
321
140
183
305
-2
-106
93
119
-43
155
94
121
212
270
186
602
441
359
223
72
87
-41
-251
-362
-209
-216
-314
-222
-284
-247
-110
-187
-208
-62
115
-183
11
215
261
170
-68
16
133
194
220
263
350
525
523
367
158
329
399
427
448
596
564
337
100
-11
89
176
218
140
1
29
-198
-316
-352
-247
-278
-414
-41
176
165
149
166
62
135
92
15
62
150
-71
-166
-133
-1
170
233
218
386
297
200
131
165
14
-171
54
-20
-165
-156
-7
-208
-384
-454
-595
-433
-378
-312
-291
-145
-310
-408
-514
-569
-370
-500
-496
-341
-282
-275
-366
-588
-576
-417
-334
-85
-63
7
7
-213
-582
-430
-250
-176
-196
-206
-293
-178
-300
-517
-413
-280
-350
-393
-134
80
252
-58
-38
100
276
134
-35
181
241
355
268
-5
-84
-86
-1
62
72
398
81
-226
-527
-385
-401
-295
-5
-168
-332
-594
-604
-561
-430
-466
-365
22
-128
-21
123
356
299
75
-114
-71
-124
-196
115
168
259
-51
-32
-131
-367
-63
-31
-324
-254
-4
-105
-42
-43
-91
491
454
239
-117
-24
82
392
196
-32
320
647
587
398
401
360
438
330
317
328
311
451
-118
-181
-84
52
-243
-174
-246
-338
-384
-234
1
-412
-246
-205
-257
-66
14
-180
-122
-123
-180
-145
-87
-188
-329
-239
12
221
-48
-63
-196
-455
-552
-357
-491
-430
-332
-415
-473
-656
-643
-586
-418
-577
-808
-952
-862
-890
-948
-1012
-814
-704
-447
-343
-363
-280
-176
-159
-113
-3
248
450
287
240
62
-55
-157
-161
9
121
60
-108
-51
134
246
319
84
216
264
179
-57
-25
106
103
168
28
83
-33
231
168
141
234
438
148
-274
-456
-293
176
-147
-521
-237
410
146
-165
-200
116
549
-174
-208
11
-39
-410
-240
-241
49
-11
-549
-526
-237
-7
-121
-253
-184
69
-8
-365
-272
-133
-241
-411
-302
-136
174
273
-19
-144
-15
-82
-187
-140
-113
-77
-201
-442
-517
-392
-394
-437
-524
-602
-432
-524
-565
-742
-596
-526
-494
-533
-340
-13
-249
-374
-404
-28
255
7
3
297
294
119
-150
-242
-222
-209
-534
-257
15
102
-56
92
357
220
-53
-47
102
54
-45
-53
162
360
325
-24
86
87
286
151
335
422
449
468
360
423
419
264
121
381
300
288
92
-114
-110
-60
-193
29
375
459
383
240
255
183
136
-210
-336
-360
-435
-511
-612
-407
-377
-445
-467
-336
-200
-143
-203
-153
-39
67
-57
-349
-342
-229
-294
-373
-202
-371
-289
-479
-281
11
-171
-152
20
85
55
-198
-351
-238
-303
-490
-359
-180
-174
-254
-173
-67
144
-83
-321
-198
-153
-210
-224
-6
84
-17
-181
-10
22
4
-161
-341
-185
61
-9
-253
-234
-95
-113
-211
-222
-270
-290
-165
-170
51
273
174
-20
-113
-89
-27
-96
34
56
203
250
220
409
281
160
251
2
-195
40
-4
-156
-58
-119
-3
-56
134
328
297
443
521
492
527
315
35
246
300
398
269
491
764
861
500
333
366
97
195
31
216
-21
-30
-71
-74
2
93
180
27
-38
154
426
211
137
26
224
275
290
160
178
2
-134
30
-1
219
277
292
312
245
183
105
151
-202
-226
-343
-158
-191
-254
-188
20
57
-106
-158
-71
-91
-121
3
98
-66
-110
69
58
13
-81
-12
149
180
-81
-209
-156
-309
-238
-394
-353
-295
-356
-291
-423
-588
-488
-378
-393
-176
-314
-391
-327
-354
-146
57
267
197
-20
-159
-75
-53
501
640
372
475
621
389
187
145
152
301
58
-189
190
328
227
186
51
252
375
89
-38
237
317
264
-86
-492
-612
-429
-433
-263
-278
-146
-66
4
-286
-347
58
-132
-334
-465
-491
-251
-322
-353
-327
-277
-235
-274
-188
79
144
102
-155
-312
-186
-45
101
256
56
84
423
411
269
-108
-231
-37
-59
-364
-359
-324
-179
-244
-548
-430
-386
-294
-294
-422
-566
-467
-324
-509
-367
-295
-424
-421
-457
-206
-49
-150
-140
-219
-358
-100
108
-92
70
-100
-268
-182
-355
-160
-142
-107
302
288
207
295
334
673
477
310
404
267
193
122
-22
51
217
-108
-138
-359
-565
-543
-413
-383
-200
-260
-185
-24
-157
-90
6
-56
-51
0
-242
-159
-175
-248
-171
-3
205
320
364
351
331
108
209
354
387
284
292
366
470
308
307
259
53
66
313
395
504
603
597
751
656
471
561
674
594
478
775
824
656
503
496
705
664
550
350
298
245
271
343
491
460
418
160
77
-57
-88
-145
16
90
-151
5
73
72
140
200
-85
113
365
196
269
265
290
220
179
256
155
111
-105
-66
65
-63
-38
81
87
104
91
27
-189
-268
-319
-330
-300
-264
-394
-264
-153
-254
-396
-628
-567
-342
-361
-397
-368
-247
-57
-179
-122
-30
98
185
4
-113
-49
115
105
78
-87
-5
96
-213
-243
-105
32
-8
-28
149
65
14
-39
-169
-149
88
214
187
97
-30
318
501
524
506
405
357
295
379
310
322
335
317
177
-32
-246
-236
-144
-180
-443
-360
-239
-181
-188
-311
-368
-228
10
-28
23
2
-117
-188
-110
-54
147
321
363
423
367
525
401
599
624
473
301
128
-8
-172
-104
-260
-355
-278
-311
-454
-646
-636
-471
-461
-409
-311
-281
-392
-290
-360
-286
-85
82
267
258
58
-21
108
88
121
191
322
138
-5
22
60
129
119
241
412
501
479
427
243
226
259
159
-43
-131
-114
-21
91
261
244
398
583
467
283
448
436
423
321
62
120
110
155
204
158
183
246
244
148
119
157
13
-267
-255
-208
-218
-155
-311
-325
-331
-468
-419
-361
-291
-321
-172
-111
-144
-423
-501
-360
-264
-204
-127
-121
-200
-133
8
146
212
207
191
225
50
95
26
-171
-346
-210
-193
-196
-207
-180
-1
129
154
197
122
-85
12
-37
-94
-45
-175
-111
-111
-8
151
248
312
542
658
520
412
105
151
342
506
675
616
322
118
25
-143
-156
-228
-372
-367
-202
-100
-104
-191
-170
11
32
147
322
382
310
183
163
111
-3
-88
-155
-94
-50
-22
-53
-85
-76
-320
-400
-178
-188
-209
-401
-547
-575
-486
-537
-629
-558
-465
-640
-804
-665
-561
-521
-576
-572
-566
-588
-477
-439
-469
-411
-205
-42
-26
-173
-291
-74
147
497
564
426
519
363
302
236
271
320
324
549
732
687
577
469
553
863
1099
1101
1073
1160
1218
1325
1257
1210
1219
1279
1469
1520
1530
1450
1638
1694
1559
1615
1609
1488
1370
1062
719
341
212
-101
-366
-634
-765
-831
-909
-978
-985
-704
-540
-305
-322
-331
-346
-234
-67
-116
-114
-173
-63
-64
-187
-167
118
271
386
353
227
207
135
-78
-349
-479
-616
-831
-993
-1233
-1527
-1625
-1651
-1731
-1726
-1767
-1840
-2066
-2266
-2211
-2222
-2098
-1875
-1549
-1326
-1248
-1051
-892
-709
-404
-212
-23
134
326
348
276
288
311
314
350
347
188
59
-98
-107
15
58
93
162
96
-74
-55
-186
-236
-71
294
525
706
883
1187
1484
1597
1768
1785
2100
2186
2270
2341
2201
2180
2195
2189
2165
2088
2177
2209
2114
1873
1907
1708
1041
354
-211
-519
-1133
-1737
-2208
-2294
-2307
-2292
-2215
-1894
-1350
-787
-249
-59
279
613
792
762
758
888
1132
1237
1228
1419
1794
2031
1943
1796
1824
1728
1460
934
393
98
-367
-998
-1603
-2110
-2268
-2347
-2440
-2469
-2254
-2044
-1984
-1851
-1598
-1094
-675
-596
-342
38
517
1018
1180
1264
1409
1598
1588
1387
1283
1179
911
572
192
-28
-248
-678
-1337
-1576
-1616
-1709
-2045
-2624
-2750
-2504
-2159
-1977
-1666
-1292
-945
-471
-152
278
695
804
886
870
1011
1355
1457
1454
1497
1690
1871
1842
1672
1491
1417
1288
1105
864
711
629
395
323
277
353
522
753
987
1457
2039
2119
1867
1438
1053
817
333
-398
-1038
-1395
-1997
-2636
-2872
-2274
-1295
-811
-384
59
866
1339
1479
1489
1627
1885
1357
643
99
155
660
762
772
1149
1585
1763
1644
1549
1661
1871
1391
365
-539
-1139
-1546
-2210
-2869
-3252
-3227
-3212
-3440
-3442
-3071
-2486
-1980
-1568
-1197
-782
-480
-558
-552
-264
133
211
83
226
801
1198
1191
831
761
798
578
108
-639
-1175
-1689
-2199
-2641
-2843
-2794
-2832
-3053
-3193
-2886
-2456
-2110
-1762
-1411
-801
-234
34
209
708
1201
1349
1199
1079
1421
1674
1818
1816
1908
2113
2247
2126
1856
1939
2065
1768
1354
908
916
742
541
438
635
1064
1280
1655
2065
2389
1990
1411
883
510
-279
-987
-1158
-1402
-2188
-3042
-2996
-2161
-1228
-891
-431
426
1097
1378
1457
1988
2426
2566
1965
1114
824
845
897
431
79
283
487
369
115
407
769
783
184
-772
-1145
-1263
-1735
-2627
-3398
-3483
-3501
-3844
-4060
-3706
-2940
-2533
-2470
-2113
-891
351
889
1004
1499
2220
2370
2046
1805
2009
2174
1945
1380
958
887
723
210
-243
-363
-494
-913
-1636
-2124
-2288
-2723
-2997
-3323
-3192
-2903
-2621
-2150
-1451
-403
0
211
386
891
1367
1466
1545
1519
1675
1640
1419
1344
1217
1118
968
743
590
509
616
520
570
493
372
230
-50
-113
-175
-27
253
410
785
1156
1702
1708
1066
830
766
917
63
-697
-995
-1212
-2137
-3278
-2975
-2147
-1416
-1679
-1564
-744
59
584
583
1217
1952
2179
1473
643
1030
1343
1217
370
-326
100
319
290
23
479
1248
991
344
-302
-69
31
-660
-1588
-2188
-2052
-2575
-3324
-3800
-3505
-2765
-2860
-2988
-2474
-1171
6
356
744
1690
2747
2857
2587
2555
2830
2873
2229
1564
1186
1013
437
-466
-1099
-1321
-1433
-2097
-2812
-2902
-2623
-2687
-3035
-3270
-3043
-2332
-2002
-1893
-1851
-1372
-957
-667
-174
311
963
1138
1154
1354
1675
1994
1782
1631
1601
1759
1732
1306
1262
1413
1552
1178
717
688
724
735
520
382
611
853
945
1067
1517
2094
1698
1020
733
898
687
-257
-566
-616
-1090
-2467
-3235
-2576
-1640
-1309
-1750
-1133
57
1071
1445
1478
2286
2901
2915
1930
1365
1945
1891
1187
106
-11
511
456
288
136
948
1371
806
162
-8
396
-27
-1080
-1853
-2100
-2091
-2777
-3360
-3494
-2976
-2593
-2895
-2588
-1590
-414
-14
87
799
1690
2185
2027
2104
2527
2608
2107
1213
818
628
144
-660
-1487
-2129
-2459
-2864
-3555
-3891
-3740
-3638
-3859
-3838
-3487
-2819
-2495
-2251
-1724
-1197
-481
-113
244
995
1543
1794
1525
1467
1875
1918
1665
1343
1365
1285
1115
763
631
794
901
1066
878
859
1000
1016
623
155
224
437
512
726
914
1474
1266
512
356
384
447
-578
-851
-644
-1037
-1932
-2538
-1621
-1050
-1078
-1530
-979
289
870
1291
1543
2816
3376
3204
2489
1932
2754
2588
1842
900
681
1258
906
538
345
897
1308
836
663
576
1189
828
-217
-882
-1255
-1233
-2203
-2872
-2892
-2481
-2496
-3413
-3178
-2149
-1093
-696
-590
521
1623
2156
2143
2343
3124
2971
2327
1525
1148
946
346
-553
-1420
-1859
-2091
-2367
-3005
-3299
-3245
-3334
-3681
-3466
-2916
-2159
-1927
-1958
-1381
-722
167
511
792
1229
1510
1673
1457
1789
2093
1934
1637
1325
1466
1445
1309
1146
1143
1267
1071
1002
952
961
1139
955
602
223
277
455
219
346
452
914
423
-288
-208
-78
-59
-1163
-1283
-1093
-1616
-3039
-3433
-2245
-1755
-2094
-2588
-1523
-313
296
668
1318
2623
2986
3055
2805
2799
3147
2831
2030
1049
1030
1164
639
174
50
584
444
-123
-280
24
817
463
-289
-848
-1004
-1152
-2075
-2601
-2769
-2566
-2899
-3527
-3131
-2213
-1201
-1137
-744
362
1449
2131
2376
3045
3548
3437
2880
2473
2455
1974
1055
10
-914
-1538
-2354
-3142
-3778
-3927
-4124
-4456
-4525
-3942
-3036
-2708
-2622
-2311
-1672
-960
-355
204
809
1414
1531
1415
1447
1621
1768
1384
1130
1204
1292
1130
791
818
851
543
31
-299
-77
-29
-130
-542
-725
-536
-215
38
156
522
795
1303
1253
591
552
747
733
-284
-874
-386
-567
-1783
-2585
-1864
-994
-1085
-1645
-1061
280
878
1012
1229
2252
2851
2665
2517
2632
3426
3532
2950
2486
2521
2924
2635
2152
1877
2177
2172
1536
1334
1449
1928
1918
1292
847
468
44
-1023
-2011
-2414
-2798
-3419
-4230
-3986
-3218
-2484
-2402
-2209
-977
356
1215
1693
2670
3863
4110
3780
3496
3545
3034
1667
265
-742
-1348
-2374
-3500
-4217
-4265
-4467
-5291
-5912
-5801
-5294
-5107
-4979
-4398
-3279
-2038
-1118
-441
472
1479
1968
2075
2168
2482
2862
2636
2187
2010
2190
2208
1619
1084
918
770
481
43
135
367
426
285
114
219
447
500
393
386
660
1163
1366
1752
1578
1478
1635
1299
790
-65
-37
-125
-1143
-2261
-2238
-1356
-1462
-2185
-2476
-1518
-993
-1116
-639
348
1456
1448
1361
1667
2413
3302
3025
2688
2591
2768
2557
1892
1920
2012
2040
1476
1095
1348
1459
1688
1211
812
666
501
228
-575
-1056
-1786
-2820
-4084
-4920
-4518
-3895
-3471
-3344
-2297
-562
472
930
1490
2834
3987
4010
4117
4672
5279
4963
3657
2315
1256
396
-991
-2399
-3339
-3678
-4072
-4939
-5327
-4862
-4665
-5088
-5441
-4985
-3833
-2884
-2012
-1095
189
1513
2080
2142
2329
2993
3008
2143
1516
1622
1946
1595
976
778
697
256
-472
-886
-893
-756
-676
-770
-525
-6
400
301
20
-29
132
72
46
640
1218
1154
1120
1202
1282
860
114
-31
-528
-1744
-2527
-2083
-1910
-2356
-2761
-2340
-1563
-1495
-1296
-656
113
190
247
951
1639
2117
1957
1703
1646
1604
1364
1189
1356
1483
1355
1023
902
1179
1112
782
302
-237
-738
-1144
-1092
-1007
-1155
-1285
-1383
-1381
-1409
-1170
-968
-909
-889
-1110
-1333
-1416
-1035
-262
549
1154
1728
2623
3323
3579
3312
3110
3485
3215
2418
1900
1552
984
-311
-1349
-2306
-3085
-4079
-5128
-5550
-5524
-4860
-4527
-4227
-3499
-2688
-2413
-2393
-1734
-890
-139
335
835
1745
2245
2578
2511
2102
1799
1431
1090
617
542
843
1101
1117
601
274
-128
-667
-1028
-1497
-1467
-1404
-1331
-1038
-763
-201
254
186
-128
121
968
1565
1643
1809
2675
2364
856
-147
58
-28
-1312
-2128
-1807
-1246
-1533
-1896
-988
155
633
645
1170
2079
2552
2460
2308
2448
2247
1924
1591
1140
1057
973
927
849
889
937
890
516
-47
-233
-313
-414
-936
-1680
-2116
-2378
-2664
-2940
-2765
-2340
-2096
-1977
-1637
-671
278
1067
1563
2129
2708
3017
3367
3661
3721
3194
2306
1587
902
735
756
78
-582
-904
-1009
-1731
-2884
-3339
-2902
-2713
-2888
-2676
-1876
-867
-771
-1208
-1361
-1040
-885
-1444
-1545
-961
-267
-513
-1396
-1470
-1202
-1422
-2186
-2294
-1209
-191
435
988
1792
2336
2158
1708
1429
1543
1065
270
-358
-574
-523
-519
-723
-849
-764
-953
-1545
-1616
-751
305
431
-4
726
1326
462
-501
-195
638
253
-699
-662
506
701
128
260
509
527
292
420
1119
1762
1710
1402
1435
1567
1784
1764
1584
1659
1662
1362
1238
1370
1286
844
213
-370
-831
-1269
-1592
-1741
-2208
-2618
-2883
-3138
-3170
-3196
-3153
-2875
-2810
-2650
-2205
-1813
-1194
-440
367
1250
2171
3032
3912
4396
4341
4568
4720
4438
4102
3768
3182
2043
463
-793
-1452
-2093
-3041
-4106
-4983
-5372
-5321
-4856
-4014
-3174
-2334
-1540
-976
-430
-23
504
1353
2142
2225
2103
2329
2197
1637
634
-212
-604
-1054
-1288
-1006
-348
-56
-472
-801
-601
-417
-811
-976
-662
-124
374
727
1239
1828
2143
2283
2274
1972
2022
2382
2253
1736
1393
1285
679
-1246
-3094
-2889
-2359
-2821
-3259
-2453
-972
-463
-638
-51
1211
1615
1480
1892
2743
3731
3755
3216
3271
3191
2819
2225
1857
1745
1394
867
735
1011
806
338
-81
-624
-754
-1110
-1437
-1546
-2020
-2307
-2660
-3078
-3499
-3618
-3699
-3831
-3933
-3578
-2576
-1727
-1151
-364
440
1327
2122
2969
3788
4031
3918
3820
3576
3081
2500
2023
1544
727
-146
-705
-1103
-1822
-2669
-3233
-3397
-3159
-3111
-2887
-2449
-2185
-2009
-1872
-1353
-591
44
-359
-885
-1121
-1115
-521
209
972
1381
1510
1550
1335
970
535
422
420
144
-133
-126
333
448
191
-488
-1239
-1777
-1885
-1759
-1087
-198
482
770
1202
1927
1883
1163
918
1410
1722
1396
1219
1869
1648
-226
-1513
-895
-575
-1399
-2330
-1896
-855
-1018
-1584
-941
280
414
-7
62
984
1982
1981
1907
2291
2592
2780
2584
2800
3200
3167
2812
2436
2281
1963
1506
777
-57
-705
-1140
-1373
-1926
-2437
-2869
-3540
-4172
-4357
-3860
-3126
-2743
-2486
-1614
-717
-243
405
1592
2592
2899
2879
3076
3527
3438
2873
2431
1993
1315
713
460
255
-77
-449
-547
-745
-1194
-1697
-2236
-2758
-2991
-3174
-3350
-3220
-2822
-2742
-3202
-3252
-2310
-1388
-869
-210
527
961
1333
1741
2076
2331
2289
2026
1721
1747
2201
1878
548
-735
-1323
-1206
-864
-639
-162
479
1014
1335
1355
1492
1736
2033
2004
1886
2427
3151
3498
2824
1674
863
686
508
-115
-200
105
-129
-1872
-3281
-2551
-1916
-2564
-3473
-3191
-1987
-1185
-783
278
1985
2290
1819
1610
2462
3802
3762
3138
2822
2470
1853
1071
814
705
287
-582
-954
-482
-241
-218
-455
-510
-735
-1059
-1049
-927
-848
-1262
-1881
-2460
-2781
-2456
-1919
-1698
-1634
-1246
-400
448
1140
1892
2383
2297
1886
2066
2629
2727
2341
1845
1643
1298
862
759
940
1027
732
405
-108
-775
-1362
-1770
-2362
-3363
-4075
-4217
-4539
-4907
-5026
-4873
-4615
-4274
-3430
-2284
-1052
78
711
855
1197
1704
1750
1579
1587
1751
1571
1078
995
1296
1462
1387
1307
1416
1487
1644
1896
2167
2350
2322
1920
1427
853
14
-794
-1032
-467
54
247
698
1344
1377
1033
918
872
872
685
857
1227
427
-395
-332
-269
-575
-1143
-947
-112
491
554
1045
1303
824
-15
-797
-678
-410
-207
-108
-47
271
235
414
878
1296
1658
1906
1892
1515
1299
1066
493
-630
-1898
-2553
-3109
-3742
-3931
-3470
-2901
-3006
-3214
-2531
-1206
-236
180
807
1553
1925
1794
1871
2420
2615
2237
1856
1932
2380
2633
2723
2700
2368
1922
1193
374
-232
-381
-721
-1906
-3113
-3688
-3792
-4061
-4733
-4866
-4615
-4538
-4540
-4124
-3378
-2855
-2747
-2912
-2498
-1779
-1166
-833
-624
37
593
895
1249
1758
2161
1904
1353
1045
912
701
483
236
120
156
92
118
275
585
943
1049
1204
1425
1743
1753
1565
1498
1330
1232
1070
1337
2031
2650
2336
1058
223
467
969
769
467
894
1114
188
-647
-207
320
263
-195
8
921
1494
1580
1383
1280
798
-115
-859
-970
-398
103
-22
-502
-659
-449
-400
-345
-127
533
1041
644
298
301
621
261
-876
-1456
-1090
-742
-1012
-1253
-919
-497
-927
-1858
-1970
-1267
-905
-1046
-1147
-980
-708
-521
-137
753
1757
2388
2632
2886
3233
3452
3248
2600
2052
1843
1465
677
-227
-578
-973
-1770
-2618
-3097
-3148
-3277
-3428
-3581
-3508
-3494
-3319
-3215
-3160
-2578
-2281
-2265
-1891
-1078
-267
17
-167
-203
174
430
386
522
779
714
291
-117
-237
161
402
193
45
229
339
24
-429
-535
-378
-375
-634
-755
-344
19
-57
-34
324
1117
2091
2810
3466
4441
5183
5116
4272
3654
3167
2842
2042
959
26
-980
-2233
-3279
-3212
-2573
-2169
-2115
-1864
-1190
-765
-808
-729
-282
263
453
820
1263
1684
2035
2256
2336
2117
2118
2154
2070
1776
1186
610
-206
-1182
-2055
-2296
-2229
-2175
-2235
-2380
-2113
-1802
-1976
-2123
-1937
-1690
-1844
-2235
-2074
-1450
-967
-737
-547
156
915
1296
1380
1556
1941
2034
1611
1062
758
627
367
37
-54
361
412
-215
-559
-83
473
156
-816
-1684
-2247
-2856
-3516
-3973
-4088
-3837
-3731
-3509
-2713
-1744
-1050
-721
-588
-191
73
105
250
660
870
879
924
1041
1294
1424
1085
576
196
-116
-528
-989
-1179
-1184
-1137
-1041
-649
81
848
1444
1669
1715
1805
1769
1663
1682
1817
1923
2054
2079
1845
1865
2213
3095
3905
4274
4069
3545
2956
2198
1554
806
379
-371
-1336
-1959
-2146
-2073
-1825
-1433
-1053
-1030
-1081
-742
-519
-653
-835
-817
-409
139
902
2272
3605
4226
4263
4122
3945
3307
2374
1456
681
-176
-1278
-2206
-2811
-3350
-3844
-3907
-3512
-3146
-2953
-3075
-3124
-3144
-3283
-3553
-3466
-2918
-2092
-1011
168
1233
2101
2801
3267
3314
3284
3053
2268
1519
1018
744
448
101
-251
-444
-435
-606
-782
-1042
-1454
-1843
-2103
-2226
-2380
-2534
-2585
-2615
-2434
-1964
-1272
-410
-9
338
387
389
174
24
-22
-427
-556
-345
256
696
976
1143
1363
1393
1330
1024
517
170
-334
-610
-888
-1143
-1305
-1577
-1612
-1349
-923
-724
-599
-486
-200
-55
14
199
398
596
1133
1870
2472
2999
3283
3373
3244
3003
2922
2962
3187
3293
3142
2544
1936
1220
159
-478
-793
-772
-1338
-2327
-2547
-2463
-2449
-2643
-2719
-2464
-2080
-1531
-1107
-580
-5
602
1178
1620
2168
3072
3707
4038
4296
4552
4427
3635
2567
1912
1612
945
-300
-1565
-2288
-2866
-3589
-4031
-3943
-3576
-3587
-3822
-3845
-3541
-3196
-3098
-2809
-2213
-1670
-1080
-377
360
1021
1578
2000
2211
2258
2179
2088
1942
1602
1563
1474
1156
801
384
67
-336
-920
-1624
-2293
-2803
-3055
-2920
-2753
-2621
-2276
-2055
-1956
-1620
-959
-332
16
229
567
1140
1640
1863
2004
2223
2408
2383
2256
1918
1604
1303
810
200
-338
-971
-1545
-1845
-2010
-2266
-2493
-2602
-2502
-2335
-2020
-1647
-1084
-536
-59
272
769
1499
1964
2424
2738
2836
2835
2753
2752
2696
2575
2165
1762
1478
1257
1207
1178
1036
807
575
564
692
746
534
268
109
-634
-989
-1135
-994
-814
-680
-233
125
148
-41
146
269
212
-100
-69
-73
-344
-210
251
813
977
772
868
1055
701
409
404
482
447
146
21
119
66
-252
-698
-907
-819
-1090
-1633
-2114
-2544
-2628
-2391
-2239
-2061
-1800
-1535
-1403
-1294
-1009
-486
118
450
602
776
1060
1422
1658
1861
1982
2015
2253
2404
2403
2272
2179
1913
1400
924
566
21
-670
-1230
-1543
-1727
-1792
-1799
-1733
-1476
-1261
-951
-619
-469
-421
-277
64
428
846
1287
1727
2057
2158
2365
2476
2518
2446
2148
1791
1551
1056
508
122
-106
-371
-832
-1165
-1470
-1631
-1721
-1749
-1723
-1667
-1569
-1403
-1223
-1043
-577
-166
223
636
949
1439
1626
1620
1678
1689
1627
1693
1621
1495
1102
782
537
415
199
-73
-56
296
601
318
9
-36
21
-152
-450
-590
-573
-877
-1272
-1582
-1251
-612
-426
-667
-994
-951
-724
-736
-878
-689
-328
-130
-83
-87
80
459
631
584
413
360
344
25
-281
-528
-570
-423
-501
-432
-434
-538
-644
-665
-654
-677
-706
-978
-1247
-1428
-1463
-1302
-953
-548
-244
103
276
104
23
192
489
447
143
-162
-209
-71
28
232
384
613
756
787
934
1102
1202
1045
703
220
-32
-232
-411
-567
-676
-499
-174
247
604
635
382
205
9
-246
-585
-840
-751
-616
-543
-429
-275
-181
-186
-113
31
221
410
488
417
375
411
478
528
738
1081
1223
1264
1251
1160
1061
1133
1161
1073
767
401
39
-192
-168
-147
-378
-653
-650
-507
-496
-858
-1051
-928
-587
-487
-594
-375
103
186
-39
-35
206
327
299
246
265
308
296
151
-47
-189
-266
-352
-584
-671
-665
-621
-467
-429
-501
-562
-586
-542
-637
-652
-508
-240
-213
-290
-108
163
136
-130
-163
-130
-90
-188
-318
-247
-28
89
82
13
-88
-91
-39
-148
-211
-127
67
228
360
481
398
277
143
9
124
195
229
370
402
393
361
397
363
133
-22
8
96
202
374
587
770
892
855
726
571
448
393
187
71
16
-122
-348
-668
-838
-971
-1143
-1110
-823
-606
-656
-904
-1064
-1146
-1113
-1145
-1114
-965
-839
-640
-413
-200
-118
23
216
252
416
469
459
271
-76
-93
97
28
-279
-526
-432
0
169
-5
-194
-130
-51
-361
-835
-884
-565
-504
-879
-990
-538
-176
-323
-760
-654
-267
-268
-520
-582
-362
-504
-894
-1130
-972
-586
-480
-478
-440
-323
-76
-112
-224
-263
-243
-319
-236
-64
65
209
355
424
493
522
541
768
783
688
632
722
783
686
521
598
927
1170
1091
742
476
325
117
-36
-57
71
291
368
457
656
801
722
497
446
518
515
569
663
765
852
893
958
938
733
446
165
-81
-185
-283
-240
-164
-136
-260
-491
-508
-541
-609
-795
-914
-809
-826
-1000
-1278
-1530
-1459
-1159
-1001
-871
-762
-684
-626
-476
-297
-133
-11
171
632
967
1099
1165
1164
1124
1058
1006
915
823
871
864
703
514
448
559
429
-126
-639
-828
-747
-896
-1130
-1198
-850
-569
-730
-847
-722
-519
-404
-401
-388
-172
-82
-137
-184
-28
116
74
-66
-126
-88
-33
-115
-355
-419
-250
-97
-224
-326
-293
-417
-629
-822
-870
-793
-662
-529
-388
-117
189
389
502
538
537
521
584
598
549
446
392
361
133
-101
-225
-222
-251
-281
-205
17
72
-104
-307
-338
-115
5
47
158
445
739
850
855
1077
1503
1899
2093
2172
2043
1732
1455
1186
912
558
194
-70
-267
-401
-588
-808
-925
-1197
-1466
-1688
-1903
-1998
-1977
-1902
-1620
-1361
-1066
-785
-660
-461
-271
-168
-185
46
264
279
247
269
357
381
515
689
781
805
862
844
714
585
327
-79
-382
-382
-231
-378
-501
-408
-195
-109
-173
-175
9
69
-324
-675
-587
-151
3
-160
-272
-233
-76
-99
-76
46
153
-57
-248
-244
-195
-40
-219
-352
-370
-181
-20
56
35
-23
-23
-51
-196
-419
-318
-201
45
255
307
298
352
256
14
-104
-25
103
188
159
108
315
624
896
989
1070
1318
1504
1399
964
575
436
331
173
-13
-55
107
306
342
190
98
174
318
350
370
444
494
440
228
207
408
564
625
642
630
699
746
444
-17
-323
-565
-704
-801
-966
-1125
-1268
-1408
-1520
-1451
-1177
-972
-953
-890
-677
-466
-291
-30
16
7
213
294
334
425
613
632
659
810
862
795
688
613
361
57
-99
-188
-246
-87
46
-66
-155
-104
161
167
-72
13
242
296
-179
-394
-173
-33
-187
-507
-423
-112
-157
-496
-637
-440
-197
-135
-318
-314
-15
151
75
-5
201
248
152
-89
-285
-286
-173
-125
-57
135
446
518
352
-22
-209
-125
18
194
236
364
199
-29
-155
-194
-73
175
299
307
268
212
101
83
8
77
163
248
311
108
-149
-211
-83
149
340
463
524
657
587
342
183
124
136
230
510
711
775
645
415
410
427
325
233
279
395
445
333
276
189
44
-21
34
133
178
310
414
294
-95
-440
-725
-852
-913
-969
-931
-854
-677
-472
-342
-301
-351
-467
-431
-297
-108
236
372
150
-159
-199
-242
-317
-242
-148
-128
-173
-104
3
56
-268
-545
-267
6
-170
-452
-355
-95
-185
-510
-487
-20
381
293
-11
-134
-184
-419
-931
-1129
-950
-590
-487
-469
-279
-116
-241
-716
-1152
-1193
-924
-707
-646
-575
-431
-93
241
264
209
467
762
796
660
579
712
867
960
889
710
599
550
475
212
26
44
-24
-165
-344
-473
-647
-624
-471
-363
-335
-330
-259
-84
53
89
22
-9
44
218
416
476
412
280
135
162
235
231
351
438
521
507
444
360
360
377
248
59
-61
54
79
-22
23
97
184
205
298
386
404
284
126
77
-42
10
246
421
614
736
773
806
775
662
612
556
367
307
415
465
180
-129
-137
-107
-273
-369
-254
-48
66
-37
58
279
55
-342
-568
-574
-590
-804
-941
-606
-155
-54
-83
-94
-121
-135
-101
-96
-44
-50
-37
30
-80
-207
-199
-268
-411
-424
-503
-594
-636
-730
-688
-612
-620
-393
-91
49
51
147
377
547
491
381
223
106
41
8
65
81
20
-47
-82
-41
-32
-169
-453
-706
-1013
-1105
-1058
-1003
-948
-954
-799
-505
-361
-351
-261
-262
-168
-29
74
54
164
217
198
357
595
919
974
841
686
479
333
367
234
45
-57
-194
-363
-541
-550
-602
-533
-325
-142
-45
-54
-124
-180
-143
-135
-68
30
269
597
826
851
804
874
1009
963
616
111
-394
-665
-756
-784
-975
-1130
-1048
-953
-1193
-1436
-1303
-983
-713
-681
-380
-90
-238
-613
-761
-530
-376
-385
-331
14
277
274
264
385
187
-132
-237
-196
-151
-236
-366
-342
-169
-338
-470
-526
-554
-418
-269
-13
167
336
533
538
351
170
270
458
629
723
1041
1346
1372
1321
1057
817
570
423
513
528
262
-75
-258
-402
-501
-614
-771
-846
-959
-1233
-1440
-1466
-1448
-1365
-1129
-837
-619
-420
-128
273
545
662
551
454
413
358
332
271
188
29
48
75
-2
-3
-68
-108
-156
-193
-209
-203
-273
-372
-410
-476
-502
-330
1
374
494
618
918
1157
1294
1486
1698
1762
1793
1766
1854
2016
1905
1697
1392
902
402
94
-89
-61
-271
-670
-904
-1014
-1112
-1298
-1383
-1179
-892
-714
-483
-181
172
186
102
404
733
778
767
871
1220
1347
1064
657
268
-150
-447
-604
-708
-725
-879
-1032
-1070
-1236
-1332
-1223
-1049
-864
-713
-403
-184
21
150
115
169
306
459
571
719
942
1014
864
730
657
707
798
691
449
252
25
-283
-599
-830
-995
-1227
-1398
-1377
-1160
-1018
-1035
-1029
-1052
-928
-847
-844
-667
-509
-357
-160
328
719
999
1217
1362
1380
1308
1189
966
799
663
456
202
82
-21
-103
-188
-254
-219
-276
-266
-121
25
206
352
413
453
622
786
1054
1260
1382
1510
1572
1705
1730
1713
1693
1643
1551
1381
1201
1044
854
471
-72
-534
-705
-764
-925
-1188
-1325
-1172
-1168
-1371
-1340
-1236
-934
-767
-703
-309
162
208
-69
-115
3
110
58
176
287
315
154
-31
-123
-356
-690
-905
-916
-997
-1203
-1352
-1377
-1331
-1375
-1537
-1482
-1368
-1092
-805
-516
-279
-200
-142
4
207
245
449
748
842
928
1025
1013
811
706
665
466
328
239
223
174
62
-62
-145
-161
-352
-617
-839
-986
-945
-894
-887
-898
-686
-182
276
588
753
847
973
1127
1075
1098
1029
1027
1184
1120
871
325
-34
-135
-269
-339
-429
-612
-735
-826
-797
-853
-864
-832
-847
-737
-479
-281
-270
-192
-83
50
211
405
815
1226
1391
1637
1918
2249
2340
2154
2128
2211
2266
2082
1658
945
209
-208
-331
-237
-378
-794
-982
-1042
-910
-1050
-1321
-1214
-994
-715
-382
64
418
303
203
246
209
26
-100
153
479
533
259
-66
-334
-753
-1141
-1132
-1001
-1155
-1286
-1089
-754
-613
-582
-510
-470
-348
-158
-57
-79
35
335
442
670
804
868
1019
1009
911
775
713
562
420
280
430
514
369
267
149
-156
-418
-717
-986
-1113
-1181
-1142
-1129
-1133
-1304
-1337
-1299
-971
-547
-272
-55
153
485
612
652
561
703
852
942
974
720
322
9
-137
-233
-199
-124
-115
-76
46
45
13
55
-100
-331
-492
-477
-420
-317
-49
128
308
473
637
927
1262
1498
1592
1597
1645
1737
1798
2007
2134
2116
2001
1824
1782
1568
1148
490
17
-68
-201
-358
-587
-659
-629
-844
-1172
-1217
-1196
-1082
-872
-641
-239
-178
-369
-397
-339
-558
-740
-615
-222
104
56
-154
-338
-573
-816
-877
-1051
-1341
-1496
-1597
-1600
-1712
-1759
-1722
-1542
-1383
-1230
-845
-584
-406
-365
-137
123
352
489
520
752
786
870
1055
1100
977
923
792
640
468
333
292
298
120
-268
-536
-673
-566
-501
-370
-342
-326
-290
-126
133
290
491
798
996
1094
1216
1209
939
700
728
1047
1146
1054
941
734
525
557
622
386
110
-135
-176
-150
-114
-140
-261
-343
-459
-492
-274
41
196
262
385
484
557
739
981
1131
1098
1177
1253
1270
1266
1229
1108
1153
1300
1271
1148
916
721
323
-36
-179
-253
-375
-455
-553
-622
-561
-492
-457
-449
-323
-14
293
571
524
377
293
207
88
-208
-274
-179
-174
-97
52
21
-130
-370
-505
-665
-863
-1013
-1095
-973
-929
-970
-862
-960
-1059
-1083
-1066
-940
-903
-850
-789
-562
-303
-18
177
384
484
617
712
837
1000
995
844
540
462
414
442
400
147
-114
-367
-545
-577
-522
-463
-430
-440
-549
-661
-794
-898
-600
-287
-145
-26
162
243
431
537
544
563
529
589
610
474
176
-166
-365
-306
-233
-268
-267
-120
-133
-93
-5
24
90
172
196
86
137
40
-7
122
23
-78
223
500
617
632
645
755
754
474
309
346
344
255
217
219
174
-27
-207
-231
-161
-130
-108
-127
-203
-325
-511
-559
-453
-273
-181
30
95
133
131
47
25
26
-164
-386
-437
-513
-526
-686
-761
-826
-904
-874
-798
-733
-804
-777
-561
-479
-540
-664
-622
-608
-675
-616
-471
-371
-361
-299
-121
161
294
346
387
360
320
338
393
510
511
303
240
433
593
582
492
416
257
204
91
-19
-118
-151
59
361
488
584
540
318
158
289
482
705
978
1031
1027
1035
992
951
877
1001
1020
1046
1019
928
860
677
521
597
725
537
349
268
322
274
179
-115
-143
-219
-379
-430
-208
-70
-21
-51
-217
-126
-29
79
252
447
551
589
545
387
182
91
-20
-7
-68
-79
34
91
143
228
28
-76
-83
-244
-362
-290
-427
-344
-222
-339
-314
-207
-318
-345
-123
-229
-168
-67
-72
-86
-103
5
225
234
113
187
191
75
-3
-152
-111
-79
-153
-243
-205
-144
-173
-226
-172
-93
-140
32
258
423
560
530
408
356
361
402
395
325
295
155
109
-128
-154
-293
-410
-286
-344
-401
-502
-562
-868
-765
-714
-713
-411
-350
-365
-93
-65
-209
125
304
279
423
480
409
586
658
485
601
484
309
640
542
419
484
478
583
648
376
396
412
352
425
672
350
196
223
185
330
233
190
242
396
218
420
264
77
-99
-118
17
85
272
48
108
-192
-190
-357
-157
-131
-347
-200
-91
-171
-291
-276
-645
-607
-485
-748
-551
-519
-496
-432
-287
-571
-379
-305
-653
-465
-496
-836
-808
-864
-891
-564
-453
-587
-184
44
-309
-148
-342
-320
-252
-153
-335
-203
-12
3
475
320
249
110
80
-67
73
121
-74
0
-62
-116
-76
119
85
81
183
211
385
265
158
-30
-232
-375
-389
-357
-253
-83
6
22
90
187
166
366
368
172
46
222
-146
60
443
567
506
789
530
663
857
466
692
846
991
816
981
890
924
849
783
712
695
588
754
699
436
453
237
39
70
-53
-23
275
359
306
704
612
322
323
3
5
-7
10
156
322
49
232
467
195
139
126
24
-81
49
-117
-99
-166
-213
-307
-460
-270
-410
-461
-206
-177
-274
156
153
-379
-243
-218
-371
20
314
75
106
219
70
286
147
55
-28
64
113
178
83
334
326
17
131
136
-210
-432
-398
-529
-341
-274
-150
66
413
686
823
753
790
699
450
280
243
121
118
38
-227
-6
44
-227
-157
-30
108
74
-108
43
23
-109
-195
-151
-216
-201
-253
-549
-337
-16
-182
-294
74
3
126
215
622
647
507
355
247
43
176
289
132
57
387
75
-241
-177
-418
-596
-299
-420
-710
-566
-416
-570
-666
-479
-644
-574
-473
-373
-604
-467
-337
-591
-542
-436
-480
-429
-273
-137
-528
-520
-521
-590
-513
-366
-378
-344
-318
-474
-690
-939
-918
-1124
-902
-1039
-747
-781
-659
-394
-145
-254
-316
-35
-61
80
81
71
161
501
349
278
229
307
444
313
637
665
666
289
85
-171
-310
-261
-549
-470
-167
-59
21
32
54
72
-49
-24
95
144
224
249
240
287
424
390
255
295
378
174
183
385
-140
-257
-17
-205
-445
-2
-37
-322
-92
-189
-348
-78
-187
-315
73
245
137
270
356
562
720
617
662
683
501
696
670
722
963
947
946
968
1014
861
1006
463
197
417
224
-76
77
109
126
91
227
285
272
239
-2
-49
192
266
-17
42
-233
-318
-229
-212
-395
-291
-391
-493
-420
-534
-463
-355
-285
-320
-3
-99
-379
-381
-451
-645
-587
-650
-631
-534
-537
-327
-357
-384
-151
-95
-213
95
124
120
170
247
-169
-59
-214
-509
-514
-448
-410
-499
-334
-240
-300
-382
-94
-245
-128
-145
-25
-35
127
284
244
267
-15
-11
-332
-302
-171
-191
48
315
131
107
320
-37
7
-48
14
-15
187
94
264
332
129
172
135
-181
-17
141
-256
-32
-339
-751
-653
-651
-730
-677
-620
-539
-232
-239
-146
-44
-143
-20
-30
-112
11
276
-70
-191
-36
-2
-91
-3
-354
-324
57
-167
-161
51
-264
-582
-757
-460
-613
-774
-819
-848
-757
-852
-828
-691
-748
-936
-1095
-1188
-1189
-1249
-1373
-1119
-1016
-1113
-1024
-990
-667
-580
-348
-142
-171
-396
-193
-232
-421
-405
-501
-387
-544
-356
-524
-361
-348
-369
-102
-523
-112
-161
-394
-1
311
118
359
313
-100
-49
-17
-128
-135
-110
-352
-286
-155
-384
-61
-22
207
241
209
373
597
351
186
109
-15
-18
-141
-127
-47
-20
-142
-146
-126
71
225
62
124
145
-39
-1
-66
-268
-247
-95
109
-115
262
433
193
235
20
-103
-114
133
-29
56
164
39
-297
-414
-195
-303
-309
-115
87
270
427
542
579
247
190
74
-269
36
106
45
42
3
54
87
164
-128
-74
-57
95
-96
-300
-409
-450
-601
-716
-778
-913
-667
-673
-499
-352
-68
-263
7
22
82
-167
-83
-66
-66
135
-77
-110
220
7
-159
129
-34
-140
-323
-234
-466
-454
-494
-436
-604
-440
-258
-487
-173
-153
-439
-393
-200
-104
-413
-91
-106
-329
-115
9
7
-176
-68
-127
31
43
34
39
-34
145
78
-249
-189
-245
-381
-102
-292
-351
-370
-476
-462
-57
-235
-115
156
-164
-73
239
11
-192
328
163
182
349
144
172
50
68
38
13
84
171
-206
33
341
99
111
226
326
67
519
126
-196
37
172
406
505
594
571
521
526
290
154
326
395
133
264
474
473
266
226
436
60
235
321
282
60
322
-14
-46
-43
-133
-228
-436
-177
-46
161
57
143
-103
-64
114
159
27
262
115
-52
309
290
84
55
-47
-201
-190
-259
-51
-10
86
104
56
171
519
343
455
641
566
496
777
594
296
546
204
-17
60
287
158
108
189
448
815
838
875
661
546
843
475
385
724
743
372
624
651
342
293
591
190
209
560
307
139
373
484
269
708
859
775
1087
808
879
744
556
559
595
631
324
450
-85
115
446
388
108
380
392
268
439
291
169
109
39
164
-136
-116
3
5
-49
-264
-317
-537
-101
-335
-381
-281
-213
-452
-242
-40
130
140
78
301
379
94
-26
-26
-77
-407
-313
-553
-539
-362
-484
-279
-170
-307
-307
29
132
162
-75
243
467
172
103
286
180
83
208
26
-130
115
-73
149
430
365
624
369
417
460
466
78
458
443
483
698
516
497
735
758
24
-124
-35
-24
-86
40
-84
49
290
461
473
479
556
485
199
201
448
183
37
141
50
-144
-91
-244
-187
43
-396
-296
-384
-572
-316
-304
-508
-412
-280
-291
-98
-112
-105
-296
-314
-367
-312
-537
-361
-299
-298
100
236
381
389
260
92
200
136
20
206
-33
-123
92
-50
-25
-274
-162
-479
-385
-259
-211
-86
-46
52
-600
-240
-407
-219
-172
195
15
-93
170
-20
109
-63
-42
-236
-106
-509
-435
-798
-582
-539
-867
-813
-626
-556
-557
-231
-347
-488
-274
-367
-426
-355
-357
-495
-695
-431
-551
-918
-495
-706
-489
-252
33
-163
103
197
-417
140
304
131
483
471
-311
-70
106
-236
154
460
169
275
355
-90
-21
92
306
306
818
705
384
535
983
727
651
957
910
544
819
614
264
641
551
352
173
369
-136
315
127
-167
-106
-65
-332
-187
-21
-160
212
205
201
49
246
-513
-593
-564
-621
-603
-387
-185
19
488
640
895
802
991
989
686
712
396
135
137
-57
-250
-355
-436
-170
-175
219
192
273
546
545
489
300
377
281
217
178
92
-45
-39
-131
-376
-56
35
-223
-173
33
-189
-252
-341
-208
-137
-166
-228
-78
89
6
124
-80
-83
-125
-183
-483
-472
-668
-510
-653
-523
-464
-248
-356
-207
64
-99
100
182
115
137
478
261
204
66
-330
-91
-7
-171
-215
-344
-135
-275
-315
-226
-300
-196
-122
-19
92
-96
14
253
282
488
516
42
99
-5
-377
-593
-653
-779
-716
-387
-410
-155
50
95
40
27
-57
-184
-19
-121
-45
-74
-400
-668
-554
-654
-869
-554
-441
-511
-317
-216
-197
-186
173
184
101
79
272
78
-40
253
-18
-99
-43
-201
-369
-541
-619
-659
-549
-347
-489
-453
-391
-50
22
245
456
120
-49
-96
-93
-251
-41
-38
-332
-312
-394
-403
-359
-276
-435
-526
-294
-115
-173
-295
-20
-184
-285
-168
-141
-559
-314
-126
-359
-301
-238
-620
-615
-240
-305
-403
-311
-256
-195
-23
127
-36
-132
49
220
-56
48
148
-137
-35
-178
-297
-311
48
58
-127
86
157
108
292
485
572
696
704
668
537
569
679
227
141
156
134
-57
18
-26
-283
4
164
-3
237
303
250
169
318
344
-34
259
294
105
206
153
-275
-343
-276
-307
-316
-159
-238
-208
54
-158
18
-39
65
115
300
277
183
273
-24
-89
-149
1
-176
-143
-169
-378
-357
-125
-226
-153
-99
14
-5
211
39
223
358
155
276
-8
94
124
45
-7
-33
-183
-123
-215
-302
-399
-535
-424
-181
-49
-64
71
130
168
27
105
55
-120
-114
-254
-248
-382
-300
-303
-309
-71
227
165
313
360
443
527
541
574
460
491
361
384
299
203
-70
-206
-182
-309
-292
-304
-174
-151
41
45
115
271
216
76
126
128
184
63
43
92
20
-80
-255
-341
-393
-212
-195
-37
-191
-123
-186
-438
-376
-239
-349
-456
-265
-716
-762
-607
-455
-589
-485
-552
-672
-447
-448
-382
-627
-342
-316
-499
-323
-70
-170
62
234
-13
79
138
242
113
182
110
-40
-199
-82
-85
-63
78
49
90
200
259
297
574
681
705
464
370
150
100
1
43
28
-59
144
161
158
171
222
30
79
107
-83
-76
106
169
212
273
241
127
41
207
12
-9
-150
-340
-498
-584
-539
-537
-338
-153
-25
-85
-141
-58
43
92
221
410
398
377
349
232
236
123
94
-45
0
-118
-118
-56
-7
-66
51
301
241
345
479
565
448
577
582
533
404
199
84
48
-12
-138
-171
-13
76
338
517
486
608
571
317
354
326
254
326
344
164
16
70
-156
-416
-396
-473
-618
-353
-271
-307
22
-63
-54
204
432
441
447
409
297
286
333
343
223
383
183
59
-55
-208
-323
-189
-2
-19
-20
122
374
288
351
422
345
167
47
-147
-165
-1
-87
122
70
27
176
294
240
360
357
315
454
254
240
388
388
188
163
140
-179
-407
-490
-697
-677
-415
-300
-248
-163
-99
-76
-137
-59
-69
-69
154
156
154
395
464
615
767
752
628
572
405
343
131
160
298
221
268
379
466
463
601
741
809
872
829
681
472
295
325
125
16
-187
-150
-176
-144
142
134
331
343
163
260
321
275
516
383
212
100
-52
-24
-11
10
-169
-200
-360
-412
-463
-543
-516
-427
-550
-479
-502
-331
-196
-202
-103
-103
-69
-155
-60
-156
-291
-364
-352
-181
-291
-362
-195
-94
-74
-77
-33
-30
92
270
393
422
356
250
52
-70
-118
-183
-57
-95
-114
-192
-164
-253
-298
-170
-117
72
172
307
198
124
125
335
283
233
139
35
-153
-143
-99
-71
13
-52
-35
19
64
9
-18
11
113
122
149
160
47
150
297
235
106
-46
-89
-107
-176
-208
-288
-410
-386
-227
-136
-251
-80
-25
-3
123
181
248
89
70
39
146
30
-131
-24
-77
-127
-65
193
347
499
514
564
635
428
513
527
648
585
328
195
365
353
486
682
511
347
301
262
187
86
90
109
121
52
167
327
490
635
486
581
486
269
108
66
66
99
286
356
206
218
193
28
70
196
135
91
111
118
245
365
387
382
290
93
-71
-267
-345
-406
-504
-385
-331
-274
-217
-118
-77
-49
-47
-191
-173
-89
135
138
109
43
1
170
279
363
275
270
205
265
315
258
242
185
240
249
234
259
390
525
547
363
293
168
-6
26
-158
-231
-68
133
209
115
14
-60
26
9
181
294
341
380
260
291
334
458
270
247
178
-66
-198
-104
100
-56
-164
-226
-198
-159
-130
-102
-45
37
80
49
20
-174
-335
-271
-380
-498
-447
-346
-401
-400
-507
-434
-410
-259
-384
-548
-540
-452
-414
-446
-419
-404
-305
-573
-611
-710
-729
-693
-610
-629
-691
-694
-691
-641
-586
-531
-438
-437
-418
-427
-341
-40
77
146
116
-19
-93
-46
-43
-109
-123
40
38
-93
-164
108
298
373
370
512
800
811
857
829
1055
1054
705
533
312
192
153
93
67
129
216
390
594
605
529
503
431
438
418
299
203
62
-18
39
-82
-285
-317
-177
-77
-33
18
-129
-273
-348
-351
-263
-438
-692
-546
-80
187
-140
-416
-199
137
-69
-471
-458
-54
-31
-515
-532
-312
-180
-143
-183
-356
-497
-525
-506
-391
-196
-280
-348
-391
-304
-268
-360
-230
-69
-133
-172
-254
-211
50
126
287
524
626
690
709
555
662
1007
1086
864
798
693
662
514
363
401
379
412
384
184
65
121
208
295
364
363
511
435
388
647
762
743
327
116
116
267
298
307
353
284
445
403
369
249
349
406
394
210
-38
-91
-30
-37
-250
-278
-88
-145
-342
-375
-259
-247
-187
23
63
60
69
229
336
458
651
535
600
694
529
198
180
30
-360
-422
-332
-354
-390
-349
-253
-123
-122
-24
20
65
93
215
302
293
293
62
-186
-301
-386
-387
-266
-136
-137
-147
-56
180
387
499
588
661
633
595
602
556
477
466
525
523
453
519
596
572
661
581
349
353
360
437
528
555
678
824
913
1014
1116
1071
1004
763
347
49
-128
-31
-113
-186
-263
-244
-227
-213
-194
-287
-300
-376
-429
-438
-256
-215
-202
-181
-282
-449
-531
-489
-413
-277
-130
-61
-33
-21
-116
-317
-425
-447
-349
-280
-221
63
113
68
75
-48
-25
-100
-224
-302
-421
-583
-728
-772
-688
-533
-568
-497
-350
-93
110
197
351
498
518
285
275
297
178
38
-32
-24
-76
39
17
69
192
192
321
401
407
552
414
514
528
546
555
365
378
523
560
545
578
