-54
-98
-68
-80
-89
-123
-142
-149
-120
-83
-60
-14
4
22
43
56
11
-3
2
-2
1
-1
0
-1
1
-1
0
0
0
0
0
0
1
0
0
0
0
0
0
0
0
0
0
0
0
0
0
0
0
0
0
0
0
0
-1
0
0
0
0
0
0
0
0
0
0
0
0
0
1
0
0
0
0
0
0
0
1
0
0
0
1
1
0
0
0
-1
1
1
0
0
0
0
0
0
0
1
0
0
0
1
0
0
0
0
0
-1
0
0
0
0
0
0
0
0
0
0
-1
-1
-1
0
0
0
0
-1
0
0
0
0
0
0
0
0
0
1
0
1
0
0
0
0
0
0
1
-1
0
1
-1
0
0
0
0
0
0
0
-1
0
0
0
-1
0
-1
0
0
0
0
0
-1
0
0
0
0
0
1
-2
2
-5
43
91
92
45
45
44
13
38
74
116
129
110
98
70
33
-13
-32
-31
-74
-123
-198
-247
-246
-221
-196
-156
-185
-201
-204
-248
-248
-213
-206
-205
-195
-180
-152
-133
-117
-84
-18
-16
-1
21
43
96
111
83
48
23
72
94
71
69
42
40
36
40
81
104
119
76
54
37
19
26
11
5
10
-8
15
22
-30
-21
-83
-94
-88
-84
-73
-58
-3
2
5
-17
-1
-6
-7
-16
-8
-1
-6
-14
-17
-19
-17
-7
-12
-12
5
10
1
11
2
12
8
-10
-5
0
-11
-5
4
5
-8
-14
-6
1
5
-6
-8
-5
-16
1
7
5
9
2
6
-1
6
15
5
1
2
-3
-12
-22
2
5
9
7
14
4
-4
11
3
-4
-2
5
0
-11
-3
3
2
12
5
1
-3
-2
17
4
-9
-7
-1
12
10
16
-1
1
13
4
15
26
15
14
13
9
14
9
-2
-1
-4
13
14
7
-5
-3
9
5
-5
-19
-32
-13
-1
-2
2
-5
15
24
16
11
7
1
5
-13
-23
-16
-19
-9
-5
-1
3
18
11
3
9
3
-2
7
-5
-3
-4
-8
9
5
16
22
18
14
14
8
-2
9
0
-12
5
6
8
23
15
19
9
3
4
16
4
17
10
-5
11
6
0
10
0
-12
-1
6
0
5
-1
-2
1
-4
0
7
-6
6
11
3
7
9
16
9
-9
-9
0
7
-1
-5
-2
-4
3
-12
-15
-3
-9
7
23
3
4
-2
-3
-3
5
9
-6
-8
-2
0
-1
-1
-10
-13
-3
-4
-8
-2
-1
7
7
-11
-9
-8
-23
-7
-1
9
10
9
16
-2
5
-10
-16
-20
-9
16
6
3
-8
3
8
-8
-5
-5
-2
-5
1
9
3
2
2
-9
-22
-8
-4
-1
4
10
1
-15
-17
-10
-17
-13
0
3
-4
2
5
9
5
-7
4
7
2
4
7
3
-4
-4
-5
-17
-15
-7
5
6
-3
11
-8
-5
7
-10
-11
-15
-8
6
-5
-7
4
0
5
-10
-22
-7
3
5
7
2
9
0
-5
-11
-2
1
-5
0
2
8
5
8
-4
-14
-4
4
27
17
6
1
-10
-2
-3
-3
-17
-13
15
24
18
1
-2
-3
-10
0
-10
-10
-2
-1
-6
-21
-19
-2
7
10
1
10
8
0
-4
2
-2
-5
-6
-2
-8
-13
7
3
19
17
0
6
11
-4
5
0
8
-5
-6
35
47
34
1
25
18
26
57
52
34
21
14
-3
-7
-10
40
71
53
14
-9
-3
-22
-22
-23
8
25
28
55
27
8
-9
-9
-30
-33
-17
4
24
-1
10
24
22
33
17
-14
-27
-26
-9
-20
-10
5
8
15
29
23
15
-5
11
33
32
33
18
-1
-9
-23
-33
-2
11
23
14
-10
-8
7
-11
-38
-50
-40
-16
-22
-6
4
11
19
8
5
-11
-10
1
-10
4
9
9
12
-15
-49
-26
-13
-22
-27
-46
-46
-23
13
7
-13
-20
-20
-35
-19
-5
-24
-9
-4
14
7
7
15
-3
-5
-4
-4
-17
-30
-49
-36
-14
-18
-5
0
0
-2
-30
-60
-45
-10
29
37
10
-19
-30
-29
-8
9
-6
-29
-28
-25
-48
-15
-6
-33
-45
-45
6
23
26
-4
-12
16
14
19
-3
1
-7
-1
4
22
38
18
19
-3
-1
11
23
11
14
31
2
27
36
16
15
-4
-10
7
20
3
2
7
16
35
20
0
3
-9
-24
-46
-76
-56
-35
-32
-7
-4
-19
-22
-27
-4
6
-8
-14
-12
-11
-14
4
25
42
44
30
16
28
27
14
25
36
43
27
25
46
20
-4
-1
6
-10
-22
-27
-2
8
17
3
-6
10
-6
-16
-11
15
18
44
42
18
22
-2
16
8
-32
-18
-15
-21
-3
22
13
-20
-32
-39
-13
8
9
46
44
25
16
-4
-25
-19
-15
-32
-17
-15
16
29
14
37
39
30
15
-14
-42
-45
-25
-26
-1
1
4
7
-10
25
48
43
44
24
-6
-25
-46
-22
-48
-58
-45
-41
-55
-49
-34
-9
5
-15
-19
-38
-52
-25
15
31
59
32
-6
0
8
-14
-46
-56
-37
-19
-33
-14
-22
1
60
45
27
20
-18
-31
-30
-4
3
-10
11
16
17
12
47
60
31
10
-10
-3
19
16
-35
-57
-39
-2
0
1
29
10
-1
20
-4
-42
-60
-65
-58
-32
-10
10
35
37
21
-5
10
20
9
8
10
4
-25
-24
-30
-6
-8
-14
7
14
18
39
48
54
34
11
2
-15
-12
-10
-10
-13
2
-9
-18
-4
-15
-23
-25
-36
-37
-22
-32
-48
-65
-72
-22
-20
-45
-34
-20
28
40
26
-13
-26
-32
-56
-24
-22
-13
2
11
-8
-43
-44
-60
-10
44
26
-15
-8
0
36
51
49
1
-57
-19
-15
-9
-19
-18
-25
-54
-40
-34
-34
-15
-35
-64
-88
-73
-24
-25
-43
-61
-79
-103
-82
-26
-8
5
20
3
-10
-25
-47
-30
-13
-45
-63
-28
-19
1
-8
-1
-12
-34
-34
-21
5
18
26
11
1
2
4
-6
-6
-23
-14
29
20
5
2
-19
-19
-6
-28
-36
-18
4
45
117
134
86
55
5
-11
6
26
102
153
160
87
38
28
38
55
-12
-24
-48
-48
-12
-12
-25
-64
-62
-59
-40
-27
-31
-2
9
10
31
28
52
51
28
52
86
77
53
79
100
80
51
18
22
32
0
6
-8
-29
-46
-81
-66
-46
-28
-7
-30
-24
-5
2
0
-18
-42
-33
-9
29
76
94
63
36
48
19
-7
-55
-67
-38
-36
-7
13
13
66
93
76
65
39
26
21
5
37
61
47
58
51
29
44
90
120
126
73
19
10
-18
2
57
73
110
119
129
141
105
37
-8
9
13
24
20
36
78
106
82
67
42
17
5
-32
-26
-9
-19
-24
-25
-12
-2
2
24
-10
9
46
74
101
80
44
44
65
36
9
-9
-6
-12
-18
-38
-67
-87
-96
-79
-59
-58
-50
-9
24
52
45
56
53
0
-9
10
33
14
-10
-37
-24
-29
-45
-55
-36
-59
-104
-90
-49
-9
2
-18
-31
-32
-49
-30
-36
-48
-52
-93
-107
-106
-134
-132
-86
-54
-51
-51
-48
-21
29
33
23
-17
-43
-27
-26
-25
-14
-22
-20
-7
-37
-48
-33
-34
-37
-44
-15
2
-11
-21
-8
5
3
-7
-64
-48
-16
-17
42
69
45
29
17
-11
-78
-101
-72
-52
-32
-39
-32
-25
-47
-59
-72
-89
-76
-88
-112
-163
-210
-220
-214
-161
-112
-49
-11
8
52
51
36
77
66
55
51
36
42
75
83
37
18
25
24
17
10
-5
-21
-34
20
50
45
31
-41
-82
-72
-63
-72
-77
-60
-52
-43
-5
43
33
55
106
161
163
164
188
209
204
181
153
126
136
157
181
183
148
110
69
33
24
10
16
32
39
36
50
52
58
45
26
52
69
103
115
43
11
27
40
54
40
24
28
20
7
-15
18
39
30
36
-4
-25
-17
12
37
68
71
70
83
94
104
102
89
85
90
64
70
83
76
43
2
-49
-49
-37
-18
-8
-33
-43
-80
-70
-70
-63
-58
-62
-68
-44
-26
-26
15
-14
-31
-27
-62
-31
12
23
45
14
37
57
29
40
46
65
38
-25
-42
-17
30
69
87
61
-10
-71
-103
-97
-74
-88
-123
-181
-178
-178
-190
-151
-132
-124
-127
-81
-45
25
19
-10
-21
-52
-34
-27
25
27
26
48
72
57
59
42
12
-7
-38
-38
0
21
43
69
52
63
62
78
95
108
100
86
74
82
86
70
42
52
62
44
67
87
70
54
14
-15
2
21
44
69
44
16
13
0
-58
-121
-178
-186
-151
-118
-100
-122
-101
-74
-21
-8
12
41
66
102
122
122
109
122
106
115
115
105
133
147
152
184
175
154
135
120
135
138
154
111
116
56
200
190
126
150
15
-13
1
18
15
-15
4
32
56
108
79
68
110
144
169
221
183
86
68
44
-1
-4
0
-18
-52
-71
-78
-107
-133
-140
-137
-105
-79
-64
-9
10
-6
-28
-21
-25
-37
-37
-51
-76
-52
-14
-30
-46
-51
-80
-49
-6
-25
-19
6
39
30
9
-15
-44
-33
-45
-70
-51
-33
-19
-38
-76
-91
-46
-27
-33
-18
-40
-24
-3
-28
-39
-94
-132
-140
-121
-88
-75
-30
9
26
25
-10
-6
14
28
42
23
15
23
21
14
-13
-12
0
-12
-15
-45
-75
-92
-74
-106
-127
-136
-106
-89
-89
-77
-90
-108
-109
-110
-143
-150
-144
-131
-105
-91
-68
-37
-10
9
-2
-1
3
26
34
11
-6
-15
-53
-41
-20
36
140
198
226
256
253
241
226
182
163
121
90
132
117
60
61
85
132
148
114
94
69
41
63
70
52
48
37
1
-13
4
25
21
-11
-44
-67
-99
-82
-62
-44
-28
12
-1
-3
6
-3
20
31
9
-24
-22
-8
20
34
60
74
54
1
25
52
37
36
12
27
50
36
69
79
56
61
26
30
-1
-2
11
-9
-50
-64
-67
-81
-85
-67
-39
18
77
163
204
179
146
131
166
130
128
135
103
67
26
-10
-17
-17
-18
-23
-30
-14
-12
-25
-74
-69
-70
-114
-137
-120
-93
-113
-155
-141
-134
-148
-152
-163
-160
-169
-166
-142
-107
-47
5
6
25
48
73
121
141
126
70
38
10
-9
34
74
125
139
123
165
191
197
217
201
145
99
47
2
32
68
58
38
50
105
140
179
198
188
155
126
132
131
101
76
35
6
-27
-100
-105
-112
-124
-106
-97
-103
-132
-176
-213
-228
-291
-321
-290
-220
-196
-192
-198
-212
-200
-191
-141
-120
-120
-117
-124
-110
-55
-19
-8
13
16
8
8
10
-59
-96
-125
-136
-94
-72
-63
-82
-77
-65
-41
-25
17
52
46
15
-5
-13
-56
-68
-58
-69
-79
-91
-101
-138
-151
-144
-148
-104
-104
-113
-119
-67
12
4
-36
-39
-68
-91
-92
-133
-101
-40
18
71
100
92
107
122
154
174
175
173
168
175
179
176
169
169
210
256
239
233
219
219
204
175
201
215
207
176
130
147
182
218
214
201
207
210
196
238
244
219
221
210
221
214
207
192
210
216
239
263
244
229
218
168
129
151
166
195
215
216
266
332
364
378
346
306
326
357
370
354
306
251
219
186
173
210
242
268
286
268
216
202
225
218
235
208
166
145
121
104
59
-14
-62
-61
-96
-93
-38
-46
-32
-59
-109
-111
-107
-98
-64
-47
-59
-63
-65
-49
-74
-116
-152
-174
-144
-120
-115
-93
-86
-70
-46
-44
-48
-78
-158
-227
-242
-193
-131
-103
-148
-231
-276
-269
-257
-230
-250
-273
-275
-258
-198
-177
-174
-200
-186
-191
-213
-238
-294
-291
-303
-344
-370
-350
-373
-409
-456
-482
-462
-458
-411
-412
-432
-443
-409
-365
-325
-308
-317
-287
-232
-194
-179
-143
-159
-175
-209
-255
-258
-249
-230
-226
-201
-176
-188
-222
-251
-318
-351
-390
-410
-364
-288
-260
-262
-267
-306
-309
-335
-355
-356
-371
-382
-353
-333
-315
-299
-317
-343
-371
-367
-304
-249
-240
-304
-363
-350
-334
-236
-155
-120
-99
-65
-47
-91
-118
-122
-130
-157
-204
-221
-197
-177
-180
-193
-181
-181
-182
-194
-197
-142
-102
-56
-34
-59
-127
-132
-114
-106
-78
-43
-16
-16
2
-30
-39
-61
-65
-37
13
58
107
153
164
148
146
169
176
214
236
241
232
209
216
207
176
154
150
190
236
257
231
231
234
189
168
169
186
204
179
168
177
194
219
220
189
195
226
244
255
257
252
235
243
177
110
82
70
73
40
-10
-26
-23
-20
22
23
-34
-64
-94
-75
-65
-73
-57
-43
-69
-61
-44
-74
-54
-78
-116
-112
-45
-8
-1
34
4
44
94
121
165
160
201
212
258
323
336
308
255
269
275
298
280
263
280
234
247
244
232
207
230
227
208
189
163
168
178
164
101
12
-56
-80
-102
-81
-57
-61
-80
-84
-103
-132
-126
-98
-70
-70
-110
-110
-105
-119
-114
-125
-119
-99
-111
-125
-155
-162
-172
-177
-150
-156
-169
-156
-195
-207
-188
-184
-204
-233
-207
-200
-202
-223
-246
-290
-312
-297
-243
-247
-301
-339
-363
-335
-294
-294
-327
-345
-348
-356
-370
-313
-278
-266
-235
-249
-243
-212
-183
-151
-170
-197
-220
-253
-242
-226
-241
-262
-264
-276
-278
-339
-391
-405
-384
-366
-334
-326
-295
-276
-305
-332
-382
-388
-368
-332
-300
-312
-348
-383
-389
-389
-387
-378
-364
-369
-369
-342
-292
-266
-250
-216
-184
-181
-239
-250
-252
-254
-258
-251
-229
-259
-255
-244
-221
-179
-194
-208
-180
-160
-122
-117
-89
-59
-35
8
2
4
20
30
10
-5
3
36
63
39
-1
-65
-107
-104
-118
-166
-199
-183
-171
-151
-164
-212
-223
-188
-158
-139
-161
-178
-183
-207
-203
-174
-152
-171
-167
-160
-110
-79
-90
-94
-92
-24
68
123
115
111
107
123
131
120
129
158
168
175
193
162
137
164
146
124
112
55
55
56
33
14
15
56
84
58
15
15
8
0
-11
-50
-113
-147
-137
-130
-118
-90
-107
-109
-103
-120
-133
-132
-133
-149
-185
-161
-89
-48
-64
-74
-31
-17
12
26
70
78
66
75
35
48
93
96
81
64
66
102
128
162
201
181
146
155
203
247
275
266
234
252
241
220
203
177
208
196
159
157
133
163
171
171
138
74
0
-50
-74
-59
-85
-54
-34
21
-38
-89
53
-84
139
29
46
64
-53
51
-28
-20
13
6
9
-9
-37
-3
7
6
17
5
34
63
49
14
-53
-113
-97
-46
4
42
10
-38
-63
-54
-45
-17
-35
-98
-140
-187
-207
-251
-288
-294
-239
-201
-202
-220
-246
-233
-211
-245
-255
-261
-262
-245
-251
-238
-256
-281
-322
-337
-276
-210
-168
-203
-258
-248
-202
-154
-141
-147
-141
-167
-132
-104
-152
-156
-136
-101
-71
-70
-103
-145
-110
-97
-110
-99
-144
-170
-180
-223
-185
-146
-132
-124
-147
-97
-71
-60
-50
-65
-66
-89
-103
-91
-46
-17
-17
-35
-38
-11
-12
-25
-34
-75
-121
-152
-145
-134
-103
-126
-129
-105
-136
-133
-107
-116
-112
-80
-53
-46
-88
-128
-131
-115
-67
-45
-42
-75
-66
-89
-132
-146
-147
-96
-83
-84
-43
12
15
20
26
-25
-49
-28
2
26
12
-18
-54
-50
10
50
94
100
117
141
133
135
134
120
84
49
31
53
86
127
124
72
62
26
-10
-63
-63
-76
-92
-76
-87
-50
-42
-75
-79
-76
-98
-127
-90
-29
-40
-5
-7
2
24
40
79
102
139
128
136
138
142
108
49
66
122
144
174
191
207
214
190
186
149
116
80
73
75
47
29
13
29
28
-28
-22
-44
-60
-53
-35
-14
-19
-15
-21
-40
-41
-26
-4
-25
-5
11
-35
-57
-121
-88
-42
-82
-103
-114
-110
-118
-158
-176
-206
-224
-196
-188
-203
-203
-212
-180
-162
-136
-117
-102
-87
-102
-138
-146
-119
-82
-53
-50
-31
-43
-57
-48
-33
-51
-63
-19
-9
2
-11
-44
-40
-32
-10
40
51
46
67
38
6
-5
-10
11
15
-55
-115
-127
-107
-89
-70
-73
-119
-162
-179
-178
-158
-172
-166
-173
-154
-111
-126
-113
-87
-82
-112
-132
-132
-130
-128
-121
-140
-150
-169
-133
-87
-116
-123
-164
-221
-225
-222
-229
-287
-298
-292
-280
-266
-270
-237
-225
-233
-262
-209
-139
-122
-142
-165
-143
-91
-34
23
93
110
124
132
108
116
119
123
113
115
126
105
106
118
106
109
79
74
93
74
71
36
10
35
39
49
99
69
29
54
93
150
152
116
119
116
135
174
184
200
223
262
260
216
186
180
204
190
222
226
180
206
211
199
205
179
166
220
237
247
284
299
274
279
287
283
340
370
356
356
331
354
369
309
295
269
261
226
169
179
186
173
115
74
40
16
17
28
44
11
26
67
90
75
73
89
85
87
114
147
180
165
147
136
136
127
117
162
148
130
124
172
239
245
245
235
259
248
260
319
290
289
263
247
254
260
280
266
300
322
286
261
259
251
270
273
236
211
179
154
175
205
204
164
136
127
157
160
166
166
145
115
110
104
100
90
56
48
39
38
48
79
68
78
54
64
106
71
19
30
49
45
51
41
10
-9
-9
-7
5
-8
-25
-36
-56
-80
-90
-103
-101
-50
-15
23
75
87
145
152
138
169
174
157
145
184
205
245
234
215
212
174
195
243
267
260
264
240
174
146
108
74
34
4
16
27
0
-69
-67
-103
-138
-144
-188
-220
-232
-253
-244
-198
-237
-267
-268
-262
-243
-206
-217
-227
-196
-237
-284
-292
-280
-247
-202
-174
-183
-214
-202
-159
-164
-179
-173
-190
-177
-134
-111
-76
-64
-72
-43
-45
-62
-78
-80
-63
-39
-36
-81
-90
-132
-173
-193
-205
-145
-137
-162
-166
-202
-203
-172
-125
-97
-88
-59
-59
-68
-55
-72
-46
-48
-63
-46
-34
-41
-47
-78
-107
-115
-107
-64
-41
-33
-15
-23
-16
-25
-27
-25
-49
-44
-60
-73
-68
-57
-55
-74
-77
-82
-50
-43
-20
35
5
23
54
29
21
-3
1
38
83
72
28
-14
-54
-52
-24
-15
-8
15
19
61
43
-2
-14
-18
-12
33
54
57
82
55
28
39
51
82
69
38
55
68
128
183
204
238
226
221
243
237
192
180
207
185
157
133
163
235
256
199
176
199
235
239
207
177
137
156
149
120
127
132
158
201
224
244
229
173
121
111
103
133
148
193
203
184
180
180
191
182
197
194
183
158
166
240
238
214
228
228
269
306
327
341
349
348
382
365
353
369
362
373
367
393
428
474
461
444
471
478
493
475
456
472
500
485
459
417
397
439
514
563
593
615
639
684
694
720
728
751
740
724
705
696
726
718
652
586
567
509
503
488
430
394
360
366
414
431
441
470
486
468
433
385
382
396
380
357
330
319
287
273
219
204
242
239
231
220
182
166
181
161
157
150
117
107
122
145
129
94
83
71
77
65
88
94
78
121
109
86
83
54
73
41
-14
-23
-18
3
38
36
4
44
127
152
180
182
117
119
98
104
137
138
105
58
-13
-49
-35
-70
-59
-59
-93
-116
-147
-193
-223
-247
-251
-264
-321
-364
-381
-354
-374
-401
-427
-458
-483
-500
-504
-528
-517
-500
-500
-456
-456
-455
-448
-447
-436
-418
-400
-389
-379
-396
-393
-382
-363
-345
-305
-285
-325
-363
-362
-356
-325
-348
-362
-350
-370
-375
-392
-428
-416
-397
-426
-436
-431
-435
-410
-394
-357
-380
-422
-404
-408
-426
-437
-439
-396
-373
-351
-333
-334
-317
-350
-346
-319
-300
-300
-288
-264
-239
-197
-209
-197
-167
-131
-143
-185
-208
-220
-184
-156
-164
-181
-153
-80
-30
-6
-25
-53
-35
-3
43
72
70
44
17
-1
11
19
52
41
1
-2
-5
19
24
5
-22
4
50
100
110
100
133
172
197
216
214
198
219
264
278
231
232
234
255
247
205
179
198
204
160
173
156
153
138
126
135
117
138
161
170
174
175
159
155
196
200
190
188
205
206
186
144
154
143
144
163
163
154
146
139
163
207
207
235
262
267
300
320
280
255
233
220
244
242
224
216
220
237
279
289
322
358
345
319
287
313
324
305
285
271
218
168
171
179
191
168
145
140
147
136
104
69
70
58
33
49
38
50
45
69
71
32
46
60
47
17
21
-9
-48
-41
-33
-22
9
28
11
12
10
8
-1
-15
-5
25
5
-26
-18
-10
-6
-45
-49
-58
-71
-62
-64
-24
-29
4
38
31
53
38
29
27
34
51
32
-9
-63
-73
-91
-103
-107
-136
-136
-147
-179
-204
-208
-242
-252
-233
-220
-212
-186
-164
-142
-112
-96
-51
-53
-85
-70
-86
-62
-31
-61
-79
-67
-62
-61
-133
-194
-193
-190
-199
-223
-228
-235
-221
-211
-179
-182
-234
-256
-267
-285
-275
-241
-246
-247
-254
-276
-274
-264
-276
-301
-287
-269
-250
-230
-247
-282
-282
-262
-300
-326
-287
-241
-219
-243
-269
-266
-252
-290
-300
-292
-321
-345
-397
-392
-337
-335
-359
-335
-306
-292
-275
-290
-303
-303
-276
-258
-299
-319
-312
-318
-319
-291
-278
-272
-200
-139
-149
-154
-153
-140
-141
-165
-169
-193
-220
-193
-201
-213
-211
-260
-265
-217
-195
-144
-127
-130
-147
-187
-186
-217
-184
-157
-153
-153
-185
-103
-62
-52
-73
-104
-130
-105
-95
-87
-61
-93
-108
-125
-115
-102
-145
-154
-135
-99
-88
-103
-111
-169
-142
-115
-121
-103
-123
-147
-111
-89
-82
-81
-97
-119
-106
-72
-57
-36
-51
-45
-63
-74
-64
-36
9
13
14
15
25
40
-2
-54
-82
-116
-120
-112
-82
-80
-116
-149
-165
-174
-165
-160
-154
-145
-181
-193
-183
-161
-151
-158
-159
-181
-217
-225
-208
-204
-182
-197
-249
-245
-240
-213
-169
-129
-140
-137
-121
-149
-130
-153
-167
-118
-102
-96
-81
-95
-86
-92
-129
-136
-138
-183
-177
-171
-175
-148
-152
-170
-171
-153
-139
-118
-81
-115
-113
-136
-185
-189
-205
-223
-230
-190
-118
-86
-57
-69
-89
-74
-116
-135
-121
-94
-77
-83
-98
-92
-101
-90
-85
-123
-185
-236
-266
-279
-239
-230
-236
-212
-226
-252
-221
-250
-207
-141
-123
-97
-122
-142
-131
-90
-17
22
25
19
14
68
48
9
-10
-86
-50
-49
-51
-27
-69
-63
-59
-52
-54
-30
-60
-79
-90
-111
-120
-99
-81
-73
-65
-104
-113
-127
-151
-135
-111
-106
-67
-31
-31
21
38
29
26
4
26
36
19
49
42
3
-33
-83
-90
-84
-88
-70
-48
-23
-50
-77
-94
-122
-92
-92
-114
-168
-238
-254
-256
-248
-214
-244
-273
-271
-259
-223
-251
-271
-235
-198
-193
-200
-177
-167
-165
-164
-163
-127
-93
-118
-135
-113
-87
-113
-147
-146
-158
-131
-129
-97
-58
-34
5
-5
-46
-49
-13
-40
-29
-41
-77
-69
-56
-65
-65
-74
-62
-69
-111
-135
-131
-110
-94
-108
-151
-183
-176
-175
-181
-172
-174
-173
-145
-143
-131
-131
-74
-62
-50
-25
-76
-63
-15
15
48
10
-6
71
139
176
179
192
239
290
322
322
305
271
282
305
268
234
212
219
240
225
172
131
167
238
275
249
196
170
186
214
219
177
101
97
142
183
207
216
247
234
232
245
256
252
233
201
209
256
285
275
219
208
222
237
256
258
226
199
204
202
182
124
76
40
46
54
43
33
43
72
97
104
111
137
146
153
146
105
90
92
72
49
35
24
53
86
62
34
56
60
44
36
62
72
43
77
78
74
6
-33
-3
-1
-3
9
4
-30
-55
-101
-143
-114
-149
-158
-142
-164
-137
-156
-145
-109
-124
-165
-195
-186
-183
-155
-174
-191
-188
-204
-204
-176
-138
-104
-52
-26
2
11
21
8
-40
-68
-51
-17
-7
47
90
50
20
-20
-28
12
32
43
9
-23
-57
-51
-19
-34
-37
-42
-68
-62
-39
-54
-97
-133
-144
-150
-150
-149
-161
-212
-191
-169
-184
-180
-197
-238
-235
-224
-235
-232
-235
-254
-232
-184
-141
-108
-128
-128
-113
-94
-85
-101
-90
-91
-82
-50
-40
-31
-1
20
57
64
41
7
0
40
69
97
118
114
110
137
143
167
176
137
136
129
128
97
40
67
61
89
146
161
156
111
82
46
48
63
56
98
91
72
81
89
110
87
66
57
75
77
56
64
62
62
60
52
40
53
66
97
152
165
175
169
180
162
187
196
179
240
272
277
270
269
254
264
248
219
245
260
294
285
207
185
177
190
218
224
234
184
204
188
189
175
187
270
227
210
181
194
240
255
231
219
214
219
262
303
289
283
272
295
338
341
356
373
421
410
389
382
384
403
379
359
363
367
369
351
338
330
374
399
395
426
419
473
522
508
494
516
542
545
538
526
519
530
573
580
577
543
532
550
553
534
480
471
477
493
525
528
470
433
422
448
490
523
530
467
379
376
357
331
339
340
339
297
258
225
237
244
222
221
192
217
204
167
194
233
197
177
159
128
135
123
162
162
165
148
190
260
246
228
187
185
170
200
197
193
186
124
148
133
164
154
155
173
159
165
122
116
107
124
167
132
160
153
96
103
56
17
38
24
-28
-60
-72
-96
-130
-124
-131
-109
-74
-57
-53
-72
-77
-90
-99
-92
-103
-137
-127
-114
-116
-138
-164
-183
-158
-183
-197
-212
-236
-231
-201
-191
-163
-196
-172
-200
-149
-135
-96
-111
-12
-92
-20
19
23
52
-519
94
-213
269
36
-287
-60
-208
-15
-29
-1
-78
-112
-228
69
23
-15
-94
-135
2
70
39
51
-4
-144
-121
-45
-32
-90
-168
-216
-171
-161
-163
-214
-208
-200
-188
-184
-145
-211
-263
-235
-247
-127
-133
-81
-106
-139
-148
-187
-160
-168
-181
-221
-194
-130
-175
-219
-196
-212
-154
-162
-93
-193
-135
-246
-2
-255
21
-23
-71
184
-375
42
-110
118
-42
-86
-320
-215
17
84
82
-208
-324
-273
10
45
15
-236
-277
-219
-93
-3
51
-33
-92
-140
-23
126
64
41
-143
-73
-35
74
111
71
-138
-227
-221
9
221
173
-30
-155
-49
36
102
-7
-63
-124
-73
-27
30
-7
0
-22
120
88
-100
-275
-259
136
394
353
1
-135
-27
324
282
188
11
4
50
162
276
258
127
-5
-35
151
341
467
350
78
63
188
345
336
143
70
125
254
228
298
213
279
216
207
190
145
220
159
162
127
143
186
164
196
274
271
426
193
347
210
419
414
424
-61
398
344
743
356
111
399
210
885
194
72
125
20
828
476
553
40
30
331
314
450
302
307
262
245
319
314
321
246
115
-111
-147
-1
440
468
195
-117
-62
-20
81
-74
-103
-31
109
246
44
-42
-280
-171
-17
-73
-90
-145
-35
-21
-45
106
2
-145
-131
-125
155
212
354
112
108
-482
-244
5
433
713
-68
-78
-259
207
283
-8
-262
-159
222
533
395
-23
-173
-117
44
80
36
31
153
164
84
19
-35
-115
-223
-152
-14
87
81
-70
-245
-233
-166
-119
-90
-174
-218
-155
-110
-51
-98
-117
-171
-211
-137
-137
-160
-184
-239
-251
-217
-218
-203
-200
-319
-349
-368
-318
-178
-200
-295
-258
-382
-397
-299
-320
-197
-306
-351
-306
-255
-215
-289
-348
-262
-271
-257
-235
-258
-174
-167
-218
-245
-230
-231
-268
-267
-278
-279
-259
-168
-174
-204
-184
-207
-218
-225
-294
-297
-216
-170
-123
-151
-224
-260
-253
-224
-271
-322
-306
-196
-136
-207
-303
-261
-182
-206
-262
-308
-289
-264
-288
-246
-299
-354
-382
-394
-380
-372
-349
-336
-274
-239
-238
-235
-242
-201
-156
-179
-222
-238
-136
-112
-114
-138
-120
-71
-107
-82
-70
-30
-28
-106
-149
-164
-124
-68
-115
-200
-192
-160
-107
-109
-55
-67
-58
-42
-66
-59
-131
-118
-108
-63
-45
-47
-73
-64
-104
-142
-156
-151
-68
-90
-53
-82
-46
-2
-36
-20
-83
-63
-26
-32
-47
-22
38
109
130
169
213
221
192
174
201
250
294
311
295
231
225
220
245
267
215
156
82
91
59
74
72
92
162
152
144
115
65
-1
-14
6
53
106
101
139
136
98
60
43
11
35
73
91
63
18
-12
-38
14
54
95
99
24
0
32
81
77
27
-37
-69
-46
17
21
-3
-10
13
80
110
151
154
117
123
91
139
222
288
266
249
245
225
240
243
259
236
300
328
308
293
231
226
211
181
163
179
224
267
255
279
280
256
248
203
207
242
263
312
321
277
256
205
225
186
189
204
87
126
66
43
58
10
-28
-126
-108
-51
-87
-123
-146
-178
-262
-268
-258
-267
-271
-300
-271
-294
-299
-282
-289
-266
-323
-317
-360
-344
-326
-327
-292
-278
-307
-346
-322
-308
-303
-279
-312
-309
-315
-261
-223
-210
-230
-235
-205
-166
-119
-106
-100
-65
-90
-145
-109
-104
-49
-31
-53
-30
6
-3
-15
-21
-32
-5
28
78
119
120
102
48
88
122
172
164
136
108
97
154
127
42
-32
-67
-1
12
26
29
-10
-15
-54
-48
-54
-66
-76
-117
-87
-24
11
40
4
-16
35
103
105
54
-5
-25
30
47
88
101
57
47
83
82
74
61
86
80
58
-30
-7
32
3
-45
-126
-112
-39
-13
-4
-19
-58
-90
-43
25
66
72
95
140
172
137
110
109
134
184
206
252
234
256
255
212
203
231
233
257
247
229
274
284
273
249
227
251
248
259
208
183
182
196
277
288
221
202
173
140
135
121
87
84
64
34
-15
-6
11
10
-88
-182
-171
-95
-43
-28
-65
-43
-60
-24
3
-86
-75
-54
13
75
48
29
-4
11
71
121
166
152
124
129
176
264
311
334
303
261
238
277
259
203
206
206
225
239
236
233
202
145
114
128
192
217
211
227
187
170
165
104
112
147
195
206
131
113
121
143
123
89
63
54
58
49
28
18
12
-26
-53
-68
-117
-147
-152
-171
-213
-253
-258
-241
-196
-176
-217
-260
-309
-273
-256
-250
-257
-281
-253
-259
-261
-275
-269
-245
-246
-219
-232
-278
-321
-344
-320
-321
-292
-309
-311
-350
-369
-325
-299
-267
-297
-344
-355
-346
-258
-235
-243
-254
-263
-269
-268
-281
-331
-306
-287
-252
-195
-161
-206
-217
-202
-180
-176
-198
-191
-221
-242
-231
-204
-166
-173
-243
-262
-292
-304
-296
-289
-285
-340
-379
-417
-414
-379
-343
-362
-359
-394
-409
-402
-374
-355
-352
-320
-296
-279
-272
-252
-239
-245
-272
-269
-240
-177
-136
-151
-194
-199
-113
-129
-142
-158
-187
-182
-171
-139
-118
-106
-118
-105
-84
-70
-57
-42
-19
-36
-31
-14
-37
6
2
16
-6
-10
19
31
39
-5
0
14
49
99
70
84
91
53
82
82
105
137
139
99
100
126
174
188
200
196
201
175
129
167
228
279
281
274
281
331
362
369
340
320
348
341
342
329
329
370
371
348
344
359
347
322
337
338
337
316
291
309
304
299
320
344
383
395
397
399
454
488
460
387
422
395
361
364
369
430
442
409
378
345
356
370
379
374
311
273
268
316
326
298
274
279
318
322
317
326
313
288
267
288
345
390
386
323
256
296
317
335
303
307
324
317
333
318
327
312
282
207
201
178
137
96
40
23
-8
-14
-22
-29
-45
-74
-132
-139
-122
-139
-162
-173
-194
-226
-264
-270
-225
-225
-246
-309
-380
-400
-383
-373
-371
-406
-410
-347
-310
-334
-345
-315
-263
-280
-314
-315
-308
-261
-240
-254
-260
-292
-293
-280
-297
-253
-203
-217
-242
-264
-299
-312
-310
-312
-275
-277
-260
-266
-287
-309
-329
-283
-263
-301
-322
-340
-356
-367
-379
-425
-458
-510
-542
-530
-559
-541
-529
-542
-539
-541
-577
-558
-526
-534
-467
-478
-498
-488
-464
-458
-451
-491
-522
-457
-446
-435
-420
-469
-489
-446
-455
-445
-446
-475
-472
-476
-438
-428
-423
-390
-394
-393
-415
-397
-402
-439
-424
-455
-462
-443
-393
-374
-409
-399
-406
-435
-445
-413
-350
-331
-272
-239
-216
-226
-251
-266
-262
-201
-163
-135
-176
-203
-177
-188
-149
-162
-221
-228
-212
-193
-170
-218
-231
-211
-190
-141
-162
-160
-159
-115
-98
-113
-94
-67
-45
-42
-35
-6
7
-5
8
22
23
42
51
103
93
87
99
81
85
50
30
45
54
112
132
91
76
92
116
137
134
167
163
162
185
220
253
275
277
266
298
353
348
341
364
387
372
336
331
333
344
333
325
270
298
336
304
325
354
369
404
396
366
299
318
362
429
424
441
429
435
457
484
491
448
454
489
537
536
486
461
451
417
388
405
418
404
357
276
252
291
321
352
313
269
242
248
266
265
283
250
309
339
350
341
323
288
253
254
203
192
212
212
194
164
131
121
125
63
20
-27
-19
16
-3
-18
-61
-89
-104
-78
-68
-100
-116
-103
-85
-77
-47
-2
-35
-86
-119
-137
-117
-126
-165
-202
-223
-198
-178
-181
-201
-228
-231
-262
-259
-250
-225
-219
-256
-271
-280
-228
-230
-243
-289
-314
-280
-281
-237
-262
-251
-205
-226
-274
-320
-332
-294
-261
-293
-266
-247
-226
-182
-187
-195
-242
-295
-288
-271
-256
-264
-262
-298
-317
-340
-362
-324
-286
-300
-406
-448
-424
-399
-367
-391
-425
-423
-334
-282
-269
-272
-305
-334
-316
-341
-341
-337
-369
-369
-360
-348
-358
-363
-399
-397
-385
-379
-381
-401
-401
-367
-345
-316
-274
-287
-293
-284
-283
-261
-241
-231
-204
-173
-151
-152
-174
-170
-177
-131
-141
-163
-188
-188
-129
-137
-171
-209
-222
-214
-220
-203
-192
-213
-216
-234
-229
-201
-176
-166
-140
-160
-170
-162
-165
-168
-172
-160
-188
-172
-114
-78
-56
-40
-30
-14
25
78
89
101
120
147
195
205
203
188
171
184
202
205
220
213
204
184
188
201
185
177
166
189
216
228
223
227
218
249
254
219
179
167
200
236
266
268
258
257
252
238
219
216
224
238
291
293
259
223
250
281
299
307
293
306
260
250
230
261
302
285
276
266
284
346
383
347
341
346
390
456
469
472
507
521
500
510
504
481
464
465
456
443
451
441
428
398
386
382
340
355
348
326
333
315
313
248
158
102
106
122
126
125
88
74
107
131
150
175
170
197
161
86
78
30
10
-25
-40
-66
-70
-36
-74
-78
-65
-61
5
45
50
36
33
67
115
138
123
115
123
100
121
138
131
171
178
166
183
221
249
239
210
106
58
51
27
20
-16
-42
-45
-13
9
9
-26
-91
-127
-145
-197
-269
-323
-323
-305
-307
-301
-267
-223
-208
-211
-173
-139
-89
-97
-121
-114
-139
-148
-242
-301
-306
-305
-305
-295
-273
-264
-250
-234
-222
-189
-158
-170
-183
-194
-207
-224
-255
-302
-323
-355
-356
-356
-362
-393
-403
-404
-404
-431
-419
-418
-419
-416
-437
-400
-367
-354
-345
-349
-349
-308
-272
-219
-197
-174
-185
-224
-231
-251
-254
-223
-171
-132
-54
-20
1
-19
13
53
51
89
102
122
107
104
134
147
142
107
69
64
91
127
133
149
194
219
260
343
398
419
428
397
370
379
376
394
392
353
360
340
332
296
277
334
353
366
315
294
316
300
339
290
243
254
249
311
345
366
386
375
383
382
367
373
357
318
305
298
296
326
320
307
310
295
295
345
408
439
474
468
466
431
432
456
420
389
349
281
234
216
236
247
221
232
240
254
299
341
365
336
336
283
274
291
267
296
272
273
292
290
307
313
290
285
261
219
218
253
275
261
231
246
241
172
139
143
145
124
111
101
82
56
14
3
24
40
66
133
118
109
98
49
66
59
71
84
115
142
169
205
207
234
243
239
227
188
170
97
78
70
57
16
-69
-103
-123
-113
-81
-41
6
37
56
106
136
205
281
245
214
229
226
235
208
187
171
150
96
69
99
88
99
126
121
144
120
95
102
107
116
102
90
107
93
80
41
-34
-102
-201
-256
-297
-350
-386
-428
-463
-499
-529
-522
-514
-517
-510
-493
-477
-412
-390
-375
-312
-287
-286
-293
-302
-281
-271
-285
-272
-289
-282
-289
-315
-326
-303
-267
-248
-226
-225
-211
-159
-82
-40
-33
-5
-22
-45
-70
-123
-196
-199
-177
-185
-179
-167
-168
-153
-137
-108
-85
-82
-20
44
99
146
146
107
109
96
94
83
61
62
35
-10
-69
-120
-113
-127
-126
-142
-192
-227
-223
-239
-260
-251
-296
-283
-227
-194
-177
-181
-208
-178
-116
-53
9
28
-2
-48
-29
-7
-26
-34
-21
12
45
66
76
89
119
167
229
224
245
289
335
375
357
371
384
320
247
188
189
194
198
180
175
211
225
255
301
323
371
425
421
425
453
466
475
472
456
411
408
378
350
350
327
337
357
362
388
371
326
326
310
311
316
312
317
325
315
272
291
308
342
345
355
378
376
413
427
460
444
416
387
347
344
310
301
310
284
289
288
284
313
316
320
346
336
313
258
214
194
192
184
159
151
164
175
199
240
307
366
337
334
299
289
292
253
240
202
207
204
246
254
220
215
191
219
235
233
233
217
213
207
199
150
105
77
60
40
11
-2
14
-16
-69
-100
-114
-109
-118
-134
-159
-180
-183
-187
-256
-307
-300
-272
-264
-300
-336
-336
-278
-206
-214
-241
-248
-251
-233
-275
-334
-390
-413
-411
-421
-438
-462
-440
-430
-423
-395
-417
-446
-372
-374
-371
-326
-334
-314
-326
-319
-323
-296
-300
-296
-269
-282
-284
-235
-218
-227
-203
-191
-121
-109
-130
-154
-165
-145
-112
-24
2
-4
-2
-44
-50
-72
-132
-163
-164
-130
-59
-42
-90
-109
-132
-112
-71
-85
-90
-90
-99
-137
-158
-183
-225
-236
-287
-290
-246
-222
-241
-283
-297
-278
-255
-238
-185
-156
-181
-211
-219
-278
-304
-286
-267
-259
-278
-268
-271
-284
-268
-250
-268
-275
-262
-277
-278
-251
-249
-291
-329
-325
-351
-352
-361
-359
-292
-259
-201
-168
-163
-135
-134
-81
-35
-27
-4
8
-58
-46
-19
-4
-9
-26
3
27
22
-19
27
39
13
34
84
99
91
58
96
131
122
159
172
179
203
205
148
140
98
42
69
46
17
7
-34
-38
-28
-64
-97
-158
-179
-152
-130
-118
-82
-51
-44
-54
-59
-67
-123
-161
-185
-202
-252
-242
-222
-226
-198
-158
-94
-45
-44
13
62
67
107
97
59
65
55
26
-3
-44
-23
33
19
-3
-36
-81
-64
-35
-7
8
40
44
62
57
54
84
122
128
160
201
228
249
233
228
194
155
94
64
48
37
18
2
4
18
10
-2
19
37
51
92
150
143
136
101
82
73
11
-36
-69
-96
-127
-113
-123
-152
-186
-197
-123
-39
4
22
-2
-41
-55
-53
-72
-78
-56
-26
-18
-83
-101
-55
-35
-28
-42
-5
7
-33
-11
64
93
57
-38
-109
-104
-137
-184
-232
-222
-190
-179
-156
-148
-145
-155
-164
-131
-122
-84
-73
-77
-81
-59
-3
5
23
16
39
99
112
74
67
59
75
61
37
1
18
33
-17
-39
-57
-43
-36
-11
4
-12
-20
-20
-36
-78
-106
-136
-140
-151
-171
-216
-234
-206
-206
-191
-154
-155
-160
-169
-189
-187
-216
-225
-215
-234
-223
-268
-350
-387
-427
-409
-384
-327
-273
-260
-237
-212
-213
-232
-257
-303
-303
-280
-265
-244
-217
-237
-221
-188
-185
-140
-136
-105
-70
-11
37
67
85
51
30
-22
-35
-15
10
41
67
115
163
153
134
112
95
76
68
85
111
107
64
25
-22
-23
-30
-9
46
45
82
37
-2
19
0
-42
-76
-131
-147
-122
-131
-145
-159
-187
-266
-324
-324
-295
-300
-329
-336
-326
-351
-368
-378
-401
-441
-447
-451
-484
-509
-560
-607
-622
-612
-590
-569
-564
-555
-559
-554
-567
-559
-564
-548
-517
-511
-478
-452
-490
-548
-516
-476
-430
-404
-412
-384
-325
-268
-267
-293
-309
-301
-261
-231
-175
-150
-174
-170
-165
-118
-59
-15
38
100
147
191
213
199
247
309
353
338
325
275
204
173
139
181
207
223
202
191
181
173
144
91
85
95
140
213
241
238
211
171
155
103
111
131
104
129
143
109
102
34
-12
-3
10
19
1
17
21
35
67
72
73
55
37
45
62
86
86
52
19
-45
-76
-93
-122
-141
-174
-183
-149
-97
-71
-67
-62
-70
-46
-2
16
4
2
30
45
72
70
62
83
77
67
77
64
59
91
138
191
198
233
276
319
337
343
374
329
294
253
187
146
121
78
65
13
-51
-68
-87
-79
-79
-102
-136
-176
-209
-224
-219
-223
-188
-164
-189
-212
-247
-259
-224
-184
-190
-184
-165
-172
-165
-106
-72
-43
-10
4
34
57
33
-9
-28
-16
-9
-37
-46
-34
-27
-11
-14
-19
-1
2
-47
-111
-112
-122
-100
-65
-76
-82
-37
14
64
122
156
168
192
199
191
185
155
134
137
104
94
104
74
77
51
23
32
28
10
6
3
7
22
25
50
50
45
48
41
0
-5
8
23
31
15
17
41
70
112
122
110
111
103
99
74
56
-5
-65
-100
-130
-141
-132
-163
-165
-174
-169
-160
-93
-30
-6
46
6
-30
-58
-83
-88
-80
-60
-87
-73
-69
-85
-83
-80
-75
-25
12
7
10
-28
-38
-74
-80
-82
-104
-80
-79
-78
-61
-62
-70
-55
-24
-13
-10
-9
5
29
61
67
59
81
90
87
70
77
134
153
145
138
99
73
43
51
94
105
110
123
129
110
126
140
175
242
269
295
344
351
360
368
324
295
214
159
151
122
77
17
8
21
37
44
47
77
111
112
90
116
123
112
132
118
140
139
98
94
83
125
147
170
180
152
123
89
69
74
58
76
94
89
72
21
24
70
75
49
41
36
19
-25
-53
-85
-103
-126
-120
-55
-15
22
48
65
84
109
126
172
227
257
258
224
207
236
279
280
249
218
242
249
243
225
203
182
125
114
84
61
61
86
71
44
30
20
28
29
69
97
129
135
105
103
140
145
101
101
88
35
12
-27
-82
-118
-141
-152
-145
-167
-221
-241
-259
-265
-283
-295
-268
-298
-305
-308
-271
-226
-236
-245
-246
-241
-232
-187
-161
-132
-67
-57
-57
-10
7
61
120
160
237
265
259
234
213
196
147
100
67
40
41
15
-10
-22
-41
-63
-86
-123
-123
-131
-140
-112
-95
-110
-121
-130
-132
-121
-151
-165
-140
-148
-131
-147
-152
-144
-140
-131
-113
-92
-99
-77
-33
-19
4
8
-17
-13
-41
3
47
77
101
88
91
87
84
81
104
106
97
144
211
253
304
348
355
364
375
411
468
478
485
482
467
472
487
578
636
654
659
608
593
573
586
604
603
565
545
540
542
562
545
486
420
375
363
387
433
433
401
341
281
257
242
228
208
220
197
242
234
165
161
139
126
136
106
121
133
109
89
43
19
0
-9
-22
-28
2
34
57
72
57
63
76
63
45
32
-3
-13
-13
-17
-30
-48
-82
-103
-62
-36
-11
21
-10
-50
-74
-58
-29
-3
45
65
67
33
14
35
19
7
-30
-33
-7
28
51
39
34
-4
-17
0
-1
8
6
-11
-31
-55
-73
-117
-142
-127
-108
-84
-103
-90
-81
-43
-5
31
35
23
35
26
-4
-44
-79
-119
-134
-150
-175
-194
-207
-215
-214
-248
-274
-279
-285
-309
-335
-303
-322
-347
-345
-303
-257
-248
-256
-286
-283
-265
-244
-193
-191
-183
-144
-154
-122
-55
28
101
179
180
161
126
114
161
158
147
119
96
83
51
18
-6
-13
-3
-2
16
12
36
56
68
58
45
76
103
125
154
153
170
164
180
209
227
251
205
170
155
148
106
46
56
80
86
98
73
79
63
8
-27
-28
-15
16
8
-17
-30
-46
-68
-110
-118
-111
-80
-77
-87
-68
-92
-117
-111
-103
-84
-71
-99
-109
-144
-169
-166
-145
-138
-184
-250
-279
-244
-198
-199
-193
-197
-187
-175
-174
-107
-77
-59
-54
-61
-52
-45
-34
-8
0
10
70
133
170
155
145
175
205
208
227
228
199
201
185
167
151
110
83
49
27
48
51
47
66
34
-12
-25
-45
-16
16
42
58
42
47
25
-2
2
37
100
123
114
113
105
113
90
74
79
99
96
69
78
71
69
86
43
39
33
-6
-18
14
40
-8
-34
-42
-51
-60
-48
-65
-58
-89
-108
-77
-88
-102
-64
-18
43
102
119
141
155
185
195
212
238
244
256
263
242
249
258
252
225
245
246
231
251
226
243
221
207
218
192
162
134
86
52
88
95
40
10
-40
-58
-44
-31
-11
-2
-47
-23
3
24
13
-16
-14
-27
5
-6
1
-10
-24
-13
4
24
26
19
-13
-36
-64
-83
-96
-128
-160
-183
-220
-219
-227
-247
-244
-246
-219
-188
-207
-207
-232
-230
-227
-248
-262
-302
-329
-329
-310
-305
-239
-184
-185
-207
-182
-102
-50
0
-1
-1
-7
-22
-21
-27
-40
-55
-42
-52
-45
-46
-27
-23
-53
-12
18
53
37
-1
-32
-39
-49
-73
-108
-115
-88
-83
-40
-23
-55
-85
-98
-127
-134
-158
-138
-111
-57
-82
-103
-84
-128
-123
-100
-50
-20
-1
-7
-24
-43
-62
-107
-124
-115
-113
-132
-155
-141
-117
-56
10
23
19
-10
-10
19
37
54
51
17
5
-11
-38
-37
-35
-68
-76
-113
-160
-121
-145
-170
-156
-161
-155
-130
-146
-164
-140
-136
-93
-72
-57
-50
-42
-62
-57
-31
-5
42
66
52
34
26
8
6
-51
-77
-83
-93
-92
-123
-156
-165
-156
-163
-135
-119
-130
-152
-135
-143
-132
-115
-167
-153
-118
-103
-94
-100
-62
4
35
27
21
23
56
74
86
87
32
-13
-60
-30
13
23
62
58
51
70
82
97
70
29
-20
-5
-14
-61
-22
-33
-41
-32
-43
-3
47
44
71
85
68
69
50
39
55
67
59
60
64
15
-40
-23
-35
-8
-4
-18
-1
-11
-42
-72
-78
-124
-149
-171
-175
-147
-127
-114
-124
-104
-106
-103
-83
-69
-27
6
31
31
36
14
15
44
90
138
142
122
129
135
132
166
172
198
242
260
242
192
145
125
123
149
186
184
162
110
72
65
76
38
14
-30
-70
-58
-50
-35
-8
-15
-46
-30
-54
-40
-12
19
71
74
50
40
49
26
36
19
-29
-46
-77
-97
-93
-102
-150
-180
-222
-257
-220
-188
-164
-168
-175
-158
-171
-165
-156
-132
-117
-149
-150
-140
-156
-145
-124
-119
-141
-142
-140
-126
-76
-51
-39
-24
-30
-23
-14
-17
-17
-29
-5
56
70
53
37
23
29
32
58
65
59
42
-3
-22
-41
-80
-100
-109
-111
-178
-214
-226
-249
-219
-205
-190
-188
-216
-225
-237
-250
-240
-256
-250
-218
-199
-208
-227
-241
-250
-228
-217
-198
-190
-168
-151
-137
-155
-179
-198
-221
-187
-127
-100
-85
-71
-82
-77
-75
-80
-69
-29
-7
-35
-40
-9
-8
23
42
58
43
17
28
52
64
48
88
111
149
174
170
193
209
235
242
240
232
212
200
199
203
196
170
185
165
132
140
103
120
118
108
130
139
129
123
139
137
164
178
197
218
202
164
139
114
72
45
17
12
11
26
54
130
131
112
92
62
21
-24
-36
-23
9
2
-37
-24
-4
-4
-7
-34
-48
-49
-41
-30
-32
-44
-37
-31
-16
-34
-78
-111
-109
-115
-123
-151
-155
-122
-117
-134
-174
-182
-171
-132
-119
-136
-166
-185
-170
-138
-105
-116
-141
-132
-107
-65
-66
-98
-116
-109
-79
-66
-119
-152
-156
-169
-206
-251
-257
-250
-226
-184
-129
-100
-68
-33
-16
-9
-6
-8
40
74
72
104
84
96
86
80
127
153
181
176
171
190
195
183
182
179
155
140
157
133
114
98
122
123
124
129
110
118
71
54
60
71
74
58
78
82
107
85
20
9
16
16
-5
-14
-44
-80
-116
-159
-214
-224
-232
-241
-227
-212
-202
-226
-220
-234
-259
-258
-232
-205
-195
-183
-131
-102
-75
-5
10
14
27
26
18
-28
-84
-115
-97
-42
-7
-12
-20
-36
-21
-14
34
41
48
64
64
88
67
84
101
111
154
211
244
249
227
223
203
211
220
237
243
226
211
180
134
116
132
98
82
25
0
-17
-35
-43
-51
-42
-58
-74
-75
-63
-78
-131
-160
-155
-169
-155
-159
-151
-135
-104
-105
-110
-131
-153
-145
-169
-180
-169
-171
-209
-202
-179
-162
-183
-230
-260
-284
-324
-348
-316
-289
-286
-289
-286
-280
-255
-200
-159
-119
-128
-102
-76
-59
-31
-72
-75
-65
-91
-45
-6
6
22
29
64
79
87
84
87
90
83
91
84
117
152
161
183
209
214
213
208
187
160
136
101
117
166
194
181
171
141
135
133
119
137
113
97
72
31
-43
-82
-84
-90
-97
-128
-142
-125
-118
-138
-131
-95
-74
-54
-75
-89
-43
-11
29
100
126
125
120
81
38
33
77
120
137
107
93
86
94
97
82
55
70
82
64
74
62
53
49
37
36
-4
-31
-22
-37
-63
-81
-87
-55
-32
0
38
70
96
104
98
112
145
200
222
239
270
304
290
249
220
184
206
223
217
209
220
209
207
198
184
190
177
146
134
112
85
75
64
72
81
82
117
102
80
73
104
151
135
87
49
37
75
99
82
55
38
24
1
-3
-13
-9
7
-10
-24
-38
-52
-39
-28
-72
-81
-64
-75
-75
-145
-146
-136
-130
-142
-152
-188
-183
-136
-119
-78
-96
-130
-117
-88
-49
-15
-38
-32
-28
-43
-56
-65
-67
-55
-49
-53
-48
-90
-112
-78
-67
-69
-60
-35
-4
7
-17
-17
-14
2
-7
-22
-16
-43
-30
-61
-89
-121
-156
-149
-149
-160
-179
-217
-241
-221
-191
-190
-197
-189
-180
-152
-130
-118
-113
-120
-121
-108
-53
-6
-24
-35
5
29
15
-4
-16
-27
-16
6
26
25
4
-19
-55
-57
-55
-61
-69
-86
-91
-113
-139
-142
-131
-97
-73
-107
-157
-171
-162
-147
-116
-82
-110
-124
-109
-101
-57
-12
13
-2
-5
-20
-41
-37
-29
-31
-41
-44
-40
-31
-9
-22
-4
9
23
64
90
106
81
70
107
168
229
241
244
237
217
229
209
218
225
235
231
222
198
169
142
128
158
140
124
109
132
162
163
169
167
192
194
182
199
219
249
268
227
200
201
211
221
243
229
189
162
162
163
169
169
177
264
299
287
304
324
367
402
362
353
364
326
300
285
272
282
280
224
186
182
156
173
142
108
101
81
99
120
117
122
128
152
216
248
254
257
301
303
268
254
232
236
211
180
178
160
137
142
147
146
162
152
137
106
61
69
89
116
125
132
138
168
165
140
138
138
115
105
92
90
104
143
151
133
96
60
82
78
110
130
112
82
48
72
75
41
13
7
3
-20
-47
-47
-47
-49
-67
-79
-86
-124
-134
-143
-153
-135
-116
-106
-88
-130
-160
-165
-124
-117
-83
-78
-89
-97
-101
-106
-100
-86
-48
32
309
956
504
65
-877
-1412
-581
236
889
492
419
-174
139
513
-75
-441
-1148
-1367
-81
1370
1818
1973
475
1016
436
404
-532
-2352
-779
1382
5068
4888
2516
300
552
2872
3481
1454
-600
345
4793
6551
4543
-704
-4057
-1074
363
-653
-4323
-5436
-3041
-1911
-3999
-6763
-9632
-7508
-5908
-8211
-7546
-9750
-7913
-6475
-7603
-7901
-7315
-5328
-4326
-5232
-5675
-3294
-1806
-542
-1110
-22
2261
3522
3296
3927
5155
6127
6854
6369
7110
7446
8062
8194
7765
7742
7841
7904
6940
5823
4618
4051
2688
1534
494
42
-379
-2440
-4054
-5664
-6193
-7298
-8226
-8644
-9765
-10109
-10834
-11129
-10921
-10437
-10555
-10139
-10115
-10236
-9484
-9096
-7560
-5398
-3153
-1579
-636
-21
1188
2413
3233
4227
5575
7338
8482
9336
10428
11971
13020
12911
11784
11187
11040
10681
9766
9117
8818
8533
7444
5881
4715
3344
1995
71
-1535
-2765
-3492
-4304
-5065
-5187
-5970
-5967
-6901
-7081
-7295
-7702
-7791
-7677
-6764
-5891
-4549
-3973
-2442
-1324
17
726
1126
1569
2698
4346
5803
7437
8066
8815
7807
7498
6819
6680
6260
4965
3801
3201
3511
3806
2540
983
-868
-3017
-3864
-6741
-7976
-8759
-9206
-8077
-8223
-7783
-7189
-7564
-7066
-7571
-7699
-7425
-6522
-4819
-3560
-1817
-573
1627
3365
4647
5507
5916
6232
6798
6913
8096
8884
9716
10510
10343
11039
10339
9752
8929
7865
7174
5924
4629
3962
3246
3338
2412
1580
544
-929
-1421
-2666
-3840
-4617
-5336
-5114
-5168
-5385
-5132
-4332
-3429
-3220
-2972
-2993
-2280
-1839
-1521
-1658
-1364
-964
-692
-308
-60
-407
-160
-41
-445
-197
-1389
-1489
-2005
-2409
-2514
-3453
-2422
-2651
-1002
-888
-772
-774
-810
-313
-472
0
-48
875
1500
2925
3379
4993
4642
5707
5376
5527
5541
4752
4806
4262
4755
4255
4223
3797
4195
4043
4402
3014
2415
1254
662
228
-504
-687
-1540
-1000
-1520
-1103
-1247
-1576
-1447
-1560
-1592
-1314
-1989
-1328
-1032
34
885
742
1343
1748
2456
2682
2459
2073
1802
1499
1045
72
-299
-1235
-1103
-2066
-2288
-3349
-4114
-5275
-6321
-7445
-8220
-9326
-9371
-8727
-7748
-6327
-6681
-5595
-4889
-3390
-3197
-2698
-2201
-805
-22
820
1609
3652
5846
7066
8106
8450
9469
9616
9667
8769
8706
8707
8536
7605
6924
6820
7213
6750
5538
4548
3685
2943
1170
-252
-1630
-2251
-2992
-3828
-4498
-4555
-4581
-4547
-4416
-4667
-4401
-4284
-3920
-3787
-3162
-2788
-1835
-1232
-295
632
1579
1970
2201
2138
1611
1132
876
485
61
-686
-1335
-1878
-2396
-3012
-4101
-4749
-5693
-6730
-6754
-7139
-6406
-6175
-6474
-5244
-5897
-4440
-4507
-3184
-2300
-1656
-1013
-246
700
2206
2703
3962
4931
5797
6926
6671
7666
7201
8122
7386
7109
6892
6906
7092
6718
5845
5862
5016
4518
3349
2664
2399
1300
656
-767
-1266
-2168
-3077
-3239
-3224
-3226
-3109
-3182
-2767
-2428
-2196
-2125
-1964
-1446
-1344
-887
-778
-573
-425
-465
-509
-714
-969
-1018
-1418
-1761
-2376
-2966
-3677
-5154
-5804
-6720
-7605
-8163
-9552
-8929
-8462
-7311
-6287
-5842
-4911
-4020
-2912
-2264
-1569
-913
70
590
1938
2855
4902
6003
7496
8294
9579
10265
10478
10690
10595
10834
10345
9598
8772
8336
7514
7053
6049
5579
4832
4174
3118
2341
1334
98
-1743
-3213
-4754
-5854
-6661
-7441
-7930
-8021
-7643
-6934
-6172
-5432
-4468
-3692
-2680
-2106
-1322
-668
348
1359
2291
2956
3677
4318
4598
4408
4277
4050
4121
3488
2557
1562
766
-446
-1748
-3773
-5174
-6523
-8468
-9488
-11322
-10402
-10975
-9816
-10157
-9890
-8821
-8427
-7714
-7223
-6375
-5453
-5131
-4347
-2713
-1441
768
1230
4208
5652
8302
9630
10905
12236
12682
12933
12717
12429
12318
11553
10715
10469
10079
10268
8952
8509
7539
6973
5276
3170
1077
-814
-2745
-4525
-6185
-7122
-8085
-8652
-8872
-8791
-8507
-8535
-8138
-7566
-6509
-6342
-5898
-4905
-3749
-2855
-2364
-1473
18
1043
1258
1445
2240
2945
3440
3209
3157
3542
3075
2018
1157
-223
-1339
-3024
-4540
-6074
-6892
-7056
-7659
-6308
-7023
-6284
-6306
-5935
-5206
-5103
-5447
-5400
-5222
-4265
-3946
-3251
-2093
-649
1577
2355
4657
5784
7990
9096
9747
9806
9869
9857
9777
8969
8892
8413
8493
8147
7733
8017
7523
7160
5905
5122
3656
2279
669
-586
-2052
-2963
-4367
-4913
-5546
-5813
-5992
-6154
-5764
-5677
-4659
-4762
-3925
-3624
-3082
-2095
-1803
-1550
-1473
-1436
-1124
-1102
-853
-883
-825
-265
-565
304
-663
-251
-1245
-1613
-2490
-4085
-4731
-6627
-7652
-8793
-10000
-9924
-8957
-9232
-7036
-7601
-5451
-4897
-3845
-2614
-2033
-425
-480
454
883
2048
3361
4572
5255
7473
7862
10303
10398
12229
12737
12937
12949
11666
11722
10583
9527
8105
6757
5631
4513
2676
2179
790
600
-1050
-1321
-1878
-2149
-2954
-4181
-5077
-5977
-6960
-7757
-8096
-8306
-7884
-7646
-6669
-5818
-4321
-3190
-1900
-757
80
535
1327
1599
2082
1928
1916
2148
2254
2391
2009
2104
2358
2197
1761
1072
547
200
-1236
-2236
-3738
-4299
-5969
-7289
-8932
-9536
-10203
-10283
-10463
-9780
-8593
-8118
-6337
-6027
-4027
-3292
-1778
-1390
-324
315
1469
2203
3571
4356
5767
7049
8239
10062
10418
11772
11682
12727
12320
12266
11264
10432
8951
7826
6165
5305
3974
3257
2547
1820
1406
544
379
-726
-1284
-2427
-3203
-4280
-4935
-5847
-6189
-6802
-6817
-7133
-6881
-6426
-6044
-5478
-4938
-4166
-3119
-2253
-1732
-955
-317
323
355
675
982
1577
1846
2093
2259
2628
2589
2804
2791
2726
2258
1550
828
157
-684
-2075
-3175
-4243
-5758
-6227
-8382
-7785
-8214
-8008
-7239
-8184
-6194
-6196
-4824
-4465
-3483
-2462
-1672
-991
229
314
2026
1760
3136
3885
4321
6142
6025
8020
8165
9554
9511
9729
9911
10196
9582
8979
7791
7666
6395
5701
4579
4105
3750
2499
2179
1108
701
-426
-986
-1875
-2609
-4082
-5237
-6220
-6365
-7138
-7378
-7887
-7625
-7411
-7374
-7060
-6499
-5279
-4544
-3723
-3075
-1722
-578
546
1176
1927
2288
2680
2532
2782
3133
3435
3433
3181
3021
2921
2626
1988
1705
617
-229
-1949
-2927
-4031
-5555
-6960
-7751
-7886
-7937
-8152
-8407
-7550
-7120
-6157
-5955
-5076
-4701
-3818
-3136
-2344
-1230
-320
840
1591
2772
3714
5041
5478
6645
7482
9018
9449
10012
10406
11125
11390
11013
10565
9828
9187
8037
7066
5817
5046
3686
2946
1672
1060
-54
-919
-1845
-2559
-3397
-4150
-4876
-5520
-5983
-6722
-7206
-7605
-7631
-7692
-7364
-7074
-6409
-5872
-4949
-4335
-3294
-2496
-1417
-411
328
1270
1976
2691
3039
3325
3518
3621
3345
3246
2880
2707
2126
1748
1134
837
-333
-1093
-2412
-3154
-4569
-6063
-7512
-8601
-8582
-9748
-9543
-10517
-9167
-8472
-7430
-6920
-5653
-4415
-3062
-2246
-1125
-146
1004
2120
2510
4135
4414
6197
6530
8325
9056
10297
10833
11606
12467
13031
12653
12233
11927
11509
10902
9411
8619
7460
6920
5341
4440
2947
2145
963
82
-1193
-2142
-3222
-4169
-5214
-6279
-7307
-8036
-8509
-9013
-9128
-9561
-9033
-8578
-7561
-7011
-6207
-5080
-3784
-2730
-1700
-782
707
1730
2793
3648
4466
5433
5929
6319
6314
6085
5769
5283
4582
3998
2770
1928
485
-548
-2026
-3348
-4589
-5925
-6997
-8401
-9230
-9485
-10261
-10283
-10492
-10230
-9382
-9289
-8176
-7126
-5584
-4458
-3315
-1760
-294
1517
3051
4079
5584
6661
7995
8915
9487
10301
10733
11486
11671
12005
12049
12089
11817
11451
10888
10169
9124
8249
6906
5631
4238
2616
1092
-802
-2013
-3245
-4355
-5554
-6627
-7383
-7977
-8538
-8841
-9209
-8751
-8503
-7896
-7464
-7076
-6043
-5258
-4289
-3612
-2653
-1556
-491
384
1587
2915
4208
4850
5386
5813
6265
6259
5919
5417
4772
4194
3305
2271
1121
-165
-1176
-2197
-3696
-4661
-6217
-6616
-7624
-8290
-8889
-9820
-10291
-11247
-11045
-11061
-10876
-10392
-9833
-8911
-7369
-6400
-4353
-2808
-612
982
2333
4032
5045
6906
7681
8803
9385
10117
10613
10802
10859
11241
11276
11451
10922
10558
10251
9646
9018
7860
7208
5889
4846
3316
2193
1013
33
-1139
-2047
-3250
-3941
-4770
-5418
-5906
-6477
-6765
-7410
-7416
-7563
-7410
-7467
-6997
-6424
-5622
-4992
-3995
-2808
-1564
-1002
-337
335
1005
1669
2290
3209
3967
4785
5094
5719
6013
6425
6524
6449
5916
5570
5054
4504
3361
1962
652
-758
-2057
-3677
-4976
-6050
-6790
-7467
-7702
-8547
-8744
-9241
-9755
-10281
-10423
-10500
-10436
-9844
-9663
-8465
-7307
-6028
-4627
-2776
-1441
195
1566
2927
4082
5365
6372
7041
7975
8362
9188
9296
9665
9617
10050
10003
9953
10085
10267
10116
9928
9611
8976
8445
7456
6682
5520
4458
3146
2044
648
-602
-1609
-2324
-3366
-4205
-5084
-5474
-5800
-6209
-6404
-6711
-6579
-6303
-6143
-5820
-5553
-5219
-4313
-4296
-3541
-3128
-2250
-1452
-775
13
585
1532
2101
2760
3395
3698
4234
4532
4647
5006
4682
4538
3852
3331
2582
1741
977
-2
-608
-1572
-2619
-2990
-3983
-4221
-4970
-5594
-6005
-6764
-7078
-7902
-8569
-9477
-9222
-9518
-9228
-9280
-9069
-7867
-6752
-5631
-4471
-2995
-1669
-6
1371
2917
4096
5553
6225
7196
7711
8264
8856
9200
9709
10030
10714
10856
11300
11631
11994
11870
11776
11278
10944
10323
9544
8542
7430
5933
4271
2631
680
-1016
-2644
-4045
-5578
-6691
-8056
-8959
-9523
-9912
-10278
-10563
-10738
-10710
-10475
-10170
-9838
-8969
-8153
-6900
-5635
-4285
-2635
-1128
672
2150
3823
5251
6517
7801
8745
9440
9984
10271
10623
10222
9966
9201
8604
7737
6434
5056
3578
2216
556
-743
-2079
-3464
-4493
-6050
-7113
-7981
-9346
-10014
-11616
-12125
-13728
-14274
-15514
-16388
-16226
-15875
-15137
-14230
-12642
-11255
-8248
-6554
-3856
-1435
1375
3285
5619
7611
9207
11066
12070
12946
13350
14155
14015
14673
14267
14498
14323
14700
13869
13262
12910
12098
11485
10122
8588
6948
5553
3391
1545
-777
-2521
-4614
-6125
-8151
-9558
-10687
-11733
-12367
-13002
-13112
-13094
-12641
-12309
-11655
-11001
-10139
-9218
-7994
-6969
-5358
-4111
-2177
-920
739
2461
4080
6177
7495
9087
10162
11497
12256
12982
13303
13384
13219
12893
11820
11124
9796
8801
7498
5905
4096
1819
159
-1857
-3402
-5146
-6319
-7710
-8237
-9510
-9867
-10462
-10710
-11188
-11963
-12621
-13551
-13717
-14466
-14541
-14662
-14283
-13874
-12856
-11381
-10055
-7987
-6256
-4225
-1562
761
2904
5251
7190
8971
10468
11695
12315
12871
13196
12858
12736
12310
11929
11656
11099
10494
9987
9588
8810
7972
7434
6607
5816
4795
3426
2190
826
-593
-2141
-3561
-4859
-6102
-6936
-7979
-8594
-8828
-8920
-8882
-8614
-8300
-7728
-6940
-6324
-5536
-4830
-4131
-3366
-2620
-1794
-1148
-38
961
2028
3143
4095
5449
6767
7843
8614
9484
10178
10693
11057
10997
10592
10209
9236
8411
7420
6310
5141
3833
2577
940
-482
-2049
-3367
-4678
-5672
-6655
-7260
-7808
-8012
-8183
-8023
-8035
-8177
-8475
-9199
-9608
-10112
-10268
-10677
-10823
-11006
-10397
-10045
-9163
-8671
-7493
-5771
-5036
-2860
-1987
-1
1679
2954
4284
5203
6286
6677
7530
7867
8112
8371
8507
8320
8694
8574
8647
8668
8587
8590
8170
8192
7503
7609
7191
6821
6013
5384
4538
3817
3023
1932
1056
45
-860
-2037
-2872
-3966
-4400
-4874
-5263
-5653
-5728
-5847
-5754
-5619
-5500
-4952
-4518
-4150
-4009
-3492
-3251
-2963
-2544
-2137
-1492
-894
-210
610
1656
2573
3255
4157
4765
5316
6042
6559
6960
6974
6880
6584
6291
5753
5011
4354
3484
2472
1530
426
-690
-1715
-2596
-3493
-4285
-4933
-5546
-5776
-5899
-6011
-5981
-6409
-6946
-7447
-8013
-8453
-9098
-9472
-9782
-9835
-9612
-9522
-8918
-8339
-7932
-7337
-7020
-5768
-4856
-3864
-2750
-2118
-573
267
1287
2239
3256
4279
4955
5654
6125
6655
7153
7649
7966
8487
8665
9154
9408
9542
9616
9699
9590
9244
8983
8603
8199
7574
7111
6334
5664
4615
3690
2684
1650
633
-350
-1443
-2534
-3521
-4441
-5327
-6189
-6956
-7714
-8243
-8884
-9110
-9200
-9325
-9419
-9526
-9542
-9524
-9451
-9201
-8609
-7826
-6944
-5760
-4574
-3041
-1402
341
2276
3862
5414
6826
8283
9559
10486
11190
11580
11732
11687
11469
11311
11002
10366
9570
8648
7618
6408
5028
3577
2077
477
-1083
-2827
-4294
-5561
-6651
-7621
-8656
-9789
-10868
-11769
-12454
-13052
-13428
-13663
-13725
-13420
-12853
-12158
-11246
-10275
-9355
-8305
-7496
-6484
-5340
-3870
-2449
-821
769
2297
4072
5944
7613
9137
10638
11652
12589
13448
13971
14540
14999
15094
14773
14455
13880
13199
12392
11279
9921
8606
6975
5239
3727
2095
353
-1428
-3251
-5047
-6454
-7624
-8842
-9735
-10459
-11196
-11687
-11978
-12015
-11844
-11564
-11469
-11199
-10646
-10042
-9227
-8223
-7157
-5944
-4662
-3494
-2176
-774
520
1691
2880
3793
4752
5801
6685
7584
8543
9147
9752
10425
10812
11383
11718
11888
11853
11697
11249
10629
9995
9002
7806
6543
5076
3622
2181
803
-467
-1797
-3232
-4650
-5817
-6802
-7630
-8269
-8667
-8934
-9070
-9067
-8830
-8406
-8020
-7587
-7249
-7025
-6891
-6636
-6240
-5620
-4935
-4147
-3463
-2720
-1805
-1100
-559
-34
216
537
659
268
403
464
497
393
139
119
318
450
489
464
595
626
640
784
809
922
1154
1183
1074
1030
950
927
1187
1408
1454
1477
1374
1417
1550
1671
1686
1860
2030
2040
2124
2181
2163
2190
2130
1914
1703
1451
1300
1181
1144
915
758
610
447
290
134
32
-160
-241
-489
-685
-845
-961
-1076
-1106
-1249
-1308
-1330
-1225
-1085
-835
-492
-120
198
675
1015
1578
2169
2667
3306
3878
4425
4812
5210
5436
5500
5499
5284
4923
4518
3875
3174
2472
1549
508
-510
-1438
-2253
-2959
-3599
-4202
-4716
-4987
-5066
-4966
-5055
-5199
-5366
-5639
-6135
-6636
-7076
-7388
-7547
-7656
-7531
-7303
-6980
-6658
-6321
-6064
-5741
-5405
-5038
-4702
-4484
-4184
-3990
-3682
-3207
-2806
-2128
-1614
-901
100
1072
2120
3034
4040
5180
6274
7327
8142
8913
9631
10108
10390
10437
10162
9811
9306
8641
7771
6842
5910
4967
3988
2871
1947
1076
352
-263
-828
-1380
-1845
-2239
-2640
-3053
-3372
-3851
-4284
-4785
-5288
-5573
-5847
-6030
-6146
-5978
-5787
-5557
-5294
-4910
-4205
-3428
-2744
-2064
-1326
-562
125
767
1401
2040
2579
3023
3364
3667
4118
4490
4884
5052
5290
5432
5537
5762
5941
5986
5852
5577
5287
4940
4487
3900
3237
2460
1577
676
-230
-1107
-1920
-2740
-3547
-4204
-4722
-5082
-5294
-5295
-5110
-4791
-4262
-3690
-2952
-2235
-1584
-1174
-1157
-1323
-1618
-1895
-2211
-2386
-2421
-2232
-2055
-1839
-1575
-1307
-969
-586
-441
-424
-588
-849
-1115
-1477
-1940
-2486
-2765
-3242
-3508
-3749
-3718
-3489
-3079
-2640
-2154
-1388
-579
194
1129
1987
2788
3579
4171
4534
4780
5002
5037
4981
4809
4442
4172
3756
3426
3149
2844
2467
2282
2064
1832
1728
1629
1505
1310
1106
844
540
168
-264
-746
-1275
-1830
-2327
-2799
-3142
-3436
-3659
-3886
-4077
-4127
-4084
-3805
-3529
-3199
-2756
-2364
-1860
-1405
-936
-421
161
774
1146
1666
2008
2422
2833
3140
3438
3729
3975
4203
4528
4905
5136
5246
5378
5489
5475
5205
4985
4613
4293
3692
3080
2429
1709
930
187
-478
-1038
-1328
-1554
-1710
-1726
-1652
-1494
-1340
-1202
-943
-799
-764
-965
-1147
-1297
-1525
-1756
-2048
-2300
-2536
-2701
-2822
-2880
-2855
-2958
-3028
-3163
-3515
-3736
-4183
-4567
-5010
-5451
-6083
-6620
-7260
-7679
-8015
-8193
-8151
-8181
-7795
-7457
-6800
-6039
-5050
-4100
-3090
-2023
-921
352
1425
2541
3582
4472
5090
5600
5978
6287
6567
6804
6998
7038
7217
7290
7486
7551
7594
7484
7340
7211
6973
6735
6275
5677
4962
4155
3191
2167
993
-55
-1162
-2278
-3446
-4516
-5331
-6196
-6823
-7342
-7596
-7647
-7604
-7439
-7041
-6467
-5816
-5082
-4353
-3494
-2671
-1743
-899
203
1188
2223
2970
3856
4801
5644
6709
7504
8375
9143
9802
10392
10993
11303
11612
11703
11771
11461
11028
10339
9583
8621
7347
5952
4409
2923
1275
-323
-1845
-3340
-4769
-6019
-7205
-8105
-8860
-9485
-9927
-10395
-10546
-10825
-10986
-11145
-11191
-11256
-11346
-11432
-11317
-10992
-10508
-9827
-9294
-8368
-7422
-6356
-5177
-4044
-2886
-1765
-793
95
972
1647
2213
2716
3035
3237
3290
3354
3422
3453
3693
3635
3921
4207
4504
4933
5259
5641
6069
6331
6495
6522
6581
6460
6216
5792
5166
4374
3558
2672
1775
854
39
-709
-1430
-2018
-2490
-2626
-2685
-2608
-2350
-2126
-1870
-1521
-1333
-1099
-1071
-1015
-1156
-1295
-1427
-1581
-1679
-1671
-1609
-1426
-1058
-653
-16
655
1381
2043
2685
3269
3838
4342
4719
4940
5054
5012
4819
4557
4129
3564
3002
2472
2023
1382
926
679
576
677
427
385
366
447
339
361
235
190
66
-156
-587
-991
-1462
-1886
-2403
-2954
-3468
-3920
-4155
-4336
-4298
-4206
-3991
-3665
-3099
-2592
-2095
-1575
-1085
-681
-450
-329
-167
0
-27
-140
-418
-643
-822
-926
-884
-829
-719
-675
-563
-494
-393
-236
-161
-165
-239
-508
-746
-1056
-1389
-1722
-2167
-2509
-2967
-3260
-3622
-3825
-4000
-4074
-4028
-3892
-3674
-3404
-2999
-2493
-1829
-1125
-349
300
999
1579
2162
2637
2931
3096
3224
3372
3419
3483
3486
3551
3601
3745
3805
3918
4005
4056
4124
4047
3954
3738
3489
3146
2736
2272
1781
1290
879
513
112
-314
-711
-996
-1283
-1525
-1697
-1715
-1667
-1688
-1705
-1661
-1439
-1131
-862
-606
-297
150
558
819
1082
1353
1572
1725
1832
1836
1801
1766
1795
1676
1677
1703
1676
1834
1951
2149
2299
2493
2523
2563
2443
2310
2172
2054
1686
1234
728
280
-182
-623
-1067
-1544
-1832
-2236
-2531
-2691
-2735
-2744
-2691
-2585
-2494
-2306
-2221
-2099
-1871
-1654
-1486
-1390
-1433
-1510
-1711
-2003
-2238
-2455
-2590
-2922
-3210
-3486
-3664
-3687
-3691
-3600
-3363
-3132
-2984
-2776
-2546
-2305
-2081
-1954
-1927
-1861
-1885
-2032
-2127
-2294
-2466
-2733
-2870
-2910
-2796
-2649
-2282
-1779
-1123
-300
537
1386
2358
3375
4310
5186
5761
6230
6532
6657
6723
6689
6536
6262
5872
5629
5353
5039
4736
4480
4284
4029
3742
3418
3155
2873
2532
2138
1636
1191
776
326
-57
-502
-896
-1324
-1623
-1720
-1799
-1811
-1743
-1586
-1344
-1072
-769
-394
-32
355
678
918
1080
1167
1180
1117
880
661
418
162
-100
-398
-650
-818
-975
-1013
-913
-844
-557
-455
-224
-117
124
229
414
359
375
355
270
141
-66
-183
-334
-340
-415
-451
-531
-385
-308
-231
-248
-198
-188
-177
-230
-210
-221
-326
-411
-474
-490
-515
-530
-545
-627
-652
-753
-832
-900
-996
-1066
-1138
-1303
-1362
-1386
-1374
-1356
-1376
-1402
-1428
-1469
-1521
-1642
-1773
-1796
-1925
-1929
-2118
-2209
-2235
-2405
-2432
-2616
-2632
-2779
-2695
-2682
-2504
-2336
-2138
-1837
-1490
-1047
-636
-114
345
844
1184
1518
1685
1984
2285
2581
2830
3026
3365
3709
3973
4205
4515
4702
4834
4826
4791
4653
4457
4145
3741
3460
3067
2613
2164
1719
1382
1008
595
164
-220
-574
-938
-1323
-1625
-1955
-2262
-2632
-2926
-3168
-3424
-3569
-3744
-3752
-3793
-3719
-3667
-3516
-3261
-3035
-2773
-2503
-2224
-1904
-1549
-1254
-875
-526
-118
150
482
751
1014
1300
1506
1646
1707
1872
1911
2003
2042
2035
2020
2077
2054
2116
2071
2024
1920
1788
1582
1286
995
633
275
-165
-587
-1111
-1529
-1956
-2314
-2612
-2884
-3056
-3100
-2998
-2825
-2568
-2331
-2032
-1755
-1334
-1002
-641
-314
-33
229
479
666
820
1090
1272
1434
1541
1643
1764
1900
2056
2233
2479
2623
2676
2701
2669
2558
2460
2188
1862
1400
964
407
-78
-658
-1298
-1884
-2499
-3033
-3588
-3969
-4381
-4570
-4937
-5042
-5307
-5401
-5525
-5538
-5488
-5312
-5174
-4867
-4455
-3915
-3342
-2734
-2125
-1454
-696
-7
689
1433
2176
2908
3573
4153
4705
5301
5900
6357
6738
7068
7358
7443
7455
7279
7129
6802
6450
5890
5356
4673
3898
3048
2208
1263
328
-552
-1440
-2217
-2964
-3655
-4300
-4817
-5232
-5593
-5867
-6025
-6167
-6297
-6272
-6179
-5870
-5588
-5221
-4803
-4198
-3574
-2955
-2331
-1645
-775
10
774
1446
2237
2835
3599
4150
4752
5281
5817
6318
6714
7026
7158
7430
7394
7349
7099
6970
6612
6284
5826
5190
4424
3565
2724
1800
935
-41
-863
-1721
-2531
-3332
-4031
-4665
-5172
-5631
-6037
-6283
-6479
-6480
-6558
-6441
-6361
-6144
-5952
-5696
-5389
-5073
-4667
-4324
-3937
-3514
-3045
-2605
-2078
-1433
-781
-194
329
835
1328
1822
2219
2594
2828
2991
3052
3067
3100
3028
2977
2808
2651
2434
2225
1948
1687
1321
1024
627
227
-143
-523
-920
-1415
-1887
-2458
-2962
-3503
-3964
-4332
-4634
-4913
-5072
-5076
-4968
-4806
-4612
-4344
-4000
-3607
-3177
-2668
-2136
-1557
-1068
-639
-260
153
596
1017
1425
1712
2088
2367
2703
3090
3562
4070
4567
5051
5495
5839
6122
6262
6284
6202
5969
5548
4946
4353
3699
3013
2252
1492
699
-18
-675
-1234
-1676
-2089
-2448
-2798
-3081
-3271
-3393
-3580
-3718
-3832
-3934
-4034
-4096
-4100
-3929
-3776
-3585
-3469
-3181
-2816
-2333
-1840
-1227
-553
121
792
1306
1888
2420
3045
3538
3968
4249
4548
4825
5061
5095
5064
4987
4903
4811
4688
4502
4299
4136
3874
3635
3421
3174
2921
2612
2224
1787
1287
676
12
-736
-1470
-2215
-2877
-3510
-3967
-4396
-4754
-5025
-5273
-5369
-5375
-5315
-5231
-5101
-4923
-4765
-4562
-4394
-4193
-3998
-3820
-3643
-3383
-3050
-2738
-2433
-2097
-1762
-1465
-1180
-1004
-729
-514
-191
-38
211
359
476
565
633
697
723
684
550
471
343
349
246
287
148
122
84
87
117
132
129
69
105
75
135
237
500
745
962
1177
1358
1556
1742
2000
2171
2393
2535
2806
3029
3219
3396
3541
3712
3831
3922
3963
3992
3971
3916
3771
3625
3343
3088
2747
2316
1941
1506
1091
649
209
-245
-619
-1001
-1373
-1659
-1953
-2178
-2411
-2565
-2714
-2778
-2819
-2799
-2771
-2619
-2404
-2157
-1854
-1621
-1284
-987
-600
-223
158
481
826
1156
1379
1659
1850
2056
2134
2244
2338
2422
2464
2464
2415
2407
2453
2401
2326
2151
1974
1744
1478
1152
779
377
42
-314
-647
-990
-1392
-1728
-2012
-2296
-2589
-2824
-3013
-3110
-3191
-3289
-3372
-3433
-3448
-3464
-3447
-3416
-3364
-3335
-3358
-3370
-3344
-3307
-3257
-3256
-3239
-3192
-3090
-2885
-2641
-2425
-2231
-2001
-1666
-1329
-1034
-735
-396
-88
155
300
460
671
822
928
924
918
890
825
717
592
543
612
725
909
1080
1225
1372
1489
1692
1808
1869
1855
1788
1759
1624
1466
1246
1120
955
844
666
557
525
548
610
686
848
934
1069
1100
1222
1315
1390
1455
1462
1555
1580
1615
1556
1626
1633
1657
1793
1855
1961
2003
2082
2081
2060
2050
1915
1829
1699
1422
1163
856
558
290
-8
-400
-678
-947
-1233
-1431
-1673
-1810
-2003
-2102
-2151
-2139
-2066
-2073
-2026
-2052
-2019
-2050
-2030
-2000
-1870
-1731
-1594
-1496
-1323
-1104
-904
-715
-490
-139
147
477
762
1105
1366
1667
1846
2057
2185
2280
2307
2262
2258
2114
1963
1741
1519
1328
1109
900
716
557
390
238
47
-111
-220
-305
-461
-576
-740
-832
-966
-1108
-1245
-1349
-1377
-1466
-1538
-1556
-1508
-1471
-1402
-1300
-1180
-1036
-852
-729
-555
-413
-335
-242
-96
6
112
249
337
476
599
706
776
883
952
943
952
921
915
873
780
673
576
434
315
236
153
111
-13
-82
-197
-259
-376
-535
-676
-799
-863
-984
-1098
-1210
-1207
-1236
-1143
-1076
-947
-825
-667
-542
-400
-266
-177
-28
76
286
445
613
705
846
976
1054
1167
1266
1398
1402
1426
1359
1346
1267
1176
1016
822
681
465
352
194
123
1
-139
-284
-446
-600
-772
-873
-966
-1026
-1095
-1088
-1112
-1105
-1134
-1073
-936
-747
-520
-404
-207
2
219
439
615
775
1019
1245
1418
1592
1775
1911
2039
2118
2142
2194
2152
2108
2005
1897
1746
1515
1259
942
705
458
181
-69
-282
-473
-624
-806
-936
-1063
-1159
-1281
-1349
-1345
-1332
-1336
-1364
-1409
-1418
-1385
-1378
-1359
-1333
-1283
-1217
-1095
-952
-827
-695
-588
-473
-325
-209
-93
79
244
319
363
403
457
524
516
483
425
371
301
205
155
110
93
34
-21
-1
77
27
11
10
-41
-98
-172
-151
-123
-83
-109
-135
-118
-138
-204
-282
-368
-385
-377
-459
-588
-671
-727
-827
-882
-970
-922
-822
-732
-659
-600
-528
-464
-324
-177
-10
116
277
433
573
695
775
904
1013
1166
1350
1541
1722
1841
1965
2052
2120
2169
2206
2140
2049
1989
1882
1726
1555
1408
1203
986
802
649
511
313
116
-51
-167
-244
-380
-441
-452
-474
-475
-494
-518
-524
-494
-481
-440
-405
-388
-331
-261
-108
-25
121
242
442
640
779
947
1099
1326
1494
1659
1720
1851
1951
2018
2018
1963
1928
1798
1708
1542
1397
1180
916
671
416
217
-27
-235
-448
-672
-918
-1116
-1296
-1481
-1675
-1918
-2179
-2341
-2429
-2465
-2542
-2614
-2639
-2657
-2620
-2571
-2492
-2321
-2107
-1889
-1716
-1509
-1272
-990
-671
-377
-94
122
358
555
725
883
1039
1195
1284
1334
1324
1253
1184
1067
926
771
559
314
92
-91
-331
-525
-715
-887
-1078
-1266
-1362
-1478
-1582
-1704
-1783
-1894
-1948
-2006
-2023
-1994
-2009
-2010
-1982
-1859
-1723
-1540
-1312
-1056
-780
-553
-282
-22
279
584
855
1123
1368
1573
1736
1856
2027
2240
2421
2561
2668
2845
2968
3046
3054
3074
3051
2959
2822
2649
2424
2134
1886
1608
1394
1142
873
665
465
312
144
9
-135
-224
-285
-357
-408
-455
-431
-423
-419
-448
-526
-639
-778
-938
-1080
-1124
-1092
-1034
-1038
-1030
-984
-867
-719
-540
-387
-239
-102
34
136
184
273
348
422
438
435
407
368
286
190
134
82
67
60
44
34
7
-22
-84
-157
-189
-262
-346
-356
-432
-407
-384
-390
-438
-509
-520
-526
-521
-534
-524
-472
-382
-312
-295
-290
-229
-141
-58
-36
-13
22
66
110
112
133
146
180
169
148
163
165
196
183
110
58
8
20
-2
-62
-136
-195
-204
-225
-232
-254
-254
-263
-301
-287
-249
-197
-224
-247
-246
-219
-209
-198
-201
-223
-236
-247
-258
-256
-212
-163
-85
-29
70
83
89
72
93
136
134
147
117
98
39
0
-89
-166
-219
-247
-236
-247
-260
-199
-186
-90
-45
0
68
88
110
101
83
19
-44
-144
-259
-348
-398
-393
-356
-301
-237
-173
-100
-5
139
289
439
532
615
655
733
804
837
832
811
795
797
796
882
966
1059
1180
1237
1258
1239
1251
1241
1238
1209
1109
991
863
728
639
555
482
408
342
321
295
260
219
180
33
-78
-152
-269
-336
-390
-426
-493
-493
-449
-458
-450
-441
-421
-389
-364
-304
-238
-185
-134
-114
-122
-121
-115
-69
8
46
16
-49
-99
-120
-177
-234
-257
-350
-429
-513
-612
-740
-861
-981
-1122
-1277
-1422
-1535
-1623
-1715
-1821
-1941
-2050
-2118
-2131
-2102
-2041
-1909
-1761
-1625
-1497
-1308
-1110
-848
-548
-334
-151
34
164
317
403
431
498
519
578
719
842
784
909
823
810
750
693
666
686
791
761
856
745
834
720
619
491
303
263
68
-4
-158
-171
-264
-361
-218
-166
16
94
214
384
502
631
741
1027
1111
1218
1247
1279
1337
1241
1236
1158
1202
1189
1202
1133
1102
1164
1108
1075
976
912
969
915
797
664
478
394
204
-55
-301
-454
-720
-697
-833
-965
-934
-1065
-952
-962
-862
-894
-912
-905
-856
-657
-570
-392
-348
-229
-44
102
285
347
422
478
584
560
513
562
600
634
459
317
192
84
106
83
-18
-283
-522
-642
-638
-740
-980
-1210
-1387
-1433
-1471
-1558
-1699
-1829
-1848
-1711
-1590
-1584
-1628
-1634
-1542
-1352
-1213
-1086
-974
-859
-655
-482
-272
-144
32
186
310
443
517
565
565
663
734
752
567
410
378
300
139
-28
-49
-31
-128
-206
-201
-168
-320
-465
-377
-230
-161
-305
-364
-384
-354
-379
-368
-194
-64
-14
40
153
298
460
546
595
665
757
945
1100
1220
1238
1223
1242
1264
1311
1323
1314
1353
1371
1394
1330
1228
1111
1037
1019
973
900
785
710
584
445
359
311
263
134
39
-40
-157
-272
-372
-384
-408
-442
-545
-616
-598
-570
-557
-574
-572
-577
-461
-330
-144
51
235
441
481
586
688
829
916
995
1057
1018
981
917
808
574
418
377
342
287
154
75
-50
-154
-312
-451
-518
-639
-716
-812
-886
-990
-1095
-1169
-1293
-1437
-1510
-1563
-1658
-1782
-1825
-1828
-1870
-1914
-1845
-1709
-1633
-1561
-1450
-1266
-1071
-909
-765
-587
-452
-374
-198
4
178
314
367
362
353
349
343
398
447
460
485
546
560
607
620
515
424
398
421
412
320
253
230
121
-27
-133
-202
-228
-251
-302
-301
-313
-282
-219
-180
-125
-80
-39
-21
75
155
261
312
387
476
638
710
717
749
770
829
855
841
785
840
817
759
714
637
643
601
522
481
467
466
502
531
516
499
405
305
194
25
-65
-134
-237
-346
-458
-581
-667
-759
-847
-909
-958
-969
-961
-945
-916
-848
-835
-785
-725
-678
-664
-648
-581
-499
-403
-328
-223
-108
-27
60
69
73
96
143
141
129
132
162
211
203
204
205
218
183
122
74
28
-65
-152
-185
-245
-310
-343
-354
-343
-355
-418
-458
-475
-503
-524
-567
-685
-804
-909
-1024
-1145
-1276
-1386
-1429
-1384
-1367
-1343
-1348
-1295
-1149
-1002
-919
-840
-751
-613
-463
-284
-144
-35
51
82
196
298
378
405
445
461
550
628
666
731
737
736
764
800
784
803
762
695
637
497
395
254
57
-58
-221
-292
-376
-515
-563
-640
-668
-706
-675
-647
-564
-505
-488
-456
-447
-417
-412
-389
-372
-322
-247
-232
-190
-173
-153
-59
53
145
243
365
458
555
583
616
700
731
791
833
909
938
935
933
902
924
876
856
778
758
686
623
539
394
309
194
132
76
54
44
1
-1
-47
-63
-121
-148
-197
-243
-248
-328
-386
-438
-429
-477
-502
-585
-597
-536
-531
-523
-524
-527
-512
-491
-524
-497
-419
-318
-244
-183
-111
-4
67
195
329
393
467
512
546
568
623
603
576
534
484
515
423
358
280
185
125
-13
-119
-200
-320
-419
-517
-659
-745
-893
-1081
-1232
-1327
-1460
-1606
-1691
-1766
-1780
-1805
-1765
-1707
-1632
-1548
-1509
-1478
-1336
-1189
-1085
-971
-817
-610
-440
-294
-175
-74
27
222
369
581
693
743
755
758
848
898
973
1042
1089
1086
1044
967
884
746
605
481
372
264
86
-32
-147
-255
-352
-498
-543
-639
-702
-785
-858
-843
-849
-819
-827
-805
-759
-643
-509
-351
-183
-31
103
258
502
709
918
1049
1201
1309
1369
1398
1352
1327
1317
1273
1227
1217
1203
1187
1141
1094
1063
950
890
804
705
633
434
281
135
26
-151
-415
-681
-867
-994
-1147
-1256
-1341
-1426
-1445
-1496
-1561
-1531
-1455
-1347
-1243
-1135
-987
-868
-752
-634
-523
-363
-249
-119
29
159
238
295
373
437
457
471
541
602
725
789
784
730
653
566
461
363
231
143
-58
-252
-430
-609
-757
-894
-1026
-1116
-1170
-1274
-1371
-1417
-1464
-1481
-1477
-1458
-1384
-1312
-1220
-1154
-1073
-1028
-960
-897
-805
-617
-448
-257
-85
85
244
355
461
573
698
816
942
1118
1259
1405
1444
1468
1488
1528
1549
1539
1480
1388
1352
1224
1147
1058
1041
950
863
732
606
516
340
242
140
38
-62
-146
-199
-291
-341
-421
-507
-558
-618
-637
-597
-502
-394
-332
-296
-204
-126
-125
-135
-129
-55
43
97
168
226
280
356
435
467
486
488
499
586
699
729
763
771
805
806
776
756
728
650
558
516
454
395
291
233
148
86
20
-96
-181
-248
-232
-255
-298
-363
-388
-347
-354
-359
-383
-471
-543
-624
-711
-732
-772
-794
-779
-805
-793
-753
-710
-671
-627
-589
-544
-495
-414
-407
-372
-396
-367
-299
-228
-164
-184
-153
-142
-74
-98
-111
-84
-93
-143
-158
-163
-178
-139
-136
-186
-208
-261
-226
-173
-158
-147
-211
-255
-321
-367
-433
-468
-443
-421
-422
-466
-472
-456
-409
-370
-300
-175
-77
40
146
277
383
482
528
618
771
840
964
1069
1148
1248
1271
1363
1350
1304
1274
1215
1214
1152
1126
1051
995
888
759
661
594
575
452
304
130
24
-99
-206
-329
-392
-458
-602
-693
-779
-848
-905
-965
-1003
-970
-940
-892
-842
-755
-674
-627
-573
-511
-441
-354
-258
-189
-103
-37
60
131
175
257
313
461
512
600
691
696
771
803
779
805
822
782
738
600
506
388
313
208
37
-90
-222
-357
-494
-595
-656
-745
-786
-834
-914
-937
-993
-957
-919
-883
-867
-885
-838
-793
-766
-672
-553
-508
-458
-409
-347
-198
-37
65
146
188
282
438
543
619
664
721
734
802
820
812
871
887
906
920
940
958
957
894
808
812
756
708
647
578
528
418
282
202
180
61
-5
-98
-150
-187
-244
-284
-282
-230
-228
-215
-172
-98
-96
-74
-23
82
168
228
297
343
457
538
571
601
655
666
700
710
701
692
653
633
601
614
612
607
590
591
611
623
607
608
601
572
563
501
464
392
299
234
123
29
-39
-164
-253
-292
-328
-316
-322
-386
-411
-456
-476
-445
-402
-350
-373
-459
-504
-482
-436
-427
-399
-405
-363
-303
-276
-191
-135
-57
-24
36
149
186
184
202
260
291
256
223
253
276
232
195
225
253
287
308
280
258
217
202
199
246
248
196
154
108
85
50
-15
-115
-204
-277
-321
-381
-458
-548
-628
-654
-644
-620
-643
-651
-629
-609
-576
-552
-540
-483
-435
-394
-404
-438
-372
-334
-265
-201
-112
12
101
174
275
348
346
367
410
450
475
466
450
452
438
445
451
403
302
180
114
55
-33
-148
-254
-328
-415
-519
-594
-704
-762
-797
-854
-888
-878
-776
-716
-662
-627
-611
-534
-479
-410
-289
-134
33
159
311
444
546
635
706
809
942
982
1007
967
920
937
859
811
757
704
651
575
481
372
299
229
169
77
-20
-114
-206
-260
-312
-373
-470
-559
-604
-644
-674
-698
-704
-692
-687
-651
-616
-548
-508
-466
-358
-267
-116
16
104
221
332
455
622
770
855
952
989
1016
1069
1131
1139
1100
1044
1004
990
998
990
958
927
859
803
731
644
599
497
351
209
121
95
19
-149
-350
-544
-683
-787
-866
-926
-969
-967
-982
-978
-947
-890
-838
-775
-671
-535
-416
-289
-143
-4
105
218
324
439
573
692
809
906
992
1071
1122
1130
1175
1229
1265
1292
1293
1255
1228
1203
1111
1027
927
822
744
666
533
394
262
154
57
-52
-155
-228
-333
-447
-506
-594
-643
-700
-757
-816
-847
-820
-832
-837
-869
-889
-847
-821
-796
-749
-679
-579
-437
-299
-199
-71
15
124
236
326
452
530
551
565
591
618
612
534
443
406
392
379
374
309
236
199
109
12
-109
-209
-214
-223
-279
-352
-404
-513
-555
-581
-591
-594
-597
-591
-562
-508
-457
-411
-350
-294
-236
-202
-184
-142
-99
-33
29
138
192
197
217
261
300
377
437
433
450
477
525
535
562
599
578
540
456
401
346
251
167
83
15
-42
-170
-307
-413
-535
-625
-739
-832
-878
-915
-933
-962
-978
-1003
-995
-1002
-983
-903
-862
-817
-811
-759
-696
-662
-571
-439
-307
-261
-246
-259
-201
-135
-77
7
79
143
200
275
347
436
506
556
598
621
616
530
515
503
492
484
405
345
314
310
306
234
125
79
36
0
0
-32
-53
-94
-156
-133
-152
-206
-244
-277
-233
-136
-25
40
71
88
134
172
179
221
257
305
363
396
452
507
532
587
632
615
598
564
493
461
386
325
303
217
179
123
56
29
4
-26
-52
-34
-20
8
-8
-55
-106
-167
-248
-322
-386
-385
-364
-373
-355
-379
-418
-381
-296
-193
-161
-162
-95
-52
-36
-76
-59
-40
2
87
80
83
67
55
81
110
134
170
182
221
252
233
232
233
241
201
208
219
190
194
169
139
112
60
54
-4
-29
-38
-79
-38
-72
-127
-145
-156
-136
-115
-121
-119
-87
-139
-141
-117
-113
-67
-78
-121
-142
-123
-121
-91
-58
-76
-20
38
33
54
69
71
151
170
167
216
237
212
198
187
190
236
205
155
118
100
124
120
41
-20
-56
-81
-64
-111
-142
-153
-166
-169
-213
-227
-288
-345
-423
-444
-431
-428
-456
-480
-505
-498
-514
-530
-476
-483
-433
-366
-272
-215
-147
-36
58
138
141
174
255
319
348
350
338
359
347
331
324
291
264
206
192
197
189
197
210
199
146
80
93
78
30
-16
-117
-169
-205
-251
-253
-290
-370
-404
-443
-445
-461
-468
-469
-471
-428
-359
-252
-196
-131
-85
-59
-4
31
98
156
148
189
223
304
343
342
293
221
234
277
292
294
308
301
285
269
261
265
266
237
205
149
97
59
17
10
-46
-114
-146
-212
-279
-349
-405
-382
-371
-347
-359
-395
-422
-444
-429
-419
-387
-385
-360
-318
-278
-260
-251
-223
-200
-164
-142
-74
-17
17
62
62
71
88
71
95
142
176
174
185
166
148
162
131
75
-20
-112
-171
-162
-164
-158
-194
-269
-345
-443
-493
-509
-463
-390
-343
-282
-213
-205
-228
-242
-250
-153
-38
95
154
166
184
196
192
179
250
310
345
334
332
367
386
400
394
400
388
390
440
472
479
466
412
361
315
253
154
42
-2
-58
-98
-172
-289
-337
-357
-358
-368
-401
-427
-436
-403
-382
-388
-405
-386
