239
378
337
363
353
352
331
314
280
230
220
247
230
282
270
265
73
-17
10
-7
5
-4
3
-2
2
-2
1
-1
0
-1
1
0
1
0
0
0
0
0
0
0
0
0
0
0
0
0
0
0
0
0
0
0
0
0
-1
0
0
0
0
0
0
0
0
0
0
0
0
0
1
0
0
0
0
0
0
0
1
0
0
0
1
1
0
0
0
-1
1
1
0
0
0
0
0
0
0
1
0
0
0
1
0
0
0
0
0
-1
0
0
0
0
0
0
0
0
0
0
-1
-1
-1
0
0
0
0
-1
0
0
0
0
0
0
0
0
0
1
0
1
0
0
0
0
0
0
1
-1
0
1
-1
0
0
0
0
0
0
0
-1
0
0
0
-1
0
0
0
0
0
0
-1
0
0
0
0
0
1
0
0
-2
5
-58
-92
-53
-60
-88
-78
-94
-95
-129
-196
-213
-234
-214
-215
-212
-181
-215
-164
-116
-67
-7
-12
46
72
67
70
78
72
62
81
57
27
27
30
60
41
-27
-10
-16
23
49
40
53
55
101
124
144
137
176
215
219
228
204
190
179
148
118
107
93
95
136
162
145
164
194
237
254
241
238
251
294
306
353
361
405
407
381
340
373
226
-15
15
3
16
-5
1
8
4
2
4
-3
1
13
4
2
11
6
-2
-5
-6
2
-8
-1
1
5
3
-8
-3
-1
14
16
6
-13
-18
-18
2
23
11
-10
-13
2
0
3
-1
2
19
16
-11
-14
-11
-7
8
3
-10
-12
-10
5
14
-3
-11
-16
-27
-8
6
6
17
8
5
13
4
-9
-7
6
8
16
6
-8
-2
-4
0
6
1
-12
1
-2
1
6
9
1
-2
3
-4
18
14
7
-1
-6
-10
6
-5
-9
11
10
1
-5
-14
-18
-16
-2
-6
1
5
-14
3
4
-2
-6
-2
-5
-4
-2
9
11
-7
-8
-3
2
0
12
17
16
7
-9
-7
-8
-12
-3
-3
14
14
11
-5
-12
3
-12
-6
-14
-4
10
-6
2
-6
-13
-19
-13
-4
-3
4
-15
-11
7
-11
-13
-9
-16
7
0
8
6
9
-4
-12
4
-9
-3
1
15
17
8
-8
11
-1
-16
-9
-7
7
-3
-2
-1
2
-7
0
0
-12
5
-2
-18
-4
-19
-18
-4
-5
5
-2
4
2
-11
-4
-12
-13
-11
-13
-15
-19
-2
2
3
12
-5
0
-8
-6
9
-7
4
7
9
17
3
-9
2
-12
5
-6
-10
-2
6
24
3
3
14
3
8
2
-8
1
-1
-5
-3
2
12
9
8
-1
-17
-13
-6
10
8
-3
2
5
-3
-16
-7
2
-7
16
14
-10
-11
-14
-4
7
7
-3
5
1
-3
-2
-3
5
12
0
-8
-11
-9
17
21
-3
-3
-5
-14
-8
-9
2
16
4
5
8
12
7
8
3
-10
4
7
10
23
17
7
-4
-20
0
3
0
5
8
20
8
-6
-25
-13
9
8
3
3
-7
1
-7
-6
11
-9
-3
2
-12
-7
4
13
8
4
-1
-5
18
19
25
15
-12
-12
-6
8
19
-3
5
5
0
1
0
8
-14
-7
-1
-6
3
-8
-3
12
-6
-7
-17
-8
14
3
-7
-1
1
-7
-6
-4
1
13
8
-7
27
-12
-29
-3
-8
16
13
-3
-15
-18
2
14
39
34
-1
25
0
1
17
-31
-20
14
13
11
20
20
29
32
-2
-15
4
-4
18
23
10
14
-10
-22
-7
11
21
15
-14
-5
-7
-25
3
17
17
-2
-8
0
4
2
-12
-17
-31
-41
4
15
7
-6
-18
-23
-33
-28
-22
-10
-1
-10
-2
21
12
-12
-22
-22
-12
15
3
6
12
12
0
0
19
22
33
45
22
-6
-12
-25
-11
-7
-2
-22
-12
27
6
-8
-29
-25
-12
5
5
-10
28
6
-6
15
18
20
-32
-32
3
15
32
31
10
-28
-32
-39
-4
14
6
15
22
-8
-18
-11
-6
18
8
-15
-15
-15
-28
-34
-54
-22
11
-1
-7
-17
26
30
22
-1
-20
4
21
11
-36
-59
-23
17
30
19
-5
-1
-3
-10
-43
-49
-1
16
8
-29
-37
-18
-4
-38
-44
-2
29
54
12
-21
-23
-31
-6
14
5
15
27
27
61
75
33
1
-35
-13
24
21
25
23
14
-1
-3
-32
-24
24
31
9
32
12
-18
-29
-20
-8
-30
-5
13
20
11
-14
15
13
-34
-29
-11
25
47
0
-25
-26
-7
-18
-31
-14
-37
-32
-42
-23
1
-9
6
-1
25
8
-37
-46
-26
3
20
38
22
7
-2
-11
6
30
40
29
6
-23
-27
-16
20
35
17
5
41
-33
3
33
-11
54
-27
-12
-39
-13
55
16
9
-36
-25
-11
-10
20
17
22
29
4
22
58
39
14
6
1
18
-10
-21
-2
-19
-18
-4
-15
-30
-23
-32
-21
-3
-22
-69
-63
-51
-49
-26
-10
-14
-18
-15
-50
-41
-35
6
58
48
55
-7
-18
-15
3
-4
-3
38
-10
26
20
22
35
24
43
18
22
43
40
51
47
69
69
54
56
14
33
29
9
0
-34
-41
-29
-9
-12
4
-24
-21
-36
-5
39
64
96
71
-1
-34
-48
-57
14
30
31
4
-39
-75
-64
-88
-113
-75
-35
-1
-30
-13
-29
-73
-58
-80
-58
17
88
74
19
-9
-36
-11
1
40
84
87
104
106
105
54
35
8
-7
32
6
45
93
106
57
-8
-21
-28
-17
-3
2
12
33
60
55
8
-29
-32
-27
-8
1
2
32
28
-21
-9
4
13
10
10
8
0
-25
-48
-56
-50
-50
-14
33
18
2
5
4
-16
-48
-40
23
20
0
-7
8
-10
6
-14
-18
8
-15
9
48
47
12
1
-18
28
0
-24
-9
-12
-11
-26
-13
35
70
55
21
13
10
11
3
-22
-1
19
-18
-43
-42
0
19
47
61
41
69
57
66
64
54
72
71
46
50
17
-38
-9
-12
5
8
10
42
55
47
38
57
20
76
75
-42
-64
-100
-61
-38
-70
-132
-136
-102
-78
-57
-54
-27
-73
-57
-39
-49
-65
-67
-56
-76
-58
-42
-29
-38
-6
17
-10
-17
-19
-1
22
16
27
5
30
61
59
65
43
52
47
45
101
79
38
53
13
-12
11
51
41
14
-53
-107
-105
-84
-66
-50
-51
-78
-77
-114
-98
-91
-76
-67
-36
-1
-14
50
17
-25
-3
-41
-41
-75
-94
-55
-65
-68
-125
-156
-95
-26
-20
-80
-108
-87
-37
-27
-60
-63
-88
-50
-6
-19
-30
-52
-53
-65
-41
-17
16
8
-22
43
64
79
55
10
11
2
40
30
47
18
-145
-147
-128
-23
18
-14
-35
-84
-50
-22
29
13
7
4
-51
-18
-12
7
-102
15
-168
-69
109
-16
180
-193
-136
-125
-4
161
81
73
21
51
120
131
45
-5
-93
10
51
3
-5
-65
-82
-42
26
58
25
-24
14
6
-33
-66
-66
-11
16
41
15
-33
6
-24
12
22
21
63
50
95
36
28
25
0
44
67
86
96
88
71
29
27
37
54
93
61
41
41
40
58
82
92
77
43
54
39
23
35
17
43
-7
-15
-46
-90
-78
-121
-107
-64
-15
6
42
51
26
59
70
87
104
81
80
108
120
147
117
63
50
11
58
71
55
82
24
10
-36
-36
30
-12
-28
-5
15
46
64
4
-36
-5
34
43
41
44
30
44
68
-17
-79
-74
-27
-15
17
58
40
27
-10
2
-68
-15
-1
-7
-67
-78
-58
-29
-46
-78
-69
-78
-59
-56
-44
-61
-8
-93
-87
-86
30
72
15
13
-78
-37
16
49
51
21
-38
-66
-49
-9
-17
4
-50
49
18
60
102
-32
-15
-61
-13
11
0
41
121
84
92
69
44
66
122
164
150
151
111
96
75
37
-26
-51
-39
-54
-58
-13
42
33
-36
-114
-97
-5
36
38
-30
-76
-98
-136
-142
-126
-120
-103
-110
-57
-20
-3
6
-53
-71
-84
-62
-12
55
35
-22
-41
-4
11
-1
-23
-34
-47
-94
-91
-98
-76
-70
-118
-124
-130
-146
-114
-76
-60
-58
-15
-5
46
46
-7
14
20
8
-24
-60
-100
-87
-53
-46
-91
-82
-52
-16
-25
-12
12
-12
-2
20
-45
-47
-12
-22
-14
18
14
-20
-7
-12
-1
52
-14
-11
-57
-47
-13
5
56
14
50
51
53
38
0
17
76
116
106
128
143
136
83
43
37
1
9
48
35
-32
-116
-162
-168
-114
-99
-104
-89
-100
-114
-130
-152
-157
-188
-106
-72
-46
-69
-93
-93
-85
-70
-69
-54
-101
-92
-51
-20
-26
3
-8
-30
15
56
69
120
130
80
-1
-20
7
16
3
-46
-15
-26
-20
-65
-41
-13
-8
-60
-88
-92
-47
-45
-76
-17
-15
17
34
64
91
87
83
90
110
88
77
53
90
89
78
124
127
156
181
164
169
170
177
161
123
133
108
38
-51
-53
-41
-47
-45
-28
-18
-19
-42
-127
-109
-140
-177
-128
-120
-100
-114
-186
-145
-145
-200
-230
-231
-178
-137
-72
-89
-130
-186
-162
-135
-101
-71
-98
-89
-74
-52
-89
-51
-17
-37
-15
11
-8
-17
8
17
21
-8
4
20
78
52
74
57
29
60
94
80
87
118
109
62
56
91
129
164
130
113
24
22
1
-10
40
52
68
-7
-22
-34
-12
30
9
-36
-51
-11
24
53
54
-20
-14
0
4
43
38
68
63
98
104
33
-9
-66
-38
25
60
58
55
8
0
-18
-22
-51
-102
-103
-42
-25
27
-4
-65
-67
-19
8
42
86
47
63
31
43
40
36
82
114
138
102
139
250
212
207
200
151
173
92
129
151
172
200
166
180
189
175
163
196
178
156
152
166
163
221
169
100
75
48
90
119
105
130
127
102
97
107
68
47
60
53
35
10
-48
-62
-63
-115
-94
-102
-101
-124
-159
-247
-199
-165
-201
-185
-253
-256
-222
-146
-91
-101
-154
-123
-107
-81
-55
-26
-52
-54
-16
-61
-27
-8
42
26
-23
-42
-7
23
18
38
105
101
83
122
115
93
12
-9
-27
24
114
68
54
18
-1
29
25
37
9
6
48
24
111
108
106
115
149
174
90
89
42
76
62
52
41
49
144
178
202
176
152
127
102
135
110
13
13
24
27
87
60
27
-2
4
29
-20
-39
-82
-132
-119
-168
-120
-126
-87
-54
-98
-138
-166
-65
-60
-75
-34
17
69
83
87
61
23
68
89
93
97
90
55
73
54
-5
-2
-16
-34
-51
-53
-38
-46
-59
-47
10
45
-15
-40
-45
13
39
23
-33
-120
-116
-22
16
-42
-77
-111
-81
-54
-64
-34
-30
21
-25
-71
-74
-83
-111
-176
-139
-234
-232
-202
-200
-165
-181
-207
-239
-304
-308
-322
-295
-250
-246
-247
-251
-232
-221
-151
-161
-189
-183
-206
-200
-163
-149
-111
-49
-69
-138
-196
-219
-220
-172
-154
-127
-110
-114
-94
-85
-29
-57
-114
-185
-220
-281
-289
-233
-216
-208
-206
-208
-227
-250
-251
-199
-162
-157
-184
-248
-225
-216
-220
-150
-146
-117
-100
-153
-142
-153
-154
-182
-171
-139
-84
-23
-40
-127
-137
-78
-35
11
38
57
92
67
55
0
12
15
13
40
4
-27
-35
-59
-32
8
27
16
62
107
94
109
142
166
157
143
157
184
187
181
169
177
168
121
104
118
149
194
193
199
160
150
202
208
280
266
216
226
219
272
343
356
266
192
160
148
157
164
150
132
61
83
70
56
113
153
176
183
191
120
144
137
146
143
69
88
169
184
182
181
139
152
169
243
262
191
175
224
258
271
341
391
395
351
363
412
443
410
430
429
422
338
251
320
327
330
316
195
289
308
242
338
165
211
215
227
294
185
137
119
200
225
244
230
250
239
247
286
323
313
282
285
229
262
278
261
204
133
130
104
117
161
157
97
27
52
-20
-29
-45
-76
-83
-73
-62
-98
-38
-21
-5
-10
-15
10
7
36
23
84
94
103
114
80
194
229
211
195
157
209
251
250
302
291
287
264
195
207
216
213
175
175
214
199
191
169
67
53
35
12
9
-3
38
-15
-28
-80
-129
-157
-230
-181
-136
-125
-144
-201
-173
-160
-215
-210
-238
-214
-207
-202
-201
-271
-280
-295
-284
-276
-332
-386
-346
-334
-263
-203
-179
-164
-148
-142
-110
-109
-118
-88
-99
-107
-94
-20
-43
-92
-102
-154
-112
-117
-105
-120
-143
-161
-142
-66
-81
-76
-124
-102
-66
-76
-49
-93
-107
-113
-139
-142
-96
-71
-69
-105
-170
-203
-209
-183
-158
-129
-128
-124
-110
-120
-91
-72
-152
-198
-237
-197
-172
-195
-238
-312
-295
-305
-313
-297
-306
-239
-242
-297
-326
-273
-156
-98
-121
-175
-176
-208
-234
-210
-201
-178
-108
-88
-38
-48
-121
-154
-179
-153
-121
-113
-106
-49
-38
-11
2
9
-40
-62
-79
-82
-47
-10
65
27
1
10
-78
-58
-4
27
69
40
42
8
-12
-47
-38
-26
-72
-44
-25
-41
-18
-20
-22
-16
-7
32
61
49
35
-9
48
20
-23
-76
-109
-100
-123
-78
-16
14
16
10
-30
-88
-100
-82
-80
-74
-57
-28
-21
50
71
83
102
89
102
126
160
137
125
129
114
116
155
162
169
178
180
203
214
190
148
138
170
169
152
138
138
149
158
127
94
130
146
126
93
115
124
79
43
36
26
0
93
139
99
121
82
53
23
6
51
115
111
139
110
126
153
124
139
141
150
186
213
270
259
198
160
154
160
141
156
147
150
114
112
117
111
77
48
83
81
69
111
118
160
186
176
179
180
163
132
162
136
134
149
126
75
46
48
89
115
127
98
79
77
1
1
34
76
88
56
58
37
34
73
48
59
14
8
72
58
95
106
33
65
78
66
49
0
-10
-16
-60
-38
20
94
116
99
92
76
67
64
108
155
168
136
128
145
200
180
164
128
103
124
121
67
23
13
-24
-30
-13
10
-17
-54
-49
-74
-35
-55
-76
-73
-83
-20
37
42
40
-5
-39
-36
-37
-23
-64
-81
-108
-128
-105
-82
-90
-116
-91
-81
-21
15
20
57
9
-33
-44
-47
-61
-36
-42
-30
-13
-43
-52
-70
-109
-118
-121
-153
-126
-127
-96
-78
-56
-18
-26
-26
-3
35
-3
-27
-46
-28
65
116
91
43
-4
4
7
3
27
50
4
-23
3
13
-13
-14
-25
-53
-65
-95
-131
-152
-150
-142
-130
-133
-113
-102
-144
-166
-170
-133
-118
-124
-132
-147
-160
-161
-164
-111
-83
-153
-176
-190
-182
-138
-131
-104
-48
-82
-25
-1
-11
13
12
-3
-17
-7
78
61
28
5
-24
57
37
55
76
63
45
39
102
177
229
199
164
196
160
176
238
234
225
172
137
117
103
149
157
190
191
174
153
113
162
120
42
33
31
42
23
-10
-17
-81
-79
-110
-161
-114
-106
-74
-75
-84
-113
-178
-140
-134
-131
-137
-162
-147
-122
-98
-63
-103
-108
-83
-59
-37
-71
-45
-10
23
34
7
-26
-68
-59
14
46
41
31
8
26
-24
-99
-134
-153
-148
-168
-154
-150
-164
-129
-151
-187
-172
-196
-151
-101
-94
-100
-102
-101
-112
-112
-97
-106
-160
-181
-226
-185
-195
-224
-219
-236
-187
-176
-143
-127
-129
-112
-96
-93
-118
-146
-163
-163
-159
-167
-185
-164
-151
-144
-151
-171
-223
-211
-190
-151
-111
-91
-53
-28
-6
-11
25
43
50
63
43
-12
-1
1
14
22
29
73
95
87
79
18
-10
-25
-26
47
57
81
48
32
46
77
83
39
7
-37
-40
-12
24
45
84
55
42
50
43
87
49
29
45
49
95
81
76
95
54
12
57
81
106
128
158
163
142
140
135
96
74
93
141
156
137
109
108
171
148
158
224
264
280
249
247
238
218
150
149
204
176
244
250
269
282
231
208
169
193
217
212
236
261
280
244
172
182
169
169
182
189
239
227
238
233
174
172
237
238
221
206
212
224
222
270
280
293
303
262
245
229
159
114
100
113
123
115
69
-7
2
18
17
12
-75
-83
-36
-2
55
72
54
22
-20
-18
-17
71
144
177
215
183
197
185
177
220
262
311
365
380
348
304
263
246
239
241
236
262
245
203
148
45
5
11
10
17
42
32
29
10
24
32
-4
-11
24
94
112
102
120
117
123
52
-6
17
43
63
86
96
67
48
41
-3
-33
-116
-101
-142
-152
-167
-159
-121
-172
-127
-151
-80
-69
-73
-56
-129
-120
-158
-106
-69
7
-10
-22
37
-16
78
101
79
5
2
14
39
73
55
67
33
-26
-71
-28
17
31
65
25
-6
14
15
-14
-25
-73
-92
-63
-86
-47
-67
-74
-61
-74
-134
-196
-227
-240
-235
-260
-231
-266
-317
-367
-409
-407
-386
-354
-379
-381
-377
-355
-306
-340
-351
-365
-393
-341
-336
-326
-325
-309
-266
-305
-311
-328
-340
-306
-295
-295
-265
-249
-229
-254
-272
-216
-190
-159
-137
-177
-161
-138
-47
-56
-62
-42
-68
-70
-62
-30
-23
-16
-19
-13
17
18
44
107
156
153
161
161
105
56
-13
-63
-10
46
55
50
58
35
-25
-116
-117
-92
-115
-110
-97
-93
-52
-10
23
-1
-29
-62
-109
-57
-4
-9
25
27
-5
-46
-63
-81
-75
-55
-27
-3
-31
-36
-75
-106
-91
-21
66
113
106
94
86
102
121
98
73
31
12
24
57
95
100
75
104
96
69
131
143
146
149
140
75
61
112
139
145
136
146
154
141
133
116
91
99
109
89
70
58
76
119
135
160
125
141
172
185
209
164
129
128
189
218
260
271
197
170
162
130
112
107
42
4
-18
39
72
65
46
-6
-9
-31
-37
-44
-4
3
-35
26
94
118
188
220
261
201
103
95
84
149
194
225
188
168
197
181
181
211
227
205
195
146
160
173
182
242
293
249
232
236
184
130
107
153
217
230
213
210
199
174
138
106
87
98
100
138
185
118
27
-29
-47
43
74
73
43
-15
-17
-29
-8
36
66
83
50
31
42
51
108
136
107
104
114
133
156
171
115
108
135
179
230
237
207
154
167
173
170
151
172
208
222
208
160
179
177
176
158
149
121
90
137
154
195
126
106
-33
6
-67
-57
-83
-4
-32
-42
-49
-104
-66
-124
-9
-54
-10
-38
-5
-120
-33
-121
-4
-6
-22
-47
-1
-51
61
-56
-84
47
-141
32
-38
-18
6
-76
-132
-92
-139
-84
-77
-98
-11
-59
-29
-36
-36
-6
33
28
59
70
79
114
114
54
46
5
19
40
37
81
41
36
-6
-15
-42
-5
-25
-25
-29
-30
-17
-36
-55
-68
-18
24
68
48
-1
-8
-57
-80
-88
-119
-114
-114
-50
-15
0
-42
-89
-96
-48
-59
-84
-110
-103
-95
-108
-93
-140
-141
-127
-152
-120
-70
-68
-83
-124
-139
-148
-146
-152
-136
-135
-133
-123
-126
-137
-113
-129
-111
-109
-75
-37
-58
-43
-51
-28
15
97
130
114
128
126
139
172
185
150
112
74
48
63
53
30
38
-29
-92
-126
-169
-153
-168
-170
-182
-185
-217
-256
-255
-303
-332
-341
-308
-272
-254
-219
-186
-202
-224
-255
-216
-171
-165
-134
-137
-143
-170
-171
-175
-149
-147
-205
-204
-249
-275
-245
-289
-241
-245
-271
-291
-344
-376
-378
-421
-444
-432
-335
-258
-222
-178
-219
-213
-202
-152
-71
-65
-81
-78
-62
0
21
12
44
45
48
77
135
151
141
100
99
112
83
91
138
174
245
269
263
247
200
188
162
184
201
190
188
143
116
70
36
76
25
16
48
76
109
96
99
70
63
57
-19
-19
49
86
103
109
90
94
70
49
-1
25
109
123
169
197
231
212
179
170
135
174
244
268
214
158
141
150
155
167
203
235
224
191
145
117
124
70
62
106
116
82
49
113
189
214
229
230
244
258
270
295
270
241
216
193
246
244
226
227
274
307
278
242
206
212
220
186
202
200
191
224
196
190
177
160
248
185
140
84
-9
68
128
57
46
46
1
67
135
92
88
4
-79
-101
-175
-190
-158
-65
-32
-3
-22
-5
23
16
31
-27
-79
-36
-61
-89
-104
-177
-162
-114
-42
-52
-58
-84
-107
-118
-193
-212
-219
-223
-231
-248
-254
-215
-187
-159
-131
-108
-109
-127
-134
-120
-80
-58
-89
-82
-50
-1
41
91
85
41
39
20
-26
-29
-19
0
5
-12
19
88
82
21
-23
-84
-68
-69
-93
-117
-112
-118
-108
-179
-205
-260
-285
-229
-258
-288
-291
-275
-246
-257
-311
-306
-286
-284
-287
-224
-211
-201
-207
-262
-271
-262
-257
-268
-260
-227
-202
-217
-274
-308
-299
-264
-233
-148
-129
-186
-183
-168
-145
-109
-148
-187
-149
-118
-131
-145
-132
-128
-134
-159
-151
-117
-129
-102
-107
-158
-191
-224
-240
-265
-264
-249
-244
-255
-264
-285
-272
-262
-263
-240
-182
-164
-176
-176
-187
-183
-232
-287
-293
-248
-203
-199
-205
-176
-144
-170
-192
-160
-187
-179
-102
-82
-110
-111
-96
-34
-6
-3
10
35
80
101
56
33
36
24
11
-20
20
32
54
13
-38
-37
-4
-11
-64
-94
-94
-44
-33
-30
-80
-119
-158
-203
-207
-208
-154
-87
-29
-23
-45
-81
-130
-146
-136
-95
-98
-85
-45
-58
-60
-16
-28
-61
-31
1
16
-23
-50
-33
18
104
140
164
155
150
173
190
215
213
206
241
271
262
260
246
277
273
292
328
367
350
256
215
197
212
270
293
311
305
280
292
255
254
315
289
242
214
189
132
120
134
144
158
144
124
127
93
93
86
67
98
80
91
87
133
180
150
136
147
151
140
142
114
95
104
92
56
66
97
114
124
74
55
32
45
75
87
110
111
100
42
26
-15
-44
9
62
90
113
65
53
58
59
50
97
158
202
212
189
240
209
191
219
219
237
224
167
128
78
60
19
37
40
18
17
5
9
-32
-24
-32
-66
-72
-134
-180
-259
-299
-283
-271
-270
-297
-364
-415
-422
-413
-362
-351
-353
-338
-340
-316
-253
-171
-111
-101
-106
-114
-79
-3
30
32
35
40
32
35
43
64
80
55
22
22
37
54
41
20
4
-33
-55
-72
-114
-101
-103
-74
-30
-10
0
-15
36
77
81
92
69
37
32
75
112
126
146
133
145
146
147
141
89
36
-15
-72
-51
-60
-78
-118
-118
-88
-111
-164
-200
-187
-204
-196
-194
-204
-173
-185
-246
-229
-269
-302
-299
-290
-257
-243
-234
-234
-214
-140
-131
-112
-94
-69
-74
-70
-56
-83
-64
-82
-51
-8
-28
-60
-39
-52
-61
-76
-118
-107
-103
-100
-69
-34
-23
1
9
-25
-36
-81
-98
-52
-21
-58
-96
-88
-38
-36
-50
-61
-86
-44
-22
0
-21
-19
23
31
27
39
27
43
99
149
120
134
153
149
146
97
73
44
45
98
132
163
136
63
6
-7
34
75
140
167
183
142
87
56
53
72
96
175
201
260
265
229
257
238
197
160
196
205
157
174
211
226
220
201
181
173
192
221
233
255
255
213
173
141
134
184
208
125
38
0
17
45
71
23
-74
-114
-111
-89
-53
-28
-63
-87
-113
-115
-79
-66
-90
-79
-79
-56
9
20
58
30
53
63
87
162
168
187
168
118
46
-15
-20
-34
-35
-54
-71
-12
13
-4
-51
-105
-65
-49
-85
-81
-97
-115
-104
-130
-163
-141
-178
-152
-166
-180
-180
-213
-145
-157
-188
-185
-164
-95
-49
-71
-132
-118
-92
-26
-47
-46
-35
-8
-1
10
40
-26
-27
-24
-18
-94
-170
-165
-169
-147
-153
-163
-139
-171
-164
-163
-144
-113
-114
-135
-123
-92
-23
-37
-53
-17
-37
-25
-55
-11
-51
-57
-75
-26
44
66
72
-2
19
85
83
73
100
89
147
136
178
246
201
168
145
132
112
105
116
110
87
61
33
36
37
3
-33
-19
47
61
77
75
41
1
-89
-114
-88
-103
-91
-57
-48
-27
-10
52
92
100
102
91
101
90
113
127
154
156
139
134
121
142
141
159
162
146
80
68
89
128
155
134
126
181
242
229
227
236
248
272
300
302
338
369
415
432
435
439
454
474
467
478
511
517
529
532
501
502
446
432
467
450
425
402
351
326
298
265
248
261
237
230
185
126
160
155
175
138
131
117
87
103
51
32
25
-19
52
52
62
106
83
124
73
83
131
169
155
83
91
42
31
40
-28
-25
-49
-60
-28
-60
-56
-86
-209
-260
-277
-261
-235
-210
-169
-202
-186
-255
-287
-255
-279
-214
-147
-111
-47
-36
-46
-26
22
104
95
99
100
126
182
164
185
160
149
180
156
153
143
91
94
68
19
8
15
-17
-62
-41
-44
-71
-97
-152
-174
-183
-191
-200
-281
-320
-333
-384
-423
-464
-515
-493
-452
-390
-304
-290
-361
-401
-361
-312
-291
-305
-290
-252
-214
-171
-202
-211
-211
-207
-187
-217
-191
-164
-163
-186
-220
-208
-252
-264
-245
-249
-253
-273
-288
-265
-258
-269
-237
-218
-218
-221
-236
-242
-230
-254
-244
-229
-235
-220
-245
-251
-246
-229
-220
-207
-201
-199
-218
-218
-187
-161
-154
-185
-146
-140
-140
-136
-99
-90
-133
-129
-142
-128
-89
-83
-99
-105
-140
-143
-156
-159
-201
-249
-224
-230
-223
-253
-281
-257
-321
-343
-338
-305
-263
-251
-243
-282
-295
-286
-288
-270
-273
-248
-233
-264
-255
-248
-209
-145
-165
-152
-164
-203
-189
-166
-125
-116
-114
-122
-84
-80
-67
-24
-33
-54
-35
3
25
20
9
6
-15
-16
-53
-2
36
49
93
58
81
105
88
137
144
133
140
170
262
279
267
295
322
337
332
360
331
326
330
326
358
325
300
329
308
262
259
230
244
251
227
213
159
153
167
184
190
124
152
161
182
190
154
124
112
124
125
159
188
192
180
195
227
285
300
306
313
280
253
263
281
317
306
292
275
301
300
276
265
258
315
355
333
288
221
181
216
279
313
290
253
245
271
284
267
282
298
305
331
364
340
330
315
307
333
295
305
320
313
345
337
304
310
286
265
252
262
311
307
258
189
141
91
59
54
26
21
18
13
-13
-109
-238
-262
-234
-214
-215
-244
-267
-299
-249
-233
-224
-208
-192
-152
-141
-99
-52
-60
-68
-95
-120
-121
-97
-1
27
77
80
46
22
10
11
-25
0
19
35
57
25
-12
-48
-112
-113
-77
-50
-18
-47
-157
-229
-261
-191
-179
-172
-149
-157
-146
-163
-143
-139
-171
-178
-197
-217
-177
-159
-118
-93
-97
-147
-193
-201
-208
-201
-217
-239
-233
-256
-253
-233
-275
-320
-338
-359
-362
-351
-349
-375
-375
-396
-417
-403
-399
-408
-445
-480
-453
-467
-486
-492
-504
-497
-481
-448
-464
-457
-456
-430
-368
-391
-441
-448
-443
-398
-351
-342
-347
-330
-339
-303
-262
-239
-209
-228
-231
-221
-208
-187
-172
-195
-203
-184
-194
-204
-199
-198
-212
-167
-154
-191
-222
-193
-185
-176
-171
-170
-145
-162
-169
-164
-139
-133
-108
-63
-75
-87
-108
-122
-86
-113
-149
-178
-179
-145
-138
-92
-84
-91
-91
-106
-62
-61
-97
-123
-136
-102
-57
9
47
48
19
-2
0
-17
26
60
88
79
51
46
29
55
120
94
104
127
69
103
110
118
165
168
163
194
215
223
265
276
256
232
214
240
282
278
262
254
237
220
180
181
220
261
238
210
232
245
233
234
207
156
165
171
227
235
178
150
111
86
101
150
196
202
183
175
197
187
191
239
239
269
318
355
362
372
416
439
480
504
495
471
427
436
458
439
408
382
331
336
352
333
317
275
260
281
289
287
255
244
219
220
216
185
207
225
200
181
165
146
157
173
159
132
110
121
130
101
83
29
-24
-28
6
38
37
20
-42
-87
-80
-93
-97
-102
-123
-151
-166
-146
-121
-117
-123
-104
-76
-36
-24
-26
6
1
-14
-46
-61
-67
-53
-33
-72
-66
-45
-20
-29
-26
-5
-14
-1
59
101
154
192
145
145
130
137
170
169
146
130
128
127
132
101
73
-7
-83
-68
-57
-69
-106
-156
-173
-170
-168
-178
-216
-214
-262
-281
-271
-292
-259
-267
-250
-223
-234
-200
-153
-142
-148
-173
-202
-216
-213
-166
-130
-112
-105
-112
-108
-82
-50
-50
-60
-33
-63
-40
-25
4
72
55
54
67
69
122
160
173
210
166
147
162
188
189
226
282
304
328
285
223
190
205
234
228
182
155
150
164
176
167
176
164
163
149
109
115
131
132
133
101
76
71
68
80
108
109
121
121
89
53
7
-4
67
76
50
30
-26
-38
-86
-121
-155
-159
-138
-124
-134
-192
-198
-201
-200
-179
-184
-141
-87
-101
-130
-121
-112
-129
-113
-103
-90
-84
-43
12
64
44
29
38
76
102
107
144
183
211
193
198
184
191
195
185
140
89
111
113
97
58
10
7
39
65
60
82
89
100
96
57
48
52
35
4
-23
-46
-41
-31
-38
-39
-15
16
24
39
21
6
22
39
44
88
106
83
89
74
76
111
108
105
121
106
117
105
106
117
120
138
119
84
103
135
124
118
105
40
55
75
98
152
142
128
123
127
111
90
81
94
98
115
144
201
250
242
236
231
258
266
313
330
271
211
160
143
126
134
121
119
95
70
43
21
22
32
43
23
-9
-53
-45
-68
-90
-72
-45
10
49
51
42
25
32
69
68
78
84
115
130
83
66
80
86
64
42
23
-18
-40
-10
-2
-10
-73
-80
-38
-52
-69
-106
-123
-106
-107
-119
-79
-91
-110
-74
1
55
62
73
124
162
203
214
174
162
155
180
201
213
195
162
172
161
128
79
89
103
85
63
31
36
18
-24
-24
-20
-30
-25
-82
-115
-129
-143
-150
-161
-174
-169
-151
-168
-186
-152
-169
-168
-139
-119
-50
16
55
57
57
-2
-7
6
27
33
20
25
9
-36
-37
-5
-9
-31
-70
-102
-95
-40
-13
27
30
-7
-32
-43
-22
-24
-35
-50
-50
-49
-53
-50
-37
-35
3
9
-1
20
23
22
12
26
38
90
141
142
163
178
168
107
42
40
79
132
134
120
127
53
25
53
75
134
140
142
124
112
109
88
121
125
111
112
116
144
98
92
88
14
37
43
69
133
155
174
160
191
204
183
190
193
192
204
198
195
199
219
257
264
274
275
296
288
291
290
212
217
212
221
258
252
242
212
188
175
189
169
117
124
97
83
87
109
115
95
67
52
52
13
28
32
5
28
55
50
57
95
108
87
63
5
35
80
109
103
78
89
106
105
57
41
52
73
79
55
34
7
-32
-21
16
38
49
28
48
36
56
76
73
70
86
78
67
46
18
30
42
43
63
90
113
92
59
45
24
34
56
84
87
51
20
-8
-49
-95
-108
-111
-134
-155
-150
-149
-151
-183
-196
-238
-276
-273
-255
-256
-274
-314
-309
-317
-340
-344
-373
-304
-276
-288
-288
-263
-217
-229
-209
-189
-180
-180
-218
-216
-193
-143
-131
-96
-91
-144
-207
-218
-218
-267
-292
-314
-313
-280
-245
-240
-248
-284
-327
-352
-345
-337
-325
-283
-260
-234
-199
-224
-259
-301
-289
-260
-229
-195
-211
-240
-303
-329
-333
-306
-262
-269
-281
-291
-291
-278
-286
-288
-283
-253
-237
-209
-169
-146
-122
-110
-108
-94
-68
-70
-93
-96
-104
-80
-73
-110
-161
-213
-261
-281
-222
-205
-245
-251
-268
-275
-257
-251
-216
-190
-185
-196
-206
-178
-143
-117
-90
-82
-67
-42
-9
9
32
50
69
143
194
207
209
171
158
176
191
208
191
167
221
256
247
240
203
189
200
196
195
194
203
200
190
190
153
134
142
110
100
83
96
96
68
54
48
32
15
8
32
25
40
44
-14
-66
-64
-3
39
46
47
49
47
64
62
28
41
59
72
109
129
121
106
99
74
50
31
38
63
77
87
118
131
151
166
119
91
92
93
119
108
112
118
169
207
192
204
238
279
341
363
303
269
253
252
257
253
254
315
386
406
390
370
372
390
402
388
402
384
368
328
301
309
308
314
299
287
217
184
163
134
110
84
74
52
-4
-25
-33
-84
-115
-117
-131
-117
-110
-128
-138
-169
-176
-192
-179
-137
-113
-73
-57
-51
-37
-21
-4
12
82
131
154
154
155
140
112
120
60
46
67
88
81
53
21
-9
16
19
20
31
13
-13
-57
-76
-92
-123
-128
-123
-105
-126
-147
-99
-63
-18
-43
-85
-110
-148
-135
-141
-151
-164
-206
-201
-249
-278
-284
-321
-318
-331
-331
-340
-379
-411
-429
-421
-400
-371
-315
-294
-330
-354
-381
-396
-429
-434
-421
-424
-396
-392
-378
-388
-439
-446
-449
-435
-379
-349
-345
-331
-293
-262
-237
-200
-203
-185
-152
-152
-144
-149
-160
-187
-197
-187
-198
-186
-204
-166
-98
-99
-89
-76
-88
-120
-148
-148
-158
-159
-148
-134
-170
-234
-251
-241
-245
-302
-350
-365
-367
-348
-339
-335
-316
-321
-296
-296
-302
-281
-279
-308
-294
-247
-256
-242
-240
-236
-211
-203
-203
-170
-202
-214
-217
-232
-229
-236
-189
-182
-172
-163
-204
-213
-243
-253
-219
-205
-179
-184
-171
-130
-86
-64
-46
-28
-24
-12
-1
13
32
110
165
154
201
225
250
288
321
355
368
364
318
249
226
212
152
110
131
159
120
97
80
57
103
89
87
122
140
170
175
187
204
209
182
165
197
189
184
176
128
112
86
96
119
117
123
132
141
132
148
161
138
128
117
126
165
188
185
158
175
208
239
223
192
152
133
163
135
130
161
184
214
210
209
203
185
178
174
196
196
167
136
139
166
200
197
214
246
229
196
152
107
100
112
102
113
122
117
109
107
80
87
123
137
142
128
117
106
56
23
33
79
102
125
119
130
161
113
45
10
-4
34
42
23
-10
-40
-58
-63
-67
-73
-58
-65
-27
51
37
-11
-33
-41
-63
-51
-28
-31
-25
-34
-46
-50
-16
2
34
71
56
30
36
66
113
137
146
127
82
83
117
163
178
133
116
75
65
36
28
41
23
43
-7
-51
-53
-62
-43
-42
-38
-64
-82
-40
-33
-44
-31
-28
3
-25
-66
-79
-97
-85
-84
-118
-176
-236
-275
-266
-228
-223
-232
-192
-206
-160
-142
-156
-144
-152
-150
-137
-115
-115
-108
-89
-107
-112
-117
-130
-88
-115
-138
-159
-169
-104
-63
-40
-11
-30
-34
-23
-47
-58
-36
-49
-84
-96
-91
-117
-90
-110
-127
-98
-109
-80
-87
-115
-135
-158
-110
-93
-111
-130
-152
-150
-168
-153
-132
-138
-136
-169
-193
-178
-143
-102
-115
-123
-107
-88
-54
2
24
35
32
18
29
48
41
57
82
91
98
80
102
87
69
79
55
57
32
26
39
29
36
58
56
43
8
-38
6
18
6
8
-23
-48
-54
-52
-23
36
54
65
90
69
58
51
66
89
103
103
126
114
101
113
58
58
58
61
65
40
-8
-5
2
-33
-95
-116
-92
-58
5
5
11
-16
-78
-94
-68
-72
-115
-97
-60
-34
-36
-50
-36
-10
11
77
120
133
156
174
187
184
191
220
231
247
250
243
260
257
242
196
167
138
124
100
91
83
27
18
2
-16
-41
-86
-110
-127
-133
-140
-163
-189
-227
-233
-201
-143
-85
-33
15
-10
-16
-2
34
124
164
140
135
140
132
109
69
52
45
35
7
-21
-22
-56
-102
-112
-134
-147
-132
-149
-164
-192
-198
-204
-263
-260
-210
-217
-196
-183
-183
-176
-181
-187
-219
-211
-165
-152
-139
-134
-97
-63
-53
-27
-36
-33
-28
6
34
54
63
65
77
108
154
221
238
213
182
114
74
60
55
108
150
156
111
82
88
83
88
60
72
155
189
192
164
135
114
94
70
24
29
45
31
51
34
42
40
18
73
71
90
112
110
131
90
95
119
106
137
146
172
189
185
190
190
208
188
187
202
178
206
239
244
245
223
230
230
228
251
209
173
165
171
168
179
195
163
154
128
107
109
104
77
89
47
-22
-56
-53
-30
-68
-93
-85
-100
-81
-77
-88
-63
-45
-69
-85
-67
-95
-101
-125
-134
-94
-113
-116
-75
-109
-98
-90
-73
-45
-45
-45
-41
-38
-75
-72
-76
-96
-131
-138
-130
-88
-70
-13
57
57
61
-12
-45
-36
-5
16
36
63
62
61
51
66
64
77
75
97
81
55
36
-21
-23
-20
-15
6
3
4
-5
-18
-8
39
7
-74
-95
-92
-57
-73
-105
-135
-127
-109
-97
-68
-62
-34
-43
-44
-6
40
56
49
53
52
81
86
71
40
23
-15
-44
-16
-46
-81
-96
-103
-99
-172
-211
-208
-234
-254
-260
-263
-289
-255
-246
-256
-222
-194
-141
-79
-60
0
57
138
326
656
1616
2882
2821
1940
580
-753
-587
-1124
-756
-774
-75
459
1587
3510
3053
2796
-54
-402
80
942
1358
-151
-1268
-1683
-803
85
-2092
-3366
-4525
-3390
-458
-1019
-1015
-2942
-2675
-3438
-2902
-4418
-4293
-4199
-3291
-2424
-2909
-1733
-2670
-1564
-2586
-2519
-2273
-2276
-2249
-2065
-1273
-188
584
556
879
1269
1392
1453
1268
1891
2576
2521
3195
3242
3921
4182
3443
3574
3031
2861
3215
2460
2431
2131
1603
1633
601
-139
-185
-805
-1011
-2071
-3305
-3516
-4228
-3976
-3974
-4860
-4932
-6004
-5931
-5127
-5563
-4990
-6159
-6404
-6222
-6222
-5042
-5091
-4279
-4114
-3839
-2260
-847
377
1082
712
1235
2061
3211
4562
5007
5787
6050
6400
6940
7466
7663
7757
7499
7264
6620
6018
5601
5023
4842
3825
3089
2239
1604
909
-58
-836
-1849
-2661
-3098
-3753
-4100
-4142
-4516
-4656
-4979
-5132
-4902
-4441
-3859
-3740
-3235
-3020
-2690
-1635
-974
-115
119
574
1278
1927
2660
3387
4082
4908
5356
5503
5828
6038
6339
6251
6064
5773
5433
5422
5250
4830
4566
3935
3286
2501
1524
640
-492
-1594
-2786
-3207
-3458
-4077
-4533
-5908
-7481
-7726
-8362
-8252
-8754
-9524
-9838
-9749
-9541
-9619
-9047
-7925
-6243
-4273
-3295
-2288
-1443
-687
400
1171
2158
3574
5147
6383
7888
9194
10389
11230
11184
10757
10495
9870
8999
8264
7931
7409
6857
5712
4577
3687
2387
708
-746
-2295
-3298
-4441
-5455
-6231
-6711
-6887
-7341
-7829
-8177
-8024
-7643
-7314
-7181
-6570
-6063
-5351
-4465
-3740
-2605
-1466
-477
602
1711
3376
4614
5684
6930
7246
8835
9371
9482
10033
9889
9827
9661
8861
8511
8221
7172
5783
4575
3307
2142
1034
-748
-2187
-3737
-5874
-7309
-8677
-9641
-10365
-10939
-11975
-12257
-13010
-12973
-13738
-13544
-13579
-12148
-9505
-8152
-5713
-4672
-3389
-1254
-6
1265
3421
4482
6306
7245
8217
9879
12016
13716
14331
14909
14580
14175
13646
11967
11259
10523
8911
7760
5947
4888
3895
2506
1040
-517
-2006
-3876
-5760
-7330
-8364
-9037
-9836
-10594
-10422
-10024
-9552
-9242
-9100
-8457
-7671
-7203
-6596
-5473
-4181
-2793
-1394
308
2237
4909
7193
8712
10216
10187
10831
11204
10693
11148
11019
10459
10075
9022
8642
8353
7342
5323
3613
1662
-363
-2033
-4274
-6253
-7638
-9861
-10809
-12126
-12908
-13540
-14336
-15145
-15822
-15924
-16131
-15023
-12287
-10762
-7760
-7249
-6030
-2901
-1376
944
2488
3818
5982
7264
8308
10178
12938
15002
15706
16727
16180
16731
15888
14094
13980
12786
11196
9360
7074
6204
5185
3620
1478
-138
-1667
-3846
-5940
-8068
-9451
-10350
-11777
-12898
-13032
-12766
-12184
-11597
-11107
-9886
-8924
-8103
-7283
-5959
-4229
-2757
-1147
636
2754
5004
6568
8210
9861
11128
11765
11659
11324
10829
10218
9154
7933
7138
6065
5192
3887
2661
1629
-253
-2108
-4442
-6432
-8275
-10809
-12622
-14448
-15268
-15674
-16239
-15049
-13385
-12123
-10639
-10744
-9235
-7968
-7364
-6012
-4910
-2809
-1020
494
2700
5450
8629
10404
11813
13190
13809
14732
14163
13815
14164
13438
12628
11522
10688
10455
9745
8664
7360
6138
4275
1889
-64
-1832
-3465
-5350
-7336
-8419
-8896
-9191
-9787
-10003
-9537
-9282
-9204
-9366
-8759
-7643
-7014
-6419
-5411
-3666
-1835
-173
1382
3152
4638
5390
5665
5725
5605
5081
4708
4364
4251
4110
3683
3356
3081
2369
1913
501
-973
-2979
-4976
-6925
-8221
-8798
-8470
-7980
-7291
-6906
-6119
-5212
-4621
-3923
-3564
-3082
-2797
-2651
-2173
-982
599
2160
3585
4927
6042
6973
7598
8117
8547
8614
8195
7625
6920
6555
6088
5725
5377
4876
4277
3669
3200
2754
2177
1267
-191
-1516
-2801
-3635
-4368
-5210
-5418
-5545
-5488
-5082
-4754
-3917
-3079
-2584
-2196
-1808
-1483
-995
-141
668
1793
2669
3357
3883
4458
4750
4914
4357
3757
2966
2531
2132
1554
540
327
-484
-1265
-2241
-3715
-4146
-5649
-6974
-8655
-9653
-10574
-10128
-9417
-8360
-6966
-6404
-5527
-3877
-3014
-1875
-824
-350
589
1198
1988
3356
5059
6560
7950
9495
10182
11077
11681
11729
11941
11125
10082
9093
7881
6747
5806
4968
4038
2917
1557
571
21
-921
-1983
-3275
-4383
-5418
-6470
-7232
-7533
-7922
-8099
-8638
-8733
-8301
-7657
-6693
-5570
-4298
-3147
-2170
-1005
937
3077
4299
5500
6415
7499
8724
8900
9363
10040
9721
8832
7867
7198
6889
5961
4428
3385
2362
700
-699
-2106
-3388
-4917
-7532
-9937
-11889
-13468
-15094
-16595
-17694
-18034
-16708
-16146
-14331
-12386
-10728
-8031
-6334
-4914
-3133
-1859
-555
572
2238
4059
6332
8558
10400
13399
15673
16941
18150
18508
19213
18794
17087
15619
14039
12411
10332
8852
7507
6105
4539
2472
1502
343
-1473
-3404
-5594
-7711
-9884
-12176
-13899
-14763
-15245
-15681
-15924
-15793
-15047
-13925
-12904
-11937
-10516
-9056
-7513
-5900
-3402
-315
2012
4686
6676
9440
11854
13136
14818
16151
16584
16492
15980
15767
15380
14119
12681
11436
10091
8242
6273
4409
2467
215
-2624
-5201
-7873
-10584
-13521
-15904
-18109
-19727
-21352
-22992
-23063
-21927
-20622
-19004
-17647
-15768
-12756
-10456
-8374
-5807
-3426
-1446
-9
1747
4614
7758
9866
11952
14837
17330
19244
20623
22137
23542
23340
21724
20401
19119
17146
14778
12206
10198
8115
5407
3039
1695
320
-1623
-3826
-6209
-8481
-10834
-13482
-15525
-16974
-18463
-19646
-20341
-20132
-19398
-17833
-16514
-14508
-12601
-10526
-8428
-5266
-2476
505
3519
5105
8562
10521
12832
15329
16655
18040
18800
19167
19424
19248
18518
17192
15833
13613
11311
9662
7234
5235
2758
-47
-2267
-5405
-8234
-10643
-13149
-15417
-17991
-20005
-21202
-21984
-22984
-23636
-23172
-21880
-19687
-18190
-15582
-13384
-9869
-7571
-5373
-2576
270
2694
4828
6713
9735
12570
14430
16325
18450
20704
21698
22063
22513
23037
22648
20615
19036
17493
15485
12486
9411
7171
5000
2159
-589
-2628
-4199
-6361
-8766
-10627
-11927
-13523
-15427
-16645
-17199
-17616
-18049
-18328
-17503
-16132
-14942
-13606
-11700
-9297
-6912
-4764
-1941
1805
4490
7316
9304
11889
14175
15360
16746
18068
18826
18677
17983
17542
16935
15635
13744
11967
10174
7880
5587
3511
1568
-579
-3218
-5422
-7571
-9598
-11824
-13768
-15461
-17075
-18537
-19540
-20225
-20612
-20679
-20683
-19706
-18948
-17103
-14257
-12203
-9082
-7182
-4388
-1350
619
2790
5258
7321
9296
10599
12331
14402
16122
17435
18376
19860
20065
20268
20153
19616
19038
17153
15072
13125
10757
8156
5487
3180
1120
-1132
-3320
-5164
-6498
-8170
-9838
-11315
-12636
-13654
-14677
-15582
-16052
-16042
-15990
-15648
-15135
-14058
-12335
-10658
-9138
-7247
-5188
-3013
-1259
969
2995
5524
7265
8892
11150
12543
14256
15258
15791
16123
15468
14485
13596
12274
10819
9353
7805
6203
4902
3537
2340
1342
-451
-2072
-3716
-5682
-7424
-9300
-11288
-12943
-14569
-16155
-16538
-17195
-17353
-17275
-16978
-16610
-16018
-15680
-13701
-11291
-10005
-7817
-6721
-4044
-1907
55
2172
4668
6539
8120
9365
11215
12907
14463
15464
16351
17748
17948
18358
18468
18385
18327
16833
15168
13657
11822
9623
7007
4695
2580
62
-2498
-4679
-6031
-7639
-9206
-10795
-11992
-12888
-13988
-14866
-15393
-15676
-16073
-16335
-16168
-15401
-14593
-13804
-12558
-10562
-8413
-6637
-4526
-2012
1030
3588
5726
8448
10891
13123
14608
15885
17593
18329
18265
17969
17672
17151
15934
14328
13079
11896
10141
8264
6946
5521
3670
1439
-999
-2893
-5183
-7880
-10241
-12507
-14437
-16471
-18181
-19399
-20120
-20816
-21185
-21155
-20805
-20263
-19729
-18715
-17335
-14384
-12724
-10101
-7967
-5168
-1573
781
3336
6355
9364
11784
13913
15879
18770
20286
21331
21947
23106
23721
22940
22486
21844
21081
18918
15960
13740
11558
8452
5048
1938
-512
-3573
-6788
-9463
-11494
-13149
-15450
-17130
-18049
-18803
-19480
-19981
-20083
-19812
-19764
-19391
-18449
-16954
-15167
-13034
-10604
-8137
-5221
-2513
292
3320
6106
8848
11428
13701
16246
18075
19695
21182
22153
22823
22757
22563
21939
20734
19036
16935
14815
12348
9469
6603
3859
1297
-1465
-4059
-6303
-8445
-10545
-12610
-14353
-15854
-17182
-18570
-19638
-20395
-20915
-21298
-21232
-20822
-20111
-19327
-18180
-16412
-14425
-12551
-10801
-8747
-5037
-2319
553
3128
5356
8742
10630
12821
14845
16868
17897
18428
18760
20023
20330
20097
18817
18333
17646
15583
13983
11773
10164
7930
4837
2683
647
-1599
-4242
-6964
-8929
-10824
-12700
-14422
-15579
-16016
-16722
-16886
-16816
-16294
-15432
-14493
-13291
-11916
-10429
-8897
-7248
-5436
-3546
-1762
-56
1366
3156
4799
6575
8232
9919
11318
12263
13013
14213
15412
15567
15880
15622
15511
14748
13665
12863
11881
9848
7484
5443
3619
1661
-552
-2407
-3893
-5539
-7389
-8228
-8539
-9236
-10216
-10989
-11226
-11516
-12014
-12239
-11741
-11635
-11663
-11547
-10621
-9704
-9058
-8232
-7176
-5680
-4801
-3726
-2714
-1784
-1237
-848
861
1587
2853
3480
4233
5911
6557
7383
8033
8419
8406
8477
8186
8484
8037
7790
6918
6416
5640
4725
4216
3146
2283
1158
-109
-704
-1510
-2091
-2576
-3148
-3431
-3909
-4191
-4343
-4516
-4469
-4948
-4872
-4871
-4802
-4539
-4399
-3991
-3298
-2677
-2021
-1461
-535
477
1135
1602
1967
2844
3346
3484
3691
4089
4532
4684
4621
4972
5487
5369
5240
5001
5181
5042
4585
4321
4419
3836
2751
1842
1276
719
-357
-1364
-1958
-2474
-3324
-3734
-3575
-3375
-3436
-3425
-3225
-2787
-2752
-2843
-2855
-2944
-3355
-3877
-4203
-4526
-4680
-4895
-5122
-5198
-5354
-5213
-4963
-4876
-4772
-4945
-5018
-5463
-4965
-4520
-4261
-3627
-3931
-2831
-2168
-1450
-671
178
720
1456
1667
2726
3542
4227
4682
5110
5913
6035
6463
6913
7324
7830
7548
7597
7864
7690
7604
6999
6500
5846
4979
4198
3445
2861
2092
1261
479
-348
-982
-1492
-2067
-2832
-3802
-4503
-5173
-5769
-5926
-6094
-6009
-6252
-6371
-6168
-5925
-5907
-5960
-5776
-5660
-5611
-5385
-4888
-3767
-2663
-1523
-217
1186
2563
4084
5460
6682
7753
8358
8807
9127
9273
9430
9511
9150
8677
8126
7808
7526
7002
6389
5876
5216
4284
3323
2395
1236
-319
-2062
-3807
-5343
-7184
-8896
-10419
-11842
-13230
-14362
-15105
-15565
-15822
-16027
-15991
-15903
-15674
-15373
-14288
-12473
-11362
-9546
-8002
-5933
-3166
-1132
1239
3607
5920
7924
9981
11820
14294
15917
17477
18125
19141
19674
19856
20018
19537
19175
18114
16674
15579
14035
12293
10283
7997
5750
3123
557
-1876
-4222
-6549
-9239
-11227
-13064
-14802
-16266
-17576
-18401
-18996
-19545
-19533
-19248
-18439
-17491
-16289
-14641
-12839
-10672
-8597
-6433
-4123
-1899
165
2220
4134
6227
8054
9666
11307
13109
14889
16290
17596
18567
19529
20037
19892
19567
19011
17946
16289
14461
12470
10441
8042
5654
3500
1219
-1228
-3647
-5915
-7906
-9789
-11659
-13328
-14860
-16242
-17374
-18073
-18549
-18670
-18595
-18382
-17799
-17008
-15893
-14638
-13215
-11712
-9988
-8144
-6483
-4625
-2769
-1072
601
2069
4470
6163
7840
9105
10405
12159
12958
13648
14272
15047
15279
15409
15067
15166
14442
13546
12160
11091
9776
7767
5868
3947
2227
287
-1835
-3395
-4635
-5964
-7285
-8446
-9148
-10075
-11106
-11834
-12346
-12612
-13138
-13304
-13128
-12693
-11994
-11159
-9919
-8499
-7139
-5561
-4012
-2301
-651
757
2319
3797
5366
6716
7774
8665
9444
10157
10459
10570
10607
10581
10297
9713
9150
8937
8483
8117
7532
7076
6695
5863
5280
4594
3814
2787
1559
401
-705
-2018
-3190
-4454
-5424
-6581
-7457
-7855
-8127
-8166
-8127
-7895
-7421
-7164
-6748
-6330
-5724
-5128
-4688
-4149
-3585
-3182
-2599
-2149
-1622
-1173
-766
-342
-108
192
151
522
348
166
-242
-755
-599
-572
-834
-896
-1037
-1133
-506
-544
144
558
1060
1326
1756
2124
2628
3011
3102
3013
3199
3015
2694
2470
2100
2106
1713
1314
1376
1500
1606
1606
1836
2051
2117
1906
1654
1689
1521
1168
748
384
78
-368
-911
-1124
-1325
-1625
-2083
-2301
-2142
-1981
-1896
-1670
-1304
-958
-830
-731
-535
-418
-388
-651
-890
-949
-1086
-975
-879
-466
-76
370
994
1982
2775
3783
4485
5322
6093
6590
6988
7162
7324
7244
7036
6643
6302
5771
5088
4337
3658
2955
2031
1013
138
-586
-1499
-2291
-2927
-3529
-4411
-5450
-6171
-6715
-7483
-8324
-9044
-9351
-9728
-10152
-10268
-9986
-9521
-9356
-9226
-8710
-8046
-7714
-7324
-6998
-6405
-5618
-4716
-3799
-2592
-1532
-411
1101
2603
4197
5910
7433
8788
10062
10997
11725
12284
12416
12469
12314
11960
11177
10451
9802
8946
7850
6459
5218
4112
2687
1066
-366
-1644
-2969
-4394
-5626
-6599
-7448
-8390
-9153
-9655
-9934
-10140
-10193
-10002
-9702
-9155
-8675
-7932
-6961
-5950
-4707
-3407
-2118
-738
475
1527
2632
3733
4745
5502
6039
6430
7047
7518
7901
8227
8480
8561
8478
8180
8021
7885
7367
6831
6141
5554
4638
3570
2521
1455
328
-1047
-2156
-3171
-4273
-5174
-5977
-6566
-7086
-7678
-7889
-7855
-7807
-7571
-7254
-6745
-6268
-5795
-5211
-4474
-3729
-3216
-2536
-1718
-862
-111
729
1538
2215
2598
2825
2951
2937
2658
2063
1567
704
-19
-1122
-1809
-2160
-2457
-2713
-3082
-3155
-2968
-2536
-2383
-1950
-1451
-650
-315
351
1075
2012
2607
2927
3465
4048
4404
4500
4674
4929
5098
4924
4758
4718
4896
4900
4723
4712
4580
4360
3922
3521
3226
2582
1795
904
104
-637
-1541
-2368
-3075
-3879
-4586
-5342
-5858
-6281
-6558
-6784
-6774
-6675
-6551
-6341
-5971
-5444
-4862
-4396
-3779
-2948
-2183
-1251
-318
648
1590
2445
3249
3990
4759
5665
6425
7161
7764
8310
8848
9031
9238
9261
8997
8560
7882
7303
6542
5512
4531
3537
2451
1252
-38
-1178
-2150
-3179
-4210
-5062
-5683
-6376
-6964
-7463
-7716
-7917
-8257
-8374
-8038
-7659
-7270
-6659
-5921
-5086
-4382
-3592
-2601
-1730
-1158
-458
207
808
1207
1433
1924
2117
2272
2509
2967
3463
3606
3877
4225
4822
5089
5127
5289
5579
5542
5406
5316
5248
5041
4339
3681
3019
2275
1165
-29
-1137
-2165
-3076
-3960
-4787
-5230
-5610
-6016
-6237
-6374
-6254
-6161
-6137
-5992
-5768
-5494
-5281
-4930
-4456
-3760
-3161
-2534
-1768
-783
83
907
1673
2468
3280
3800
4216
4764
5115
5210
5153
5082
5024
4767
4384
4212
4073
3715
3185
2771
2520
2159
1777
1405
1019
632
0
-370
-570
-839
-1155
-1401
-1453
-1477
-1602
-1587
-1349
-1213
-1274
-1343
-1069
-912
-807
-770
-512
-283
-167
-51
416
845
1197
1358
1645
2195
2667
2834
2935
3101
3185
3099
2928
2789
2658
2310
1714
1241
698
51
-723
-1483
-2245
-3096
-4150
-5118
-5933
-6660
-7452
-8274
-9089
-9509
-9884
-10013
-10264
-10118
-9860
-9382
-9005
-8384
-7500
-6554
-5625
-4618
-3416
-2184
-1011
-24
1227
2258
3146
3807
4622
5482
6239
6698
7111
7578
8094
8377
8641
8961
9162
9207
9074
8824
8521
8001
7390
6664
5725
4713
3780
2839
1835
644
-270
-1275
-2384
-3480
-4370
-5124
-5950
-6715
-7281
-7634
-7922
-8139
-8205
-7985
-7726
-7353
-6951
-6382
-5603
-4799
-3963
-3040
-2018
-943
207
1444
2712
4151
5464
6727
7763
8702
9688
10398
10873
11155
11363
11422
11285
10954
10567
10035
9351
8477
7636
6598
5443
4212
2878
1651
372
-970
-2251
-3420
-4490
-5474
-6377
-7092
-7700
-8237
-8711
-9155
-9361
-9483
-9573
-9513
-9501
-9290
-9076
-8703
-8248
-7770
-7031
-6450
-5782
-5030
-4444
-3692
-3020
-2212
-1496
-1042
-507
180
946
1707
2304
3035
3671
4328
4766
5110
5634
6000
6312
6527
6644
6787
6698
6428
6209
5838
5464
4849
4207
3621
2965
2312
1618
1059
611
207
-36
-381
-574
-844
-1101
-1287
-1547
-1761
-2016
-2309
-2438
-2549
-2524
-2509
-2473
-2307
-2194
-2035
-1816
-1638
-1402
-1257
-1110
-925
-866
-777
-752
-683
-658
-622
-628
-637
-607
-580
-533
-429
-352
-185
-23
292
731
1050
1337
1633
2057
2538
2979
3457
4027
4556
5034
5476
5953
6412
6594
6734
6707
6627
6430
6003
5493
4913
4226
3457
2707
1978
1310
613
-130
-813
-1364
-1944
-2524
-3095
-3799
-4417
-5069
-5756
-6420
-7083
-7562
-8023
-8517
-8948
-9247
-9388
-9539
-9651
-9634
-9468
-9168
-8735
-8060
-7319
-6464
-5618
-4597
-3592
-2510
-1595
-688
264
1142
2004
2687
3442
4127
4878
5390
5935
6418
6930
7334
7700
8005
8170
8222
8042
7786
7381
6829
5984
5053
4116
3099
1895
752
-287
-1267
-2247
-3162
-3863
-4500
-5124
-5678
-6059
-6319
-6597
-6791
-6864
-6837
-6728
-6567
-6330
-5907
-5464
-4934
-4377
-3647
-2773
-1924
-1019
-84
905
1938
2938
3936
4863
5747
6534
7240
7711
8121
8533
8729
8703
8537
8324
7986
7512
6912
6252
5594
4742
4010
3338
2616
1953
1281
789
235
-381
-1044
-1557
-2009
-2545
-3142
-3642
-4095
-4528
-4910
-5085
-5075
-5094
-5109
-4894
-4585
-4176
-3824
-3304
-2681
-2100
-1569
-950
-302
342
954
1452
1863
2217
2512
2742
2950
2988
2923
2692
2314
1797
1286
580
-158
-827
-1512
-2097
-2805
-3458
-4029
-4372
-4878
-5289
-5818
-6056
-6386
-6643
-6746
-6556
-6243
-6006
-5548
-5018
-4167
-3468
-2522
-1665
-643
150
1147
2167
3208
4125
5013
5962
6817
7526
8011
8509
8871
8852
8625
8283
7801
7174
6273
5453
4643
3784
2865
2086
1417
655
-166
-886
-1564
-2250
-2990
-3659
-4150
-4659
-5195
-5655
-5952
-6116
-6159
-6087
-5851
-5462
-4987
-4373
-3596
-2799
-1977
-1155
-419
435
1277
2138
2937
3631
4310
4896
5414
5794
6176
6395
6571
6730
6845
6937
6881
6831
6754
6606
6336
6015
5651
5242
4734
4086
3410
2644
1860
955
132
-659
-1540
-2436
-3280
-3992
-4614
-5215
-5714
-6054
-6290
-6361
-6333
-6173
-5918
-5646
-5241
-4877
-4391
-3917
-3506
-3122
-2735
-2327
-1944
-1647
-1322
-1045
-772
-556
-333
-174
-128
-91
-222
-295
-530
-703
-1020
-1294
-1583
-1831
-2056
-2303
-2528
-2820
-2964
-3135
-2992
-3204
-3024
-2885
-2555
-2178
-1798
-1214
-606
59
565
1242
1880
2566
2955
3340
3613
3934
3999
3961
3877
3870
3801
3634
3468
3494
3438
3168
2882
2645
2366
2008
1552
1283
1106
879
565
296
104
-52
-183
-349
-444
-473
-669
-850
-830
-805
-678
-696
-648
-403
-120
192
593
1071
1607
2138
2552
2893
3260
3547
3845
4043
4039
4007
3827
3559
3385
3080
2697
2148
1720
1361
918
450
-144
-611
-998
-1322
-1715
-2032
-2319
-2537
-2826
-3089
-3328
-3530
-3744
-3993
-4101
-4311
-4413
-4377
-4279
-4171
-4090
-3781
-3231
-2602
-2088
-1599
-1098
-471
67
564
1108
1689
2164
2399
2500
2592
2588
2499
2315
2072
1802
1414
948
660
445
76
-276
-611
-839
-1071
-1463
-1993
-2430
-2893
-3278
-3834
-4405
-4998
-5517
-5887
-6193
-6335
-6524
-6438
-6005
-5406
-4634
-3986
-3218
-2254
-1268
-223
880
2023
3124
4102
4916
5664
6342
7019
7504
7876
8059
8174
8200
8229
8172
8096
7882
7573
7263
6966
6638
6164
5526
4830
4124
3355
2501
1725
973
173
-787
-1720
-2566
-3384
-4285
-5173
-5943
-6584
-7147
-7583
-7875
-8036
-8088
-7958
-7713
-7308
-6764
-6137
-5414
-4631
-3840
-2979
-2133
-1337
-646
-43
641
1293
2022
2644
3425
4075
4724
5390
5998
6638
7185
7759
8210
8641
8756
8836
8715
8524
8120
7618
7045
6336
5363
4201
2972
1696
349
-1024
-2274
-3542
-4795
-5936
-6937
-7737
-8490
-9095
-9612
-9905
-10126
-10339
-10467
-10429
-10213
-9913
-9534
-8994
-8185
-7362
-6490
-5553
-4577
-3520
-2447
-1380
-292
774
1791
2784
3741
4636
5419
6012
6535
6863
7155
7197
7165
6905
6573
6060
5485
4833
4241
3678
3055
2459
1817
1302
733
113
-361
-781
-1275
-1701
-2156
-2447
-2818
-3153
-3521
-3745
-4021
-4388
-4690
-4758
-4729
-4636
-4596
-4504
-4118
-3697
-3281
-2707
-1899
-931
-68
791
1622
2492
3320
3951
4595
5185
5664
6011
6185
6259
6278
6176
6043
5785
5420
4944
4413
3947
3482
2913
2338
1739
1170
623
73
-461
-949
-1417
-1964
-2463
-3009
-3516
-4027
-4476
-4861
-5102
-5342
-5486
-5431
-5312
-4943
-4608
-4048
-3576
-2946
-2330
-1658
-873
-197
468
942
1422
1835
2263
2558
2815
3003
3034
3027
2949
2831
2709
2522
2242
2016
1803
1653
1520
1325
1169
999
807
593
397
219
-31
-286
-600
-907
-1172
-1459
-1754
-1858
-1918
-1966
-2082
-2232
-2260
-2275
-2235
-2082
-1929
-1750
-1642
-1607
-1564
-1526
-1510
-1495
-1416
-1528
-1680
-1900
-2038
-2216
-2342
-2415
-2460
-2388
-2351
-2190
-1985
-1666
-1277
-896
-419
-6
485
926
1396
1911
2377
2787
3096
3379
3627
3825
3880
4036
4155
4202
4130
4004
3992
3972
3979
3911
3816
3648
3461
3282
3106
2894
2643
2295
1911
1561
1076
583
9
-451
-882
-1451
-1927
-2490
-3045
-3460
-3852
-4256
-4572
-4780
-4923
-5047
-5086
-4981
-4715
-4515
-4360
-3967
-3531
-3006
-2492
-1869
-1172
-516
27
534
1092
1671
2164
2707
3153
3537
3938
4297
4760
5157
5579
5744
5917
5936
5887
5609
5316
4897
4308
3653
2862
2039
1084
264
-707
-1668
-2645
-3419
-4096
-4689
-5086
-5382
-5520
-5643
-5700
-5535
-5266
-4900
-4588
-4238
-3842
-3466
-3110
-2714
-2176
-1648
-1151
-765
-395
43
473
828
1186
1614
1953
2216
2499
2722
2899
2983
2952
2860
2678
2526
2310
2003
1621
1158
599
206
-293
-665
-1061
-1523
-1951
-2319
-2524
-2781
-2971
-3312
-3337
-3359
-3313
-3262
-2985
-2721
-2423
-2074
-1670
-1101
-542
64
564
1167
1623
2115
2475
2905
3256
3423
3583
3702
3892
3976
3896
3864
3699
3512
3270
2984
2768
2368
1901
1454
1040
506
-5
-519
-1014
-1541
-2110
-2610
-3153
-3692
-4259
-4765
-5241
-5485
-5789
-6039
-6040
-5982
-5867
-5609
-5194
-4605
-4018
-3395
-2652
-1919
-1252
-516
135
806
1416
1998
2504
3001
3462
3729
4158
4431
4805
5222
5566
5851
5976
6190
6263
6217
6076
5872
5520
5060
4608
4014
3384
2543
1753
972
208
-509
-1275
-2008
-2627
-3157
-3662
-4188
-4575
-4731
-4806
-4791
-4674
-4569
-4422
-4155
-3788
-3363
-2967
-2603
-2235
-1858
-1551
-1183
-713
-199
375
901
1294
1760
2170
2479
2832
3052
3239
3220
3158
3025
2852
2639
2384
2124
1723
1408
1011
672
200
-313
-875
-1510
-2198
-2846
-3433
-3816
-4052
-4300
-4498
-4595
-4631
-4524
-4342
-4007
-3618
-3365
-3114
-2779
-2384
-2014
-1555
-1154
-758
-441
-25
352
798
1112
1387
1692
1924
2151
2315
2463
2624
2858
3053
3272
3348
3417
3374
3297
3094
2819
2601
2336
2059
1864
1572
1174
852
517
260
-11
-199
-302
-402
-568
-796
-969
-1105
-1122
-1107
-1145
-1131
-1078
-1008
-839
-688
-507
-287
-189
-32
124
344
583
821
1063
1219
1474
1547
1635
1836
1973
2114
2187
2234
2254
2291
2206
2136
2082
1952
1798
1679
1512
1350
1116
809
578
256
-47
-288
-402
-542
-609
-690
-804
-836
-778
-744
-702
-685
-640
-561
-531
-531
-490
-437
-471
-460
-530
-528
-579
-558
-548
-689
-731
-846
-816
-771
-805
-834
-901
-977
-1050
-1076
-1138
-1242
-1334
-1462
-1656
-1908
-2133
-2298
-2354
-2479
-2598
-2649
-2729
-2786
-2842
-2853
-2897
-2930
-2909
-2825
-2649
-2566
-2415
-2183
-1785
-1482
-1138
-793
-424
-24
361
729
987
1357
1621
1894
1990
2218
2372
2626
2737
2821
2933
2949
2992
2958
2973
2848
2794
2728
2635
2492
2371
2286
2155
1895
1559
1319
1174
1010
863
629
351
154
-102
-325
-482
-584
-814
-966
-1141
-1267
-1375
-1526
-1599
-1661
-1665
-1661
-1556
-1410
-1275
-1153
-1001
-762
-591
-397
-234
41
283
459
583
629
800
964
1163
1293
1555
1720
1854
1924
2050
2205
2321
2436
2527
2500
2408
2368
2203
2108
1888
1596
1256
874
548
189
-153
-435
-672
-953
-1172
-1352
-1462
-1571
-1591
-1528
-1523
-1446
-1396
-1306
-1278
-1299
-1354
-1400
-1382
-1458
-1558
-1493
-1466
-1587
-1682
-1791
-1785
-1774
-1781
-1842
-1888
-1856
-1806
-1703
-1545
-1407
-1254
-1124
-1042
-968
-918
-881
-844
-939
-1069
-1162
-1254
-1376
-1471
-1539
-1535
-1468
-1471
-1369
-1295
-1166
-993
-862
-491
-197
137
358
675
1036
1385
1777
1997
2244
2374
2504
2559
2656
2695
2675
2666
2518
2354
2303
2201
2198
2225
2221
2190
2107
2026
1897
1754
1572
1449
1338
1111
839
557
365
220
-26
-236
-314
-455
-599
-652
-725
-631
-473
-370
-212
-168
-8
216
467
696
723
768
844
848
876
887
884
835
695
582
505
362
256
192
20
-138
-247
-269
-409
-448
-531
-622
-592
-595
-581
-668
-662
-732
-844
-908
-976
-1110
-1195
-1161
-1157
-1172
-1206
-1187
-1143
-1052
-967
-765
-560
-356
-109
46
219
476
784
947
996
1085
1163
1198
1187
1025
831
659
521
369
184
-90
-367
-569
-772
-1065
-1356
-1598
-1724
-1947
-2247
-2540
-2737
-2824
-2854
-2847
-2849
-2876
-2941
-2871
-2776
-2646
-2404
-2255
-2058
-1889
-1668
-1339
-955
-584
-267
110
505
814
1177
1508
1860
2229
2640
2943
3190
3245
3364
3577
3686
3666
3469
3421
3301
3253
3045
2856
2690
2503
2242
1958
1573
1271
1033
644
382
111
-133
-299
-498
-746
-865
-1034
-1137
-1179
-1253
-1333
-1446
-1419
-1408
-1389
-1362
-1232
-1123
-1033
-865
-703
-512
-343
-224
-158
-22
62
182
290
398
408
441
472
394
402
325
303
217
150
78
30
-10
-145
-258
-320
-397
-480
-523
-516
-438
-446
-391
-348
-244
-118
-9
106
239
546
656
698
829
928
1067
1112
1093
1033
999
1025
1110
1090
941
903
865
798
829
792
816
809
664
562
446
312
211
86
-65
-143
-220
-312
-389
-433
-563
-599
-627
-629
-641
-699
-731
-839
-983
-996
-977
-898
-836
-810
-887
-840
-736
-667
-559
-545
-554
-602
-665
-707
-703
-729
-767
-804
-827
-876
-928
-948
-914
-926
-908
-853
-799
-711
-718
-689
-664
-554
-570
-605
-569
-569
-518
-461
-311
-171
-9
239
482
721
999
1316
1499
1626
1728
1783
1846
1773
1698
1588
1494
1412
1369
1222
1075
981
762
584
416
234
97
-64
-189
-319
-531
-780
-939
-1018
-1082
-1185
-1282
-1286
-1270
-1223
-1149
-941
-856
-834
-789
-663
-470
-362
-247
-156
-113
-108
-86
15
66
82
169
205
303
326
564
720
892
1056
1196
1380
1409
1543
1510
1556
1442
1333
1267
1065
936
794
570
354
167
54
-62
-110
-141
-181
-99
-59
-48
-123
-104
1
-15
-84
-135
-190
-128
-84
-192
-351
-477
-577
-710
-804
-892
-1009
-1130
-1255
-1338
-1328
-1376
-1390
-1322
-1243
-1271
-1366
-1397
-1313
-1379
-1462
-1432
-1500
-1590
-1636
-1656
-1636
-1520
-1499
-1453
-1353
-1220
-1155
-992
-806
-671
-567
-452
-264
-199
-106
52
61
59
119
274
329
360
444
469
533
516
575
731
962
1031
1110
1182
1283
1492
1661
1816
1917
1959
1969
1972
1995
1927
1792
1642
1429
1246
975
752
611
480
270
155
118
180
207
137
203
298
309
236
214
198
218
226
165
102
39
-2
-62
-68
-80
-62
-21
-30
-8
-33
-150
-164
-156
-86
6
74
177
282
376
451
550
594
803
1049
1134
1162
1201
1235
1233
1207
1199
1232
1243
1121
1062
1042
911
845
763
674
641
515
369
270
182
55
-28
9
-68
-208
-423
-620
-776
-953
-1028
-1127
-1329
-1588
-1805
-1919
-2002
-2066
-2123
-2115
-1929
-1764
-1666
-1543
-1383
-1174
-1060
-842
-619
-410
-210
-140
60
253
342
436
528
663
646
669
648
575
616
553
463
376
374
334
271
235
82
18
-29
-185
-290
-432
-632
-708
-827
-910
-990
-1113
-1176
-1234
-1144
-1071
-1044
-973
-758
-514
-331
-132
55
268
481
601
705
921
1134
1226
1304
1449
1536
1624
1730
1787
1742
1724
1654
1591
1483
1335
1256
1122
1058
889
666
488
253
127
28
-149
-416
-614
-806
-1000
-1171
-1276
-1419
-1565
-1723
-1805
-1787
-1747
-1698
-1592
-1525
-1434
-1280
-1159
-966
-808
-579
-342
-157
38
250
454
749
1001
1230
1459
1648
1833
1968
2062
2038
1970
1968
1832
1612
1471
1237
1057
769
501
320
140
-68
-306
-480
-644
-832
-1025
-1195
-1381
-1550
-1766
-1897
-2018
-2095
-2178
-2309
-2365
-2353
-2270
-2225
-2089
-1884
-1642
-1280
-1003
-704
-327
3
307
523
736
952
1155
1313
1417
1517
1605
1585
1490
1386
1221
1132
952
801
711
616
495
331
271
163
61
-46
-105
-153
-372
-438
-590
-740
-950
-1097
-1321
-1396
-1424
-1572
-1591
-1690
-1578
-1666
-1576
-1480
-1341
-1131
-979
-744
-447
-91
158
443
655
948
1188
1457
1589
1757
1836
1845
1862
1770
1857
1770
1699
1654
1472
1364
1248
1118
1048
971
775
686
537
348
275
114
-21
-258
-470
-703
-878
-1039
-1202
-1341
-1502
-1479
-1507
-1483
-1523
-1441
-1223
-1119
-987
-823
-651
-437
-193
6
241
440
566
730
831
930
1098
1191
1277
1280
1226
1244
1191
1196
1197
1071
944
878
765
632
533
404
348
265
161
105
36
-55
-111
-238
-281
-383
-480
-489
-539
-607
-610
-583
-539
-494
-469
-492
-506
-475
-389
-262
-175
-94
-81
-14
34
90
138
210
216
168
230
260
260
273
247
208
251
250
216
105
1
-142
-177
-151
-215
-129
-185
-219
-241
-286
-236
-191
-193
-280
-302
-288
-333
-388
-447
-457
-470
-501
-487
-404
-323
-262
-255
-280
-245
-158
-122
-124
-124
-109
-139
-195
-197
-197
-165
-245
-353
-352
-315
-271
-261
-305
-260
-224
-165
-130
-94
-52
-61
-50
34
79
157
248
266
271
212
243
283
356
403
422
432
439
534
550
627
708
721
672
631
647
637
568
467
373
335
304
189
108
51
-56
-144
-179
-93
-119
-69
13
20
217
311
423
505
474
377
369
378
396
371
338
350
269
284
321
342
413
439
460
493
560
558
612
671
728
729
766
874
819
728
675
626
523
458
420
326
208
84
10
-82
-230
-427
-529
-629
-747
-904
-1042
-1154
-1214
-1196
-1238
-1231
-1300
-1354
-1291
-1253
-1273
-1332
-1498
-1537
-1485
-1504
-1558
-1546
-1438
-1259
-1094
-1007
-843
-697
-467
-257
30
293
423
481
611
812
952
1108
1216
1267
1197
1163
1190
1243
1229
1193
1090
899
743
570
489
407
236
105
-41
-135
-222
-322
-462
-592
-728
-829
-906
-957
-978
-1092
-1038
-968
-928
-859
-769
-619
-559
-408
-193
22
178
360
568
720
927
993
1127
1274
1377
1501
1581
1579
1561
1560
1520
1506
1451
1373
1224
1210
1143
1055
964
783
664
484
378
258
111
31
-71
-149
-333
-494
-598
-671
-683
-713
-789
-891
-967
-1010
-945
-965
-948
-853
-852
-754
-641
-562
-476
-368
-245
-125
-38
-3
68
92
166
218
269
365
416
425
423
410
405
414
363
318
264
234
127
-11
-196
-312
-396
-565
-815
-985
-1091
-1306
-1421
-1504
-1651
-1758
-1843
-1909
-1875
-1859
-1773
-1690
-1624
-1574
-1516
-1359
-1224
-1104
-924
-680
-544
-440
-289
-102
0
126
219
306
441
523
594
668
757
820
866
947
1008
969
995
1009
949
890
795
636
448
240
58
-90
-217
-329
-476
-588
-605
-643
-664
-699
-719
-742
-779
-801
-695
-624
-532
-489
-480
-423
-330
-206
-62
110
249
380
480
571
744
911
1107
1201
1224
1380
1534
1625
1699
1738
1746
1787
1695
1565
1506
1377
1369
1327
1229
1105
966
854
758
648
487
429
336
200
32
-104
-178
-228
-208
-335
-432
-500
-577
-544
-494
-460
-463
-486
-527
-521
-493
-463
-472
-465
-464
-410
-320
-217
2
145
230
274
301
375
411
352
206
97
59
-81
-184
-311
-474
-580
-650
-697
-738
-826
-893
-927
-944
-918
-900
-864
-845
-806
-811
-762
-691
-669
-634
-561
-482
-476
-460
-447
-336
-256
-189
-86
22
121
164
245
282
296
281
333
309
278
207
139
57
1
-28
-106
-113
-169
-223
-279
-277
-266
-183
-130
-181
-193
-209
-145
-57
36
12
2
70
76
152
161
189
186
203
248
299
448
507
596
619
615
690
710
763
807
855
806
787
702
590
574
565
490
446
338
186
117
1
-97
-195
-286
-349
-366
-383
-367
-392
-419
-460
-466
-419
-342
-262
-227
-210
-213
-159
-149
-48
57
156
209
197
273
339
376
413
413
361
399
425
415
368
325
263
235
187
188
174
87
58
-20
-135
-213
-324
-423
-542
-675
-807
-950
-949
-1021
-1095
-1210
-1266
-1311
-1378
-1352
-1336
-1313
-1283
-1211
-1132
-1036
-912
-756
-649
-505
-405
-283
-135
-74
45
120
199
302
423
555
602
660
752
802
845
863
858
774
659
583
482
373
230
103
-13
-76
-132
-265
-395
-490
-622
-776
-783
-826
-875
-885
-930
-954
-855
-740
-664
-473
-310
-146
-24
172
359
510
705
905
979
1027
1182
1249
1317
1318
1334
1379
1407
1429
1443
1487
1502
1468
1414
1319
1163
1038
903
764
640
492
279
5
-190
-339
-504
-663
-870
-993
-1139
-1213
-1210
-1277
-1304
-1335
-1271
-1243
-1163
-1068
-922
-762
-609
-471
-336
-133
60
256
343
466
559
723
803
855
1005
1095
1186
1206
1224
1203
1209
1200
1198
1248
1211
1143
1034
896
708
525
365
180
20
-93
-281
-446
-592
-702
-816
-928
-1024
-1115
-1177
-1225
-1261
-1346
-1396
-1384
-1321
-1311
-1266
-1191
-1149
-1153
-1121
-1032
-806
-641
-584
-500
-462
-324
-233
-147
-38
53
133
189
217
268
317
271
243
188
175
179
158
161
114
43
-21
-113
-199
-252
-300
-360
-446
-514
-547
-583
-562
-442
-463
-461
-440
-418
-350
-285
-185
-138
-72
-41
65
164
297
433
487
567
552
586
636
713
766
729
803
877
897
863
799
812
814
812
793
789
788
745
698
603
573
536
491
458
325
190
153
89
-4
-105
-210
-243
-320
-338
-418
-550
-584
-572
-629
-638
-537
-514
-435
-360
-315
-219
-180
-151
-47
13
31
17
45
128
183
198
169
232
255
282
372
405
416
391
318
333
376
278
166
123
46
-45
-142
-214
-295
-389
-465
-549
-620
-702
-776
-765
-773
-770
-705
-728
-714
-761
-747
-684
-649
-629
-612
-538
-492
-480
-433
-425
-334
-269
-212
-102
-74
33
120
238
277
322
382
453
537
479
423
481
558
605
660
684
698
681
630
605
562
567
572
630
701
622
616
632
652
729
709
654
696
666
679
706
673
610
519
428
352
325
264
240
213
223
215
184
141
115
108
144
94
36
66
27
45
27
18
-19
-120
-141
-169
-216
-227
-265
-206
-184
-189
-152
-79
50
96
161
209
173
152
239
271
255
232
224
276
298
342
338
309
342
323
280
204
192
146
130
81
2
-32
-66
-99
-121
-134
-164
-207
-217
-194
-215
-261
-312
-364
-379
-394
-456
-525
-539
-515
-529
-516
-544
-558
-516
-473
-469
-524
-560
-525
-540
-550
-569
-546
-493
-489
-486
-476
-403
-378
-359
-323
-326
-258
-242
-259
-275
-266
-197
-180
-159
-134
-111
-83
-110
-111
-164
-202
-165
-101
-77
-106
-159
-162
-94
-146
-166
-219
-183
-134
-157
-161
-138
-159
-195
-143
-143
-135
-80
-15
29
48
48
73
138
217
245
296
337
375
438
476
538
598
630
613
595
587
616
558
533
553
395
280
236
208
137
72
33
-48
-94
-133
-156
-165
-205
-214
-190
-215
-232
-255
-255
-281
-328
-398
-458
-427
-462
-475
-467
-441
-368
-339
-329
-333
-313
-240
-214
-145
-68
-56
-55
-76
-60
-48
-32
-24
7
51
34
51
26
1
14
-18
-49
-29
19
5
-20
-30
-22
37
55
44
31
50
64
10
-46
-82
-136
-134
-148
-200
-181
-171
-127
-91
-59
21
91
155
192
254
241
287
382
447
473
458
529
520
471
459
443
449
452
449
430
369
394
379
373
390
399
417
353
260
217
148
104
59
38
53
58
88
44
21
69
128
223
244
247
351
436
506
570
640
750
825
886
932
1014
1083
1062
1065
1102
1132
1170
1129
1075
1028
1016
1021
978
904
832
799
720
572
385
277
259
234
122
10
-87
-176
-269
-351
-414
-479
-531
-579
-608
-681
-752
-730
-764
-871
-981
-1056
-1078
-1036
-977
-969
-924
-914
-908
-836
-759
-684
-610
-573
-527
-508
-461
-404
-373
-292
-208
-128
-111
-137
-104
-69
-11
-29
-79
-104
-167
-230
-341
-436
-417
-426
-466
-505
-558
-566
-570
-550
-501
-493
-459
-430
-361
-310
-297
-307
-220
-155
-53
71
87
161
192
284
370
405
511
558
533
519
528
620
633
589
608
603
523
473
401
346
329
319
254
157
117
25
-24
-38
-124
-204
-283
-337
-367
-381
-372
-363
-346
-336
-362
-440
-494
-449
-433
-460
-486
-482
-439
-396
-390
-375
-302
-258
-212
-122
-49
10
104
175
211
243
288
344
416
481
526
518
508
479
424
458
459
407
342
266
207
130
33
-54
-156
-245
-304
-378
-434
-499
-560
-671
-734
-782
-829
-875
-931
-922
-899
-881
-925
-939
-927
-876
-826
-803
-768
-684
-593
-483
-392
-331
-229
-124
21
122
206
256
355
421
436
485
567
586
589
574
568
571
597
669
622
542
426
392
376
342
346
325
288
280
239
259
209
154
165
161
178
135
54
26
-42
-76
-47
-103
-50
-38
-23
40
73
165
185
269
385
422
503
519
634
766
896
953
917
904
828
839
910
918
908
861
795
736
659
641
633
606
525
408
284
230
232
217
158
94
-11
-105
-196
-292
-327
-353
-373
-400
-421
-409
-385
-325
-295
-300
-264
-225
-129
-107
-60
39
77
139
192
270
401
429
484
546
569
531
524
520
495
449
364
292
198
151
165
181
136
85
0
-113
-207
-239
-296
-396
-419
-454
-516
-588
-671
-704
-774
-806
-792
-855
-862
-879
-818
-796
-788
-785
-823
-783
-753
-690
-641
-595
-515
-426
-368
-315
-269
-196
-114
-100
-68
-29
-15
6
28
44
64
49
81
84
86
145
192
294
298
306
295
293
351
341
309
308
350
343
331
314
268
252
238
164
145
100
36
4
-38
-69
-73
-120
-173
-189
-228
-255
-277
-290
-338
-369
-368
-371
-405
-423
-470
-486
-438
-427
-441
-473
-460
-454
-499
-487
-398
-320
-262
-279
-262
-165
-42
56
119
241
295
269
309
324
373
388
363
383
399
367
364
325
237
199
145
133
81
-30
-128
-137
-114
-151
-216
-236
-249
-284
-299
-313
-340
-380
-403
-399
-441
-485
-533
-553
-524
-527
-542
-532
-521
-529
-486
-399
-338
-335
-281
-221
-168
-123
-87
-41
21
83
152
163
188
260
295
389
377
322
346
339
361
359
377
369
313
272
196
150
144
90
41
12
-93
-178
-168
-176
-203
-235
-246
-319
-389
-390
-411
-428
-396
-374
-332
-232
-219
-200
-169
-129
-68
50
145
206
240
285
331
383
410
457
511
538
626
622
640
636
593
621
624
661
668
655
602
536
502
450
365
326
303
232
177
70
-31
-130
-183
-213
-285
-318
-347
-335
-378
-416
-436
-477
-465
-443
-384
-343
-267
-241
-193
-87
-38
15
120
199
281
377
379
447
502
591
673
657
674
628
630
643
623
637
620
614
635
578
506
403
345
351
323
348
309
282
273
214
189
109
108
71
17
-59
-125
-156
-200
-209
-250
-262
-266
-242
-288
-295
-294
-261
-218
-233
-282
-320
-277
-225
-160
-152
-137
-113
-107
-79
-36
-21
25
83
92
51
20
40
105
132
92
85
84
109
81
4
-6
-52
-112
-98
-111
-160
-196
-208
-213
-243
-304
-349
-349
-343
-328
-302
-331
-319
-338
-309
-252
-259
-270
-236
-178
-189
-163
-161
-143
-156
-163
-155
-118
-94
-100
-105
-178
-216
-261
-242
-194
-215
-231
-172
-87
-88
-94
-59
-16
46
-27
-28
57
106
152
153
106
72
15
-70
-98
-106
-74
-60
-81
-61
-11
7
-5
-13
-51
-62
9
-12
5
10
-21
-15
-3
7
-30
-54
-65
-67
-41
-73
-63
1
25
36
-27
-20
44
93
80
119
142
169
184
149
183
206
169
150
182
139
156
189
170
169
98
46
52
50
19
-28
-47
-72
-83
-107
-103
-61
-49
-85
-142
-141
-152
-171
-197
-187
-184
-217
-220
-214
-227
-275
-306
-273
-269
-280
-309
-319
-342
-349
-312
-294
-230
-196
-130
-62
-44
7
60
144
185
199
253
270
275
268
256
291
320
321
362
347
339
316
330
354
325
285
249
261
219
197
141
69
64
56
51
49
-6
-19
-51
-87
-90
-66
-41
-17
27
73
42
39
39
56
97
46
97
117
144
220
258
271
318
362
393
508
584
610
622
610
638
678
646
613
614
577
631
588
519
466
409
384
306
250
201
153
135
159
88
38
21
-17
-50
-99
-101
-77
-18
-14
-21
-4
-6
53
91
91
115
173
207
249
273
289
330
350
309
333
412
435
458
457
431
408
415
427
417
387
363
350
317
256
202
152
98
15
-96
-232
-276
-346
-450
-500
-585
-633
-671
-716
-749
-811
-827
-785
-796
-785
-799
-799
-763
-700
-646
-628
-580
-499
-448
-392
-368
-314
-206
-179
-147
-129
-106
-49
-11
52
68
121
174
196
256
287
312
319
305
328
322
323
248
133
47
-47
-22
-21
-78
-209
-287
-374
-419
-427
-496
-497
-457
-470
-448
-434
-418
-390
-425
-410
-429
-439
-419
-416
-390
-288
-171
-78
6
62
69
143
172
217
322
370
442
392
339
325
316
326
346
400
434
409
422
388
396
380
286
276
243
166
114
40
-21
-65
-161
-244
-317
-294
-327
-394
-422
-476
-412
-417
-451
-438
-396
-317
-315
-336
-316
-292
-221
-132
-87
-43
-30
18
1
7
72
90
142
173
155
161
148
170
177
172
175
133
108
16
-15
-9
-58
-78
-130
-186
-198
-238
-246
-265
-284
-301
-267
-278
-274
-252
-248
-174
-161
-143
-111
-95
-99
-74
-61
42
77
89
105
86
179
234
297
312
333
310
311
377
430
427
399
369
316
339
356
349
319
297
289
274
259
247
220
177
161
101
66
113
116
103
119
104
123
152
179
219
241
274
304
310
310
314
343
374
384
374
357
357
351
346
332
280
203
208
257
234
220
214
177
157
142
133
133
92
88
27
11
23
-45
-28
-63
-38
3
-9
3
-41
-52
-32
-34
-4
-17
51
42
-3
-6
-44
6
5
3
-25
-68
28
67
14
-32
-76
-41
-57
-92
-87
-68
5
-12
-30
-7
-31
-65
-117
-141
-147
-188
-234
-240
-264
-213
-223
-283
-333
-364
-280
-256
-216
-181
-163
-118
-97
-45
-36
-36
-20
-12
16
34
45
57
68
70
33
72
94
105
115
111
64
37
45
41
83
103
100
91
57
33
34
40
29
-72
-128
-107
-132
-196
-253
-252
-166
-150
-117
-137
-138
-138
-170
-158
-182
-132
-138
-162
-174
-196
-184
-222
-244
-220
-196
-163
-140
-152
-91
-57
-23
-8
-35
5
23
11
-32
-54
-67
-102
-104
-159
-187
-168
-189
-186
-167
-180
-211
-290
-324
-335
-327
-263
-324
-373
-421
-422
-375
-373
-360
-319
-275
-250
-229
-205
-192
-141
-121
-92
-23
26
95
106
125
212
223
215
274
305
292
299
323
339
330
321
304
314
311
261
210
143
103
39
-34
-46
-64
-77
-127
-145
-163
-180
-105
-105
-90
-109
-98
-91
-79
-80
-117
-102
-109
-66
-43
-18
23
78
104
96
116
180
241
218
245
302
318
339
364
343
310
319
287
253
257
230
216
189
179
166
84
33
3
-30
-49
-83
-36
-63
-77
-61
-69
-27
28
74
52
-11
-1
14
5
7
10
67
98
112
149
179
251
326
360
377
404
456
445
445
462
443
454
432
412
415
361
342
325
311
303
268
264
247
172
104
50
23
-15
-28
-54
-84
-124
-211
-244
-247
-275
-268
-265
-300
-328
-332
-294
-279
-240
-253
-244
-216
-232
-210
-120
-56
-17
34
32
88
166
189
194
180
194
231
229
235
282
275
285
274
257
268
260
261
253
252
223
203
160
86
12
-41
-88
-101
-155
-147
-152
-194
-218
-263
-249
-244
-238
-212
-180
-184
-218
-195
-150
-148
-117
-122
-129
-92
-59
-18
-13
-2
45
73
101
139
146
179
145
148
163
161
127
62
32
32
-21
-15
-48
-110
-118
-201
-228
-318
-403
-431
-480
-489
-501
-488
-477
-472
-467
-487
-488
-461
-410
-347
-360
-340
-350
-395
-352
-308
-237
-215
-198
-178
-216
-179
-153
-165
-131
-145
-127
-170
-181
-162
-157
-128
-161
-198
-218
-250
-238
-265
-273
-241
-254
-217
-220
-258
-277
-265
-250
-235
-224
-217
-260
-235
-214
-246
-232
-218
-262
-294
-255
-189
-88
-60
-71
-44
-73
-27
-17
-5
34
23
49
64
70
54
29
-3
-9
-31
-48
-34
-29
-25
1
10
7
23
35
12
-27
-19
7
16
-23
2
16
8
11
-27
-35
-49
-49
-25
-43
-32
-26
-86
-84
-12
18
2
14
32
81
119
148
202
202
203
223
276
278
243
232
247
289
263
211
236
263
299
349
350
343
342
306
334
342
320
337
331
266
255
291
260
284
270
253
232
250
235
238
236
255
320
291
282
213
205
215
190
169
138
101
65
20
-1
-31
-55
-74
-86
-112
-151
-149
-150
-139
-107
-117
-78
-32
-44
0
-1
53
113
140
142
91
98
127
177
175
168
178
191
247
213
217
279
294
287
294
298
300
262
218
180
100
119
113
71
17
16
4
9
10
11
-3
-13
-53
-129
-164
-186
-182
-206
-178
-203
-215
-191
-207
-195
-175
-191
-175
-138
-108
-47
-5
-14
4
-13
17
71
82
123
159
253
305
301
284
253
282
287
322
395
345
260
174
110
106
102
67
22
-27
-81
-110
-160
-218
-218
-213
-193
-222
-272
-312
-341
-340
-357
-363
-390
-420
-431
-490
-466
-404
-364
-288
-252
-199
-156
-93
-4
35
119
170
199
220
214
243
296
309
267
251
247
259
198
143
122
141
99
24
-21
-104
-104
-96
-149
-223
-308
-362
-373
-389
-389
-421
-435
-453
-465
-429
-427
-476
-498
-523
-531
-475
-440
-416
-387
-371
-306
-222
-140
-84
-34
3
49
72
98
194
248
297
333
296
347
393
413
425
370
380
403
415
417
368
343
313
264
227
138
46
-35
-78
-92
-170
-232
-303
-347
-367
-425
-439
-474
-471
-465
-457
-448
-455
-440
-429
-424
-346
-330
-340
-302
-250
-174
-187
-199
-168
-138
-82
-38
-2
63
89
150
184
206
259
293
315
262
223
206
169
128
93
103
112
113
90
70
52
38
22
-15
-52
-104
-120
-104
-154
-160
-137
-107
-94
-132
-160
-173
-186
-163
-124
-104
-137
-175
-167
-136
-72
-16
6
48
62
86
105
85
96
117
162
167
155
138
126
161
156
145
144
181
212
201
144
91
103
111
125
90
93
45
4
17
-24
-49
-84
-111
-163
-209
-201
-191
-133
-96
-81
-40
-2
29
7
-48
-51
-16
57
104
120
143
181
196
200
210
238
263
349
404
449
502
503
527
515
501
487
487
496
493
437
399
365
371
364
325
301
286
285
254
204
135
63
2
-26
-50
-49
-127
-132
-104
-76
-15
14
-2
-31
-61
-54
-4
-11
-35
8
21
5
12
-4
26
75
71
35
20
75
126
148
160
120
67
9
32
90
69
47
-10
-13
-57
-58
0
12
40
-6
-54
-95
-107
-39
13
-2
6
-30
-1
46
22
12
-25
-32
-28
0
47
54
48
-3
-69
-80
-63
-30
5
9
33
14
12
36
50
92
102
94
96
103
82
18
3
41
-11
-28
0
-37
-38
-27
-37
-30
-7
22
48
25
-56
-115
-140
-128
-101
-75
-90
-135
-167
-143
-108
-139
-157
-155
-183
-216
-251
-289
-311
-290
-265
-258
-296
-376
-402
-410
-409
-415
-417
-431
-459
-491
-482
-415
-376
-345
-344
-334
-305
-293
-240
-182
-212
-243
-227
-149
-79
-23
8
27
46
39
32
-8
22
-7
3
45
37
6
10
-37
-91
-77
-83
-67
-97
-148
-187
-205
-223
-209
-178
-192
-233
-225
-214
-200
-207
-253
-254
-235
-197
-177
-191
-125
-74
-39
-23
-17
-34
-49
18
100
167
201
195
200
217
203
207
212
221
195
165
140
181
172
173
239
216
232
271
304
300
263
203
166
165
127
64
32
-21
-41
-33
-40
-42
-68
-89
-83
-62
-35
-54
-64
-41
-21
-4
-21
-19
-21
-1
10
3
64
105
156
240
293
272
264
270
313
362
409
478
473
474
482
453
383
336
316
285
245
194
171
134
120
108
98
86
32
-43
-78
-96
-99
-37
-10
13
10
-28
-43
-34
-43
-64
-90
-115
-128
-117
-88
-63
-24
-29
-20
56
133
205
266
322
343
341
390
414
422
404
353
347
314
279
267
245
231
161
128
102
77
66
63
96
84
63
34
34
43
22
-35
-61
-112
-156
-181
-239
-224
-202
-206
-204
-210
-204
-173
-167
-164
-120
-104
-99
-107
-111
-77
23
71
61
-4
-52
-55
-34
27
50
89
117
123
113
97
113
132
136
176
180
153
123
104
74
24
-38
-68
-82
-117
-192
-227
-259
-310
-297
-245
-247
-242
-212
-244
-191
-166
-172
-157
-152
-196
-222
-214
-176
-133
-159
-171
-200
-226
-242
-240
-220
-173
-107
-82
-75
-70
-64
-55
-72
-49
-4
48
61
27
5
-29
-67
-48
-42
18
97
74
103
117
95
86
59
27
72
51
11
38
21
-5
-16
-38
-81
-47
-64
-51
10
16
34
44
39
29
75
98
126
165
141
169
183
152
125
106
60
101
113
25
44
89
64
70
68
87
111
78
53
50
69
56
60
31
-10
-20
-34
-28
-14
-44
-65
-45
-57
-12
-10
-36
-59
-60
-18
39
48
42
19
-65
-66
-26
-14
-11
-42
-72
-91
-90
-104
-102
-62
-53
-40
-49
-49
-3
58
66
39
78
131
156
194
219
235
252
229
218
206
193
213
232
255
272
276
287
251
194
160
178
206
174
139
127
99
79
10
-51
-52
-46
-46
-60
-34
-1
23
50
25
-6
11
36
82
108
158
193
181
198
191
207
235
235
262
305
311
291
296
274
222
247
238
237
284
239
203
206
192
166
117
81
75
56
12
8
14
27
36
30
48
87
110
157
181
165
150
117
107
95
70
61
54
97
81
54
41
-8
-22
-41
-36
-8
7
22
-13
-17
-3
-16
1
-3
-6
7
46
14
-52
-90
-97
-55
-41
-77
-91
-85
-82
-87
-85
-85
-137
-124
-110
-135
-82
-116
-127
-101
-142
-143
-200
-223
-233
-250
-231
-209
-196
-152
-78
-45
-39
-19
-13
25
41
18
41
70
105
100
55
1
-16
-13
6
36
35
28
27
-6
-11
12
6
-21
5
-20
-80
-107
-111
-66
-60
-62
-72
-43
-9
20
45
20
-32
-39
-26
-36
4
9
5
20
-14
-26
-57
-81
-104
-147
-143
-110
-63
-49
-29
-25
-16
-58
-104
-110
-79
-64
-47
-30
-41
-33
-36
-70
-35
17
50
51
29
29
15
24
49
64
25
-21
10
49
66
88
124
118
94
83
52
41
11
4
28
31
32
4
38
74
115
139
145
149
146
139
112
122
131
128
134
117
85
95
93
65
57
40
70
128
131
162
192
192
183
168
175
225
253
214
194
172
169
211
214
145
119
55
63
99
55
49
55
112
116
105
89
84
118
131
126
124
80
19
22
12
-43
-86
-68
-46
-31
-26
-13
-18
-31
-30
-42
-49
-53
-54
-17
16
64
73
83
63
10
-8
4
21
18
-23
-88
-62
-47
-75
-34
-32
-24
-29
-73
-8
21
45
36
-8
-10
5
4
16
11
-11
22
21
40
42
6
20
72
106
124
146
162
185
196
217
174
165
173
178
219
226
227
188
160
173
176
163
203
257
286
292
276
218
198
195
199
204
160
143
138
114
39
-13
-68
-80
-72
-89
-105
-111
-109
-120
-183
-236
-271
-275
-257
-248
-259
-294
-301
-271
-240
-216
-218
-231
-238
-231
-198
-173
-142
-133
-140
-148
-111
-122
-105
-92
-109
-74
-112
-135
-124
-156
-141
-126
-95
-91
-116
-114
-128
-99
-65
-104
-96
-90
-102
-87
-102
-108
-145
-179
-178
-192
-175
-190
-214
-225
-254
-274
-272
-251
-227
-197
