15
55
34
-17
-48
-78
-41
-28
-25
39
51
50
20
-17
13
30
7
-2
2
-1
0
-1
0
0
1
0
0
0
0
0
0
0
1
0
0
0
0
0
0
0
0
0
0
0
0
0
0
0
0
0
0
0
0
0
-1
0
0
0
0
0
0
0
0
0
0
0
0
0
1
0
0
0
0
0
0
0
1
0
0
0
1
1
0
0
0
-1
1
1
0
0
0
0
0
0
0
1
0
0
0
1
0
0
0
0
0
-1
0
0
0
0
0
0
0
0
0
0
-1
-1
-1
0
0
0
0
-1
0
0
0
0
0
0
0
0
0
1
0
1
0
0
0
0
0
0
1
-1
0
1
-1
0
0
0
0
0
0
0
-1
0
0
0
-1
0
-1
0
0
0
0
0
0
0
0
0
1
0
1
-2
2
-4
21
61
67
71
72
68
53
29
35
52
26
25
4
3
-26
-41
-47
-70
-109
-104
-104
-51
9
-37
-37
-83
-55
15
55
45
44
55
49
134
199
216
254
277
304
344
336
363
351
308
257
275
294
310
267
127
119
82
70
77
102
139
107
58
27
3
-28
-40
-38
-26
-11
0
-4
2
-8
-31
-37
-63
-52
-13
21
60
20
-18
-63
-39
18
-9
11
2
-1
20
7
4
1
-6
-14
-10
8
8
3
-8
5
4
-17
-5
2
7
-3
-2
14
7
-16
5
8
-3
1
-17
-2
-15
2
2
-6
11
-3
-6
0
5
18
23
1
0
0
6
-17
-4
14
9
4
-15
-14
-11
-2
-5
-13
-5
4
-1
-2
-5
-9
-12
-17
11
4
-14
-11
17
15
-10
11
1
-4
-15
-22
23
5
-6
18
19
19
0
-11
-13
34
4
-7
21
-20
20
6
-27
18
-19
29
33
-20
7
-4
5
2
3
-8
8
3
-6
12
4
10
7
-7
-7
-5
2
1
7
8
5
-9
-6
-5
-7
2
-8
0
15
20
11
-1
-12
-5
3
-7
-3
-18
-15
5
4
-16
10
8
-13
5
10
-1
-14
-8
-5
4
6
0
1
8
-1
11
-1
-22
-10
-15
-1
-10
0
0
-7
1
-2
17
27
14
18
-4
-12
11
10
18
-12
0
12
0
18
3
7
-3
-11
16
-3
-8
1
-4
8
-11
-4
15
8
-2
-15
-9
-13
-15
0
-8
-2
-1
-6
4
1
9
14
-11
7
-1
1
2
-2
13
-6
13
-12
-16
-3
-9
3
-7
-11
16
10
2
4
-2
2
-8
16
0
-3
2
-18
0
11
5
-2
-9
-10
-5
14
-2
4
-2
7
10
18
-73
-40
223
-37
17
-108
-197
193
67
-10
-13
-81
-1
75
17
12
-15
-41
20
36
-8
-9
-7
-9
36
-17
-13
4
-12
2
5
-2
-1
8
-5
2
10
12
-4
-5
11
-14
14
7
-17
12
4
-10
-1
2
-2
-11
-5
1
19
-5
-4
17
1
3
13
5
0
-6
-11
0
-3
0
-7
-11
6
2
-6
-2
-9
4
0
-6
3
-11
3
3
-4
-6
-8
31
14
13
2
-24
-4
-11
4
-4
-10
11
-18
-17
-8
-1
11
-15
-15
-21
-3
17
8
11
-6
-1
-2
-14
-1
2
1
-7
0
9
6
1
6
3
5
-20
3
21
4
12
-20
-52
-17
-18
-4
16
-25
-7
0
17
10
-9
10
-19
-17
-20
-26
-35
-29
-3
-4
-20
-11
19
17
5
-24
-12
5
-8
-49
-19
-6
-27
-10
-28
-22
-37
-52
-10
2
-20
-9
-50
-10
48
14
33
24
18
16
-11
6
12
30
20
-7
-1
5
-8
-39
-62
-34
-1
0
-19
6
-2
-13
1
-1
22
20
-9
26
28
21
3
-13
-12
-25
-7
-4
-34
-5
14
1
12
37
31
28
22
10
-13
-30
-5
16
19
-1
14
14
17
7
22
13
-1
-20
-12
15
4
19
-7
2
30
-11
-5
5
-6
-2
-19
-2
-7
-29
-3
-28
6
3
-38
-22
-57
-39
-35
-4
1
-26
27
9
7
40
12
-7
-5
22
27
-23
-22
6
-11
28
42
24
-23
-4
31
15
11
-9
-20
11
20
33
49
7
-10
22
35
21
18
-27
13
29
8
9
40
18
-11
-2
4
36
13
-13
-18
9
-19
-14
38
14
19
19
15
66
45
1
20
0
-8
10
-20
-7
7
3
1
-18
-40
-21
-5
-40
-42
-24
7
16
14
26
29
43
16
12
-5
-16
-19
4
11
-21
-19
8
29
1
-3
12
27
12
12
44
54
15
-14
12
56
50
28
42
23
47
39
-22
-34
-38
-16
9
9
2
21
10
35
38
-7
-5
10
-19
-25
-18
-41
6
17
-27
-70
-62
-35
4
29
47
41
12
13
16
-20
-38
-31
-18
11
-19
-30
-29
-15
-42
-52
-25
8
20
-4
22
-10
-61
-48
0
30
19
0
38
41
-17
-50
-58
-56
-57
-5
-9
-37
-16
-16
14
-9
-58
-67
-36
-18
-4
22
29
-8
1
-25
-15
-16
-37
6
-19
1
39
74
0
-68
-43
-40
-4
12
-37
-52
-14
23
12
-2
-15
-32
-46
-45
-32
-41
-50
-32
-34
-39
-6
8
62
70
35
44
11
-20
-22
-25
-21
-3
17
33
12
18
-9
-61
-92
-76
-72
-53
-37
-61
-58
-89
-38
-27
5
42
13
21
44
59
52
11
-3
11
17
-8
-18
34
29
8
18
25
15
19
-20
-51
-52
-42
-77
-15
86
-48
0
-40
-79
1
-49
-39
10
25
30
26
-2
-16
-23
-14
-47
-50
-16
-31
-30
-36
-38
-22
-2
11
1
-24
-15
31
48
39
39
30
14
85
55
51
54
0
5
-17
-15
20
14
-26
-20
6
15
12
-5
-25
2
-18
-62
-19
-42
-28
25
29
38
46
53
59
40
-2
10
16
21
-17
-1
14
13
21
-7
0
-40
-58
1
21
11
18
-31
-15
10
-37
-12
7
-2
11
-21
-66
-41
-24
-35
-66
-81
-36
35
59
34
27
61
52
38
24
47
40
36
40
22
15
23
58
86
69
49
43
28
52
46
37
81
111
94
73
49
35
8
-34
-24
-34
-25
12
29
16
-17
10
-16
-32
-21
-9
12
25
57
64
78
69
69
37
-37
-57
-44
-19
32
5
-30
-26
-45
-43
-77
-58
-37
-12
22
25
27
56
79
80
63
31
14
24
19
11
15
23
49
5
8
17
52
111
86
46
22
-43
-92
-86
-40
18
38
32
-5
-72
-87
-58
-55
-82
-80
-76
-93
-55
-27
6
35
62
41
26
67
70
37
25
18
-6
-2
25
79
88
73
51
55
54
62
50
13
2
-44
-38
-54
-40
7
23
10
-2
-31
-35
-48
-101
-123
-77
-33
-42
-27
-57
-23
23
32
8
-25
-12
4
-19
-103
-109
-52
-38
-39
-40
-53
-45
-10
8
11
-13
-23
26
58
69
60
7
-3
-18
-18
3
-2
34
15
1
-15
15
27
-1
-10
-40
-22
-19
11
12
14
-14
-31
27
39
10
-33
-42
-45
-46
-80
-43
-24
-45
-35
-12
29
47
51
49
57
51
40
19
26
51
60
85
101
61
44
39
43
43
64
56
41
38
10
18
31
33
-20
-11
39
50
22
-3
-45
-64
-67
-76
-31
19
10
18
29
25
43
26
-14
-16
-56
-60
-53
-94
-87
-87
-71
-57
-54
2
28
-28
-54
-85
-83
-79
-70
-48
-54
-30
-27
-30
-12
-50
-44
-9
-30
-68
-103
-135
-93
-29
-54
-63
-52
-42
-50
-71
-49
4
23
48
79
83
56
81
112
108
112
72
36
25
-6
-40
-51
-95
-102
-91
-123
-135
-85
-87
-115
-108
-113
-96
-122
-150
-117
-106
-75
-16
-1
11
-29
-57
-39
-3
55
60
58
13
-40
-64
-28
-15
-47
-32
-55
-64
-82
-73
-65
-76
-128
-165
-133
-127
-112
-96
-93
-101
-60
-69
-81
-94
-107
-47
-22
7
29
34
65
78
58
61
98
84
48
72
47
41
102
105
45
1
-54
-34
1
-55
-63
-73
-128
-175
-191
-184
-121
-93
-91
-54
-41
-18
34
29
-40
-20
21
42
78
38
-34
-55
-40
-10
13
10
-21
-35
-51
-40
-21
-15
23
30
9
16
4
3
65
73
48
69
67
32
-25
-51
-44
16
15
14
73
67
87
59
9
0
32
61
15
40
73
93
80
45
43
27
-39
-67
-45
2
43
49
17
-9
-24
-54
-76
-62
-4
40
23
0
-16
33
73
90
151
139
108
94
39
42
42
64
100
115
128
105
93
121
164
169
177
158
133
135
150
185
198
141
92
114
119
108
94
78
69
91
108
66
97
104
55
73
109
90
102
113
106
85
20
11
-14
-35
-50
6
-108
8
37
-86
-59
-202
-118
38
-20
-50
-94
-100
32
87
89
-22
-53
20
74
45
-7
-45
-42
5
-2
43
95
119
106
150
125
82
93
37
106
163
128
144
82
66
76
39
29
9
-13
-6
-7
-57
-91
-76
-60
-50
-84
-134
-103
-97
-113
-136
-148
-128
-110
-87
-44
1
10
-15
14
65
104
123
111
102
38
3
17
49
39
39
24
19
9
-25
-26
-47
-48
-19
6
42
17
36
64
51
50
35
64
48
26
3
-5
-25
-62
-76
-89
-117
-102
-62
-50
-20
-73
-159
-222
-235
-229
-198
-173
-150
-151
-168
-163
-154
-123
-154
-160
-125
-91
-96
-107
-117
-125
-107
-98
-94
-123
-155
-102
-26
-54
-66
-76
-87
-58
-38
-18
-26
-51
-63
-99
-169
-200
-195
-209
-212
-208
-179
-174
-180
-198
-207
-130
-176
-258
-75
142
83
-35
-247
-242
46
-31
-37
-119
-200
-113
-99
74
-303
-622
-135
254
554
49
-607
-604
-197
242
-1
-66
-178
-61
31
-41
-230
-382
-260
-137
-68
-115
-97
-24
126
96
-15
13
58
84
161
124
82
65
11
-3
-213
-229
-173
-85
89
-45
-102
-83
13
44
32
4
-77
-14
77
157
114
39
122
160
136
74
38
90
132
111
33
49
7
12
0
-2
64
47
17
29
-37
-104
-104
-63
-8
-17
-18
-2
-4
18
82
71
67
61
66
93
66
54
13
-22
-21
-56
-73
-48
-5
-16
-28
-14
45
92
91
84
113
201
241
220
183
193
154
106
188
174
194
231
241
280
236
187
204
249
272
215
211
253
251
269
225
189
202
212
247
291
295
287
264
206
189
193
190
206
175
160
184
187
183
246
262
213
188
221
231
192
142
168
240
238
174
214
281
283
257
217
185
165
224
251
277
279
314
332
336
329
238
214
281
288
225
217
216
242
195
204
193
275
303
187
260
106
86
153
235
316
139
99
135
224
206
99
127
223
198
221
283
319
258
176
253
422
407
298
338
402
363
279
270
262
247
195
140
144
136
101
88
87
66
66
107
95
68
51
46
66
25
35
53
45
44
0
5
-24
-78
-120
-155
-132
-138
-123
-120
-161
-185
-190
-183
-207
-221
-236
-224
-185
-175
-169
-156
-134
-173
-270
-302
-326
-329
-344
-334
-324
-328
-265
-240
-228
-222
-248
-178
-51
-34
-98
-106
-75
-29
-42
-65
-87
-135
-104
-112
-105
-89
-86
-92
-58
-54
-109
-153
-168
-181
-183
-221
-301
-351
-298
-281
-325
-299
-272
-318
-337
-307
-308
-335
-311
-319
-349
-310
-304
-313
-286
-258
-241
-277
-312
-263
-245
-244
-229
-243
-251
-206
-159
-144
-118
-117
-182
-167
-110
-159
-221
-238
-201
-173
-234
-240
-229
-242
-272
-276
-218
-205
-250
-260
-161
-125
-149
-198
-173
-151
-170
-151
-147
-160
-179
-200
-180
-175
-179
-131
-89
-63
-74
-73
-85
-96
-105
-91
-87
-95
-39
-16
-6
33
-19
-75
-8
45
9
23
34
49
112
155
158
135
103
50
61
80
10
-44
-57
-57
-77
-108
-119
-134
-120
-142
-122
-75
-88
-63
-54
-58
-24
-31
-1
-27
-22
-12
-1
13
-41
-51
-40
-44
-38
-15
21
36
7
43
74
106
94
70
147
181
142
90
48
69
117
136
176
200
238
263
230
238
230
252
255
235
187
130
215
237
163
149
143
168
173
175
162
67
91
103
93
80
34
62
97
84
97
113
144
152
138
128
82
118
125
150
177
178
210
212
252
212
131
151
194
190
164
157
142
171
214
228
177
140
138
127
83
70
108
166
187
157
158
189
211
191
207
240
250
243
190
213
261
280
354
398
434
451
428
403
389
391
427
399
355
329
307
285
180
111
122
125
128
115
126
114
76
81
62
37
64
70
64
35
-48
-41
3
8
-25
-69
-84
-102
-114
-133
-169
-151
-94
-33
-94
-151
-122
-81
-29
-11
12
22
14
3
12
27
1
-27
24
23
-74
-90
-64
-23
3
-7
10
65
64
85
97
81
71
53
120
147
155
161
147
106
86
53
4
-52
-51
-5
-53
-84
-98
-107
-73
-78
-179
-244
-242
-214
-203
-197
-199
-193
-148
-82
-111
-122
-107
-114
-119
-108
-70
-11
14
22
22
25
42
47
54
88
149
154
145
135
118
114
82
39
16
-9
-47
-63
-47
-79
-66
-42
-19
-10
-90
-114
-113
-59
-60
-90
-97
-69
-25
-6
-16
-37
-47
-73
-55
-68
-105
-107
-113
-71
-93
-149
-188
-242
-252
-236
-236
-266
-239
-206
-202
-202
-220
-190
-169
-214
-256
-252
-245
-216
-261
-276
-258
-238
-283
-375
-383
-376
-382
-381
-371
-372
-338
-339
-338
-349
-386
-395
-341
-318
-331
-322
-305
-278
-251
-281
-319
-315
-317
-322
-295
-289
-273
-253
-234
-201
-224
-281
-292
-246
-209
-185
-149
-154
-181
-199
-172
-109
-95
-109
-173
-247
-287
-275
-268
-286
-264
-258
-254
-179
-127
-121
-89
-113
-72
-46
-89
-38
-38
-9
8
16
60
17
-46
-41
54
117
104
59
-11
-4
41
5
-7
-28
-17
-30
1
-11
-56
-19
-30
-32
-43
-90
-90
-7
40
38
-5
-17
-24
-105
-145
-120
-99
-66
-28
-6
-24
-53
-38
-8
-23
-13
-15
32
111
110
98
136
197
215
199
150
135
127
129
101
77
67
51
44
32
80
89
89
102
87
70
51
33
8
-24
-53
-95
-119
-124
-136
-143
-195
-188
-152
-188
-222
-240
-246
-212
-225
-246
-205
-216
-208
-225
-191
-144
-136
-146
-163
-168
-201
-176
-132
-90
-106
-171
-164
-118
-104
-88
-122
-121
-94
-99
-115
-99
-25
-9
19
17
12
10
15
17
-37
-48
-81
-49
-23
-5
15
-18
-14
-54
-115
-156
-137
-99
-136
-162
-171
-111
-87
-87
-60
-20
37
80
90
93
68
75
43
22
-30
-80
-64
-58
-76
-153
-156
-133
-121
-87
-71
-27
17
0
-14
-35
-27
-6
-23
-10
-27
-63
-46
-72
-43
-29
-27
-4
-23
-20
-33
-36
-21
-14
7
-20
-43
-31
-28
13
-36
-50
-12
14
64
62
49
46
27
39
58
99
97
99
135
173
218
230
191
258
289
276
307
308
328
359
350
328
358
409
380
376
384
354
398
433
451
434
386
374
385
399
411
401
377
386
405
380
347
383
358
307
286
221
267
249
196
194
122
98
114
134
121
142
153
150
189
230
223
230
217
255
309
304
329
332
340
324
297
224
194
204
222
248
217
212
234
200
182
155
124
151
204
202
148
120
87
84
103
52
-21
8
66
116
87
59
63
52
44
17
-18
-47
-56
-36
-11
-13
-14
-38
-4
-33
-96
-88
-89
-64
-21
-32
-68
-81
-84
-82
-97
-141
-170
-147
-83
-82
-102
-110
-140
-126
-109
-100
-66
-40
-37
-57
-60
-16
-9
-67
-83
-116
-98
-30
-9
-24
-39
-71
-157
-162
-148
-152
-140
-147
-123
-149
-135
-119
-139
-99
-105
-152
-152
-155
-158
-138
-130
-140
-199
-206
-207
-236
-225
-233
-233
-244
-253
-226
-260
-252
-183
-192
-212
-275
-346
-326
-309
-326
-332
-322
-336
-307
-294
-279
-258
-247
-216
-242
-192
-167
-164
-124
-144
-201
-223
-273
-276
-223
-210
-235
-277
-229
-202
-240
-310
-375
-393
-398
-431
-471
-473
-460
-450
-413
-412
-364
-315
-345
-330
-351
-354
-359
-384
-339
-350
-331
-283
-260
-273
-310
-284
-279
-291
-286
-311
-293
-219
-193
-189
-219
-251
-255
-295
-321
-351
-356
-353
-360
-349
-334
-289
-240
-210
-135
-89
-90
-60
-40
43
91
101
136
164
177
158
129
151
157
177
166
102
59
-46
-24
36
72
103
127
194
233
219
180
194
187
208
211
185
211
213
234
284
294
294
276
256
270
246
222
191
130
138
140
149
160
141
194
195
204
206
150
157
132
145
209
245
259
264
303
274
252
285
299
382
381
330
344
373
346
304
256
290
314
295
259
239
283
338
399
387
383
338
306
349
330
330
354
367
393
325
316
348
345
353
332
344
317
294
355
388
445
476
537
567
572
603
576
515
519
502
533
532
499
518
488
550
553
538
553
512
501
486
479
519
490
443
424
436
453
405
370
358
351
351
332
278
273
250
240
200
194
216
219
267
250
258
270
310
338
345
372
349
353
375
367
340
326
327
267
210
180
171
151
141
146
141
117
89
40
15
62
86
105
146
115
99
106
37
22
11
-14
16
4
-37
-57
-71
-96
-111
-91
-112
-96
-133
-150
-125
-114
-61
-109
-151
-168
-195
-206
-206
-228
-228
-207
-183
-200
-244
-250
-247
-190
-159
-180
-165
-134
-141
-114
-148
-170
-161
-177
-164
-193
-207
-184
-175
-190
-216
-270
-272
-277
-287
-262
-297
-308
-309
-311
-336
-343
-314
-285
-254
-237
-247
-290
-272
-257
-229
-200
-190
-184
-201
-232
-246
-213
-256
-295
-344
-351
-362
-394
-423
-461
-435
-447
-430
-411
-384
-393
-408
-384
-401
-338
-291
-281
-272
-328
-317
-313
-317
-290
-332
-328
-313
-364
-373
-388
-342
-290
-303
-304
-323
-310
-310
-310
-273
-292
-301
-323
-356
-364
-380
-367
-388
-416
-426
-442
-412
-401
-406
-408
-402
-323
-283
-264
-249
-226
-127
-78
-42
-16
-21
-15
-40
-74
-77
-84
-55
-52
-37
-5
49
80
105
134
124
160
167
146
137
143
114
116
85
102
116
126
164
127
104
65
80
95
56
63
36
57
151
164
164
159
134
170
170
174
154
144
133
146
167
158
172
145
136
112
114
155
173
173
171
197
241
257
253
239
228
259
285
298
299
293
246
209
208
241
287
313
307
289
268
225
246
294
319
288
274
290
270
293
310
328
387
393
411
391
392
384
325
275
263
308
297
240
201
183
206
228
227
263
265
249
212
150
126
118
110
117
121
157
177
171
170
130
131
122
83
89
121
126
85
85
60
34
42
68
117
169
179
129
96
69
78
129
137
133
108
83
52
16
-10
6
27
-10
-5
-11
-36
-76
-103
-75
-37
0
-3
-12
-8
-35
-52
-35
-34
-57
-72
-100
-73
-36
-17
-40
-63
-48
-8
33
102
122
122
146
133
114
48
31
51
58
82
72
61
85
73
93
131
75
30
-5
-34
-24
-57
-76
-71
-50
7
27
9
7
32
32
-2
-6
4
-37
-73
-95
-101
-131
-167
-195
-278
-308
-294
-237
-218
-252
-295
-294
-272
-248
-277
-325
-300
-290
-255
-227
-235
-247
-262
-283
-317
-307
-253
-249
-264
-266
-294
-271
-226
-209
-188
-203
-217
-218
-164
-109
-84
-65
-57
-51
-46
-23
-17
-24
-20
-83
-136
-115
-84
-67
-67
-99
-156
-154
-160
-123
-77
-97
-134
-156
-115
-85
-114
-118
-77
-60
15
45
25
12
-22
-15
-27
-46
-62
-90
-91
-61
-60
-35
-7
-24
-25
-46
-86
-90
-71
-46
-41
-88
-149
-192
-205
-206
-196
-199
-210
-228
-180
-154
-144
-120
-133
-109
-111
-100
-86
-100
-125
-161
-167
-160
-154
-157
-199
-167
-116
-120
-115
-152
-177
-148
-136
-146
-145
-174
-175
-203
-223
-170
-97
-69
-77
-127
-154
-126
-104
-43
-18
-41
-51
-52
-37
3
6
-9
-4
-6
-15
-20
-11
-12
3
19
21
13
25
67
100
113
113
93
99
126
136
172
173
129
57
61
98
119
107
36
37
31
5
29
25
-11
-21
-41
-46
-58
-90
-105
-107
-97
-73
-44
-7
-13
-25
-3
4
24
53
24
25
-7
8
52
78
74
54
30
44
56
1
-45
-71
-89
-113
-103
-153
-170
-144
-134
-108
-101
-55
-51
-91
-123
-107
-96
-90
-58
-9
-1
-5
-20
-80
-87
-80
-53
-17
-6
-59
-84
-64
-52
-43
-24
-30
-39
-27
-4
46
36
29
13
5
0
-38
-50
-15
22
-3
-16
-14
-25
-32
-57
-77
-71
-54
-45
-24
-10
5
47
69
81
106
151
162
176
180
168
189
225
221
220
217
187
177
159
142
129
147
174
196
199
218
217
202
187
222
212
199
234
198
194
132
88
93
63
51
24
42
67
62
66
83
157
215
231
303
338
367
326
301
287
269
299
301
259
258
217
217
251
219
187
165
170
138
117
109
164
221
211
202
198
219
265
277
309
325
308
330
336
329
302
256
239
193
176
142
94
92
69
107
166
177
134
128
177
203
215
185
124
112
113
94
129
129
108
107
83
44
38
27
24
7
-25
-60
-68
-80
-86
-36
-34
-16
-2
-4
2
17
19
25
18
8
39
73
84
86
105
137
172
169
202
232
193
208
201
249
289
281
239
202
195
184
149
145
150
138
140
131
135
103
105
75
55
65
62
55
35
45
49
56
66
67
86
96
51
70
47
-29
-58
-77
-68
-61
-40
-33
-40
-72
-95
-147
-196
-197
-159
-111
-118
-109
-121
-145
-182
-198
-198
-212
-209
-204
-171
-161
-144
-119
-145
-137
-154
-194
-153
-139
-110
-111
-159
-146
-132
-75
-88
-123
-173
-214
-221
-249
-235
-234
-233
-274
-276
-218
-186
-150
-113
-84
-80
-49
-16
15
15
-9
-50
-66
-75
-86
-77
-112
-144
-208
-224
-191
-137
-97
-147
-174
-160
-156
-134
-121
-123
-128
-138
-124
-136
-139
-147
-192
-205
-210
-195
-207
-212
-216
-253
-285
-285
-244
-189
-180
-229
-273
-299
-273
-259
-252
-285
-306
-291
-273
-256
-256
-236
-277
-303
-315
-288
-279
-292
-244
-213
-229
-247
-248
-226
-210
-234
-235
-228
-170
-153
-144
-124
-119
-50
19
7
7
6
-6
16
32
37
44
115
158
145
134
142
140
121
128
139
189
225
221
223
205
167
150
124
105
94
34
2
-17
-41
-41
-40
-42
-36
-46
-15
34
57
41
31
55
65
110
138
137
161
157
98
93
68
81
102
107
123
157
205
195
196
190
153
133
119
107
106
98
61
42
55
79
100
80
68
50
25
36
59
83
86
93
82
92
81
128
165
166
193
205
276
326
354
370
340
340
361
368
388
383
332
320
321
319
325
307
309
337
313
328
331
306
298
292
279
264
316
324
328
376
366
385
452
426
424
389
348
341
314
307
300
308
327
345
303
270
264
255
269
282
267
270
222
176
169
169
180
142
95
85
67
51
49
16
-4
-7
21
26
-4
-16
-4
20
64
122
127
133
94
53
64
51
29
22
41
64
64
35
22
29
48
55
36
-3
-25
-31
-71
-64
-30
-14
-15
-42
-63
10
82
128
125
77
73
58
70
99
118
106
107
74
70
76
89
43
-26
-37
-35
-17
1
-21
-39
-57
-93
-89
-74
-50
-66
-115
-165
-194
-218
-226
-201
-219
-243
-253
-235
-189
-167
-187
-204
-241
-277
-243
-271
-305
-298
-306
-298
-309
-327
-341
-320
-294
-244
-242
-251
-253
-253
-239
-236
-208
-177
-152
-178
-210
-248
-282
-336
-354
-370
-384
-386
-408
-415
-402
-375
-367
-381
-403
-426
-449
-442
-438
-408
-406
-400
-394
-418
-407
-411
-432
-454
-426
-392
-371
-349
-338
-343
-333
-318
-303
-303
-308
-304
-332
-358
-361
-342
-345
-292
-260
-223
-190
-203
-239
-287
-309
-336
-379
-435
-417
-402
-378
-346
-303
-278
-317
-314
-307
-313
-300
-322
-302
-265
-232
-246
-252
-208
-222
-241
-281
-320
-276
-261
-281
-274
-289
-295
-291
-274
-231
-205
-193
-176
-141
-122
-148
-162
-186
-168
-166
-187
-174
-154
-170
-211
-224
-206
-153
-114
-118
-51
9
4
-6
-32
2
81
141
166
184
163
138
153
165
152
166
161
157
145
129
106
115
159
153
105
38
17
-20
0
28
57
67
66
51
33
26
48
44
58
74
20
-6
-36
-14
13
-5
24
29
11
20
40
64
72
86
76
45
49
12
-23
-46
-50
-18
-37
-78
-114
-112
-137
-153
-178
-212
-275
-333
-289
-227
-225
-238
-217
-222
-248
-238
-192
-146
-92
-90
-76
-38
-10
2
-4
-14
-13
26
34
48
38
6
11
33
51
77
105
79
52
15
15
27
26
19
20
24
43
66
57
87
66
36
59
69
123
128
94
110
81
69
73
61
109
127
105
69
50
35
60
78
88
97
110
129
111
101
62
-5
-4
82
83
77
58
33
41
102
157
177
213
187
196
167
172
197
194
178
178
180
182
181
111
76
56
41
36
1
-30
-70
-92
-82
-91
-97
-72
-86
-91
-67
-61
-57
-76
-113
-132
-114
-75
-14
33
-5
-63
-49
-54
-32
-1
-2
19
32
108
123
114
106
61
40
27
33
4
12
-8
-12
24
43
55
59
83
124
115
67
47
54
65
71
34
-9
-9
-4
-35
-69
-99
-122
-139
-148
-137
-158
-219
-273
-313
-318
-281
-300
-320
-308
-259
-228
-210
-215
-207
-177
-168
-122
-110
-73
-41
-76
-94
-100
-116
-171
-226
-227
-238
-259
-284
-317
-298
-334
-343
-307
-269
-263
-291
-298
-326
-343
-335
-319
-316
-276
-253
-232
-245
-213
-212
-218
-171
-192
-159
-117
-94
-69
-58
-38
30
49
23
-5
-19
-15
11
27
-38
-56
-84
-89
-58
-55
-46
-52
-66
-72
-95
-120
-140
-140
-166
-164
-97
-83
-67
-56
-84
-123
-119
-82
-64
-43
-54
-101
-96
-120
-106
-97
-129
-171
-188
-218
-206
-194
-178
-116
-99
-59
-45
-33
-31
-34
-33
-73
-97
-94
-105
-65
-42
-45
21
30
45
76
96
104
90
72
101
82
54
58
52
52
44
66
18
-1
-14
-51
-40
-17
-29
-77
-116
-122
-87
-97
-48
-2
-13
-28
-11
35
55
79
82
108
153
179
215
211
173
165
133
126
158
159
161
165
178
175
171
148
114
105
77
59
64
76
80
41
-8
-22
-33
-62
-64
-38
10
-9
-33
-43
-58
-55
-45
-46
-51
-49
-41
-5
-12
10
39
36
20
6
-10
0
25
34
29
30
55
56
63
75
84
96
120
127
128
148
164
175
207
224
229
241
239
295
311
318
320
314
309
272
323
323
295
272
252
296
351
340
308
298
335
398
383
403
392
336
294
216
197
164
150
134
131
154
150
182
200
162
159
131
97
153
175
155
133
158
193
175
221
259
286
301
275
311
325
351
380
378
412
429
447
421
396
385
307
239
202
179
177
161
160
127
57
12
26
39
67
109
101
100
101
93
97
101
80
110
112
106
116
99
91
129
161
169
174
148
168
211
230
218
228
228
242
270
236
208
166
133
152
185
201
225
214
174
199
187
156
144
163
164
140
137
142
142
201
216
206
228
213
217
207
203
163
159
153
147
191
165
165
149
148
152
117
107
102
87
81
79
61
38
72
71
54
74
76
65
88
108
136
161
181
180
106
103
114
160
165
155
157
111
130
138
132
155
150
138
146
158
182
166
164
138
109
92
84
140
157
151
136
89
91
116
154
204
149
150
161
140
99
35
10
-19
-26
-3
2
17
49
46
60
56
76
99
95
90
78
109
162
139
68
28
13
-27
-89
-82
-76
-78
-103
-162
-215
-225
-217
-213
-225
-248
-221
-212
-235
-258
-240
-268
-295
-269
-230
-219
-259
-290
-293
-263
-228
-188
-222
-243
-200
-181
-151
-99
-58
-69
-97
-105
-125
-161
-146
-147
-145
-134
-145
-99
-49
-14
0
-6
-20
-22
-7
10
23
24
-25
-52
-81
-114
-107
-99
-96
-123
-158
-201
-231
-231
-216
-180
-148
-137
-115
-110
-111
-120
-90
-55
-14
37
20
-6
2
-4
-5
-6
1
-2
-1
2
-19
17
45
29
40
9
2
38
28
57
78
72
61
42
60
62
54
35
22
15
2
33
14
-30
-17
-1
47
43
-17
11
48
75
70
77
111
112
130
121
110
122
123
125
120
116
146
158
154
128
140
146
111
105
72
53
56
40
71
73
86
122
71
59
72
78
87
119
167
133
96
87
114
104
84
98
95
90
86
80
91
136
170
227
255
239
223
186
211
223
212
197
172
178
165
173
187
196
219
207
192
214
182
181
203
187
188
180
191
199
198
178
181
222
218
236
212
134
95
103
95
52
1
-45
-35
-18
-32
-18
-26
-19
-9
-53
-73
-97
-117
-83
-65
-45
-9
15
-13
-49
-61
-111
-78
-13
-47
-73
-69
-116
-102
-75
-79
-27
37
117
149
149
145
141
145
146
140
122
122
112
126
139
180
185
229
239
214
235
192
159
153
155
142
142
124
113
93
71
62
49
22
-17
-11
-20
-22
10
-33
-67
-44
-30
-2
-13
-32
-18
-7
-38
-80
-52
-49
-14
-38
-50
-8
-23
5
8
-10
-23
-7
14
5
33
57
66
77
44
22
42
40
71
41
15
18
14
54
64
77
115
109
115
60
0
-1
12
45
-4
-29
-30
-27
-32
-71
-43
-31
-18
16
-6
1
37
-14
-8
16
38
67
14
-6
-26
-49
-71
-89
-68
-54
-44
-44
-62
-54
-91
-86
-83
-95
-90
-180
-232
-284
-320
-284
-277
-306
-346
-420
-454
-457
-487
-483
-449
-428
-422
-352
-336
-314
-286
-323
-321
-302
-292
-231
-203
-227
-256
-286
-275
-266
-207
-210
-213
-199
-188
-120
-101
-89
-84
-93
-93
-116
-124
-122
-111
-84
-100
-106
-140
-163
-147
-163
-172
-153
-188
-191
-212
-243
-259
-257
-232
-237
-253
-311
-307
-310
-316
-270
-270
-257
-231
-241
-232
-188
-181
-178
-211
-217
-224
-215
-240
-280
-291
-319
-332
-379
-395
-391
-342
-297
-266
-239
-239
-254
-250
-245
-223
-206
-173
-122
-112
-76
-48
-23
3
-12
-9
-16
27
59
43
12
-16
-3
7
19
38
44
31
6
-4
0
0
-6
-88
-141
-88
-51
-11
19
19
51
56
42
51
39
49
47
25
19
44
69
31
0
-30
-34
-36
-33
-29
-17
-18
-22
-40
-52
-75
-71
-69
-34
54
77
117
97
25
21
30
39
47
10
-2
-10
29
87
94
98
59
32
30
28
47
59
78
98
51
67
115
160
186
219
251
269
299
286
295
332
344
323
278
263
258
247
275
252
204
142
80
66
71
80
119
119
74
20
2
15
13
44
50
77
113
117
144
157
175
139
160
196
235
306
347
338
290
282
315
344
345
320
294
278
258
268
262
248
285
315
293
256
216
181
173
147
143
110
33
13
7
-16
-2
37
10
-24
-37
-32
-4
20
-1
-15
-12
-56
-23
-3
50
91
52
36
61
105
142
128
157
144
129
134
141
192
168
155
129
174
210
215
191
166
173
171
163
163
147
124
101
99
137
126
85
63
21
-23
-24
11
34
-1
16
19
33
25
-23
-12
-69
-86
-69
-133
-122
-138
-177
-175
-181
-185
-214
-231
-289
-331
-303
-283
-256
-287
-330
-315
-319
-320
-283
-272
-263
-254
-273
-276
-273
-270
-283
-303
-305
-332
-292
-248
-218
-220
-278
-281
-272
-246
-195
-163
-137
-98
-108
-133
-140
-154
-204
-254
-233
-206
-145
-126
-127
-129
-171
-163
-162
-139
-116
-120
-76
-50
-25
-41
-61
-60
-81
-80
-92
-70
-1
-3
-8
-1
-7
15
8
2
-27
-37
-37
-94
-107
-125
-131
-150
-162
-150
-119
-78
-86
-134
-118
-97
-51
-44
-50
-24
-40
-37
10
23
-30
-109
-195
-224
-210
-207
-200
-147
-106
-107
-113
-162
-201
-212
-242
-243
-235
-221
-205
-208
-200
-195
-217
-198
-175
-136
-95
-91
-62
-68
-30
-17
-19
-25
-6
9
16
71
126
121
60
19
-4
9
3
-3
-30
-69
-62
-58
-29
-22
-10
27
1
-13
-41
-48
-30
-38
-57
-75
-36
8
65
123
81
16
2
-9
-4
14
27
41
34
19
53
94
100
86
87
55
59
89
118
153
129
102
96
116
154
132
128
143
121
136
111
80
52
57
87
98
73
48
33
6
-4
-7
-27
-26
11
-2
-4
20
47
71
29
-9
-34
-24
34
71
100
104
122
171
185
237
265
270
283
307
341
305
268
198
174
197
196
197
188
169
188
146
99
73
59
58
57
73
96
76
89
141
154
171
172
192
192
217
218
182
179
157
163
159
108
99
134
145
159
173
159
118
102
133
165
152
114
119
115
103
111
121
139
126
87
28
7
3
17
36
57
42
12
-9
-15
19
23
45
45
15
31
47
60
67
57
-10
-65
-23
-5
8
40
48
46
53
60
98
125
132
116
62
38
5
-37
-18
-15
-8
-18
-21
-29
-73
-74
-46
-2
-11
-30
-48
-33
-38
-22
11
8
18
-3
-1
6
36
63
62
58
22
35
37
39
58
76
77
109
149
109
50
-3
-29
-44
-51
-40
-61
-100
-76
-78
-82
-50
-26
27
100
155
143
101
61
65
38
35
53
81
103
106
141
156
181
173
138
90
58
83
100
139
169
192
182
170
164
167
167
152
147
114
95
98
97
75
51
-11
-72
-73
-34
-52
-67
-112
-159
-166
-178
-151
-130
-122
-115
-54
-32
-58
-66
-126
-168
-171
-154
-131
-109
-114
-112
-81
-83
-75
1
32
27
24
10
29
38
23
60
62
57
54
45
74
93
73
25
45
72
71
32
-66
-129
-115
-75
-79
-97
-141
-173
-156
-126
-94
-99
-129
-147
-180
-187
-172
-189
-191
-173
-176
-205
-196
-175
-174
-196
-241
-221
-179
-91
-1
20
27
5
-15
18
23
2
-12
-48
-53
-59
-71
-69
-79
-93
-107
-99
-72
-73
-74
-59
-12
39
39
13
-19
13
66
97
110
105
110
83
73
88
67
70
80
113
117
72
74
64
42
44
39
63
117
171
165
145
95
62
72
77
108
86
53
21
14
6
9
40
83
145
166
173
151
126
129
121
107
87
60
22
-17
-87
-134
-182
-208
-220
-236
-277
-329
-349
-322
-253
-185
-169
-186
-179
-184
-182
-191
-185
-150
-122
-73
-69
-85
-123
-176
-174
-135
-91
-74
-111
-122
-80
-63
-67
-27
-6
12
32
51
78
83
69
59
43
7
7
19
3
40
-3
-38
-61
-120
-160
-169
-185
-208
-201
-200
-186
-148
-145
-176
-189
-176
-168
-149
-120
-122
-127
-167
-187
-135
-163
-160
-163
-192
-202
-209
-184
-184
-154
-123
-116
-133
-159
-148
-123
-55
-8
20
42
21
-10
-22
-53
-26
35
84
170
202
199
179
199
195
203
250
235
206
200
200
226
230
199
205
246
271
249
200
131
130
177
167
198
210
209
240
254
221
200
194
177
168
150
167
159
120
112
118
114
132
177
206
251
228
173
171
167
168
168
149
103
83
76
113
149
160
119
69
62
56
57
56
49
90
92
63
84
39
60
76
108
144
127
132
139
162
145
192
200
238
226
1116
1727
722
-104
37
2214
3771
3648
1448
-623
-1034
351
2076
2709
3861
2230
3214
2052
757
1099
966
2524
625
-21
271
747
2400
-1196
-3884
-5447
-6673
-3920
-4023
-3739
-4320
-5853
-6094
-6499
-7321
-7495
-7716
-8090
-7554
-7922
-6211
-5047
-4106
-3654
-4279
-3946
-4099
-3829
-2522
-1190
280
1159
1791
3254
3817
4675
4917
4793
5121
5056
5842
6521
7310
7722
7784
7320
6792
6135
5389
5124
3974
3341
2800
1885
1713
987
372
-332
-1821
-2657
-3757
-4836
-5188
-5333
-5376
-5262
-5710
-6387
-6479
-6845
-6796
-7096
-7301
-7598
-7049
-6060
-5253
-4701
-4606
-5309
-4956
-5706
-5918
-5405
-5498
-4043
-4221
-3639
-3540
-3624
-2869
-1492
870
2731
2594
2004
1648
2541
4348
5290
6475
7368
7735
7996
7716
8329
9238
9815
9054
7704
7081
6999
6803
6685
5965
5351
4204
2161
809
-279
-572
-1246
-2310
-3225
-4133
-4236
-4534
-4939
-5255
-5785
-6121
-6235
-6367
-5461
-4358
-3414
-2908
-3093
-2583
-1599
-424
714
1673
3089
5526
6830
7695
7989
8254
8889
9242
8806
8343
8711
8145
7882
7598
7115
6196
5430
3586
2377
1150
-665
-2058
-3440
-4716
-5943
-7444
-8446
-9260
-10241
-10806
-12309
-12671
-13819
-14656
-14851
-15643
-14975
-14777
-14250
-12758
-12998
-11828
-9407
-5310
-2256
-591
-950
-708
1960
3841
5815
8355
10903
12674
14642
14141
15823
17659
18625
17656
16213
14720
13633
13247
12160
11523
11014
9088
6023
3698
1172
82
-1997
-4360
-6548
-7956
-9268
-10001
-10214
-10516
-10622
-11269
-12361
-12694
-12111
-11057
-9541
-8305
-7493
-5737
-3724
-1595
395
4600
6766
8562
9390
7760
10439
10949
11754
13027
12934
12726
12702
11189
11367
10976
9815
7242
4777
2231
675
481
-1655
-2787
-4691
-7389
-9349
-11616
-13322
-13351
-14835
-15875
-16744
-17495
-17335
-16951
-16693
-16568
-16187
-16524
-13674
-9688
-5568
-2169
-1397
-313
1876
3730
5782
8132
10291
13198
14561
15748
17553
20524
22405
22927
21557
19716
18193
16082
14264
13401
12736
11405
8949
5876
3911
2021
-293
-3194
-6064
-8566
-10823
-12811
-13771
-13872
-13321
-13177
-13435
-13766
-13373
-12346
-11551
-10710
-9528
-7652
-5395
-2221
1736
5065
8520
9653
10177
10748
10593
11295
11501
11550
11809
11300
11415
11380
10892
10524
8709
6315
3495
731
-1470
-3530
-5178
-6718
-8191
-9875
-12103
-13189
-14447
-15508
-16941
-17999
-19632
-19378
-20388
-19564
-19287
-17189
-11845
-9055
-4433
-4245
-2520
-299
703
2673
4817
7131
11517
12752
15980
18740
21319
24546
23858
24291
22375
21097
19261
16832
15874
14777
13335
11628
8682
7392
5106
2135
-982
-4889
-7691
-10597
-13343
-15026
-16030
-16153
-16165
-15734
-15858
-15689
-15136
-14536
-12737
-11030
-8536
-6209
-3951
-1701
734
3627
6439
8410
10102
10919
12055
12473
12792
13256
13386
13585
12722
11570
10251
9193
7600
5930
3442
1346
-1330
-3767
-6190
-8382
-10029
-11671
-13777
-15224
-17010
-17757
-18434
-20231
-20503
-21035
-17293
-15379
-11903
-10696
-8821
-6064
-4981
-3949
-2041
186
3831
5526
7536
10865
13918
18617
19041
21133
21367
21760
21228
19043
18377
18150
16858
15062
12771
12462
11413
9458
6923
4397
2192
-1391
-4596
-7026
-8852
-10154
-12353
-13541
-13679
-13431
-12471
-12295
-11201
-10550
-10158
-9820
-9011
-7636
-5321
-3805
-1972
-60
2244
4334
5723
7013
8051
7984
7783
6891
6342
6125
5441
5464
4574
3867
2829
1793
653
-1440
-3418
-5918
-7837
-9610
-11655
-12733
-13928
-14697
-15488
-14896
-11824
-9838
-7398
-7395
-6891
-5016
-5015
-3635
-3064
-1255
1458
2351
4608
7186
10790
14008
14937
16340
16791
17053
16199
14718
14712
14063
13098
11534
10454
10440
9588
8315
6991
5632
3678
868
-1815
-4016
-6043
-7492
-9083
-10210
-10567
-10903
-10297
-9054
-8139
-7572
-7070
-7069
-6515
-5923
-5236
-3809
-2530
-1410
60
1808
4146
6203
7622
8159
8127
7363
6100
4914
4030
3107
2765
1745
1001
397
-445
-1358
-2407
-4093
-5753
-8402
-10661
-12509
-14538
-15777
-17218
-15575
-12786
-10508
-8246
-7082
-5403
-2718
-3091
-1841
-1703
-524
971
1698
4080
6616
9944
12904
14921
17373
18302
18508
18088
16557
16111
13960
12312
10802
9908
9490
8485
7908
7450
6358
4281
1629
-470
-3060
-5735
-8135
-10142
-10884
-12194
-12407
-12059
-10965
-9720
-9120
-8215
-7894
-7251
-7381
-7056
-5715
-4332
-2658
-1372
484
3188
5215
7201
8260
9662
10212
9672
8882
7943
7964
6761
5584
4333
3356
2676
1075
214
-1068
-2189
-4027
-6529
-8388
-10723
-12732
-15229
-17589
-18982
-19136
-17008
-16061
-14261
-12852
-11733
-8749
-8299
-6566
-5114
-3877
-2230
-1708
469
3105
6480
9806
12104
15658
18121
20338
21628
21683
22467
21294
19472
17298
15651
14714
12953
11482
10498
10212
9130
7158
5604
3661
932
-2666
-6287
-9037
-11319
-13770
-15149
-15805
-15971
-15479
-15221
-13257
-11794
-10704
-9938
-10043
-8667
-8334
-7519
-6278
-5026
-2434
-949
1137
3494
5794
7805
8440
9734
9916
9892
8716
7480
7526
6481
5832
4455
3910
3106
1986
457
-715
-2043
-3920
-6360
-9116
-11417
-13783
-14758
-13814
-13655
-12482
-12085
-11657
-8723
-8388
-6602
-6005
-5037
-3847
-3968
-3150
-2139
264
2819
4294
7804
10334
13328
15135
15604
17334
16903
15994
14621
13657
12959
11537
10459
9683
9567
8957
7718
7224
6149
4420
1799
-813
-3072
-5188
-7242
-9272
-10578
-11478
-12190
-11965
-11566
-10298
-9380
-8722
-7832
-7020
-5904
-5453
-4493
-3751
-2999
-2363
-1608
65
1494
2824
4294
5531
6521
6800
7237
7258
7038
5926
4024
3284
1674
472
-319
-1649
-1807
-3538
-4651
-6009
-7001
-8040
-10480
-11957
-13434
-12369
-12482
-12308
-10879
-10046
-7480
-6887
-5951
-3457
-2407
-1087
-1050
252
2429
3856
5808
6869
9650
11451
12781
14330
15067
16553
16171
15293
14414
13368
12524
10901
9984
9254
8351
6797
5036
4487
3274
1496
-755
-2898
-4472
-6648
-8767
-10071
-10651
-11243
-11727
-12570
-12178
-11752
-10857
-9723
-8662
-6466
-5567
-3853
-2468
-705
1572
2174
3211
3916
4718
5845
5940
7028
7880
8488
8771
8436
8729
8215
7692
6709
5133
3585
1356
-555
-2759
-4963
-6446
-8265
-9464
-10864
-12827
-13677
-15065
-15838
-14595
-14654
-13650
-13300
-13460
-11183
-9888
-7785
-6048
-4478
-2320
-1078
919
2779
5386
8270
9863
11889
13278
15009
16902
17577
18466
18567
18160
17046
15761
14836
13584
12267
10298
8522
6907
5008
3393
1970
463
-1094
-3245
-5507
-7572
-9323
-10960
-12628
-13887
-14737
-14977
-14664
-13824
-11999
-9870
-8070
-5972
-4614
-2545
-1093
388
1995
3443
5100
6228
7727
8581
9318
10143
10255
10538
10231
9986
9628
8538
7329
5329
3923
1774
-533
-2599
-4964
-7207
-9406
-11689
-13471
-14974
-16335
-17696
-18990
-20213
-19794
-18228
-17733
-16220
-15337
-13255
-10570
-9127
-6872
-4297
-1755
520
2301
5007
7799
10681
12644
14008
16414
18128
19889
20843
21465
22214
21761
20350
18924
17731
16046
13240
10196
7651
5686
3201
535
-1215
-2708
-4581
-6782
-8815
-10420
-11796
-13820
-15563
-16299
-16903
-17106
-17516
-16765
-15510
-13226
-10791
-8564
-5001
-2898
128
2343
4336
6722
7800
9093
10226
11426
12392
13109
14092
14221
14671
14360
13747
13440
11655
9884
7569
4881
2656
-674
-3341
-6328
-9303
-12244
-14797
-16459
-18201
-19675
-20950
-22277
-23195
-24049
-23402
-21513
-20389
-18055
-16908
-14259
-10785
-8261
-4807
-1717
1351
4092
5992
8797
11601
14764
17178
18710
21139
22575
23950
24776
25329
25946
24990
23074
21170
19109
16881
13583
10457
7800
4834
1688
-1190
-3261
-5145
-7715
-10166
-12352
-14199
-16146
-18340
-19454
-20104
-20413
-20233
-19546
-17972
-16276
-14048
-11176
-8626
-4940
-2652
146
3329
5530
8434
10221
12280
13986
15148
16124
16527
17377
17574
17433
16764
15512
14416
12266
10149
7897
5379
2727
-261
-3045
-5812
-8897
-11818
-14616
-16710
-19293
-21750
-23445
-24381
-24712
-25149
-24920
-22826
-21205
-19097
-17120
-15353
-11502
-8991
-6227
-3427
-728
2403
4888
7783
10964
13862
16923
18724
21249
23220
24554
25532
25449
25631
24685
22999
21204
19292
17180
14371
11526
8951
6476
3847
827
-1617
-4076
-6742
-9213
-11285
-13064
-14760
-16225
-17165
-17274
-17661
-17949
-17227
-16351
-15018
-13632
-11415
-8848
-6169
-4144
-1896
1327
3821
6145
7885
9643
11523
12417
12954
13400
14029
14114
13271
12523
11852
11369
9909
7702
5987
4143
2018
-481
-3104
-5261
-7552
-10408
-12702
-14055
-15644
-17035
-18531
-19445
-20088
-20773
-21457
-20902
-18622
-17065
-15118
-13335
-11051
-7552
-4919
-2532
-24
2231
4381
5923
8085
10291
12568
14665
15757
17389
18640
19349
19858
19785
19567
18677
17144
15462
14009
12373
10047
7759
5678
3370
1029
-1283
-3019
-4604
-6555
-8271
-9474
-10372
-11305
-12076
-12607
-12654
-12872
-13100
-12546
-11779
-10475
-9446
-7893
-5595
-3888
-1340
9
2348
4615
5852
8040
9017
10520
11512
11622
12236
12044
11552
10635
9807
9022
7624
6600
5125
4256
2665
714
-383
-1748
-3131
-5492
-7607
-9449
-11497
-13367
-15343
-16143
-16569
-17203
-17566
-17376
-16385
-15440
-13851
-12252
-10741
-9017
-8127
-6027
-3804
-1968
147
1787
3858
5684
7230
9017
10597
12544
13266
13742
14923
15411
16204
16220
16145
16384
15671
14617
13549
12477
11021
8792
6605
4714
3115
1347
-412
-1452
-2576
-3865
-4912
-5882
-6234
-6569
-7380
-8014
-8537
-9129
-9614
-9687
-9576
-9096
-8432
-7359
-6076
-4521
-3064
-1654
162
1346
2498
3403
4112
4777
4977
5244
5448
5444
5383
5104
5090
4878
4883
4487
3864
3444
2541
1485
409
-746
-1693
-2875
-4289
-5307
-6225
-6995
-7758
-8168
-8861
-9165
-9466
-9796
-10125
-10856
-10604
-9584
-8971
-7719
-7027
-5609
-3752
-2591
-984
212
1832
2839
3430
4262
4906
6104
7087
7658
9257
10100
10920
11284
11678
12554
12575
12151
11287
10529
9875
8747
7566
6662
5987
5174
3895
2737
1678
694
-425
-1538
-2556
-3628
-4826
-5748
-6595
-7203
-7682
-8226
-8485
-8512
-8591
-8512
-8131
-7408
-7013
-5974
-5012
-3462
-1775
-989
552
1568
2478
3055
3155
3598
3651
3444
3224
3187
3717
3771
4159
4021
3788
3779
3197
2881
2441
1452
337
-978
-2191
-3090
-4264
-5255
-6181
-6897
-7862
-8691
-9161
-9402
-10011
-10786
-11131
-10412
-9930
-9066
-8606
-7249
-5264
-4171
-2727
-1656
-48
1393
2393
3780
5171
6287
7384
7882
9389
10377
11325
12037
12569
13456
13671
13665
13535
13283
12612
11006
9334
7803
6308
4796
2845
1393
-164
-1828
-3323
-4309
-4922
-5793
-7049
-8390
-9586
-10606
-11737
-12314
-12451
-12387
-12438
-12097
-11511
-10100
-8540
-7204
-5529
-4064
-2440
-876
592
2590
4339
5875
7015
7810
9080
9730
10335
10382
10398
10420
9671
9316
8953
8501
7936
6800
5779
4638
3365
1836
274
-1547
-3601
-5709
-7754
-9427
-10701
-11891
-12691
-13592
-14337
-14599
-15018
-14743
-15034
-14325
-13540
-12674
-11155
-10057
-7963
-5554
-3366
-971
934
3203
5669
7493
9569
11006
12907
14225
15009
16131
16984
18261
18698
18598
18614
18111
17564
16321
14861
13356
11167
8835
5917
3333
837
-1732
-3724
-5790
-7481
-9103
-10765
-12168
-13775
-14845
-15879
-16656
-17088
-17490
-17196
-16615
-15744
-14483
-12688
-10676
-8539
-6428
-4207
-1695
631
3046
5334
7720
10057
11818
13509
15084
16544
17628
18046
18150
17621
16958
15952
14687
13368
11674
10216
8407
6436
4613
2837
1331
-626
-2721
-4959
-7269
-9481
-11636
-13439
-15153
-16274
-17269
-17768
-18004
-18060
-17091
-16713
-15739
-15157
-14856
-13815
-12748
-10815
-9142
-7384
-5547
-3230
-447
2291
4827
7716
9743
11926
13405
14764
16387
17006
17487
17257
17300
17211
16844
16261
15489
14515
13193
11324
10001
8379
6541
4297
1703
-686
-2925
-5127
-6968
-8437
-9762
-11036
-12201
-12997
-13386
-13367
-13546
-13746
-13721
-13365
-13059
-12472
-11712
-10380
-9119
-7720
-6209
-4395
-2212
-524
2009
4130
6030
8291
9763
11935
13728
14984
16206
16393
16674
16304
16054
15628
14359
13241
11200
9621
8271
6726
5780
4280
2989
1554
-50
-1398
-2822
-4136
-6183
-8423
-10385
-12465
-13870
-15058
-15996
-16341
-16980
-17118
-16759
-16067
-15318
-14917
-14361
-13980
-13690
-13386
-12904
-11036
-9544
-7928
-6230
-4328
-1342
1203
3562
6010
8130
10043
11563
12912
14392
15057
15714
15401
15653
15744
15491
15432
14742
14083
13083
11629
10463
9176
7849
6020
3835
2085
104
-1620
-3562
-5292
-6880
-8713
-10316
-11515
-12602
-13393
-14061
-14229
-14204
-13994
-13484
-12492
-11351
-10282
-9237
-7990
-6319
-5148
-3624
-2562
-828
1367
3164
5713
7960
10330
12835
14387
16399
17935
18970
19470
18677
18336
17358
16145
14517
12457
10848
8656
6505
4658
3034
1852
-94
-2137
-4115
-5956
-7585
-9608
-11493
-13378
-15316
-16900
-18423
-19225
-19846
-20271
-20201
-19900
-19085
-18300
-16879
-15565
-13801
-12181
-10539
-8661
-7013
-5632
-3946
-1617
53
2222
3639
5727
8170
10404
12231
14091
15645
16935
17720
18319
18804
18734
18420
16893
15967
14346
12723
10733
8671
7125
5313
3483
2139
944
106
-1330
-2645
-3730
-5064
-6081
-7755
-8868
-9890
-10903
-11453
-11736
-11531
-11088
-10721
-9630
-8494
-6926
-5470
-4067
-2292
-882
449
1714
3069
4273
5308
5971
6889
7626
8048
8204
8399
8985
9225
9206
9304
9330
9323
8991
8189
7484
6390
4985
3288
1567
-186
-1894
-3558
-5246
-6548
-7381
-8101
-8414
-8459
-8316
-7972
-7731
-7393
-6991
-6755
-6855
-7000
-6970
-7140
-7153
-7244
-6862
-6141
-5604
-4887
-3873
-2706
-1596
-645
174
817
1081
1318
726
317
-381
-544
-819
-1430
-1563
-1687
-1228
-507
223
1081
1900
2565
3475
4021
4838
5081
5529
5594
5418
5763
5994
6324
6433
6437
6614
6949
7164
7442
7525
7800
7595
7248
6620
5884
5241
4048
2550
1088
-435
-1755
-3066
-4343
-5185
-6041
-6596
-7313
-7709
-7856
-8049
-8110
-8457
-8686
-8767
-9136
-9362
-9454
-9249
-8736
-8327
-7605
-6903
-5616
-4312
-3017
-1176
418
2497
4254
5882
7681
8999
10277
11217
11805
12382
12360
12153
11711
11060
10565
9604
8962
8290
7760
7211
6302
5369
4307
3118
1676
-218
-2149
-4159
-6190
-8267
-10329
-11861
-13174
-14294
-15159
-15650
-15705
-15360
-15001
-14390
-13790
-13131
-12239
-11497
-10487
-9746
-8960
-7987
-6513
-4912
-2969
-1336
552
2627
5042
7424
9474
11717
13453
15214
16523
17499
18089
18610
18398
18090
17146
16374
15322
13999
12497
10662
9149
7462
5868
4180
2550
769
-1018
-3200
-5150
-7251
-9127
-11150
-12993
-14535
-15726
-16554
-17172
-17439
-17253
-16690
-15914
-14704
-13375
-11759
-10224
-8483
-6754
-4989
-3308
-1669
-80
1498
2842
4316
5558
6917
8269
9639
11029
12474
14159
15268
16395
17157
17755
18121
17945
17397
16647
15248
13554
11482
9494
7336
5060
2975
819
-916
-2590
-4167
-5470
-6899
-8207
-9457
-10677
-11693
-12860
-13973
-15051
-15787
-16212
-16423
-16406
-16073
-15390
-14378
-13232
-11776
-10013
-8146
-6243
-4498
-2535
-925
862
2320
3509
4686
5127
5592
5692
6205
6503
6965
6992
7619
8013
8895
9452
9789
10304
10179
10340
9731
9408
8452
7522
5720
4293
2470
1163
-496
-1901
-3112
-4202
-4819
-5668
-5762
-6197
-6377
-6804
-6986
-7192
-7004
-7323
-7252
-7515
-7509
-7583
-7357
-6634
-6030
-5060
-4188
-2888
-1414
222
1757
3510
4973
6260
6962
7611
8189
8626
8713
8398
7900
7226
6667
6167
5656
5379
4861
4462
4245
4079
4095
3973
3806
3233
2711
1843
875
-180
-1221
-2389
-3374
-4363
-5162
-5631
-5922
-5801
-5692
-5261
-4796
-4106
-3459
-2916
-2358
-1694
-1248
-998
-986
-1004
-1049
-1197
-1283
-1456
-1417
-1317
-1103
-634
-122
430
856
1048
1334
1423
1327
947
196
-584
-1954
-3069
-4269
-5442
-6659
-7586
-8217
-8342
-7985
-7765
-6758
-5936
-4370
-3421
-2157
-1208
-52
783
1470
2205
2724
3398
3621
4467
4960
6084
6477
7337
7792
8417
8798
9125
9226
9139
8791
8091
7477
6432
5661
4321
3150
1587
148
-1441
-2776
-3940
-4722
-5485
-6038
-6310
-6404
-6329
-6289
-5989
-5754
-5610
-5611
-5581
-5423
-5220
-5162
-4950
-4494
-3805
-2952
-1896
-772
696
1920
3388
4740
6255
7672
8900
9974
10816
11488
11794
11945
11777
11481
10896
10151
8986
7836
6536
5374
4017
2679
1349
143
-965
-2044
-3129
-4210
-5086
-6176
-7269
-8211
-8988
-9718
-10376
-11055
-11428
-11484
-11386
-11009
-10317
-9376
-8342
-7178
-6076
-4607
-3381
-2411
-1709
-1201
-573
-199
197
544
999
1217
1588
1419
1656
1929
2269
2929
2916
3528
3721
4249
4476
4857
5105
5231
5336
5114
5182
4842
4692
3915
3387
2711
2387
1837
1472
1184
1131
1145
1070
1187
1086
1281
840
769
235
-90
-623
-1182
-1620
-2018
-2311
-2472
-2527
-2546
-2422
-2244
-1769
-1548
-1138
-938
-600
-318
-67
201
430
640
548
501
456
418
375
223
111
68
81
84
452
939
1451
1989
2512
3217
3735
4121
4274
4445
4232
3980
3492
3035
2486
1903
1193
443
-114
-661
-1002
-1284
-1488
-1672
-1700
-1830
-1861
-1955
-2064
-2255
-2527
-2877
-3301
-3607
-3899
-4169
-4338
-4437
-4351
-4183
-3825
-3215
-2504
-1690
-964
-363
219
669
1127
1354
1569
1472
1205
752
245
-159
-583
-954
-1373
-1451
-1638
-1330
-740
-312
463
969
1704
2254
2770
2988
3125
3289
3020
2919
2604
2486
2156
2100
1908
1826
1540
1460
1410
1415
1417
1347
1319
1104
1050
592
310
-473
-1144
-2087
-2914
-3661
-4238
-4574
-4787
-4703
-4476
-4072
-3569
-2937
-2362
-1674
-1323
-942
-801
-629
-612
-738
-728
-760
-639
-521
-311
23
366
666
988
1373
1918
2453
3022
3448
3900
4266
4451
4622
4561
4416
4114
3791
3339
2976
2598
2300
1969
1686
1362
1134
1017
915
887
667
514
363
112
-289
-700
-1007
-1176
-1445
-1573
-1646
-1529
-1357
-1023
-574
-94
360
697
976
1167
1380
1446
1385
1216
1109
872
822
509
394
57
-132
-479
-889
-1348
-2040
-2396
-3251
-3867
-4810
-5289
-6005
-6393
-6783
-6976
-7136
-7221
-7265
-7087
-6772
-6506
-5990
-5654
-4761
-4239
-3347
-2919
-2060
-1392
-629
-91
483
1158
1640
2221
2672
3498
4092
4856
5348
6053
6506
7053
7239
7494
7404
7203
6975
6587
6279
5832
5444
4911
4458
3955
3524
2966
2416
1758
1165
386
-387
-1194
-2042
-2819
-3596
-4262
-4876
-5435
-5754
-6056
-6164
-6191
-5966
-5603
-5104
-4432
-3580
-2549
-1419
-309
935
2203
3277
4284
5064
5932
6510
7045
7355
7736
8027
8297
8382
8560
8656
8701
8583
8287
7905
7292
6594
5675
4632
3491
2383
1091
-48
-1235
-2142
-3192
-4129
-5022
-5822
-6563
-7375
-8169
-8997
-9825
-10612
-11320
-11959
-12355
-12604
-12550
-12438
-12024
-11409
-10609
-9774
-9033
-8187
-7474
-6716
-6092
-5414
-4658
-4030
-3149
-2433
-1337
-344
1114
2387
3637
4974
6143
7596
8451
9561
10074
10895
11106
11438
11367
11277
11050
10423
9812
8894
8252
7185
6464
5343
4716
3716
2953
2045
1426
682
-168
-928
-1941
-2616
-3606
-4303
-5238
-5807
-6552
-6957
-7320
-7338
-7183
-6835
-6385
-5921
-5198
-4602
-3807
-3156
-2430
-1882
-1272
-643
29
574
1112
1658
2295
2950
3577
4206
4788
5306
5660
6153
6450
6794
6995
7033
7045
6960
6824
6383
6011
5412
4803
4131
3404
2765
2077
1332
570
-162
-861
-1452
-1966
-2385
-2846
-3211
-3557
-3872
-4165
-4332
-4500
-4632
-4751
-4748
-4611
-4392
-4123
-3836
-3386
-2930
-2615
-2309
-2068
-1796
-1511
-1348
-1191
-1075
-940
-810
-821
-775
-831
-770
-786
-912
-910
-985
-913
-968
-1030
-1004
-998
-1157
-1390
-1647
-1800
-2121
-2281
-2700
-2661
-2782
-2631
-2389
-2014
-1391
-960
-265
136
840
1209
1867
2131
2653
2816
3083
3091
3177
3200
3208
3347
3182
3387
3142
3289
3032
3035
2610
2380
1827
1297
588
-42
-597
-1268
-1796
-2470
-2836
-3236
-3380
-3650
-3662
-3775
-3567
-3414
-3033
-2606
-2188
-1693
-1223
-677
-159
432
914
1373
1794
2291
2820
3402
3891
4462
5145
5680
6372
6926
7470
7884
8015
8018
7790
7581
6968
6401
5633
4930
4132
3273
2329
1437
551
-410
-1304
-2264
-3092
-3917
-4655
-5394
-5866
-6365
-6679
-7070
-7353
-7564
-7691
-7695
-7645
-7484
-7246
-6820
-6277
-5659
-4874
-4004
-3144
-2261
-1569
-814
-174
453
997
1402
1718
1937
2047
2108
2130
2207
2060
1886
1574
1299
988
465
18
-634
-1273
-2093
-2878
-3645
-4330
-4853
-5306
-5610
-5782
-5890
-5717
-5514
-5067
-4530
-3994
-3403
-2717
-1867
-1101
-305
357
1092
1879
2678
3415
4183
4747
5384
5755
6185
6498
6800
7048
7112
7181
7148
7194
6952
6603
6084
5475
4630
3844
2818
1908
949
-54
-956
-1841
-2484
-2983
-3292
-3541
-3661
-3817
-3911
-3965
-3920
-3882
-3817
-3801
-3720
-3616
-3357
-3031
-2562
-1970
-1367
-628
66
844
1694
2556
3519
4382
5286
6154
6898
7520
7886
8172
8160
8079
7712
7240
6653
5940
5079
4215
3462
2638
1838
973
194
-567
-1316
-2071
-2796
-3646
-4317
-5063
-5684
-6195
-6680
-6977
-7338
-7533
-7554
-7328
-7005
-6705
-6346
-5929
-5456
-4851
-4203
-3433
-2717
-2057
-1435
-861
-257
303
820
1231
1590
1858
2113
2332
2541
2601
2649
2623
2517
2341
2081
1800
1422
998
509
60
-548
-910
-1518
-1874
-2411
-2784
-3100
-3425
-3523
-3703
-3643
-3745
-3506
-3416
-3102
-2905
-2665
-2350
-2071
-1746
-1310
-860
-357
182
733
1407
1965
2665
3163
3731
4084
4494
4790
5079
5205
5383
5491
5549
5523
5460
5349
5218
5064
4822
4624
4307
4140
3834
3593
3231
3043
2690
2376
2096
1746
1377
930
560
257
-44
-466
-769
-1062
-1382
-1791
-2079
-2357
-2508
-2745
-2924
-3043
-3120
-3217
-3157
-3150
-3062
-3056
-2983
-2948
-2845
-2611
-2431
-2094
-1920
-1528
-1263
-973
-788
-559
-415
-191
-133
-52
-5
2
115
222
482
672
919
962
1019
935
860
630
358
-24
-424
-872
-1307
-1715
-2090
-2408
-2702
-2924
-3243
-3440
-3551
-3554
-3460
-3346
-3196
-3152
-3149
-3102
-3104
-3144
-3174
-3167
-3181
-3194
-3192
-2954
-2750
-2383
-2041
-1670
-1075
-622
34
570
1337
1944
2431
2812
2996
3463
3531
3702
3623
3746
3764
3815
3907
3908
4178
4057
4323
4233
4407
4249
4149
3963
3657
3460
3015
2727
2250
1963
1470
1244
730
484
76
-195
-600
-932
-1181
-1584
-1773
-2197
-2314
-2554
-2577
-2684
-2678
-2711
-2622
-2519
-2410
-2250
-2121
-1898
-1843
-1711
-1618
-1357
-1243
-1144
-1056
-847
-604
-459
-247
-25
289
510
777
1136
1554
1919
2244
2662
3038
3425
3714
3859
4058
4180
4289
4263
4199
4168
3955
3696
3309
2943
2573
2091
1607
1001
365
-329
-1005
-1617
-2333
-2981
-3698
-4251
-4760
-5289
-5602
-5975
-6097
-6208
-6185
-6022
-5841
-5623
-5419
-5040
-4609
-4165
-3675
-3204
-2699
-2082
-1478
-743
19
817
1618
2358
3095
3792
4444
4953
5297
5661
5818
5953
5966
5840
5746
5426
5034
4571
4157
3564
2945
2136
1484
720
-6
-795
-1448
-2159
-2921
-3615
-4333
-4946
-5665
-6159
-6830
-7137
-7463
-7513
-7506
-7187
-6646
-6060
-5279
-4585
-3579
-2666
-1643
-696
271
1102
1935
2691
3479
4235
4964
5718
6384
7105
7712
8377
8841
9233
9460
9463
9351
9054
8653
8054
7383
6604
5739
4823
3782
2730
1652
520
-663
-1797
-2854
-3829
-4797
-5657
-6411
-7095
-7618
-8013
-8325
-8631
-8901
-8996
-8874
-8652
-8386
-8009
-7445
-6720
-5801
-4806
-3683
-2546
-1418
-364
667
1754
2727
3641
4361
5072
5674
6197
6575
6883
7161
7326
7287
7171
7002
6659
6192
5615
5097
4429
3782
3002
2277
1541
747
-32
-807
-1458
-2170
-2975
-3760
-4369
-4927
-5373
-5786
-6019
-6113
-6134
-6132
-5974
-5649
-5297
-4955
-4511
-4008
-3464
-2963
-2499
-1929
-1268
-575
15
632
1184
1783
2236
2760
3213
3630
3958
4072
4309
4396
4511
4396
4254
4020
3657
3235
2736
2266
1743
1272
586
97
-487
-916
-1379
-1834
-2114
-2443
-2483
-2641
-2674
-2706
-2712
-2652
-2544
-2368
-2140
-1878
-1584
-1218
-915
-501
-122
305
630
965
1287
1636
1915
2035
2186
2241
2366
2377
2403
2365
2324
2236
2033
1861
1623
1459
1139
840
550
224
-26
-290
-436
-694
-864
-1032
-1151
-1250
-1340
-1455
-1411
-1409
-1302
-1132
-998
-728
-490
-167
75
411
605
837
1008
1173
1285
1459
1558
1739
1903
2004
2203
2319
2421
2396
2412
2323
2206
1937
1684
1443
1159
818
480
172
-91
-481
-850
-1112
-1414
-1672
-1924
-2115
-2195
-2185
-2217
-2195
-2130
-1986
-1819
-1674
-1616
-1545
-1474
-1430
-1329
-1175
-1002
-730
-441
-99
320
818
1278
1706
2043
2303
2525
2633
2720
2733
2668
2424
2088
1657
1232
805
391
37
-261
-519
-771
-972
-1157
-1297
-1427
-1588
-1767
-1968
-2184
-2334
-2466
-2552
-2509
-2498
-2423
-2362
-2236
-2061
-1921
-1761
-1639
-1317
-1029
-705
-316
89
549
911
1288
1617
1947
2192
2368
2399
2376
2276
2085
1832
1622
1415
1200
902
559
259
-5
-279
-555
-795
-1135
-1417
-1697
-1838
-2001
-2149
-2318
-2409
-2437
-2410
-2343
-2274
-2151
-1953
-1705
-1405
-941
-418
185
768
1357
1936
2556
3019
3459
3810
4140
4325
4440
4561
4520
4547
4481
4432
4282
4135
3952
3793
3569
3384
3073
2626
2088
1470
830
122
-578
-1323
-1978
-2720
-3330
-3896
-4282
-4512
-4670
-4703
-4662
-4541
-4378
-4100
-3688
-3228
-2746
-2273
-1805
-1248
-758
-284
162
597
944
1259
1603
1939
2282
2637
2993
3342
3609
3766
3863
3848
3676
3330
2917
2427
1904
1304
709
166
-402
-1026
-1658
-2197
-2731
-3211
-3673
-4144
-4535
-4943
-5311
-5563
-5778
-5869
-5963
-6052
-5961
-5714
-5393
-5117
-4870
-4463
-4035
-3516
-2994
-2365
-1703
-1040
-311
286
1065
1679
2352
2891
3362
3784
4112
4483
4653
4880
4917
4989
4986
4945
4877
4675
4529
4301
4014
3613
3229
2835
2402
1878
1331
828
356
-101
-546
-900
-1264
-1586
-1880
-1994
-2058
-2049
-1990
-1884
-1669
-1461
-1179
-922
-590
-331
-5
249
509
806
1032
1304
1517
1816
2032
2205
2292
2398
2473
2565
2680
2726
2712
2618
2514
2336
2167
1845
1519
1187
847
575
370
145
-19
-163
-300
-487
-644
-829
-1055
-1283
-1589
-1825
-2039
-2281
-2491
-2599
-2705
-2699
-2632
-2514
-2353
-2150
-1920
-1703
-1453
-1182
-881
-577
-348
-94
105
303
433
433
448
330
193
48
-94
-145
-241
-318
-378
-371
-352
-385
-390
-456
-506
-582
-629
-712
-868
-1027
-1245
-1407
-1549
-1661
-1672
-1672
-1686
-1711
-1704
-1626
-1524
-1369
-1212
-1033
-831
-596
-365
-127
89
236
342
422
536
685
811
897
969
1097
1250
1448
1727
1978
2231
2468
2674
2914
3123
3191
3174
3004
2873
2701
2504
2299
1990
1742
1413
1194
895
699
568
414
308
153
72
-79
-237
-439
-595
-739
-885
-1029
-1228
-1374
-1486
-1518
-1480
-1394
-1236
-1097
-961
-739
-410
-27
337
674
1013
1319
1627
1820
1981
2064
2103
2154
2116
2076
2022
1931
1850
1745
1664
1605
1480
1314
1070
738
400
96
-251
-644
-1041
-1430
-1780
-2038
-2284
-2513
-2688
-2876
-3043
-3186
-3296
-3330
-3366
-3324
-3246
-3144
-3038
-2903
-2742
-2605
-2401
-2192
-2004
-1724
-1407
-1013
-626
-249
181
848
1272
1459
1799
1853
2134
2030
2000
1683
1681
1433
1235
1005
614
598
167
173
-142
-360
-597
-738
-818
-991
-1092
-1401
-1565
-1725
-1912
-2072
-2326
-2499
-2609
-2747
-2770
-2690
-2513
-2234
-1859
-1423
-985
-479
-68
495
1006
1419
1846
2010
2151
2192
2212
2304
2379
2372
2343
2421
2492
2628
2668
2714
2833
2864
2863
2767
2645
2461
2297
2057
1805
1524
1208
791
366
23
-240
-474
-649
-697
-734
-675
-642
-527
-363
-171
-26
29
18
46
130
184
145
43
4
-74
-186
-372
-436
-495
-532
-572
-386
-332
-256
-353
-512
-522
-632
-734
-953
-864
-1309
-1279
-1587
-1540
-1460
-1744
-1651
-1858
-1781
-1739
-1571
-1421
-1274
-1179
-1042
-839
-719
-542
-443
-343
-179
-3
80
261
384
490
565
701
893
933
912
878
917
811
643
453
343
285
75
-120
-305
-512
-666
-786
-886
-951
-1067
-1182
-1212
-1207
-1145
-1160
-1212
-1269
-1318
-1218
-1031
-900
-861
-839
-675
-409
-11
330
629
888
1100
1456
1820
2164
2291
2370
2422
2595
2647
2673
2656
2462
2266
2016
1911
1748
1599
1366
1134
956
681
456
267
145
-21
-218
-457
-654
-834
-1035
-1201
-1400
-1548
-1727
-1769
-1782
-1702
-1625
-1561
-1402
-1233
-978
-752
-525
-372
-184
82
425
759
970
1166
1321
1485
1665
1801
1833
1840
1770
1655
1579
1504
1409
1192
980
827
688
466
228
9
-201
-392
-623
-820
-1010
-1123
-1301
-1563
-1771
-1901
-1939
-2030
-2039
-1987
-1902
-1763
-1645
-1469
-1256
-946
-671
-558
-513
-330
-98
107
252
428
618
695
732
823
1047
1188
1194
1231
1296
1465
1590
1560
1528
1443
1359
1262
1142
950
710
457
226
42
-112
-293
-524
-780
-958
-1037
-1129
-1178
-1236
-1304
-1328
-1316
-1315
-1321
-1317
-1277
-1233
-1237
-1192
-1105
-1030
-896
-769
-665
-507
-450
-321
-157
25
136
180
230
195
223
150
99
41
-33
1
-2
-4
-106
-119
-63
55
163
262
348
349
355
308
339
313
279
194
133
90
12
-97
-183
-226
-252
-289
-262
-146
-58
55
201
352
475
599
697
754
805
857
885
937
913
903
898
922
1001
1013
1052
1050
1070
1037
934
882
841
773
623
531
469
382
304
235
160
94
-17
-153
-135
-163
-204
-244
-321
-308
-284
-309
-350
-411
-508
-614
-665
-703
-762
-808
-897
-919
-943
-912
-820
-746
-633
-535
-447
-354
-283
-190
-180
-141
-69
-32
-3
-49
-77
-49
39
73
73
-15
-58
-64
-122
-154
-198
-326
-513
-637
-678
-689
-710
-747
-827
-904
-977
-978
-1009
-1091
-1153
-1194
-1216
-1206
-1219
-1210
-1218
-1211
-1187
-1135
-1076
-951
-839
-754
-637
-562
-372
-314
-208
-123
35
192
410
654
872
1027
1140
1336
1523
1708
1812
1923
2017
2096
2126
2220
2220
2206
2126
2042
1931
1813
1629
1458
1280
1095
934
755
560
328
180
51
-52
-118
-215
-266
-319
-360
-360
-390
-376
-386
-455
-596
-594
-535
-510
-461
-405
-337
-224
-95
41
191
323
406
465
485
602
737
733
696
617
550
507
418
344
278
204
106
-12
-116
-245
-388
-522
-586
-646
-801
-965
-1118
-1292
-1427
-1547
-1655
-1734
-1830
-1936
-1975
-1941
-1840
-1768
-1757
-1671
-1530
-1370
-1259
-1099
-890
-702
-552
-399
-256
-71
91
207
308
383
409
448
426
424
396
321
201
78
17
2
-8
-128
-205
-309
-405
-492
-581
-602
-629
-685
-740
-765
-778
-765
-700
-649
-636
-576
-449
-284
-73
18
123
227
363
510
653
732
746
772
791
859
842
840
846
853
837
848
912
1017
1111
1106
1102
1151
1244
1268
1248
1191
1110
1038
954
873
801
688
548
393
359
331
332
360
324
319
267
243
225
227
235
249
238
212
203
136
83
60
8
-19
-53
-76
-52
-83
-149
-107
-69
-92
-92
-88
-81
-106
-167
-252
-377
-511
-608
-694
-811
-917
-1021
-1109
-1117
-1143
-1220
-1288
-1285
-1242
-1166
-1055
-933
-832
-775
-709
-682
-617
-559
-556
-573
-591
-578
-511
-508
-549
-567
-554
-467
-446
-380
-342
-369
-406
-468
-551
-570
-648
-758
-828
-922
-959
-979
-995
-1017
-968
-947
-867
-793
-717
-714
-663
-572
-501
-354
-251
-164
-3
116
244
354
472
651
742
819
889
1009
1136
1258
1379
1472
1504
1594
1585
1580
1540
1418
1378
1252
1167
1078
1023
1042
960
935
871
835
784
721
653
557
424
219
32
-156
-284
-395
-536
-635
-632
-643
-602
-549
-460
-333
-258
-155
-42
51
184
295
359
413
396
343
367
422
456
479
476
462
496
538
579
667
714
688
645
604
547
384
207
11
-195
-401
-674
-918
-1144
-1288
-1427
-1610
-1799
-1964
-2044
-2105
-2188
-2253
-2292
-2261
-2240
-2214
-2168
-2129
-2034
-1919
-1822
-1692
-1524
-1331
-1093
-860
-578
-327
-101
155
369
579
760
852
862
893
910
909
890
834
769
688
594
549
515
431
367
270
236
219
144
72
-22
-98
-187
-279
-415
-524
-645
-756
-818
-880
-930
-966
-972
-890
-784
-683
-596
-473
-306
-108
71
218
392
521
678
847
1027
1203
1347
1417
1469
1538
1588
1663
1688
1703
1772
1815
1856
1809
1782
1737
1659
1534
1373
1280
1128
933
709
467
271
44
-160
-303
-438
-570
-655
-732
-767
-811
-846
-838
-863
-802
-797
-785
-779
-795
-822
-819
-821
-812
-802
-772
-728
-671
-569
-502
-363
-290
-228
-129
-20
60
109
167
237
299
303
319
320
247
120
37
-33
-60
-84
-176
-276
-402
-486
-519
-594
-661
-788
-919
-1086
-1236
-1334
-1488
-1574
-1618
-1694
-1705
-1750
-1698
-1618
-1535
-1454
-1419
-1299
-1207
-1031
-850
-694
-546
-425
-280
-110
40
240
457
613
760
819
902
1001
1057
1127
1157
1202
1200
1185
1185
1165
1180
1109
973
880
758
715
643
561
517
426
372
359
334
280
227
152
140
71
1
-44
-88
-171
-299
-380
-437
-430
-421
-380
-296
-191
-78
7
95
259
365
471
574
642
731
767
812
834
821
766
667
568
462
391
325
237
199
113
34
44
36
20
-11
-69
-111
-187
-264
-338
-377
-371
-395
-428
-490
-528
-544
-588
-548
-484
-415
-355
-296
-180
-129
-69
6
61
130
156
193
193
183
156
110
122
94
95
91
22
12
-1
7
21
-16
-15
-16
29
13
-44
-17
-25
9
-57
-176
-231
-371
-515
-609
-713
-730
-763
-772
-741
-721
-613
-607
-544
-559
-606
-554
-563
-592
-614
-647
-639
-570
-459
-381
-321
-223
-172
-66
5
96
192
181
195
176
162
111
21
28
-19
-71
-107
-192
-189
-186
-177
-119
-80
-20
-13
-24
-40
-63
-78
-108
-105
-147
-235
-277
-246
-174
-110
-64
10
130
236
341
471
564
654
685
704
750
859
871
874
823
773
736
688
666
620
583
570
573
576
550
446
376
282
178
113
34
-82
-209
-324
-385
-460
-546
-616
-644
-676
-675
-642
-581
-523
-433
-298
-140
-28
76
179
290
399
457
481
483
478
443
418
451
444
442
414
359
336
313
283
228
163
110
58
-62
-148
-249
-400
-561
-733
-886
-1014
-1158
-1301
-1367
-1440
-1473
-1426
-1373
-1243
-1108
-963
-809
-652
-497
-391
-255
-209
-128
57
167
276
323
389
534
692
832
960
1034
1091
1121
1161
1222
1233
1196
1048
961
806
631
428
241
89
-70
-273
-445
-607
-773
-923
-1081
-1199
-1305
-1328
-1324
-1315
-1288
-1265
-1209
-1121
-1056
-958
-877
-759
-619
-476
-319
-177
-22
108
283
453
595
778
953
1070
1193
1267
1317
1373
1341
1338
1302
1271
1195
1084
1029
914
832
743
607
468
318
219
114
2
-76
-217
-337
-432
-456
-470
-515
-536
-604
-661
-610
-561
-485
-444
-445
-390
-272
-114
-47
10
74
162
316
444
530
605
605
649
719
793
837
821
802
764
700
677
654
607
501
412
337
179
90
-40
-183
-333
-468
-589
-717
-829
-980
-1082
-1123
-1183
-1134
-1133
-1117
-1066
-1067
-1008
-951
-886
-785
-680
-581
-421
-310
-200
-94
-34
72
180
283
364
425
479
487
454
426
376
310
229
186
148
78
35
-8
-84
-152
-199
-242
-240
-280
-286
-272
-284
-314
-352
-389
-408
-425
-450
-455
-497
-501
-474
-399
-322
-251
-145
-55
14
112
205
316
431
512
581
597
639
686
767
817
840
870
872
931
932
947
926
893
919
873
838
826
774
701
568
419
300
219
154
62
-57
-127
-150
-174
-176
-178
-161
-136
-45
21
61
129
157
178
234
288
379
403
417
401
384
449
470
523
533
537
540
455
437
428
366
289
156
51
7
-34
-92
-170
-224
-282
-284
-326
-387
-406
-502
-513
-518
-573
-569
-613
-632
-598
-618
-609
-593
-516
-453
-374
-312
-257
-176
-137
-55
20
49
123
154
129
166
145
125
104
37
-17
-75
-88
-108
-140
-171
-250
-262
-309
-375
-437
-509
-612
-717
-840
-882
-936
-1012
-1073
-1082
-1028
-996
-913
-844
-741
-655
-589
-558
-491
-420
-337
-209
-82
10
120
209
302
431
504
619
731
831
961
1055
1143
1199
1262
1277
1286
1321
1265
1202
1181
1137
1033
955
829
684
573
444
336
247
136
68
-30
-149
-186
-273
-318
-350
-389
-425
-477
-498
-514
-514
-501
-528
-465
-429
-395
-262
-161
-7
118
232
356
465
576
615
621
611
584
580
579
591
594
559
542
512
443
406
328
255
175
77
-47
-163
-276
-440
-562
-694
-867
-995
-1147
-1302
-1384
-1457
-1445
-1417
-1385
-1293
-1220
-1147
-1059
-983
-872
-733
-586
-480
-371
-218
-118
55
257
390
519
642
750
883
976
1075
1148
1193
1221
1274
1297
1311
1294
1217
1117
989
835
652
452
269
152
6
-109
-164
-287
-368
-466
-567
-667
-762
-818
-899
-998
-1038
-1022
-1007
-994
-1009
-983
-906
-770
-680
-593
-502
-342
-201
-62
107
237
404
580
759
887
995
983
984
1015
1027
1068
1058
1052
996
975
940
948
949
875
770
649
606
548
408
307
143
-8
-124
-279
-386
-487
-583
-675
-738
-802
-847
-857
-880
-875
-828
-728
-660
-557
-499
-469
-378
-291
-175
-61
56
208
354
469
620
722
775
877
967
1014
1067
1054
1053
1023
994
1003
998
1015
966
897
762
615
512
403
296
105
-83
-221
-362
-460
-567
-659
-752
-827
-898
-949
-971
-995
-1034
-1045
-1072
-1062
-998
-965
-909
-859
-789
-635
-520
-434
-312
-173
-56
80
192
225
361
465
536
612
692
775
805
821
860
889
899
918
901
844
812
779
782
696
602
538
496
490
475
446
388
335
264
210
158
134
94
43
18
-46
-98
-110
-92
-70
-72
-64
-35
29
73
127
171
168
206
253
327
340
373
397
405
455
495
512
478
441
410
384
364
355
308
289
218
150
94
22
-40
-144
-215
-310
-374
-428
-479
-546
-583
-547
-536
-519
-514
-600
-648
-681
-666
-621
-659
-681
-703
-679
-633
-538
-483
-447
-396
-388
-320
-208
-120
-31
6
-1
39
57
125
205
222
225
165
72
4
-96
-176
-268
-401
-469
-520
-563
-555
-555
-539
-488
-458
-438
-417
-460
-481
-451
-442
-399
-371
-328
-275
-234
-174
-117
-4
94
143
200
246
314
377
375
403
425
492
562
553
517
490
481
479
457
428
408
376
339
329
277
253
235
184
169
128
126
111
78
38
9
-43
-87
-97
-103
-97
-73
-28
-22
-37
-53
-20
28
100
154
138
137
131
94
120
112
155
182
185
239
270
355
354
331
334
337
330
297
229
188
148
131
121
129
125
88
31
-32
-86
-138
-135
-130
-196
-232
-232
-171
-123
-122
-112
-101
-13
49
25
62
93
78
105
116
157
169
129
143
159
155
141
95
74
47
47
75
96
99
36
18
-7
-40
-68
-105
-132
-98
-77
-63
-11
-26
5
41
64
129
202
249
251
298
321
339
356
339
348
339
369
380
365
358
360
361
350
358
383
419
436
432
404
367
344
306
256
173
87
33
-13
-53
-91
-135
-121
-108
-95
-55
-15
5
35
24
36
67
94
71
51
66
17
-48
-79
-60
-20
31
24
74
90
115
156
177
294
333
319
290
278
272
249
240
168
112
55
21
-5
-3
-30
-61
-66
-76
-92
-110
-147
-193
-216
-251
-252
-273
-306
-334
-367
-374
-423
-442
-448
-473
-437
-384
-304
-207
-136
-87
-87
-56
-17
-9
12
26
65
60
48
91
111
184
225
240
289
275
261
279
273
234
141
85
57
48
28
-17
-14
-81
-105
-128
-176
-216
-288
-324
-372
-385
-377
-365
-348
-397
-441
-456
-464
-428
-405
-386
-398
-399
-355
-337
-288
-247
-198
-143
-86
-75
-111
-119
-105
-74
-10
5
23
25
63
120
140
147
137
133
113
105
74
55
81
102
108
82
52
24
0
-26
-41
-68
-105
-114
-108
-100
-114
-131
-190
-170
-139
-143
-122
-146
-141
-121
-121
-110
-99
-57
20
100
173
200
223
268
324
403
421
466
494
476
473
531
567
577
543
494
466
454
505
552
580
536
511
506
483
487
452
398
303
190
102
48
26
-20
-79
-176
-262
-273
-278
-305
-332
-365
-338
-341
-325
-257
-242
-200
-173
-97
-33
-28
21
54
111
173
210
310
376
425
483
469
515
531
526
518
464
425
411
332
254
219
235
203
103
101
47
9
-45
-139
-152
-161
-218
-273
-309
-337
-322
-301
-336
-357
-394
-418
-397
-378
-336
-268
-200
-152
-76
19
107
207
246
290
368
384
450
516
550
617
646
684
739
765
808
840
883
907
889
862
766
698
635
569
490
382
273
146
87
58
-32
-119
-192
-274
-348
-399
-451
-505
-537
-616
-635
-636
-596
-576
-579
-606
-636
-597
-564
-480
-412
-397
-318
-220
-93
36
146
242
302
367
441
484
532
589
659
679
669
722
725
710
723
720
754
751
682
633
574
496
460
373
258
157
40
-37
-170
-288
-363
-443
-502
-567
-591
-581
-595
-608
-614
-616
-584
-570
-597
-641
-634
-632
-599
-551
-561
-513
-486
-437
-384
-328
-249
-190
-139
-97
-23
32
104
121
87
92
144
183
202
157
103
69
40
33
-20
-57
-104
-128
-106
-83
-79
-102
-135
-199
-228
-248
-284
-293
-339
-391
-433
-475
-454
-430
-401
-367
-297
-248
-255
-234
-189
-135
-97
-79
-93
-73
-30
-15
6
0
31
48
63
104
134
179
209
228
278
337
379
382
364
344
333
335
366
356
286
255
257
295
285
269
255
209
262
280
293
302
266
211
164
154
143
140
92
17
-52
-104
-155
-141
-138
-165
-170
-196
-146
-114
-65
-59
-88
-79
-40
9
39
111
103
87
44
21
66
128
198
257
312
330
334
389
446
425
453
472
537
619
637
685
681
678
652
600
527
485
421
316
272
234
161
102
56
-11
-47
-69
-116
-156
-223
-297
-323
-306
-349
-406
-368
-348
-323
-289
-301
-311
-283
-237
-168
-125
-108
-74
-79
-74
-22
34
115
191
221
219
261
322
315
351
361
358
381
371
337
321
267
256
279
252
255
216
191
117
92
63
-14
-44
-97
-114
-88
-64
-71
-80
-117
-115
-96
-117
-132
-145
-180
-170
-135
-117
-66
-38
33
83
78
89
86
110
147
152
179
221
228
179
115
83
114
189
195
189
165
134
195
163
122
114
55
25
-36
-71
-91
-136
-125
-173
-246
-266
-282
-317
-351
-380
-370
-349
-383
-422
-443
-468
-439
-471
-508
-496
-499
-447
-422
-440
-469
-484
-446
-392
-328
-273
-273
-281
-217
-157
-101
-93
-140
-160
-191
-199
-138
-130
-124
-87
-44
-30
-27
-16
-33
0
-24
-60
-48
-74
-72
-103
-126
-85
-52
-14
-47
-65
-71
-48
-65
-70
-98
-110
-115
-146
-135
-141
-152
-187
-173
-149
-133
-116
-97
-82
-86
-111
-136
-122
-104
-40
7
58
123
171
172
177
231
228
220
261
270
314
347
334
345
271
188
198
194
180
160
80
76
103
65
27
15
-27
-54
-63
-81
-93
-188
-263
-299
-324
-306
-296
-307
-313
-293
-263
-196
-196
-206
-213
-174
-88
-5
59
108
93
91
114
139
147
167
172
177
207
213
237
228
233
199
180
207
227
178
131
101
48
2
-78
-116
-155
-181
-190
-209
-190
-204
-191
-194
-212
-171
-182
-185
-172
-179
-155
-176
-147
-104
-75
29
69
143
150
141
183
200
262
301
290
263
245
273
333
352
346
259
246
249
284
333
257
215
153
155
141
133
140
83
31
-43
-88
-36
-62
-68
-142
-210
-161
-158
-145
-174
-189
-134
-67
36
102
116
149
149
225
277
263
273
256
267
264
257
269
253
237
196
162
187
234
275
267
228
240
249
245
191
159
182
170
145
120
46
-37
-63
-93
-81
-62
-72
-66
-74
-119
-136
-130
-103
-38
-17
-7
10
40
82
67
60
51
33
58
50
27
-36
-146
-201
-228
-276
-288
-345
-435
-457
-493
-542
-544
-554
-568
-587
-617
-624
-566
-499
-434
-392
-411
-353
-284
-281
-305
-321
-298
-241
-196
-171
-153
-114
-87
-40
-20
-10
4
17
21
15
26
33
42
56
58
68
62
33
-30
-145
-151
-132
-109
-92
-153
-117
-143
-143
-130
-169
-160
-159
-142
-165
-219
-227
-221
-149
-73
-30
-21
-72
-41
0
39
99
76
30
15
32
53
62
50
49
107
188
236
272
323
320
347
363
346
362
340
318
277
224
191
166
160
70
11
-74
-102
-107
-192
-229
-280
-339
-374
-402
-406
-446
-541
-536
-531
-484
-470
-479
-436
-459
-411
-316
-264
-220
-212
-185
-101
-49
15
71
78
94
131
201
221
194
180
142
194
250
306
329
265
251
259
251
253
187
119
34
-50
-114
-157
-178
-275
-365
-450
-499
-506
-560
-599
-589
-583
-550
-495
-469
-437
-400
-361
-271
-162
-93
-79
-63
-55
-11
57
100
139
158
153
149
176
183
218
285
266
261
331
377
429
392
335
316
271
242
179
104
34
-3
-47
-83
-92
-106
-93
-76
-110
-118
-128
-135
-122
-168
-174
-197
-158
-116
-106
-81
-96
-67
-30
13
57
117
218
267
282
307
326
322
316
366
370
337
363
339
301
275
182
123
130
136
144
152
66
51
38
-15
-20
-87
-123
-182
-222
-226
-226
-223
-271
-278
-270
-324
-297
-299
-303
-270
-293
-210
-139
-67
-17
-20
13
43
88
146
199
260
273
311
373
348
368
377
425
478
469
487
478
453
339
246
173
94
73
24
-26
-40
-95
-128
-160
-218
-196
-206
-176
-194
-232
-232
-198
-139
-138
-170
-225
-244
-218
-170
-131
-127
-163
-148
-132
-77
-28
-9
29
66
112
186
189
172
179
166
200
200
196
151
67
2
-29
-35
-71
-119
-191
-250
-288
-292
-258
-214
-213
-231
-238
-226
-208
-229
-297
-355
-378
-357
-280
-238
-209
-190
-171
-157
-98
5
34
2
-20
-9
27
71
49
37
-6
-37
19
54
99
103
68
82
83
123
114
65
36
36
61
52
69
61
4
-42
-72
-93
-113
-140
-182
-184
-199
-198
-190
-181
-148
-115
-100
-106
-82
-61
-65
-72
-81
-72
-97
-102
-96
-101
-83
-99
-102
-91
-129
-143
-118
-141
-136
-154
-102
-57
-90
-105
-165
-185
-222
-262
-256
-246
-205
-153
-109
-84
-143
-162
-194
-212
-132
-155
-187
-214
-247
-227
-193
-130
-131
-136
-124
-128
-23
32
-19
-52
-119
-87
-49
-61
-75
-152
-193
-202
-152
-149
-189
-246
-321
-308
-253
-206
-172
-204
-250
-231
-212
-136
-107
-188
-270
-282
-188
-100
-83
-124
-189
-196
-150
-62
35
68
49
15
41
116
205
271
286
269
299
341
371
367
289
239
225
239
212
183
147
153
168
185
159
148
123
119
146
140
187
178
161
154
131
112
82
47
14
27
18
22
47
51
20
-4
-29
12
79
101
137
111
81
62
97
105
157
172
111
139
128
136
145
172
186
188
190
191
211
171
163
190
173
176
174
170
158
173
167
139
95
25
-32
-59
-80
-157
-196
-201
-190
-142
-135
-114
-123
-122
-83
-86
-46
-44
-22
0
0
63
118
121
120
76
55
78
95
148
182
219
246
253
289
317
325
316
278
234
190
150
112
74
20
-65
-121
-166
-192
-235
-310
-363
-410
-388
-354
-404
-436
-473
-452
-393
-377
-312
-306
-330
-311
-265
-204
-176
-133
-104
-89
-78
-62
-11
42
64
86
81
153
197
217
249
235
268
263
238
222
183
169
132
98
131
123
96
72
28
-1
13
36
6
-56
-125
-146
-125
-142
-177
-187
-210
-202
-195
-183
-163
-147
-123
-97
-57
2
34
75
75
48
59
32
33
36
29
38
51
62
80
89
98
85
76
-1
-47
-18
-15
-18
-17
-42
-64
-85
-128
-180
-213
-247
-273
-321
-414
-475
-449
-450
-438
-473
-530
-499
-470
-439
-434
-426
-412
-360
-275
-178
-101
-66
-65
-14
38
105
135
112
118
127
173
212
239
243
214
248
281
258
269
233
196
178
149
108
84
46
-42
-95
-100
-90
-60
-83
-136
-168
-226
-227
-209
-214
-243
-275
-245
-243
-243
-224
-230
-216
-207
-154
-77
-31
27
15
-13
22
28
46
19
-49
-72
-81
-27
-58
-66
-23
-25
16
21
61
113
126
152
119
114
144
138
139
81
67
61
28
5
-50
-62
-54
-71
-58
-60
-50
-60
-83
-59
-50
-29
-54
-53
-7
8
21
38
60
61
70
63
61
46
26
50
119
141
155
194
227
262
284
345
401
397
403
359
357
361
366
380
328
328
342
322
321
297
251
228
227
211
178
124
119
95
82
58
16
17
7
13
-2
-3
-30
-66
-78
-120
-144
-133
-126
-119
-108
-87
-52
-27
-38
-19
22
24
43
44
10
-8
27
94
169
209
210
206
216
253
289
287
280
276
245
244
250
242
205
167
143
141
148
100
59
17
9
27
-9
-28
-67
-93
-108
-110
-47
-17
12
-14
-47
-19
-44
-41
-79
-128
-127
-139
-130
-137
-168
-171
-182
-135
-140
-192
-237
-252
-201
-148
-95
-59
-59
-102
-81
-41
40
123
147
134
106
92
95
94
84
93
64
69
111
98
129
139
90
68
48
48
63
-6
-40
-128
-170
-167
-213
-201
-292
-346
-338
-350
-365
-404
-412
-393
-389
-366
-353
-259
-193
-159
-164
-205
-171
-141
-103
-79
-83
-88
-93
-69
-19
-5
33
110
166
234
271
287
247
162
146
201
250
282
246
152
84
55
53
35
0
8
6
-18
11
13
5
25
-9
-41
-70
-87
-120
-153
-164
-125
-73
-61
-75
-102
-130
-149
-132
-150
-137
-101
-38
20
16
37
74
124
151
168
164
183
207
192
192
209
208
240
291
301
307
272
215
166
106
86
54
8
0
25
39
81
124
105
63
-27
-100
-117
-83
-81
-86
-98
-85
-83
-78
-44
-80
-94
-97
-62
19
76
84
91
112
122
176
202
226
259
264
264
243
265
291
310
303
338
379
438
471
448
431
425
436
468
493
483
452
366
320
310
300
246
168
119
76
57
14
8
5
-51
-103
-116
-86
-58
-44
-9
39
56
97
110
108
151
165
185
233
249
281
262
232
242
226
210
208
222
189
169
154
156
201
186
191
148
140
172
190
197
146
93
72
35
29
11
-48
-34
1
-19
-58
-114
-159
-170
-155
-86
-31
5
11
22
39
65
77
58
41
31
48
46
46
36
50
63
90
96
111
142
102
64
18
1
14
15
-19
-61
-80
-66
-59
-32
-44
-114
-195
-237
-191
-171
-173
-161
-152
-142
-109
-96
-108
-128
-134
-127
-126
-139
-175
-213
-265
-296
-314
-307
-283
-296
-345
-386
-377
-274
-223
-247
-220
-227
-197
-169
-164
-161
-141
-89
-31
-8
-55
-109
-130
-108
-52
-37
-70
-69
-110
-60
8
54
104
74
50
66
101
106
53
18
5
-37
-39
-19
-7
-12
-21
-7
4
-19
-54
-20
-5
26
43
4
-44
-79
-104
-112
-90
-84
-59
-71
-65
-63
-49
-15
9
-5
-69
-90
-66
-57
-88
-136
-149
-107
-56
-60
-81
-68
-56
-35
-44
-88
-163
-196
-165
-139
-142
-140
-95
-35
24
79
111
98
129
129
119
141
116
95
107
124
136
157
154
148
125
97
117
144
138
108
34
-3
5
54
72
13
-25
-44
-22
8
-20
8
27
59
141
180
174
160
160
155
172
183
198
188
171
211
249
277
300
285
249
299
327
307
286
272
223
205
190
156
204
185
148
136
81
76
79
50
-18
-20
-24
-61
-94
-143
-124
-106
-123
-149
-175
-197
-181
-119
-68
19
73
60
61
77
108
145
173
203
200
217
218
208
213
212
210
191
173
159
153
161
211
199
118
23
-15
-12
-59
-65
-70
-86
-129
-142
-136
-152
-137
-137
-187
-213
-213
-184
-149
-154
-189
-173
-116
-35
44
12
-9
-16
29
109
151
166
160
197
216
185
142
117
68
53
43
35
63
52
46
72
88
79
76
8
-39
-53
-50
18
9
-34
-60
-82
-83
-91
-111
-149
-197
-197
-157
-163
-169
-215
-268
-243
-210
-170
-150
-174
-197
-217
-177
-111
-96
-122
-166
-130
-56
-25
-47
-128
-155
-144
-91
-71
-57
-46
-20
15
70
134
106
42
-51
-46
-8
22
-14
-82
-124
-181
-205
-185
-217
-244
-267
-352
-349
-327
-335
-341
-397
-417
-399
-370
-337
-372
-387
-380
-370
-348
-348
-326
-312
-314
-288
-243
-230
-213
-132
-52
5
28
31
80
82
32
37
48
27
25
43
45
16
-10
-25
-2
-2
-17
-49
-67
-116
-164
-152
-164
-133
-158
-179
-181
-195
-184
-179
-143
-145
-141
-93
-94
-105
-105
-85
-66
-60
-43
-40
-27
-12
18
0
3
3
-13
-4
11
27
57
63
22
53
81
54
-5
-43
-26
10
37
54
52
-5
-24
18
63
137
151
135
115
66
66
101
161
183
142
127
132
153
144
99
89
53
42
43
49
53
57
6
2
55
78
86
44
-12
-4
50
71
75
24
-18
-19
20
63
70
47
19
11
13
-31
-51
-88
-109
-110
-107
-41
-43
-44
-46
-78
-101
-105
-118
-140
-139
-142
-133
-95
-13
-1
30
52
9
0
-6
25
73
101
73
34
2
12
55
42
34
27
-17
-14
-16
-8
21
-26
-47
-42
-43
-66
-83
-69
-51
-11
35
46
63
71
85
121
123
130
120
79
55
53
45
51
21
19
0
7
15
6
23
28
13
17
-4
-36
-54
-84
-105
-154
-182
-181
-207
-198
-173
-145
-119
-125
-89
-83
-76
-40
-23
-5
14
33
59
62
59
57
56
82
117
121
125
113
104
76
84
91
78
59
19
14
8
-7
-30
-40
-43
-33
-58
-41
-50
-84
-111
-108
-64
-58
-42
-62
-53
-6
52
86
52
7
-41
-71
-59
-64
-93
-125
-120
-99
-76
-39
-68
-113
-114
-103
-103
-64
-25
-38
-52
-21
22
48
41
5
-5
-52
-68
-69
-95
-97
-125
-143
-167
-220
-222
-246
-216
-195
-191
-220
-222
-193
-177
