-83
-165
-197
-194
-179
-175
-143
-190
-192
-170
-159
-133
-128
-139
-98
-82
-30
8
-4
2
-2
1
-2
1
0
0
0
0
-1
0
0
0
1
0
0
0
0
0
0
0
0
0
0
0
0
0
0
0
0
0
0
0
0
0
-1
0
0
0
0
0
0
0
0
0
0
0
0
0
1
0
0
0
0
0
0
0
1
0
0
0
1
1
0
0
0
-1
1
1
0
0
0
0
0
0
0
1
0
0
0
1
0
0
0
0
0
-1
0
0
0
0
0
0
0
0
0
0
-1
-1
-1
0
0
0
0
-1
0
0
0
0
0
0
0
0
0
1
0
1
0
0
0
0
0
0
1
-1
0
1
-1
0
0
0
0
0
0
0
-1
0
0
0
-1
0
0
0
0
0
0
0
-1
0
0
1
-1
1
-1
2
-4
7
-53
-61
-43
-27
18
23
26
61
113
133
132
101
112
85
69
58
17
-3
-38
-48
-76
-108
-104
-115
-140
-134
-130
-154
-109
-96
-119
-105
-106
-91
-101
-114
-142
-163
-186
-199
-195
-184
-165
-181
-177
-198
-193
-163
-119
-97
-75
-28
-40
-23
29
-1
-37
-40
-80
-85
-112
-143
-171
-148
-144
-214
-240
-254
-234
-204
-215
-232
-244
-246
-219
-227
-282
-270
-261
-86
15
-13
16
5
4
-3
9
8
7
2
1
-8
3
-7
-12
-4
6
-6
-8
5
-1
4
5
-2
8
8
-1
8
7
16
16
-3
-9
-7
6
1
-15
-7
0
5
6
5
-1
-6
-9
-7
-8
-3
5
-2
4
6
-1
6
3
-9
-5
2
14
11
3
-2
4
2
-17
-2
-4
-1
-5
-18
-5
2
8
-8
5
4
-4
8
-3
-4
-15
-11
2
7
11
4
4
-4
-1
6
-2
-1
4
-8
-4
4
14
13
-3
-3
6
15
3
-16
-9
-7
-1
-3
-10
-1
-11
0
2
-11
9
10
10
2
-7
-4
-6
16
9
4
3
-5
6
0
-8
-13
1
4
-1
-6
1
1
-5
0
-6
-3
-1
-3
-11
-8
-7
-4
-7
-3
0
-6
0
-1
-5
-13
-13
-8
-14
-14
-12
-1
-1
3
-1
-12
4
-11
-5
6
-16
-3
-3
-10
0
1
-6
3
-3
1
6
-5
-8
9
11
3
-11
-8
1
4
-7
-8
7
0
4
-1
-5
-5
-6
0
11
18
7
-9
-3
-7
-6
7
8
0
-5
-1
0
6
6
1
3
-2
-1
2
-8
-3
-4
-1
5
-5
1
-2
3
11
0
1
7
-9
9
-3
-24
-7
3
11
10
-13
-7
1
-8
-6
-17
-25
-4
-1
-2
3
-12
-4
7
2
10
11
5
9
1
-7
-1
9
8
6
-3
0
6
-4
4
5
3
5
4
1
-4
1
2
0
3
0
8
12
9
4
-2
2
1
0
3
10
16
3
6
8
0
0
-15
-6
6
6
9
1
-7
-2
14
16
2
-1
-3
-15
0
2
2
9
-6
5
7
9
22
10
8
-3
-5
-6
-5
0
-1
-1
4
3
17
10
4
20
0
4
2
-6
4
16
13
14
10
-2
-1
-15
-8
17
17
9
-1
-10
-8
2
4
6
-3
1
12
11
15
-1
-1
1
4
9
-4
-5
-1
-4
8
9
-2
3
1
4
4
0
7
-3
10
10
12
21
4
-21
-4
38
55
54
23
-12
-21
-15
-10
7
7
-2
-17
-12
-24
-23
-11
-10
1
5
-18
-24
-10
-18
-8
-7
-13
-4
-13
-8
-12
-44
-45
-24
-17
-7
3
-10
-31
-45
-37
-29
-3
3
5
-11
-21
-3
2
-11
-9
-17
7
13
-3
-10
-30
-19
-19
-21
-13
-16
8
23
-9
3
6
-26
-14
-11
-7
-1
-6
-10
-29
-26
-14
-10
2
-26
-50
-7
13
4
-17
-19
-1
-25
-2
-20
4
14
-33
-17
-10
10
9
4
32
3
-24
-18
-6
-12
-31
-15
2
-20
-23
-41
-25
-8
-22
-3
-27
-30
-10
-6
-16
-27
-24
-22
3
17
-15
-26
-13
-5
-7
-19
-21
-2
-10
-12
-18
-18
3
-3
8
7
-19
-4
17
-3
-4
-2
2
11
24
40
43
41
7
13
-7
-24
7
9
25
33
0
0
6
2
-10
-34
-17
-18
2
-1
-6
-5
-18
-21
-13
9
12
3
-8
-10
0
25
14
-5
-19
-18
10
13
-1
-42
-20
-1
-13
15
21
31
39
14
0
-1
16
-2
-7
2
3
40
12
11
7
-15
23
16
-5
17
-3
11
32
43
41
25
18
-9
16
12
15
37
17
18
17
-3
12
9
29
29
20
13
-16
11
-5
-1
20
3
5
-20
-17
-9
1
13
1
-12
-10
-22
36
39
16
46
36
73
97
86
111
92
35
9
3
3
0
40
37
8
-3
2
26
1
-14
-28
-14
9
-14
-29
-28
-30
-1
-6
17
-14
-23
7
34
63
63
43
22
-24
-4
38
43
53
-5
-13
-10
7
-11
-26
-2
-34
-13
-9
-3
14
-8
-13
-40
-42
5
28
-9
7
-6
-15
24
8
-8
-26
-24
-6
-12
10
-13
-8
8
25
46
25
5
-5
-20
-19
21
53
42
-9
-16
-19
-4
17
0
-19
-12
18
46
20
10
-11
12
6
-38
-24
-54
-49
-46
-76
-47
-29
-2
8
-18
-35
-31
-1
-15
-9
-49
-80
-76
-75
-66
-74
-60
-43
-20
0
-11
-33
-24
-21
0
-19
-4
-5
-5
30
8
28
31
15
34
8
6
29
31
-17
-31
-14
-28
0
-28
-38
-12
-23
-24
-12
-43
-29
-27
-25
4
-7
-8
-5
9
-1
4
22
-15
-11
5
-14
-13
-41
-45
-6
-37
-49
-75
-100
-51
-21
7
-13
-15
-23
-53
-26
-12
-1
30
9
55
36
49
31
3
23
-12
63
-67
112
-360
646
-550
367
-14
-517
760
-760
530
-212
19
208
-190
252
-97
-16
37
-98
53
-47
1
54
-86
108
-81
81
23
-80
44
-81
-8
-12
-10
11
8
35
75
-3
12
75
-37
141
-27
63
9
-12
48
-59
76
-63
31
2
-39
49
-59
25
-1
-32
56
-12
50
-2
-3
81
-2
70
8
7
26
1
54
-30
-25
-61
-9
17
-46
-4
-21
-32
-12
-39
-26
-20
-38
-18
-69
-86
-56
-30
-3
-11
-20
0
31
31
24
-1
-24
2
38
56
63
35
22
17
-1
1
-24
-18
6
68
101
99
67
45
58
39
48
44
33
61
41
53
12
-5
38
-45
-42
-45
-73
-26
-61
-90
-72
-68
-24
-69
-56
-33
-45
34
17
23
39
50
74
94
25
41
27
-25
51
-4
34
56
77
65
78
-6
14
64
30
73
-15
46
12
5
23
-1
-6
-16
-17
7
-14
-45
-61
-91
-100
-85
-105
-84
-104
-72
-59
-74
-69
-66
-28
-4
15
13
-17
-53
-63
-39
14
-51
-47
-66
-86
-58
-67
19
-1
-19
-18
-41
-22
-54
-38
-12
-16
-19
-42
-40
-42
-59
-73
-82
-38
-25
26
53
16
-5
-18
11
-25
-21
-56
-72
13
-4
63
36
24
-10
-65
-54
-57
-30
7
57
12
60
19
23
-44
-2
76
53
73
-61
-32
-8
22
-7
-66
8
2
53
15
13
27
36
58
39
57
63
66
48
47
40
33
24
20
1
-52
-19
-33
-39
-6
-22
-90
-75
-77
-80
-5
-9
-1
27
-17
59
83
35
38
-19
6
-4
75
47
28
57
11
39
65
57
88
84
64
155
169
150
214
127
139
148
85
136
159
166
172
217
147
188
147
99
101
8
51
85
45
55
10
-15
-2
-66
4
-108
-60
-73
-75
5
-43
32
-52
-29
10
7
59
114
133
116
102
51
51
17
47
52
33
23
36
12
47
56
96
132
85
129
52
100
21
25
56
34
62
0
97
24
69
-14
-31
46
-17
42
-1
-27
-39
-63
24
52
56
62
-28
-14
-26
40
72
73
68
7
-16
-6
-20
-44
-34
-62
-56
-34
-82
-53
-42
9
-20
-65
-37
-65
43
14
12
-65
-71
-53
-85
-51
-107
-51
-87
-65
-59
-20
-26
-14
5
-47
-22
-60
-32
-13
-55
-53
-93
-92
-15
-31
-28
-47
-11
18
1
-30
-91
-26
2
33
77
-7
9
2
32
23
32
31
-22
59
9
-58
-15
-96
-77
-91
-98
-109
-131
-112
-102
-30
-18
1
-2
1
-9
21
1
30
25
-31
-52
-82
16
-13
-17
-72
-53
-36
-50
24
-41
-26
-37
-53
-14
-35
-13
-100
-141
-142
-165
-117
-108
-132
-110
-141
-113
-71
-116
-93
-136
-147
-153
-117
-98
-84
-46
-40
11
13
3
17
29
40
82
69
79
69
-17
-22
-58
12
2
-10
6
-39
53
39
26
33
-3
-20
-29
-69
-57
-71
-106
-89
-98
-105
-66
-43
-21
-1
-11
-9
-16
-7
-32
53
-4
-22
-24
-23
16
-9
13
36
99
141
212
172
167
142
172
222
199
247
193
248
272
243
239
226
196
192
139
105
122
74
102
66
34
55
29
111
106
87
87
71
113
95
94
94
41
-9
-41
-31
30
19
71
59
69
137
170
234
191
119
134
130
224
241
236
180
224
224
227
236
205
247
206
141
123
155
91
111
71
67
93
96
20
-3
31
45
76
80
113
52
98
95
100
125
106
97
55
81
115
128
147
175
161
165
121
102
115
96
96
88
99
106
145
178
143
132
99
101
138
122
169
131
137
168
133
138
149
195
186
169
178
122
80
100
34
48
20
-10
-16
-47
-44
-49
-9
-54
-50
-93
-120
-80
-146
-101
-128
-117
-131
-124
-120
-136
-79
-85
-42
-49
-67
-107
-116
-124
-101
-100
-87
-78
-112
-119
-117
-112
-133
-154
-140
-119
-82
-54
-62
-44
-42
-66
-102
-103
-96
-108
-94
-75
-89
-59
-85
-91
-90
-71
-53
-62
-52
-73
-59
-56
-44
-10
-22
-24
-61
-61
-34
-20
24
5
49
37
24
50
-32
-31
-14
33
62
8
-34
-57
-6
-47
-94
-81
-104
-116
-111
-123
-107
-62
-45
-31
-22
-19
-16
-44
-35
-5
-36
-12
-16
15
35
6
58
62
64
38
-9
-23
0
-25
-24
6
-5
-7
-76
-87
-94
-129
-138
-131
-80
-70
-82
-78
-102
-116
-125
-113
-116
-94
-56
-77
-77
-115
-143
-145
-148
-71
-102
-81
-96
-137
-76
-80
-77
-54
-94
-93
-109
-99
-78
-102
-109
-100
-71
-104
-160
-158
-205
-219
-196
-235
-204
-251
-249
-188
-173
-135
-151
-131
-139
-129
-82
-130
-70
-114
-68
-10
-41
-67
-68
-14
6
35
8
37
41
16
-6
-20
-75
-62
-91
-90
-56
-94
-102
-98
-91
-106
-124
-104
-81
-58
-68
-32
38
67
82
95
118
158
174
149
163
227
207
220
222
227
286
267
271
258
236
214
218
254
269
297
300
297
287
254
259
309
261
244
200
193
218
243
280
252
298
258
241
212
192
231
225
185
198
155
148
164
148
150
152
183
166
136
111
147
171
166
121
71
54
83
100
69
88
83
163
201
163
178
121
122
97
87
67
68
99
118
117
119
112
93
106
47
52
64
46
45
25
56
48
6
-13
-63
-39
-51
-39
-54
-102
-106
-153
-117
-121
-82
-63
-72
-81
-74
1
11
14
6
11
-19
-3
22
25
70
80
74
72
60
57
5
2
-37
-16
43
-20
-30
-66
-31
1
21
28
-27
-5
13
8
3
-29
3
-14
-8
6
-68
-87
-105
-117
-102
-99
-75
-75
-43
-38
-70
-84
-97
-101
-107
-134
-190
-248
-256
-248
-262
-284
-292
-297
-313
-277
-249
-264
-255
-240
-245
-239
-273
-280
-269
-288
-246
-265
-270
-270
-284
-264
-281
-230
-288
-291
-289
-276
-236
-315
-378
-376
-331
-291
-297
-317
-305
-263
-205
-197
-197
-192
-151
-169
-221
-187
-197
-198
-223
-227
-161
-143
-113
-161
-134
-120
-88
-90
-142
-142
-205
-196
-210
-261
-249
-272
-274
-306
-341
-352
-370
-326
-346
-353
-330
-337
-319
-361
-346
-302
-274
-333
-390
-372
-364
-338
-365
-380
-376
-353
-386
-370
-333
-351
-302
-366
-377
-382
-409
-357
-371
-356
-361
-328
-277
-237
-205
-204
-178
-172
-191
-182
-155
-110
-94
-123
-123
-109
-83
-42
3
-34
-55
-55
-30
33
21
9
28
37
26
31
52
102
141
185
194
184
167
159
165
179
182
175
172
170
230
192
190
210
198
232
216
214
232
248
233
218
200
161
118
105
112
120
112
143
158
176
131
138
149
151
169
114
99
92
85
54
67
61
70
54
37
25
56
85
91
111
79
82
72
91
118
130
125
118
122
86
118
113
114
59
58
101
92
98
24
14
33
45
80
114
148
191
191
198
204
202
210
267
291
302
306
277
309
304
303
334
300
328
292
263
226
218
254
195
226
200
203
226
236
275
254
207
136
121
130
121
105
24
-17
-46
-56
-39
-82
-104
-74
-39
-7
-19
-72
-81
-87
-98
-137
-178
-135
-110
-109
-103
-112
-102
-128
-122
-145
-113
-91
-45
-64
-119
-132
-119
-149
-201
-246
-283
-274
-265
-204
-216
-190
-186
-133
-93
-109
-122
-137
-160
-144
-108
-131
-135
-138
-118
-108
-157
-184
-189
-204
-205
-203
-214
-187
-143
-152
-173
-132
-99
-44
-37
-80
-131
-154
-127
-123
-119
-204
-234
-225
-210
-202
-199
-192
-183
-130
-115
-106
-119
-100
-103
-132
-120
-124
-102
-89
-136
-153
-148
-113
-119
-124
-97
-77
-61
-99
-124
-176
-201
-166
-159
-161
-191
-207
-209
-246
-275
-286
-292
-288
-295
-239
-195
-191
-227
-251
-202
-206
-155
-142
-136
-106
-133
-128
-175
-170
-177
-173
-162
-156
-130
-110
-67
-63
-64
-87
-119
-81
-116
-141
-134
-137
-129
-121
-145
-137
-142
-141
-159
-150
-197
-266
-271
-340
-259
-232
-242
-209
-227
-239
-250
-248
-244
-230
-256
-298
-271
-209
-133
-89
-64
-148
-116
-112
-83
-66
-164
-152
-160
-108
-170
-194
-118
-134
-27
-73
5
-27
-25
-29
-38
2
-32
12
-59
-40
-60
-49
-1
-56
-105
-154
-104
-86
-50
-19
-33
-5
48
74
87
93
60
83
48
58
60
48
57
77
125
69
64
44
49
48
40
57
54
91
74
116
103
129
152
113
84
56
70
48
56
85
109
109
113
155
170
189
173
135
166
162
136
138
97
89
62
23
23
40
51
68
74
66
38
63
48
3
32
28
67
20
-15
-18
-56
-44
-71
-51
-72
-79
-42
-38
-57
-96
-85
-4
39
29
3
4
54
53
29
-25
-15
53
83
117
135
144
113
110
98
147
132
79
52
12
30
26
42
63
64
-4
-75
-61
-30
0
-92
-158
-113
-48
11
-50
-84
-56
-23
-9
-56
-60
-91
-101
-105
-38
2
-115
-104
-117
-97
-171
-253
-648
-442
523
1380
1087
-538
-1782
-1599
-73
1347
1620
556
-723
-1227
-608
271
411
-167
-741
-584
90
576
344
-388
-981
-922
-250
420
529
27
-512
-572
-338
-96
-95
-242
-333
-88
197
227
-41
-441
-526
-375
-28
205
125
-142
-262
-140
115
189
45
-209
-244
-39
207
325
213
23
-99
-33
109
223
95
-29
-24
96
237
163
-37
-197
-275
-169
7
148
119
-24
-84
-100
-32
-73
-164
-231
-253
-143
-27
40
-55
-172
-242
-206
-84
-53
-82
-104
-97
-18
90
53
-15
-26
-22
93
178
196
212
161
100
74
79
104
97
101
94
79
61
38
12
-12
8
47
76
86
72
103
134
192
197
125
139
114
158
237
209
213
183
187
219
259
286
286
251
198
199
193
185
186
140
142
178
193
168
73
20
94
221
245
186
175
157
175
149
156
172
128
183
269
275
251
194
145
158
168
184
225
246
257
248
158
68
44
135
159
102
46
51
68
43
64
107
107
43
4
-4
2
-29
-77
-113
-65
48
83
70
42
-39
-95
-105
-38
25
44
10
-63
-39
22
132
200
225
213
143
36
14
101
186
208
208
198
121
115
126
130
49
-12
13
27
70
20
-34
-115
-171
-98
-16
19
-8
-79
-142
-153
-186
-211
-214
-216
-138
-56
-16
-83
-171
-243
-262
-197
-155
-102
-123
-184
-204
-201
-116
-29
89
143
49
-68
-203
-130
-71
-80
-145
-256
-230
-143
-102
-149
-239
-251
-181
-100
-92
-189
-301
-335
-218
-114
-109
-125
-168
-230
-243
-242
-201
-173
-196
-208
-237
-247
-264
-267
-223
-186
-153
-232
-296
-364
-393
-369
-369
-379
-458
-509
-542
-541
-457
-374
-363
-347
-424
-415
-360
-291
-200
-193
-197
-158
-149
-102
-43
-25
15
-18
40
84
97
88
60
90
94
139
134
121
126
103
132
164
106
14
-59
-43
7
-37
-105
-150
-172
-154
-53
-6
-54
-123
-110
-45
-5
40
37
37
46
44
92
109
116
187
218
194
111
47
87
173
233
191
122
108
146
193
213
163
96
97
180
252
181
163
144
147
153
120
97
34
35
48
57
50
23
29
49
73
139
130
53
11
66
188
235
241
231
192
195
241
284
235
221
265
333
378
331
297
221
148
162
265
367
398
367
319
295
309
349
309
224
139
205
331
366
340
245
163
229
332
412
379
272
180
156
213
199
160
87
103
163
259
340
291
182
131
236
422
507
485
403
347
330
333
362
359
320
293
288
276
272
221
177
95
10
16
92
195
158
116
105
97
119
104
84
90
94
58
51
49
23
40
34
24
58
139
180
162
80
-3
-42
-21
2
7
27
7
-8
-11
-15
-18
-23
-1
17
4
-4
-4
-37
-32
-44
49
90
72
-16
-99
-89
-72
-42
-16
5
13
32
43
42
46
34
2
13
59
124
89
5
-108
-181
-150
-134
-103
-132
-204
-266
-295
-254
-246
-260
-240
-305
-399
-443
-434
-374
-310
-305
-278
-288
-332
-301
-236
-226
-262
-221
-136
-40
-31
-77
-62
-45
-29
-70
-142
-167
-119
-51
-18
-40
-104
-136
-88
-81
-21
-1
-123
-166
-213
-258
-172
-221
-258
-334
-365
-394
-391
-364
-360
-315
-329
-272
-304
-296
-327
-350
-257
-273
-234
-270
-320
-359
-344
-251
-232
-219
-208
-230
-225
-228
-153
-81
-100
-91
-128
-171
-108
-102
-168
-268
-316
-300
-226
-187
-285
-394
-442
-382
-272
-212
-213
-198
-233
-155
-88
-119
-134
-213
-220
-200
-147
-90
-120
-173
-258
-244
-202
-185
-152
-186
-165
-150
-105
-23
-46
-110
-159
-140
-74
-32
-52
-185
-219
-149
-53
36
8
2
-5
0
90
147
112
49
85
173
286
355
267
154
147
162
204
204
173
173
153
151
211
223
201
214
234
221
205
168
174
227
236
245
254
228
194
226
237
263
280
261
284
303
228
110
122
149
186
168
161
117
107
156
225
278
281
224
147
127
232
138
298
199
203
177
175
204
212
172
191
146
132
153
117
227
181
170
157
159
139
102
112
219
233
230
170
89
116
169
249
243
207
199
169
180
187
106
168
178
211
206
171
105
57
50
125
8
-30
175
54
214
146
241
180
159
202
159
103
80
69
86
11
-67
-52
-14
20
-54
-56
-116
-78
-43
-43
-77
-146
-94
-29
10
27
-8
4
11
29
110
188
184
61
-20
15
56
80
35
-25
-19
-20
38
64
35
36
4
54
89
41
19
27
75
111
134
152
127
128
151
181
142
126
94
112
101
184
238
232
113
60
25
148
135
227
43
-22
327
-141
451
-53
143
63
-146
122
-130
-2
-89
-67
-32
-20
-43
235
-163
171
-246
90
-199
23
-39
-200
138
-248
347
-69
225
4
-100
-24
-102
12
-63
-26
-37
48
0
34
-3
-5
60
7
-8
-14
-70
-33
-90
-83
-96
-114
-16
63
28
-13
-83
-68
-96
-115
-16
-77
0
-81
-55
-40
-59
39
43
71
-13
32
60
87
91
23
35
6
14
63
99
53
-51
-148
-198
-163
-104
-25
31
11
-30
9
51
84
98
67
53
84
121
101
78
6
-15
3
-35
-24
-18
-13
36
108
131
50
-55
-138
-141
-56
-16
-5
-82
-196
-255
-219
-130
-33
-52
-101
-153
-224
-177
-135
-85
-48
-60
-42
-25
-52
-106
-57
-29
-5
0
-4
17
9
17
26
-1
-33
-43
-90
-76
-50
10
29
-13
-36
-28
-36
-95
-116
-146
-199
-219
-100
-62
-48
-64
-96
-110
-79
-8
29
33
21
20
17
-19
-32
-24
-45
10
41
105
132
139
146
149
134
120
92
91
119
112
108
72
3
23
86
122
134
33
-7
-56
-92
-49
5
63
55
56
10
-33
-30
-21
9
-61
-136
-170
-160
-89
-50
-34
-99
-118
-76
-59
-43
-18
-56
-80
-105
-97
-101
-118
-161
-227
-194
-100
7
-4
-18
-77
-91
-38
23
10
-42
-99
-75
-69
-124
-135
-156
-165
-193
-150
-140
-137
-141
-195
-173
-101
-54
-39
-48
-77
-9
46
126
75
17
14
22
90
52
85
41
-19
-6
-6
28
42
77
38
-14
-29
-8
16
-31
-37
-34
-31
-22
-24
-31
-69
-62
-11
27
29
34
82
111
127
141
145
204
221
211
193
206
240
212
185
159
107
187
251
283
274
218
220
191
245
333
366
304
239
193
231
269
293
231
195
152
177
229
183
240
203
272
274
337
313
245
223
175
178
123
90
89
105
113
175
149
141
155
181
227
237
187
154
178
215
276
255
279
243
283
322
299
272
244
265
268
275
250
245
262
252
252
190
138
169
183
199
159
115
142
109
96
62
39
65
73
121
101
83
72
88
91
116
125
68
72
48
60
60
48
49
-1
17
65
118
190
222
258
217
180
128
21
6
39
76
99
62
-14
-69
-70
-45
-45
-82
-129
-157
-98
-21
-33
-152
-291
-310
-250
-169
-152
-189
-233
-237
-145
-135
-111
-79
-79
-50
22
76
105
93
105
92
105
136
126
95
84
102
86
27
-51
-102
-161
-170
-176
-178
-161
-187
-251
-305
-353
-312
-266
-232
-198
-231
-239
-239
-193
-157
-126
-122
-154
-128
-95
1
60
22
-12
30
77
82
29
26
-40
-36
-14
-91
-137
-227
-234
-205
-185
-111
-87
-135
-178
-199
-188
-204
-207
-286
-347
-375
-335
-276
-269
-257
-287
-300
-299
-265
-198
-186
-210
-157
-148
-111
-117
-114
-141
-187
-197
-168
-119
-104
-74
-102
-144
-207
-238
-255
-279
-309
-367
-376
-355
-363
-403
-410
-365
-288
-287
-342
-425
-399
-324
-260
-175
-158
-207
-239
-236
-206
-179
-144
-104
-197
-227
-194
-160
-139
-121
-146
-168
-184
-224
-266
-261
-245
-228
-219
-235
-205
-230
-238
-189
-176
-161
-165
-186
-186
-165
-127
-126
-138
-146
-107
-112
-117
-78
-110
-103
-88
-86
-59
-61
-81
-110
-144
-132
-48
2
-29
-110
-207
-197
-142
-63
-13
-22
-23
-17
-18
28
53
3
-79
-103
-48
-22
-54
-130
-170
-201
-177
-137
-72
-71
-53
-52
-36
-11
-12
40
90
149
146
162
150
174
216
208
173
134
129
170
173
171
145
111
93
124
115
97
100
95
127
53
62
89
90
59
5
-33
-63
-34
20
26
-14
-36
-62
-62
-45
-8
69
67
69
51
48
120
147
187
160
102
109
116
143
117
143
153
145
184
216
268
268
240
186
166
172
177
213
197
158
177
152
148
155
145
160
141
109
83
105
133
154
171
123
86
24
25
33
26
26
-2
-6
-6
49
77
73
75
73
26
-4
-7
55
142
96
25
-5
19
26
66
84
100
138
124
128
176
207
198
177
163
193
221
215
148
70
28
36
79
90
82
92
60
33
56
62
62
26
36
94
130
130
70
2
-72
-32
-12
-9
5
-60
-105
-118
-54
-4
2
-24
-66
-96
-85
-55
-61
-86
-144
-204
-192
-153
-125
-108
-101
-76
-53
-59
-64
-69
-60
-57
-55
-16
-20
-51
-77
-93
-84
-81
-59
-56
-69
-105
-138
-175
-204
-216
-237
-217
-192
-182
-188
-270
-308
-278
-260
-209
-194
-192
-208
-204
-213
-180
-199
-271
-305
-354
-340
-269
-197
-200
-225
-218
-189
-161
-125
-114
-91
-126
-140
-110
-84
-68
-69
-71
-122
-104
-85
-96
-142
-213
-256
-284
-317
-342
-338
-327
-342
-374
-417
-400
-326
-290
-295
-322
-369
-395
-394
-382
-401
-402
-395
-376
-338
-304
-243
-260
-282
-278
-252
-215
-188
-224
-237
-168
-104
-44
-21
-57
-67
-51
-24
-4
-27
-35
14
4
-18
-10
-46
-62
-73
-128
-148
-141
-116
-87
-74
-81
-141
-166
-102
-65
-42
-34
-22
-29
-69
-50
-10
14
-6
-20
-60
-88
-35
-26
27
-13
-80
-102
-62
-35
-18
-25
-100
-153
-172
-124
-87
-45
-36
-3
2
14
31
38
59
100
151
150
140
91
104
129
151
174
176
202
217
216
222
220
177
166
145
104
80
114
149
152
156
144
124
63
56
57
81
71
88
107
74
60
86
82
57
85
95
95
60
32
38
30
14
14
5
16
-11
-19
-27
-16
-17
-89
-141
-157
-102
-80
-82
-96
-93
-105
-110
-98
-117
-160
-152
-125
-104
-84
-59
-54
-69
-50
-44
-63
-19
42
52
78
91
75
59
29
41
68
88
90
57
67
100
157
174
184
198
160
123
104
76
55
33
-1
-3
40
69
57
38
46
64
93
139
133
128
145
157
160
112
119
95
50
22
-4
17
12
72
85
68
28
11
25
-18
-18
-13
17
88
81
63
27
4
-2
-57
-60
-64
-35
-17
27
54
3
-8
13
36
26
12
-8
-8
18
66
159
217
187
149
132
125
133
157
165
181
191
195
150
117
94
102
102
110
108
78
72
35
45
34
50
7
-7
-42
-97
-31
-10
22
4
-22
2
19
33
75
73
46
40
40
46
59
102
180
229
214
219
213
264
250
152
118
113
145
95
65
3
-19
-46
-112
-100
-78
-18
15
34
11
14
16
-30
-41
-84
-90
-53
-9
28
47
35
2
1
-8
-16
20
76
135
106
66
73
100
121
116
129
110
96
90
85
97
78
23
-2
16
32
63
72
111
145
128
129
159
198
179
183
225
278
294
259
194
123
61
102
94
70
72
38
0
-2
35
66
43
-10
-21
13
0
-37
-51
-86
-75
-48
-34
-22
-51
-104
-133
-149
-167
-168
-157
-160
-131
-138
-111
-51
-14
-29
-50
-25
-47
-26
-11
-15
-5
-19
13
24
65
122
165
195
133
149
140
138
124
119
94
54
59
30
-17
-39
-60
-124
-126
-124
-118
-86
-74
-110
-156
-167
-123
-87
-114
-154
-213
-206
-149
-122
-91
-77
-27
34
80
116
150
156
182
197
191
158
150
180
154
129
67
80
109
105
96
62
39
13
11
-9
-48
-86
-86
-78
-41
-32
-64
-119
-159
-166
-198
-222
-246
-190
-177
-176
-119
-132
-111
-77
-103
-130
-113
-101
-95
-82
-95
-75
-55
-48
-59
-63
-72
-70
-55
-57
-31
17
38
54
60
74
86
134
173
204
209
167
152
164
208
219
221
187
181
200
239
308
311
339
358
342
337
326
311
293
226
197
159
132
102
61
49
25
-21
-51
-47
18
69
97
113
108
84
69
78
76
83
96
56
25
25
42
82
76
92
72
104
159
188
233
242
257
238
253
284
263
202
198
173
169
191
209
239
238
223
237
260
214
179
147
119
75
76
52
18
32
19
17
12
59
57
55
45
60
103
87
108
105
92
68
37
22
36
55
20
22
19
26
64
39
33
44
46
34
55
107
96
106
60
15
-16
-1
65
74
78
41
13
6
32
88
119
184
217
194
180
177
167
158
122
114
154
192
161
138
152
180
169
132
171
204
224
222
219
202
194
227
238
242
254
244
237
207
171
149
141
183
164
165
156
122
97
75
104
79
71
92
81
84
117
85
48
34
22
-13
-19
12
-13
-42
-60
-40
4
-26
-36
-27
-35
23
79
101
119
86
22
-21
-45
-62
-53
-82
-131
-94
-122
-101
-56
-41
-7
50
86
69
40
27
17
-73
-143
-160
-114
-65
-77
-105
-89
-102
-123
-139
-115
-98
-124
-129
-100
-70
-67
-95
-167
-228
-236
-190
-116
-90
-153
-247
-309
-274
-207
-146
-184
-290
-299
-261
-202
-206
-227
-227
-287
-298
-273
-250
-237
-278
-304
-229
-201
-211
-197
-201
-215
-227
-221
-214
-168
-172
-183
-192
-216
-257
-296
-332
-299
-292
-294
-241
-209
-146
-100
-57
-29
-37
-58
-83
-71
-44
-73
-113
-97
-93
-93
-123
-168
-184
-230
-286
-310
-264
-227
-206
-214
-235
-296
-304
-236
-222
-230
-242
-210
-145
-91
-66
-80
-45
-18
36
48
0
-7
-51
-73
-41
-6
-38
-63
-94
-154
-165
-108
-96
-118
-140
-124
-129
-156
-126
-118
-82
-27
-22
15
16
0
45
50
69
40
33
37
24
-9
-43
0
25
128
166
114
156
151
162
155
169
254
261
227
150
73
-26
-51
43
130
205
218
212
239
257
244
235
198
205
226
236
278
332
283
178
116
81
89
101
132
112
156
163
161
211
195
154
103
77
59
62
63
33
-13
-27
-8
86
83
47
54
10
36
68
80
97
49
26
1
-44
-50
-40
-56
-85
-103
-98
-115
-98
-117
-88
-26
-38
-50
-86
-57
-4
-68
-111
-101
-62
38
63
22
-7
-27
-5
45
134
186
179
127
56
93
82
88
74
55
51
39
93
113
107
56
4
38
73
21
6
27
16
-40
-54
-94
-132
-119
-114
-131
-163
-174
-169
-117
-89
-143
-192
-206
-212
-208
-207
-234
-244
-206
-131
-84
-78
-73
-49
-31
-49
-27
-9
10
42
30
7
-12
-12
-1
39
43
94
134
142
121
99
139
140
170
143
87
47
11
41
46
63
10
-77
-114
-130
-98
-88
-98
-116
-159
-120
-133
-178
-185
-183
-115
-120
-116
-91
-101
-91
-113
-70
-55
-77
-64
-85
-81
-80
-63
-69
-114
-166
-165
-149
-113
-137
-203
-205
-218
-192
-143
-141
-157
-204
-168
-76
-68
-26
-54
-98
-92
-41
50
63
45
-2
-67
-99
-134
-131
-172
-209
-249
-256
-222
-231
-253
-281
-306
-329
-284
-225
-180
-156
-115
-92
-119
-125
-130
-100
-108
-88
-114
-124
-116
-97
-124
-144
-167
-195
-172
-149
-102
-88
-92
-148
-119
-79
-83
-78
-80
-76
-69
-96
-104
-72
-48
-11
-31
-10
38
22
-37
-128
-153
-137
-106
-57
-47
-58
-46
-43
-33
-30
-7
-26
-56
-18
-43
-23
-25
-86
-127
-130
-94
-96
-62
-57
-97
-82
-51
3
-27
-47
30
42
-12
-55
-58
-60
-52
-58
-81
-99
-63
-36
16
8
-14
1
6
107
63
3
-28
-36
-8
-77
-109
-156
-209
-200
-231
-269
-214
-178
-194
-250
-196
-142
-94
-62
-107
-162
-220
-189
-175
-200
-243
-318
-314
-288
-267
-286
-264
-188
-157
-118
-29
80
143
171
151
139
139
158
154
67
25
29
11
-20
-30
-4
-15
-18
14
21
5
-17
-14
2
-29
-42
-88
-122
-82
-31
-46
-26
-71
-78
-25
-45
-11
-7
11
-22
-30
-32
-34
-19
-62
-99
-93
-66
-38
-65
-133
-129
-121
-115
-144
-141
-126
-102
-71
-38
-71
-132
-144
-129
-124
-54
-32
-21
-52
-72
-14
31
78
112
229
226
180
167
210
327
362
358
332
296
323
363
362
406
378
302
240
260
311
345
347
311
281
313
305
215
201
164
128
139
163
220
187
153
127
120
186
194
254
246
213
216
187
202
203
171
148
167
179
186
201
146
146
183
197
248
263
222
211
232
233
193
213
193
103
102
114
105
126
112
101
67
57
29
34
50
41
75
97
156
152
118
147
166
139
110
88
56
40
35
38
15
-1
52
35
30
73
98
78
44
74
34
-14
-33
-51
-38
-42
-29
-66
-95
-132
-118
-80
-94
-73
-72
-33
46
77
63
87
23
67
121
116
145
139
154
180
219
243
243
280
252
250
287
234
228
233
136
71
24
18
2
-61
-90
-128
-169
-231
-233
-222
-238
-249
-278
-282
-237
-238
-174
-138
-121
-118
-144
-62
-26
-33
-61
-119
-137
-145
-154
-115
-122
-156
-177
-211
-183
-140
-93
-90
-92
-35
-63
-75
-70
-64
-13
-21
33
47
77
98
60
54
55
58
55
11
44
97
67
88
62
84
97
61
20
35
-19
-93
-74
-110
-120
-142
-202
-167
-170
-149
-128
-180
-188
-193
-172
-152
-114
-122
-139
-132
-186
-232
-163
-138
-111
-20
-28
41
81
76
59
31
99
134
167
177
133
87
62
119
109
43
34
21
85
102
117
126
107
130
115
137
94
40
35
15
13
2
-45
-39
-52
-76
-73
-64
-14
-10
-21
-46
-115
-121
-106
-141
-136
-195
-214
-198
-158
-90
-45
5
-7
44
94
44
36
20
52
174
174
195
159
188
250
243
265
255
275
248
211
189
106
88
135
99
116
125
86
126
131
163
145
123
162
125
132
132
93
72
42
-26
-30
-42
-67
-81
-53
-6
17
29
-36
-47
-127
-183
-138
-120
-106
-115
-159
-127
-66
-51
-73
-45
1
41
26
9
69
44
47
56
66
135
151
121
151
139
143
161
169
188
170
194
207
203
208
235
245
207
205
189
188
229
234
249
236
230
252
277
290
222
167
177
176
174
188
213
239
255
234
241
275
262
235
237
208
197
160
91
138
143
171
209
201
231
209
168
174
181
121
134
89
10
-37
-37
-69
-116
-104
-108
-82
-81
-107
-107
-74
-19
-13
-20
-24
-23
42
63
56
50
39
64
61
37
42
-5
-20
-53
-24
-18
-45
-96
-120
-98
-96
-92
-120
-146
-133
-94
-109
-86
-91
-129
-169
-197
-150
-99
-10
14
-26
-34
-16
64
88
15
-11
-18
-16
28
41
49
62
63
55
31
5
57
123
102
50
65
109
129
153
136
198
197
182
191
197
244
231
206
201
204
216
209
200
160
153
125
30
15
-4
20
37
45
97
105
92
57
33
-21
-25
1
-12
-21
-57
-37
-45
-25
-13
-9
27
30
11
-22
-82
-111
-132
-147
-128
-133
-107
-94
-102
-60
-68
-107
-100
-99
-34
13
21
15
1
32
11
54
105
91
120
71
76
117
93
84
55
-44
-92
-123
-109
-11
-8
9
8
32
48
32
20
69
119
81
3
-43
-20
-17
0
-46
-77
-77
-85
-68
-98
-79
-90
-63
-59
-21
10
-65
-11
29
26
7
1
69
70
-10
-76
-70
-84
-81
-68
-101
-150
-174
-179
-103
-35
-44
7
-21
-20
23
-30
-78
-84
-49
-56
-49
-28
-10
50
70
85
90
62
17
-12
-42
-21
-17
-117
-177
-187
-140
-76
-60
-61
-56
-69
-68
-91
-150
-216
-200
-180
-204
-214
-261
-188
-158
-153
-137
-155
-124
-101
-66
-35
-31
16
77
125
128
120
112
72
81
93
108
44
41
75
67
84
63
69
42
20
2
-25
-42
-70
-60
-55
-33
8
58
53
16
19
-16
-55
-34
4
33
3
-23
-48
-68
-76
-50
-22
-58
-70
-90
-86
-52
-75
-61
-68
-39
-42
-59
-62
-76
-89
-77
-79
-180
-170
-207
-263
-268
-286
-291
-261
-274
-263
-228
-172
-110
-91
-101
-121
-68
-21
-28
-35
-13
-4
-12
1
15
46
85
73
95
152
150
144
141
110
178
234
209
199
174
197
213
222
221
194
162
82
30
2
-39
-59
-125
-126
-63
-43
-23
6
-37
-34
-11
10
50
45
67
59
69
68
26
5
10
27
3
-22
-22
56
141
153
94
33
29
4
22
23
-1
-12
-60
-60
-43
-36
24
84
91
99
143
149
119
112
92
83
25
23
-13
-62
-11
-35
-104
-196
-189
-115
-30
50
52
-7
1
-2
50
110
92
132
156
230
244
233
245
248
221
231
229
161
175
190
223
225
229
222
198
195
186
153
122
100
68
36
33
12
-4
-19
-45
-97
-93
-73
-40
-3
-4
-8
-54
-50
-28
-7
27
21
-36
-120
-88
-10
16
-24
-96
-123
-87
-90
-107
-170
-260
-260
-246
-173
-173
-232
-240
-213
-191
-187
-131
-94
-113
-145
-191
-223
-215
-186
-193
-190
-189
-188
-118
-65
-7
71
121
133
155
205
220
170
154
123
81
73
70
36
9
-21
-55
-44
-93
-145
-147
-163
-169
-149
-134
-73
-26
19
49
-3
-48
-67
-72
-31
-24
-80
-163
-198
-216
-206
-213
-265
-273
-303
-363
-386
-265
-197
-170
-129
-150
-147
-109
-112
-202
-240
-253
-294
-298
-352
-319
-260
-292
-268
-242
-263
-215
-113
-45
-45
-53
-21
45
59
32
10
-32
-93
-122
-94
-49
-36
-26
-26
-74
-26
-14
-16
-22
-44
-27
16
-33
-60
14
1
28
28
22
65
100
84
74
68
75
99
75
11
-25
-6
-68
-95
-52
-10
1
41
71
56
121
137
155
134
88
119
127
93
82
64
54
10
-74
-121
-158
-191
-211
-255
-301
-300
-286
-262
-262
-269
-257
-196
-110
-91
-53
-56
-64
-25
-42
-84
-69
-57
-23
62
152
153
128
108
97
84
97
122
152
168
168
182
146
150
164
166
162
94
27
-3
1
84
116
111
92
62
119
219
274
280
286
248
252
261
225
206
137
62
21
-1
-1
-35
5
8
24
44
38
28
-4
56
80
43
28
77
133
143
163
116
53
40
50
54
34
-2
-38
-39
-63
-27
-9
20
21
-19
-22
46
132
150
173
200
191
117
79
80
122
188
172
157
176
171
156
171
150
178
191
200
169
121
144
112
104
106
102
55
66
84
35
51
85
70
34
-12
-6
-21
-18
14
24
-11
-57
-55
-18
18
13
-2
-16
-37
-44
-66
-63
-89
-88
-89
-116
-120
-147
-87
-104
-149
-95
-77
-34
34
-13
-73
-88
-66
-47
-92
-139
-154
-184
-233
-252
-258
-242
-178
-155
-150
-101
-65
-73
-65
-24
-1
-7
2
-9
-1
31
19
8
20
23
19
-39
-103
-94
-85
-85
-88
-117
-63
-39
-4
67
119
146
181
170
119
111
73
41
8
18
69
116
147
167
147
178
188
194
203
199
233
191
193
208
158
126
155
191
206
167
149
140
161
191
233
200
142
174
152
165
161
127
109
85
57
29
35
-1
5
16
-18
-18
23
80
84
81
22
19
11
-39
-5
9
-32
-47
-67
-50
-25
-56
-94
-125
-104
-90
-36
-29
-69
-51
-33
-10
0
34
23
6
12
30
70
63
72
51
-11
-52
-64
-17
32
55
39
38
48
72
71
69
51
58
37
35
26
19
17
20
31
2
25
25
-3
-31
-67
-95
-124
-124
-132
-146
-177
-199
-175
-157
-165
-215
-252
-230
-200
-161
-113
-114
-74
-83
-101
-46
-20
-69
-133
-161
-107
-18
-9
-47
-83
-74
-66
-21
-16
-52
-114
-160
-160
-117
-102
-73
-17
-9
-38
-85
-79
-68
-23
-52
-111
-145
-151
-69
-17
-49
-60
-7
2
-16
-8
-5
11
-20
-44
-56
-113
-113
-110
-114
-97
-39
-77
-133
-86
-109
-111
-171
-191
-156
-136
-107
-127
-148
-187
-179
-187
-171
-151
-116
-73
-111
-66
-67
-89
-48
-69
-106
-105
-120
-128
-109
-145
-122
-88
-54
-26
16
33
16
-16
-49
-55
-40
-25
-14
-21
-1
36
22
18
27
-10
-2
-1
-17
48
83
130
154
118
111
150
193
218
230
229
250
256
221
247
217
200
152
118
108
111
144
145
144
93
77
105
130
165
142
80
118
157
200
190
142
142
128
134
166
191
193
195
160
185
256
284
322
335
363
377
360
309
296
237
198
142
98
96
80
92
76
60
107
96
44
-35
-113
-104
-70
-42
-23
-44
-77
-68
-54
-52
-73
-71
-67
-20
-6
-3
25
47
101
123
140
198
203
202
228
188
175
150
109
52
62
54
82
120
113
103
90
64
19
40
38
-16
-57
-50
1
42
-4
-36
-52
-78
-65
-45
3
90
151
126
117
98
159
258
290
289
304
293
243
210
179
162
167
145
151
170
176
164
174
182
165
160
149
135
140
83
31
-4
-65
-70
-98
-107
-52
-29
-46
-96
-144
-161
-207
-211
-215
-231
-246
-258
-197
-192
-191
-223
-204
-189
-184
-173
-206
-206
-203
-186
-179
-191
-223
-252
-267
-307
-312
-327
-354
-369
-411
-371
-317
-304
-318
-283
-221
-199
-133
-135
-173
-179
-206
-252
-293
-287
-275
-222
-169
-161
-177
-188
-180
-173
-163
-157
-114
-113
-101
-39
-12
-14
37
96
74
32
30
-9
-26
-34
-106
-140
-155
-200
-203
-208
-222
-233
-248
-291
-294
-312
-293
-274
-308
-287
-239
-185
-197
-175
-201
-274
-284
-234
-196
-185
-217
-183
-173
-222
-225
-176
-180
-191
-149
-170
-130
-149
-161
-161
-147
-136
-144
-133
-116
-66
-36
-57
-66
-51
-48
-17
-27
43
69
76
84
44
100
131
111
102
106
94
98
97
109
141
147
138
99
49
44
41
60
27
-33
-19
-6
52
88
101
101
101
96
78
111
114
138
159
142
186
179
137
103
53
33
60
69
58
43
-33
-48
3
45
47
45
12
-26
-2
-1
3
14
26
42
34
13
-1
-25
1
23
25
57
27
-1
-12
20
64
27
6
-20
-41
-37
-29
14
17
24
4
2
30
74
107
80
100
110
100
168
196
163
181
183
204
186
159
156
169
224
245
220
211
218
246
224
244
254
313
354
339
376
399
425
433
413
387
353
296
281
251
236
244
206
146
116
74
6
-16
-56
-109
-140
-155
-152
-209
-220
-224
-171
-120
-112
-47
-5
30
54
105
132
87
35
22
27
56
21
-41
-76
-58
-4
-38
-47
-23
-48
-51
-37
-57
-50
-76
-92
-10
19
55
40
13
-3
-14
30
5
-1
11
-39
-24
-21
-8
17
14
55
47
70
94
89
140
128
106
111
33
23
10
-13
13
-26
-21
-45
-82
-43
-57
-80
-89
-96
-102
-93
-56
-79
-119
-92
-101
-123
-103
-109
-144
-187
-192
-213
-225
-213
-238
-240
-212
-227
-255
-267
-281
-253
-263
-269
-282
-296
-291
-301
-301
-249
-168
-175
-232
-221
-222
-245
-247
-269
-286
-286
-336
-331
-303
-355
-341
-285
-312
-310
-339
-342
-273
-225
-207
-182
-124
-76
-137
-154
-167
-100
-54
362
119
22
-248
-637
859
308
586
346
-979
54
182
110
366
11
342
1068
2004
1787
2210
1122
1801
2241
602
3201
1332
1991
3028
857
3573
3958
4239
4337
1769
1304
1869
2234
3613
3072
1556
1113
-962
-1276
-931
-3325
-3767
-5183
-5960
-5004
-5693
-6237
-6733
-8455
-9229
-9538
-10047
-8942
-9329
-8200
-7365
-7444
-7118
-6421
-5826
-5125
-4603
-4667
-2929
-2119
-916
1325
3003
4935
5500
5604
6152
6428
7180
7962
9095
10065
10373
10506
10369
10505
9825
9025
8247
6468
5152
4249
3067
2448
1922
426
-436
-1985
-4013
-5255
-6763
-8191
-9284
-10364
-10795
-11137
-11523
-11134
-10918
-11121
-11631
-12566
-12695
-12122
-11777
-10835
-10697
-10269
-9748
-9315
-8336
-7932
-7179
-6525
-4237
-1109
1379
3704
4413
4945
6055
6841
7867
8738
9729
10684
11271
12215
13199
14387
15512
15109
13843
12292
10334
9203
7673
6629
5785
4700
3826
2192
993
-129
-1457
-2989
-4922
-7084
-8632
-9616
-10083
-9844
-9723
-9162
-8869
-8804
-8499
-8057
-7219
-6533
-5787
-5365
-3493
-1456
884
3709
5550
8081
9360
11123
12942
13645
14311
14306
13332
12995
12099
11502
11592
10918
10097
8566
7026
5330
2951
1325
-1358
-3607
-6465
-9435
-10976
-12670
-13646
-15061
-16957
-18861
-20699
-21431
-22262
-22162
-23044
-21937
-22317
-21900
-17114
-13464
-10084
-6365
-6622
-4745
-1245
549
3591
5493
8017
10281
11628
15338
16960
21258
24644
24315
24272
22721
21461
21183
19332
17647
16088
14336
12309
8938
7958
5964
4251
2089
-2507
-5723
-8502
-10852
-12781
-14536
-15540
-16313
-16945
-16721
-16450
-13552
-11305
-10761
-8643
-9044
-7272
-4696
-3436
-468
1886
3769
5758
7371
10171
12211
13302
14804
13320
12730
12003
9645
9645
8668
7434
6702
4767
2732
1316
-762
-2698
-5576
-8404
-11350
-14656
-16469
-18518
-19528
-20153
-21035
-21234
-19457
-15935
-13822
-11441
-10095
-9954
-7454
-5891
-4516
-1775
514
3310
5808
8570
12504
15610
19749
21623
21446
22661
21537
21578
20911
19695
18806
17377
16197
14331
13390
12565
10911
9126
6001
2673
121
-3026
-5203
-7026
-8104
-9819
-10569
-10993
-11227
-9511
-9394
-9355
-8949
-9092
-9075
-8254
-7115
-5557
-4286
-2450
-1616
-52
2267
2892
4151
4022
3084
2041
1209
-84
-397
-845
-1368
-1433
-2687
-3279
-3695
-5200
-6787
-8278
-9744
-8209
-8227
-7092
-6086
-6369
-3642
-2883
-1851
-328
130
1357
2039
2237
3677
4433
7116
8642
9151
11196
11334
12799
12958
12730
12318
11686
11242
9663
8306
7912
6817
6448
5341
3911
3684
2792
2040
619
-386
-1242
-1924
-2477
-2587
-2880
-2610
-2593
-2932
-2305
-1864
-1471
-1000
-723
-420
24
214
382
577
1143
1175
1147
596
-366
-1127
-2589
-3851
-5069
-6050
-7414
-8689
-9870
-10967
-11687
-12619
-14099
-15752
-16167
-18721
-16572
-13543
-13499
-8866
-9431
-7364
-2494
-2214
1382
2937
3863
6166
5427
8574
9740
11979
16760
15712
19105
20222
20587
22731
21514
20601
18876
17232
14721
11599
10638
8480
5921
4390
1864
1038
-272
-2352
-4574
-6300
-8394
-11078
-12839
-13540
-14275
-14512
-14071
-13677
-11632
-9521
-7789
-5419
-3257
-1669
233
1300
2302
3820
5025
5613
6284
7678
8588
9271
9943
10113
10245
9691
7869
6557
4330
3087
-32
-2764
-4507
-7431
-9058
-11334
-13626
-14999
-17132
-18925
-20869
-20099
-17085
-18135
-13862
-14808
-13719
-8058
-10117
-5828
-4122
-3127
250
436
3772
6054
8397
13388
13183
17483
20208
20077
23972
22308
23298
22806
21966
20482
18134
17381
14508
12486
11668
8823
8483
6444
3219
2164
-405
-2714
-5515
-6510
-9068
-10696
-11086
-12957
-12286
-11011
-11661
-9729
-9051
-7956
-5813
-5270
-3754
-3217
-1325
-1216
-1033
638
936
2459
3403
3248
4225
3885
3497
2715
1995
1680
-594
-1839
-3788
-5687
-6492
-8057
-9369
-10412
-11654
-13180
-14562
-14405
-12103
-10893
-9379
-8704
-8207
-4308
-4096
-2448
-276
177
2500
2953
4404
6553
8375
11265
12056
13659
16150
16080
18364
17731
17201
17633
16245
15229
13070
11629
9809
7636
6334
4526
2977
1925
-811
-1551
-2309
-3619
-4524
-5212
-5969
-6709
-7101
-7467
-7280
-6461
-5920
-5922
-4266
-3239
-2191
-499
515
1822
3301
3568
3896
4391
5038
4637
4316
4270
3207
3015
1860
866
-145
-1118
-2759
-4533
-6239
-7976
-9618
-11530
-13327
-14990
-15868
-17892
-18615
-19435
-20334
-18201
-16076
-14916
-11211
-10311
-8036
-3311
-2509
1909
3556
5146
8101
8651
11721
12965
15207
18032
17683
19977
21169
21067
23766
22124
22363
21724
20130
18295
14834
12762
9145
5962
3244
-295
-2290
-4460
-7373
-8253
-9971
-10451
-11465
-12188
-13041
-13996
-13325
-14140
-13508
-12068
-12574
-10944
-9650
-8255
-5138
-3611
-890
1338
4011
6080
7361
9348
10331
11025
11246
10797
10833
10217
8994
7895
6398
5420
3354
1877
85
-1936
-3071
-5446
-7894
-9764
-11836
-14359
-16446
-18554
-21082
-21830
-21257
-20344
-18964
-17128
-15607
-12059
-8626
-6614
-2715
-832
985
3012
4422
6294
7584
9688
11264
12735
15201
16634
18684
20984
21229
22411
22424
21921
20425
18590
16400
13303
11032
8094
5111
2817
-57
-1772
-2793
-4434
-5195
-6459
-7153
-8255
-9145
-9626
-9971
-10530
-10876
-11658
-11700
-10420
-10147
-8690
-7857
-6686
-4690
-3124
-1518
-82
1508
2679
3139
3976
4140
4236
4267
3022
2858
1959
1274
447
-892
-1372
-2331
-2754
-3491
-4474
-4694
-6522
-7896
-9030
-11146
-11906
-13806
-13790
-12401
-12773
-10646
-9763
-7780
-3796
-3275
-323
1127
2235
4576
4120
5905
6503
6910
8784
8463
9739
11179
11821
13705
13399
14537
14904
14383
14113
12305
12111
10843
8813
7548
5008
3482
1688
-324
-1145
-2756
-3473
-4647
-5515
-5495
-5696
-5483
-5224
-5281
-5046
-4797
-5142
-4748
-4627
-4730
-4588
-4692
-3845
-2748
-1959
-1086
-251
867
1423
2056
3082
3059
3108
2683
2022
1269
362
-189
-1502
-2153
-3120
-4016
-4193
-5268
-5838
-6407
-6950
-7909
-8933
-9538
-10816
-11808
-11861
-10764
-10551
-9501
-8772
-7711
-4487
-3748
-1757
546
1736
3806
4880
6215
7173
7898
9493
9331
10158
10979
10719
12110
11789
12029
12595
12758
12670
11629
11425
10370
9055
8387
6053
4632
3276
1005
92
-1356
-2279
-3237
-4056
-4761
-5488
-5204
-5556
-5801
-5366
-5533
-5339
-5035
-4757
-4222
-3843
-3197
-2876
-1915
-1380
-878
88
679
1422
1995
2214
2490
2705
3033
2933
2486
2056
967
305
-774
-1732
-2587
-3711
-4793
-6299
-6794
-7637
-8580
-9118
-10356
-11003
-11598
-12029
-10520
-10226
-9342
-7866
-7368
-4522
-3618
-2108
-40
861
2888
3394
4908
6316
6535
8336
9054
10065
11504
11779
13267
13580
13901
14311
13793
13508
12057
11446
10493
8614
7255
5435
3550
2109
611
-391
-1649
-2758
-3831
-4939
-5624
-6589
-7053
-7554
-8031
-7846
-7958
-7760
-7160
-6778
-5571
-5000
-4092
-3092
-2303
-1488
-953
85
909
1552
1938
2449
2943
3516
3847
4126
4142
3926
3374
2812
2049
839
-403
-1890
-3415
-4496
-5839
-7022
-8103
-9619
-10643
-11989
-12867
-13999
-13949
-12878
-12901
-12170
-11251
-10299
-8060
-6519
-5190
-2813
-1422
331
1456
3130
5032
6330
8305
9470
10917
12491
13247
14315
15175
15639
16324
16133
15910
15093
14709
13913
12780
11763
9985
8335
6605
4724
2907
1110
-1042
-2840
-4378
-6083
-7698
-8655
-9848
-10374
-10602
-11147
-11219
-10631
-10117
-9737
-8645
-8180
-7161
-6428
-5715
-4606
-3353
-2174
-1308
-168
874
1865
3466
4675
5591
6822
7290
7878
7728
7830
7435
6597
5591
3789
2591
1080
-1092
-2243
-4026
-5489
-7239
-9485
-10624
-12527
-13626
-13762
-13970
-14376
-14003
-13803
-12915
-11485
-10724
-8821
-7810
-6316
-4776
-3043
-842
709
2994
5465
7021
9017
10556
12282
14266
15100
16506
17017
17829
18108
18104
18508
18030
17666
16654
14789
13464
11713
9740
7718
5212
3028
807
-1410
-3710
-5263
-6958
-8744
-10310
-11181
-11877
-12664
-12441
-12786
-12361
-11569
-11512
-10784
-10290
-9429
-8421
-7469
-6155
-5441
-3486
-1921
-366
1601
2797
4651
6010
6784
7749
8467
8961
8417
7908
7386
6162
5292
3799
2450
1584
-8
-1611
-3251
-5068
-6717
-8544
-10649
-11807
-11933
-12793
-13075
-13225
-12747
-11064
-10063
-8424
-6837
-5166
-3365
-2222
-381
979
2340
4474
5692
7000
8226
9427
11182
12241
13129
13970
14654
15269
15519
16137
16248
15746
15143
13838
12232
10579
8689
6862
4708
2298
282
-1393
-3244
-5121
-6360
-7639
-8768
-9622
-10054
-10457
-10639
-10348
-10515
-10120
-9731
-9080
-7996
-7646
-6755
-5622
-4131
-3148
-2213
-531
1048
2490
3886
5125
6310
7302
7947
8362
8615
8347
7773
7190
6101
5048
3668
2443
525
-745
-2130
-4373
-5676
-7894
-9433
-11184
-13353
-14514
-14988
-14757
-15394
-15179
-14317
-13539
-11682
-10543
-9040
-6885
-5258
-3631
-2132
-23
1833
3610
5656
7117
8820
10433
11632
13009
14370
15383
16091
16656
16887
17059
17279
16707
15754
14849
13412
11515
9919
7941
5809
3893
1410
-629
-2282
-4007
-5604
-7094
-8442
-9675
-10288
-10817
-11303
-11128
-11031
-10766
-10521
-10056
-8965
-7868
-6665
-5523
-4169
-2746
-1808
-711
485
1736
2909
3693
4505
5346
6113
6869
7381
7624
7485
6900
6023
4982
3882
2463
1008
-775
-2693
-4478
-6530
-8403
-10028
-11466
-12988
-14448
-15476
-15617
-15118
-14892
-14196
-13140
-11879
-10116
-8821
-7191
-4947
-3170
-1161
566
2515
4663
6375
8376
9935
11261
12394
13033
13850
14385
14800
15180
15008
14949
14673
14239
13539
12340
11267
9551
7759
6068
4163
2293
266
-1574
-3439
-4929
-6103
-7629
-8510
-9238
-9754
-9810
-9869
-9389
-9008
-8207
-7318
-6299
-4720
-3381
-2073
-751
270
1420
2492
3434
4327
5025
5760
6238
6785
7115
7487
7933
7772
7479
7113
6406
5264
4060
2503
1054
-549
-2520
-4137
-6001
-7666
-9293
-10905
-12329
-13664
-14483
-15485
-16140
-16585
-17023
-16535
-15767
-14978
-13601
-12378
-10882
-8702
-6533
-4315
-1847
678
2871
5079
7162
8982
10632
12136
13216
14245
15024
15356
15978
16330
16127
15768
15467
14900
14101
13346
12427
11255
10073
8552
7006
5485
3601
1826
-77
-1789
-3409
-4851
-6168
-7503
-8376
-9084
-9536
-9795
-9735
-9363
-9139
-8537
-7783
-7047
-5784
-4962
-4013
-2879
-2001
-1046
15
1115
2002
3091
3990
4553
5105
5391
5825
6315
6320
6338
6123
5980
5561
4797
4253
3228
2267
946
-717
-2262
-3932
-5536
-7078
-8922
-10420
-11585
-12703
-13709
-14774
-15148
-15658
-15815
-15247
-14753
-13593
-12694
-11315
-9671
-7973
-6035
-4248
-2041
-73
1825
3755
5610
7433
9129
10754
12010
13018
13838
14516
15217
15488
15297
15245
14948
14476
13932
13509
12910
11986
10926
9715
8407
7031
5465
3798
2019
20
-1679
-3314
-4784
-6155
-7382
-8451
-9398
-10124
-10730
-10800
-10662
-10361
-9881
-9310
-8662
-7661
-6477
-5278
-4072
-2829
-1467
-367
593
1586
2542
3504
4239
4731
5390
5781
6131
6467
6564
6653
6451
5930
5073
4226
3317
2226
842
-703
-2122
-3466
-5129
-6439
-7724
-8905
-9935
-11225
-12025
-12843
-13346
-13725
-14263
-13949
-13539
-12802
-11662
-10719
-9272
-7476
-5881
-3956
-2121
-179
1400
3063
4686
6183
7772
9205
10383
11240
12087
12669
13323
13849
14068
14052
14011
13629
13248
12900
12346
11734
10929
9854
8677
7507
6218
4955
3746
2268
502
-1120
-2718
-4162
-5391
-6372
-7459
-8311
-9048
-9709
-9700
-9569
-9218
-9031
-8482
-7828
-7296
-6192
-5579
-4543
-3494
-2675
-1685
-850
24
879
1909
2621
3257
4137
4667
5110
5649
6041
6361
6595
6647
6402
6231
5658
4827
3888
2718
1357
22
-1425
-2987
-4214
-5455
-6713
-7623
-8579
-9452
-10099
-10955
-11511
-12071
-12779
-12951
-12897
-12457
-12204
-11649
-10672
-9444
-7714
-6007
-4190
-2129
-164
1927
3761
5638
7434
9094
10670
11817
12864
13913
14752
15395
15961
16193
16267
16101
15661
15239
14633
13820
12805
11502
10210
8843
7361
5818
4049
2206
227
-2018
-4239
-6332
-8221
-10040
-11833
-13254
-14391
-15108
-15633
-15836
-15445
-15008
-14448
-13464
-12227
-10697
-9071
-7269
-5283
-3286
-1260
845
2871
4827
6608
8136
9419
10526
11589
12187
12646
12810
12617
12285
11637
11012
10284
9154
7781
6312
4588
2555
600
-1441
-3470
-5553
-7801
-9657
-11592
-13288
-14722
-16095
-17226
-18214
-18947
-19336
-19653
-19414
-18319
-17012
-15522
-13793
-11601
-9103
-6457
-3691
-861
2074
4676
7316
9873
12143
14425
16454
18222
19444
20173
20810
21200
21119
20846
20095
19092
17747
16200
14576
12807
10869
8803
6618
4160
1747
-498
-2871
-5155
-7394
-9705
-11735
-13712
-15231
-16502
-17482
-17943
-18384
-18322
-17887
-17262
-16011
-14469
-12916
-11027
-9090
-6984
-4716
-2279
119
2406
4593
6557
8420
10130
11622
12945
14053
14802
15320
15369
15262
14918
14370
13611
12372
11050
9545
7799
5971
3994
2046
100
-1951
-3792
-5561
-7218
-8953
-10518
-11942
-13260
-14178
-15222
-16009
-16469
-16848
-17097
-17177
-16899
-16485
-15904
-14740
-13291
-11559
-9680
-7837
-5469
-3145
-833
1626
3803
6051
7874
9677
11349
12687
13959
14881
15545
15867
15795
15707
15498
14918
14058
13028
12124
10754
9280
7943
6453
4958
3401
1772
283
-1270
-2594
-3838
-5274
-6569
-7975
-9134
-10189
-11230
-11951
-12552
-12992
-13080
-12982
-12546
-11669
-10706
-9494
-8138
-6731
-5054
-3255
-1344
382
2012
3830
5334
6855
8298
9589
10794
11671
12389
12995
13344
13568
13647
13416
12925
12252
11473
10439
9333
8111
6745
5115
3288
1560
-177
-2067
-3961
-5718
-7410
-9106
-10528
-11756
-12828
-13604
-14459
-14893
-15185
-15415
-15462
-15344
-15241
-15063
-14630
-14164
-13618
-12592
-11149
-9622
-8131
-6375
-4311
-2100
147
2310
4525
6652
8436
10327
12085
13450
14576
15514
16133
16173
15924
15486
15106
14373
13334
12090
10866
9465
8088
6769
5401
4170
2953
1598
269
-806
-1768
-2719
-3759
-4734
-5618
-6453
-7301
-8003
-8508
-8896
-9245
-9342
-9251
-9074
-8480
-7592
-6629
-5535
-4100
-2558
-929
865
2580
4314
6008
7330
8468
9675
10650
11225
11744
12011
11906
11786
11396
10710
10068
9178
8167
7065
5623
4317
3025
1580
-41
-1689
-3237
-4896
-6435
-7922
-9411
-10714
-11976
-13088
-14038
-14768
-15319
-15647
-15653
-15607
-15352
-14821
-14222
-13492
-12561
-11668
-10629
-9484
-8336
-7018
-5749
-4268
-2710
-1281
210
1760
3466
5034
6515
7879
9169
10337
11390
12086
12672
13202
13380
13497
13230
12740
12072
11351
10568
9479
8219
7126
6007
4970
3999
3127
2378
1456
747
129
-344
-783
-1324
-1866
-2387
-2834
-3305
-3806
-4194
-4522
-4739
-4982
-5345
-5395
-5306
-5086
-4726
-4241
-3664
-3085
-2502
-1788
-976
-136
604
1165
1674
1984
2194
2374
2511
2527
2393
2161
1939
1744
1614
1470
1307
1123
812
656
395
142
54
-119
-335
-639
-1018
-1329
-1536
-1858
-2302
-2824
-3330
-3742
-4103
-4488
-4934
-5138
-5245
-5411
-5548
-5395
-5003
-4808
-4769
-4642
-4667
-4526
-4520
-4623
-4611
-4960
-5072
-5389
-5668
-5575
-5419
-5139
-4877
-4366
-3816
-2738
-1702
-472
1125
2629
4204
5655
7020
8232
9288
10252
10936
11255
11375
11420
11465
11307
10951
10563
10251
9784
9249
8805
8173
7531
6806
5970
5117
4178
3217
2112
827
-480
-1836
-3130
-4547
-6020
-7285
-8611
-9857
-11175
-12188
-12885
-13459
-13578
-13683
-13545
-13069
-12365
-11445
-10391
-9146
-7810
-6327
-4562
-3062
-1351
693
2059
3847
5524
6656
8233
9477
10389
11549
12521
13114
13814
14472
14689
14859
14842
14342
13867
13133
11947
10671
9313
7507
5458
3634
1440
-741
-2726
-4830
-6840
-8454
-10164
-11769
-12884
-13920
-14790
-15223
-15480
-15655
-15319
-14846
-14302
-13565
-12671
-11856
-10995
-10013
-9234
-8399
-7424
-6636
-5722
-4209
-2965
-1490
284
1808
3616
5695
7633
9428
11319
13020
14463
15708
16587
17246
17598
17685
17200
16462
15418
14024
12645
11022
9058
7132
5298
3407
1640
81
-1464
-2939
-4177
-5526
-6709
-7573
-8494
-9333
-9993
-10734
-11462
-11917
-12283
-12537
-12489
-12342
-12135
-11585
-10868
-10127
-9041
-7717
-6359
-4909
-3372
-1789
-23
1695
3266
4907
6470
7714
8781
9867
10718
11593
11989
12460
12808
12893
13111
12987
12935
12813
12277
11624
10938
10103
9045
7957
6799
5421
3983
2380
776
-655
-2262
-3818
-5395
-6841
-8339
-9684
-10707
-11713
-12492
-12819
-13099
-13163
-12761
-12249
-11370
-10449
-9565
-8647
-7424
-6311
-5131
-3857
-2837
-1881
-896
-117
611
1459
1918
2213
2291
2228
2173
1783
1338
1026
1065
932
700
666
843
1136
1421
1714
1970
2151
2271
2220
2209
2152
1889
1657
1269
592
128
-409
-758
-902
-1187
-1504
-1604
-1379
-1108
-709
-199
336
842
1324
1765
2316
2883
3228
3422
3549
3514
3526
3593
3352
3013
2656
2199
1772
1323
802
307
-122
-588
-1153
-1638
-1861
-2177
-2400
-2556
-2756
-2711
-2679
-2787
-2713
-2641
-2664
-2547
-2358
-2123
-1692
-1228
-655
85
851
1769
2678
3735
4680
5547
6567
7387
8053
8670
9028
9121
8950
8651
8015
7339
6446
5370
4304
3077
1778
436
-950
-2211
-3429
-4534
-5566
-6401
-7115
-7879
-8486
-8829
-9056
-9323
-9477
-9562
-9563
-9497
-9381
-9241
-9014
-8858
-8609
-8350
-7898
-7562
-7009
-6332
-5881
-5064
-4204
-3408
-2467
-1413
-382
725
1909
3078
4219
5253
6149
6996
7781
8355
8755
9149
9272
9229
9094
8921
8506
7981
7254
6578
5907
5137
4274
3513
2763
2001
1380
684
182
-272
-643
-993
-1297
-1530
-1800
-1970
-2077
-2195
-2235
-2244
-2205
-2108
-2066
-1890
-1676
-1484
-1318
-1253
-1069
-893
-633
-326
-120
92
232
422
503
552
659
676
636
519
356
281
233
153
42
-15
-40
-87
-25
46
421
649
981
1368
1800
2323
2774
3157
3520
3735
3835
3976
3950
3793
3609
3212
2774
2352
1783
1211
752
228
-252
-689
-994
-1397
-1618
-1722
-1811
-1856
-1949
-2075
-2274
-2448
-2727
-2993
-3189
-3408
-3714
-3959
-4272
-4504
-4701
-4851
-4923
-4981
-4989
-5065
-4992
-4901
-4772
-4603
-4439
-4325
-4248
-4101
-3690
-3322
-2867
-2267
-1576
-829
1
671
1501
2270
2871
3622
4221
4754
5311
5673
6016
6190
6175
6062
5866
5625
5266
4755
4288
3640
2900
2284
1636
1040
421
-115
-706
-1101
-1488
-1741
-2013
-2292
-2440
-2599
-2729
-2919
-3137
-3271
-3513
-3809
-4130
-4436
-4481
-4479
-4612
-4595
-4384
-4134
-3792
-3336
-2819
-2310
-1788
-1270
-773
-249
294
785
1159
1474
1730
2071
2463
2829
3059
3378
3654
3780
3994
4220
4428
4740
4964
5063
5338
5649
5925
6190
6412
6497
6540
6498
6250
6038
5809
5328
4765
4235
3519
2808
2178
1516
846
240
-389
-1047
-1585
-2142
-2583
-2911
-3393
-3815
-4119
-4532
-4843
-5075
-5289
-5635
-6051
-6381
-6770
-7106
-7386
-7716
-7987
-8092
-8290
-8242
-8164
-8005
-7786
-7510
-7277
-7039
-6876
-6679
-6304
-5860
-5263
-4624
-4026
-3190
-2340
-1321
-313
723
1674
2633
3539
4290
5135
5921
6674
7150
7527
7811
7971
8115
8122
7915
7678
7369
6964
6620
6137
5696
5229
4666
4086
3544
3026
2394
1784
1151
560
-61
-657
-1207
-1698
-2180
-2638
-3061
-3454
-3678
-3873
-4011
-4106
-4053
-3890
-3759
-3540
-3209
-2759
-2328
-1843
-1232
-547
168
896
1629
2339
2977
3625
4320
4848
5405
6004
6488
6994
7356
7671
7987
8242
8405
8592
8716
8685
8491
8184
7742
7230
6701
5977
5036
3948
2853
1704
383
-993
-2396
-3727
-5128
-6536
-7796
-8998
-10042
-10903
-11649
-12284
-12702
-12884
-12895
-12771
-12544
-12235
-11696
-11147
-10488
-9611
-8725
-7737
-6684
-5561
-4493
-3336
-2193
-1116
46
1142
2234
3258
4261
5152
5942
6586
7123
7418
7624
7670
7509
7154
6711
6053
5388
4701
3850
3115
2346
1639
1025
524
-77
-574
-1014
-1528
-1829
-2198
-2438
-2643
-2891
-3008
-3128
-3084
-3023
-2896
-2770
-2595
-2396
-2031
-1655
-1294
-801
-338
229
866
1553
2228
2949
3563
4086
4566
4954
5273
5532
5659
5616
5481
5162
4856
4407
3893
3366
2754
2177
1508
938
393
-265
-804
-1274
-1803
-2283
-2792
-3248
-3598
-3998
-4257
-4495
-4632
-4709
-4796
-4753
-4670
-4546
-4156
-3820
-3345
-2802
-2096
-1472
-873
-129
618
1308
1923
2592
3179
3798
4129
4491
4868
5053
5143
5149
5045
4821
4620
4315
3936
3531
3168
2780
2242
1689
1130
667
216
-280
-749
-1210
-1797
-2290
-2811
-3234
-3682
-4226
-4754
-5307
-5780
-6208
-6567
-6832
-7077
-7184
-7183
-7110
-6881
-6407
-5854
-5378
-4759
-4117
-3546
-2914
-2173
-1591
-957
-491
-83
373
682
947
1269
1558
1794
2022
2172
2370
2612
2713
2962
3149
3337
3526
3710
3921
4084
4095
4065
3857
3484
3261
2818
2360
1881
1243
700
287
-189
-470
-665
-932
-956
-913
-747
-492
-157
253
680
1153
1581
1982
2317
2645
2957
3273
3457
3563
3599
3526
3379
3293
3161
2953
2744
2468
2280
2051
1764
1562
1313
985
616
180
-240
-598
-989
-1338
-1699
-2006
-2287
-2572
-2702
-2918
-2981
-3051
-2920
-2789
-2543
-2131
-1652
-1010
-461
270
889
1541
2081
2675
3102
3396
3635
3638
3664
3611
3541
3393
3074
2718
2337
1998
1610
1096
569
12
-621
-1259
-1822
-2333
-2876
-3417
-3981
-4468
-4950
-5383
-5741
-6077
-6279
-6455
-6478
-6476
-6358
-6132
-5802
-5393
-4977
-4387
-3773
-3177
-2525
-1815
-1104
-406
204
688
1173
1541
1717
1897
1889
1841
1726
1526
1305
1164
1141
1055
1097
1130
1349
1513
1777
1933
2124
2366
2317
2430
2373
2424
2308
2209
2047
1703
1558
1232
995
849
709
529
460
427
413
543
713
820
950
1203
1393
1656
1912
2158
2274
2434
2569
2676
2727
2673
2578
2399
2175
1784
1486
1112
665
209
-282
-737
-1183
-1543
-1884
-2200
-2411
-2569
-2737
-2908
-3051
-3038
-3104
-3182
-3214
-3185
-3214
-3089
-2908
-2736
-2355
-2055
-1537
-1227
-684
-190
457
1000
1444
2025
2457
2984
3213
3638
3869
4087
4260
4316
4218
4054
3849
3490
3121
2687
2234
1627
981
297
-254
-851
-1516
-2136
-2637
-3079
-3523
-3834
-4113
-4248
-4484
-4597
-4719
-4738
-4663
-4587
-4477
-4422
-4194
-4002
-3730
-3446
-3118
-2778
-2372
-1981
-1494
-949
-446
28
420
813
1197
1581
1954
2142
2410
2589
2810
2934
3001
2898
2800
2674
2310
2078
1643
1354
963
669
300
-28
-142
-373
-303
-321
-105
-11
284
510
692
1053
1180
1507
1515
1616
1510
1513
1416
1238
1125
851
737
554
494
456
603
696
888
1110
1293
1487
1617
1692
1700
1715
1556
1419
1213
1020
726
436
106
-302
-616
-1043
-1384
-1763
-2049
-2271
-2455
-2601
-2702
-2618
-2503
-2331
-2187
-2016
-1835
-1627
-1495
-1369
-1119
-926
-738
-593
-372
-259
-86
111
331
592
917
1218
1489
1820
2097
2409
2629
2811
2890
2997
2929
2758
2626
2458
2170
1832
1601
1340
1147
808
562
393
237
109
20
34
77
164
227
307
439
618
726
821
892
957
1022
1010
976
886
770
606
365
87
-162
-452
-732
-1030
-1304
-1544
-1743
-1948
-2118
-2231
-2405
-2557
-2667
-2821
-2946
-3131
-3313
-3465
-3682
-3828
-3971
-4091
-4180
-4288
-4240
-4251
-4110
-3961
-3687
-3396
-3001
-2551
-2134
-1488
-988
-331
316
1009
1629
2175
2697
3141
3664
4036
4464
4733
4987
5031
4971
4987
4869
4731
4420
4013
3572
3091
2613
2185
1743
1300
899
484
75
-330
-656
-996
-1395
-1844
-2228
-2495
-2732
-2912
-3112
-3269
-3300
-3192
-3100
-2954
-2757
-2492
-2173
-1855
-1489
-1090
-716
-377
13
441
869
1218
1493
1804
2145
2439
2685
2939
3152
3319
3377
3439
3505
3618
3657
3595
3676
3630
3711
3714
3800
3794
3693
3506
3278
3022
2682
2336
1775
1143
410
-385
-1135
-1845
-2541
-3240
-3877
-4443
-4879
-5270
-5572
-5751
-5808
-5884
-5839
-5644
-5386
-5082
-4751
-4356
-3930
-3417
-2876
-2315
-1774
-1172
-589
17
615
1179
1861
2415
2983
3446
3937
4460
4961
5354
5656
5878
6072
6154
6106
5973
5642
5240
4632
3979
3249
2421
1521
536
-406
-1389
-2289
-3170
-4008
-4883
-5599
-6247
-6767
-7212
-7690
-7960
-8181
-8179
-8145
-7921
-7674
-7385
-6939
-6520
-5863
-5256
-4466
-3647
-2854
-1964
-1072
-56
822
1776
2687
3599
4500
5335
6125
6837
7540
8112
8562
8845
8991
9106
9033
8810
8501
8012
7418
6661
5770
4819
3831
2873
1859
929
-30
-952
-1739
-2503
-3163
-3857
-4426
-4870
-5247
-5567
-5812
-5954
-5984
-5872
-5695
-5462
-5116
-4728
-4187
-3656
-3002
-2221
-1485
-669
59
895
1656
2476
3179
3861
4520
4890
5399
5703
5979
6150
6203
6226
6098
5905
5631
5328
4848
4385
3911
3356
2778
2148
1456
777
84
-548
-1147
-1779
-2375
-2944
-3459
-3904
-4257
-4622
-4876
-5107
-5271
-5313
-5358
-5184
-4976
-4675
-4330
-3931
-3400
-2894
-2388
-1902
-1464
-1028
-617
-222
110
392
685
941
1114
1181
1331
1465
1499
1413
1307
1191
932
725
481
193
-127
-466
-773
-1103
-1463
-1772
-2044
-2344
-2667
-2905
-3099
-3332
-3534
-3698
-3731
-3692
-3615
-3444
-3255
-2948
-2607
-2186
-1736
-1290
-748
-173
441
983
1598
2188
2630
3028
3427
3755
3977
4139
4240
4323
4337
4329
4331
4319
4247
4122
4019
3887
3727
3595
3402
3141
2853
2467
2123
1730
1311
899
489
70
-324
-677
-1042
-1331
-1614
-1859
-2053
-2149
-2119
-2052
-1916
-1789
-1553
-1298
-1016
-598
-224
182
475
754
1021
1263
1508
1689
1866
1969
2095
2216
2264
2292
2278
2286
2248
2216
2143
2084
1900
1650
1483
1264
1031
789
527
288
39
-195
-413
-593
-831
-1021
-1150
-1274
-1418
-1469
-1554
-1264
-1110
-1145
-982
-1225
-1108
-1184
-1138
-1343
-1093
-1280
-1201
-1101
-1488
-1209
-1523
-1595
-1726
-1909
-1960
-1991
-2009
-2146
-2281
-2507
-2596
-2631
-2789
-2773
-2863
-3008
-2933
-2936
-2911
-2820
-2647
-2576
-2437
-2240
-2023
-1578
-1318
-898
-585
-272
241
541
974
1338
1640
1850
2015
2324
2438
2703
2804
2858
3038
3013
3193
3111
3157
3087
3028
2990
2744
2720
2429
2297
2050
1792
1539
1195
949
596
307
-53
-341
-508
-739
-829
-950
-969
-946
-984
-916
-864
-731
-618
-406
-138
60
398
634
1037
1324
1643
2008
2283
2579
2776
2954
3026
3025
2976
2946
2882
2752
2582
2397
2113
1810
1449
1118
746
316
-86
-553
-1014
-1490
-1967
-2409
-2777
-3202
-3586
-3792
-3962
-4105
-4225
-4307
-4372
-4357
-4309
-4229
-4049
-3787
-3494
-3158
-2768
-2362
-1838
-1323
-774
-226
355
912
1466
2033
2477
2887
3176
3430
3632
3755
3810
3756
3610
3436
3242
2941
2544
2111
1656
1154
660
143
-282
-745
-1224
-1630
-2060
-2420
-2741
-3058
-3314
-3529
-3723
-3860
-3995
-4075
-3994
-3955
-3831
-3616
-3409
-3083
-2697
-2294
-1855
-1334
-848
-304
254
743
1221
1661
2020
2371
2645
2851
2987
3106
3187
3235
3260
3152
3168
3047
2950
2825
2666
2510
2250
2132
1880
1735
1493
1231
951
554
327
-14
-269
-620
-899
-1202
-1425
-1590
-1775
-1847
-1980
-2029
-2007
-1932
-1825
-1650
-1418
-1199
-969
-693
-349
-43
216
460
706
972
1240
1403
1642
1792
1914
2031
2120
2201
2296
2423
2335
2366
2319
2252
2227
2085
1946
1799
1610
1307
1041
729
471
195
-187
-492
-823
-1125
-1396
-1675
-1917
-2143
-2310
-2457
-2497
-2459
-2385
-2217
-2117
-1904
-1661
-1429
-1189
-904
-626
-415
-143
37
268
455
622
767
801
828
855
948
998
1037
969
900
866
813
774
718
638
530
401
261
140
-9
-204
-428
-664
-923
-1124
-1370
-1544
-1708
-1882
-2001
-2051
-2026
-2039
-1994
-1889
-1784
-1603
-1384
-1197
-1028
-886
-741
-570
-349
-193
-46
57
133
255
344
506
586
679
719
766
868
947
1022
1001
975
931
1026
1031
1091
1089
1062
1091
1083
1116
1148
1195
1120
1088
1059
1070
1113
1154
1092
1137
1073
1056
1060
962
991
910
854
754
666
569
445
318
136
55
-124
-250
-380
-521
-637
-630
-625
-672
-559
-483
-279
-88
33
240
429
588
773
890
1038
1199
1248
1266
1278
1287
1294
1326
1262
1160
1051
889
680
520
335
170
20
-179
-279
-406
-510
-630
-763
-921
-1024
-1140
-1270
-1339
-1427
-1477
-1554
-1575
-1549
-1507
-1454
-1392
-1331
-1139
-924
-748
-534
-370
-160
64
283
486
691
876
996
1113
1215
1193
1184
1104
999
883
686
537
395
255
36
-158
-355
-561
-716
-895
-1102
-1259
-1434
-1588
-1723
-1921
-2035
-2095
-2122
-2100
-2108
-2144
-2107
-2087
-1967
-1892
-1798
-1628
-1467
-1243
-1016
-741
-496
-244
-7
185
352
564
825
1010
1223
1282
1362
1589
1624
1733
1792
1781
1770
1654
1585
1476
1349
1159
1009
772
524
423
214
121
-34
-238
-281
-413
-446
-489
-529
-586
-560
-576
-578
-449
-497
-339
-318
-307
-206
-119
29
118
273
284
397
482
625
851
803
912
925
903
976
957
969
970
995
932
998
985
942
952
837
796
687
609
527
432
376
359
418
389
393
394
372
407
425
465
473
447
378
290
219
149
91
-12
-69
-115
-187
-215
-286
-362
-484
-595
-694
-812
-976
-1146
-1288
-1474
-1624
-1817
-1986
-2164
-2338
-2497
-2633
-2682
-2768
-2770
-2712
-2678
-2538
-2363
-2191
-1996
-1796
-1541
-1281
-1034
-780
-516
-284
-86
67
191
355
506
620
718
783
846
906
928
968
1014
974
909
882
804
849
784
730
649
561
550
458
430
285
212
142
51
28
-49
-34
-91
-65
11
26
96
209
378
562
700
819
1009
1243
1462
1647
1779
1899
2027
2133
2224
2303
2382
2344
2375
2358
2309
2257
2159
1999
1806
1672
1532
1430
1288
1213
1085
940
815
722
615
464
335
210
98
-31
-119
-212
-331
-457
-614
-745
-890
-979
-1043
-1128
-1210
-1280
-1283
-1293
-1277
-1231
-1160
-1049
-988
-870
-795
-732
-665
-571
-471
-403
-361
-269
-210
-169
-101
-102
-117
-170
-222
-298
-391
-446
-523
-600
-670
-759
-789
-824
-881
-920
-991
-1045
-1089
-1128
-1178
-1213
-1248
-1300
-1257
-1261
-1256
-1181
-1096
-1005
-892
-803
-714
-550
-422
-291
-187
-86
26
131
286
418
549
631
659
737
752
814
821
770
691
618
552
508
462
364
336
283
265
299
343
413
392
373
317
262
258
243
177
36
-99
-214
-287
-429
-508
-611
-638
-648
-635
-534
-480
-338
-264
-99
42
168
373
468
639
775
831
942
975
956
950
869
828
759
592
488
343
204
78
-52
-184
-237
-241
-335
-347
-400
-464
-496
-538
-555
-624
-714
-780
-834
-883
-881
-900
-1004
-1052
-1110
-1108
-1089
-1052
-969
-916
-860
-752
-564
-462
-307
-173
-54
89
166
301
388
380
360
335
299
288
252
219
173
104
42
-40
-93
-168
-220
-289
-341
-359
-356
-334
-344
-357
-389
-411
-382
-342
-329
-349
-398
-489
-467
-561
-655
-659
-765
-780
-824
-795
-749
-706
-646
-562
-476
-402
-272
-226
-120
-20
5
57
80
130
165
168
192
149
107
39
28
87
78
119
131
149
131
112
35
55
81
67
84
18
19
-50
-53
-68
-196
-225
-217
-229
-108
-163
-140
-129
-142
19
119
246
364
526
565
738
869
949
1109
1011
1075
1094
1101
1155
1090
1071
990
996
955
947
904
807
811
653
681
647
598
634
514
438
398
380
333
313
188
127
97
-17
-47
-134
-281
-355
-430
-534
-533
-590
-626
-594
-618
-607
-545
-499
-436
-422
-449
-398
-318
-327
-308
-288
-297
-263
-255
-216
-173
-162
-122
-92
-102
-65
-73
-47
-18
-39
-19
-36
-107
-90
-74
-98
-124
-196
-273
-329
-382
-353
-378
-411
-426
-447
-419
-394
-388
-397
-400
-396
-363
-303
-304
-302
-327
-347
-312
-270
-231
-202
-230
-295
-339
-368
-360
-318
-335
-397
-431
-471
-435
-469
-501
-485
-506
-461
-436
-376
-319
-319
-297
-346
-316
-331
-347
-335
-362
-325
-361
-304
-307
-302
-276
-290
-285
-230
-167
-105
14
22
106
136
129
174
161
195
170
160
156
117
57
-7
-49
-142
-144
-183
-266
-291
-359
-353
-360
-343
-366
-332
-313
-333
-319
-291
-278
-246
-219
-231
-199
-216
-182
-187
-166
-107
-78
6
131
236
352
428
493
558
576
582
615
554
477
479
447
433
384
297
240
204
177
192
186
184
188
193
194
231
227
176
135
99
51
23
-41
-131
-221
-345
-456
-523
-574
-635
-659
-704
-706
-730
-735
-685
-672
-635
-542
-498
-457
-387
-303
-208
-146
-131
-109
-43
18
35
104
168
298
390
392
441
488
586
638
633
632
585
522
503
396
282
123
-49
-171
-330
-369
-499
-628
-715
-861
-919
-996
-1049
-1075
-1114
-1165
-1147
-1077
-945
-822
-751
-599
-463
-313
-115
31
178
309
382
497
702
846
944
1125
1156
1239
1305
1259
1367
1441
1417
1364
1271
1163
1137
1014
863
827
710
650
545
433
361
240
166
38
-92
-173
-194
-259
-299
-338
-430
-450
-450
-399
-366
-340
-301
-219
-142
-65
27
89
186
327
460
611
730
843
970
1015
1044
1091
1141
1236
1287
1251
1219
1205
1178
1124
1007
881
813
721
614
545
418
312
185
63
-109
-264
-411
-552
-639
-722
-835
-923
-993
-1098
-1153
-1270
-1295
-1285
-1264
-1238
-1221
-1184
-1156
-1078
-1024
-1003
-907
-825
-722
-571
-447
-302
-164
-40
63
139
203
290
442
514
567
622
600
609
568
510
497
435
383
381
335
255
141
-18
-118
-217
-336
-433
-566
-619
-615
-614
-598
-600
-634
-675
-712
-709
-756
-751
-750
-774
-760
-750
-769
-761
-722
-686
-570
-456
-335
-225
-137
-54
61
212
274
324
422
471
596
668
679
739
723
737
765
739
727
684
667
635
646
645
581
519
406
293
226
217
184
146
58
-51
-107
-171
-237
-251
-349
-497
-562
-574
-544
-570
-664
-718
-776
-764
-714
-635
-551
-437
-366
-313
-249
-184
-42
82
143
198
278
350
412
407
360
290
283
309
338
264
161
132
53
23
-10
-77
-131
-166
-175
-229
-310
-372
-405
-417
-437
-448
-479
-523
-591
-603
-609
-641
-694
-708
-680
-630
-572
-537
-411
-355
-251
-90
51
173
288
351
417
472
492
510
513
530
572
610
610
637
601
545
507
476
458
455
391
391
366
337
377
352
342
273
224
161
109
89
58
53
-47
-125
-156
-173
-77
-61
-107
-113
-94
-16
-6
3
48
29
52
5
16
47
-30
-76
-110
-151
-125
-97
-144
-199
-268
-280
-233
-256
-260
-188
-147
-66
-3
58
169
255
343
403
449
528
594
634
622
610
583
607
701
659
615
562
517
506
510
485
455
374
293
212
141
70
-14
-75
-153
-150
-163
-243
-311
-425
-450
-441
-481
-504
-582
-561
-514
-464
-430
-421
-387
-349
-300
-285
-258
-213
-103
14
70
119
135
156
232
277
340
398
478
481
514
584
576
565
518
456
442
442
408
367
326
308
276
198
119
-10
-82
-97
-140
-272
-390
-471
-509
-529
-586
-703
-769
-790
-807
-778
-784
-777
-751
-776
-758
-723
-691
-703
-692
-647
-597
-495
-452
-373
-317
-258
-225
-234
-190
-130
-97
-7
71
90
164
207
282
324
337
396
436
466
488
478
453
452
488
444
370
325
226
198
140
53
-22
-135
-245
-315
-320
-328
-363
-415
-442
-438
-416
-413
-441
-460
-452
-435
-415
-306
-214
-192
-143
-163
-142
-106
-85
-34
-33
-57
-67
-42
-2
11
8
-8
-11
72
125
176
156
92
76
52
3
-15
-42
-121
-142
-194
-254
-258
-263
-327
-397
-473
-461
-453
-455
-393
-405
-391
-327
-241
-140
-122
-130
-107
-56
8
66
144
212
219
252
336
445
544
637
695
772
872
978
1096
1140
1198
1238
1270
1260
1255
1219
1117
1053
917
802
702
555
397
259
148
68
-47
-149
-250
-380
-407
-447
-461
-425
-479
-440
-450
-482
-487
-553
-561
-559
-521
-489
-434
-370
-310
-290
-259
-199
-112
-19
38
91
147
240
286
305
304
314
326
346
368
398
455
421
397
371
299
204
136
58
1
-18
-74
-71
-62
-89
-107
-148
-181
-185
-181
-184
-159
-106
-44
-34
-17
-2
30
125
159
195
210
248
296
322
339
350
373
387
372
392
416
404
372
312
308
288
249
248
197
170
127
88
22
-23
-44
-23
-54
-98
-89
-109
-83
-78
-92
-46
7
92
192
238
288
312
337
366
438
480
480
460
437
445
488
509
481
486
414
383
375
374
338
275
170
134
85
29
0
-94
-116
-156
-188
-218
-256
-303
-294
-312
-336
-307
-345
-367
-363
-346
-314
-263
-197
-134
-111
-94
-40
20
38
43
3
-51
-25
-32
-1
-16
-45
-37
-47
-54
-94
-97
-76
-58
-38
-40
-84
-112
-201
-319
-346
-420
-414
-465
-541
-550
-624
-611
-651
-670
-656
-733
-728
-746
-756
-693
-648
-555
-484
-413
-350
-317
-249
-142
-43
56
163
240
302
338
406
444
485
528
482
504
536
587
617
622
593
582
567
521
483
440
404
343
235
113
15
-107
-189
-293
-398
-488
-557
-625
-712
-770
-774
-726
-669
-667
-681
-707
-655
-532
-431
-340
-263
-255
-208
-112
-104
-84
-51
13
37
92
139
189
219
258
300
317
341
384
466
507
595
613
594
622
569
522
490
444
423
352
260
138
25
-49
-131
-202
-289
-334
-310
-349
-344
-341
-351
-347
-381
-392
-373
-366
-356
-299
-305
-252
-235
-227
-151
-128
-25
51
172
291
344
445
532
625
748
823
896
917
975
1047
1034
1050
982
906
829
733
653
515
385
226
52
-138
-294
-443
-586
-698
-785
-867
-965
-1019
-1101
-1117
-1141
-1054
-1028
-999
-940
-913
-821
-756
-688
-592
-474
-364
-237
-147
3
101
176
262
404
562
683
815
938
1046
1113
1116
1098
1107
1105
1075
1049
964
927
886
766
648
502
422
320
181
54
-76
-165
-246
-369
-463
-571
-708
-781
-867
-894
-887
-896
-904
-931
-913
-884
-861
-827
-796
-685
-509
-353
-216
-76
44
189
341
475
605
718
833
951
1081
1176
1288
1305
1322
1328
1277
1235
1158
1075
1001
927
825
694
579
453
315
173
0
-63
-165
-281
-354
-456
-485
-558
-616
-691
-746
-768
-764
-787
-790
-789
-810
-784
-799
-728
-663
-630
-548
-434
-318
-170
-69
51
146
266
412
504
576
631
708
714
732
762
753
729
669
616
561
526
539
486
375
279
178
146
88
23
-57
-131
-173
-255
-352
-413
-479
-559
-604
-636
-607
-600
-599
-600
-634
-603
-573
-498
-416
-327
-206
-77
58
143
213
302
388
439
458
521
595
668
753
776
761
769
731
672
623
546
536
484
406
370
283
222
192
82
-7
-56
-71
-133
-218
-323
-424
-477
-526
-539
-554
-620
-721
-819
-923
-943
-932
-959
-945
-959
-936
-836
-739
-706
-651
-593
-527
-436
-311
-231
-154
-76
-72
-43
17
35
56
33
7
22
81
138
185
200
181
203
230
279
278
265
326
320
340
334
306
313
268
196
123
101
79
42
-78
-136
-192
-219
-250
-313
-338
-304
-253
-235
-206
-171
-142
-128
-94
-71
-37
30
-10
-17
-49
-64
-4
38
35
-46
-92
-111
-112
-88
-80
-119
-158
-206
-209
-183
-182
-180
-242
-284
-280
-282
-292
-282
-321
-379
-421
-473
-445
-419
-385
-363
-322
-295
-242
-205
-176
-134
-130
-86
-36
-21
-5
1
70
113
140
140
95
87
70
41
49
64
111
135
84
47
43
71
97
119
127
154
187
198
182
182
135
99
81
76
71
77
134
134
106
139
139
162
161
142
154
206
256
275
273
215
258
315
362
373
338
315
302
336
292
274
235
200
197
166
205
232
255
264
311
363
420
459
432
418
424
457
508
512
487
446
442
459
446
426
364
343
379
401
392
432
430
427
391
389
416
437
436
401
388
360
334
293
218
130
51
9
9
-31
-85
-111
-203
-252
-256
-303
-328
-321
-302
-217
-136
-92
-39
-39
-1
55
42
59
68
91
139
139
133
103
113
117
110
119
132
158
158
177
172
129
131
126
144
158
121
71
15
17
17
7
-12
-79
-136
-232
-323
-339
-333
-342
-393
-451
-442
-366
-328
-302
-263
-249
-221
-181
-169
-136
-157
-169
-162
-148
-113
-97
-77
-67
-60
-34
-24
-20
-20
-44
-39
-88
-110
-87
-55
-44
-34
-12
-9
-1
17
-15
-65
-91
-108
-160
-215
-269
-303
-281
-259
-297
-293
-296
-256
-229
-310
-346
-380
-369
-311
-298
-324
-370
-387
-371
-328
-314
-336
-355
-369
-370
-319
-269
-217
-148
-198
-241
-213
-198
-125
-162
-197
-235
-257
-195
-175
-190
-234
-258
-267
-285
-253
-215
-200
-202
-221
-209
-191
-189
-199
-234
-230
-217
-192
-189
-195
-251
-241
-237
-175
-97
-88
-91
-110
-88
-34
2
-10
14
-32
-22
17
68
80
117
159
150
167
147
169
170
154
179
217
234
204
199
165
94
134
125
182
204
132
154
136
156
203
144
89
10
-59
-23
44
73
29
-2
-28
-68
-81
-98
-121
-44
-19
7
33
17
24
25
69
86
103
64
54
95
111
150
160
147
134
136
175
216
242
248
274
325
306
334
303
339
372
373
425
384
352
285
204
145
118
113
74
0
-71
-110
-140
-143
-193
-257
-264
-242
-229
-223
-214
-178
-75
5
80
168
224
310
342
388
404
458
565
580
586
532
544
602
600
628
581
535
530
539
546
510
539
554
546
558
527
495
439
391
331
264
194
113
32
-62
-139
-153
-232
-255
-295
-384
-398
-429
-420
-396
-367
-322
-325
-292
-267
-253
-172
-135
-56
-13
51
130
168
260
332
406
460
475
516
542
558
584
512
483
427
399
385
328
326
268
182
82
53
33
-52
-134
-244
-280
-253
-266
-316
-404
-496
-516
-562
-584
-569
-648
-677
-714
-743
-710
-648
-613
-610
-598
-532
-411
-346
-268
-218
-204
-126
-33
45
75
88
112
143
163
174
133
61
28
34
12
-31
-84
-144
-188
-223
-261
-311
-356
-408
-446
-471
-514
-565
-605
-613
-663
-698
-741
-784
-792
-826
-827
-817
-792
-731
-698
-682
-672
-707
-701
-637
-584
-534
-515
-450
-356
-284
-304
-276
-229
-152
-47
20
65
91
176
308
336
359
363
346
360
341
407
427
459
422
321
280
295
333
351
267
182
171
163
185
169
140
40
-11
-92
-194
-202
-220
-259
-314
-353
-274
-222
-235
-224
-266
-233
-170
-108
-69
-94
-44
-53
23
62
90
129
96
163
256
306
355
349
340
353
380
387
332
328
323
340
379
362
440
479
474
438
380
424
374
373
336
243
209
122
126
115
37
-64
-159
-127
-56
-71
-119
-190
-212
-183
-137
-81
-59
-34
-28
-41
-11
21
86
101
63
63
74
121
171
212
214
174
191
216
220
278
321
380
409
434
500
555
633
663
640
596
577
566
536
493
440
362
334
311
287
284
205
203
194
142
145
94
23
-11
-9
13
4
20
-34
-57
-30
-90
-129
-188
-181
-149
-152
-140
-166
-165
-178
-202
-148
-111
-118
-64
-48
13
110
204
274
316
352
384
434
450
429
437
423
427
399
376
348
290
307
289
299
313
280
197
149
124
54
44
16
-12
-25
-144
-238
-262
-287
-294
-364
-443
-515
-516
-460
-449
-447
-455
-455
-416
-412
-373
-322
-310
-291
-312
-270
-188
-142
-98
-97
-79
-100
-137
-163
-139
-110
-123
-104
-113
-88
-53
-33
-40
-64
-110
-120
-125
-129
-210
-320
-353
-416
-475
-538
-567
-564
-550
-575
-600
-575
-543
-522
-528
-531
-428
-384
-369
-325
-277
-227
-215
-208
-222
-202
-160
-126
-105
-74
-14
-10
-22
-6
-33
-26
-4
2
49
32
25
37
5
12
-75
-101
-141
-126
-41
-43
-38
-135
-170
-188
-209
-179
-196
-239
-214
-242
-248
-202
-182
-160
-167
-128
-113
-102
-59
-54
-9
27
7
-4
-35
-68
-51
-53
-11
37
-6
-33
-30
-29
26
53
33
56
72
120
188
231
273
286
287
301
376
456
492
491
482
482
442
435
407
331
270
223
254
282
265
209
183
236
240
246
201
156
97
40
-4
-50
-32
-8
28
70
60
61
61
58
78
59
-2
43
108
122
140
114
153
198
228
240
275
280
251
274
245
244
296
250
208
142
121
111
77
21
-69
-97
-91
-58
-60
-58
-69
-80
-80
-71
-128
-123
-121
-154
-156
-228
-208
-217
-236
-230
-243
-242
-206
-187
-191
-170
-125
-98
-83
-36
-31
14
19
1
44
37
79
113
100
119
101
138
156
140
135
98
130
98
105
168
185
261
252
219
160
127
188
202
213
222
240
263
251
252
229
205
269
260
267
291
251
275
234
237
254
246
247
240
249
260
223
200
197
201
180
141
117
53
40
7
-46
-64
-75
-92
-124
-141
-134
-126
-111
-105
-91
-66
-33
31
66
50
38
3
-8
-7
2
60
39
14
-13
-81
-83
-119
-110
-98
-87
-54
-103
-127
-149
-164
-163
-194
-211
-248
-282
-334
-315
-300
-279
-295
-339
-320
-329
-307
-321
-333
-302
-262
-265
-306
-231
-159
-90
-92
-98
-101
-85
-59
-45
-7
-33
8
9
23
64
76
91
59
56
10
-22
-34
-74
-65
-69
-58
-43
-95
-173
-220
-343
-382
-435
-470
-479
-522
-513
-530
-529
-557
-604
-606
-627
-623
-557
-531
-539
-541
-560
-527
-454
-396
-329
-240
-225
-178
-107
-58
-13
-6
-4
-27
-29
-14
49
86
81
124
117
127
175
201
185
168
93
71
35
42
77
37
12
-104
-191
-197
-187
-174
-181
-227
-224
-213
-225
-231
-248
-249
-248
-170
-102
-23
49
72
110
117
86
125
123
145
218
252
306
325
393
439
481
474
473
506
495
516
495
432
395
397
399
407
337
280
236
204
166
100
34
-51
-106
-154
-203
-255
-310
-398
-446
-478
-543
-574
-625
-689
-682
-626
-569
-499
-418
-375
-325
-332
-295
-165
-97
-11
31
60
115
161
252
305
348
357
385
429
412
431
466
478
464
478
500
503
497
458
387
413
434
410
393
273
178
125
31
46
33
-3
-4
-29
-9
11
-23
-38
-8
19
6
-15
54
63
5
-6
37
88
135
133
132
105
127
186
204
238
242
287
306
320
307
274
267
276
292
312
333
352
360
382
318
283
276
255
257
237
212
164
113
86
-5
-40
-84
-126
-89
-102
-81
-109
-137
-123
-149
-153
-154
-158
-112
-122
-75
-29
13
59
42
90
103
96
181
174
151
150
153
226
264
288
260
246
264
244
256
247
143
86
70
42
9
-29
-75
-170
-185
-170
-180
-229
-272
-288
-285
-282
-228
-222
-262
-280
-310
-262
-248
-223
-221
-221
-209
-202
-182
-158
-90
-91
-98
-106
-96
-98
-83
-115
-142
-159
-164
-188
-235
-229
-244
-235
-242
-280
-257
-245
-246
-255
-279
-251
-252
-241
-232
-278
-248
-261
-285
-300
-289
-266
-247
-269
-315
-283
-261
-205
-204
-222
-237
-226
-189
-161
-162
-144
-114
-118
-114
-122
-166
-202
-183
-132
-128
-99
-93
-51
22
48
51
11
-11
-92
-147
-179
-185
-164
-193
-252
-309
-331
-343
-337
-305
-290
-311
-311
-283
-207
-136
-62
-27
-13
4
41
154
189
233
269
289
346
362
363
325
282
234
260
267
218
196
173
161
164
164
136
102
40
12
-9
-39
-88
-112
-77
-51
-86
-86
-11
36
84
121
125
152
185
186
174
217
277
336
285
280
258
217
259
278
346
358
347
306
260
279
249
249
245
192
181
