67
80
34
72
72
16
-58
-49
-32
-36
-19
-60
-99
-92
-93
-58
-10
2
0
0
-1
0
-1
0
0
0
0
0
0
0
0
0
1
0
0
0
0
0
0
0
0
0
0
0
0
0
0
0
0
0
0
0
0
0
-1
0
0
0
0
0
0
0
0
0
0
0
0
0
1
0
0
0
0
0
0
0
1
0
0
0
1
1
0
0
0
-1
1
1
0
0
0
0
0
0
0
1
0
0
0
1
0
0
0
0
0
-1
0
0
0
0
0
0
0
0
0
0
-1
-1
-1
0
0
0
0
-1
0
0
0
0
0
0
0
0
0
1
0
1
0
0
0
0
0
0
1
-1
0
1
-1
0
0
0
0
0
0
0
-1
0
0
0
-1
0
0
0
0
0
0
-1
0
0
0
0
0
0
0
0
-1
3
-42
-46
5
-2
-38
-42
-55
-44
-15
-14
-13
10
37
69
86
78
89
95
97
109
120
154
174
151
146
170
172
150
129
118
135
144
126
135
94
41
41
33
12
27
12
11
-35
-11
51
84
112
124
116
122
148
145
177
193
158
126
128
97
111
138
156
152
164
178
196
203
174
185
189
185
176
184
214
217
188
146
126
130
139
39
-3
5
-3
-10
-16
-1
-7
5
2
-1
0
1
-6
-5
6
1
2
3
-9
-11
2
-2
-7
5
2
7
7
-11
0
3
2
9
1
-1
-17
-12
-2
18
10
-13
-11
-13
-5
1
-16
-6
-6
-11
0
1
-13
-12
-5
3
13
9
-7
-14
-7
-4
-11
-16
-3
-2
-5
8
13
12
9
-10
0
5
7
14
3
-16
-15
4
17
16
13
-4
2
7
5
8
8
4
9
7
15
17
13
13
8
7
-4
14
6
-2
7
-2
3
-6
-6
-5
-12
-10
-3
-3
-17
-3
-9
-4
-7
-15
8
-5
3
-1
-3
3
1
2
4
9
8
-1
3
8
-2
8
-5
0
-2
-2
9
7
14
1
7
14
2
5
-8
-10
-3
-3
20
17
-4
7
3
9
5
5
6
1
-4
-9
-4
3
13
12
2
-4
6
3
13
15
3
9
2
6
11
6
9
11
9
1
1
19
16
0
3
-8
5
14
-6
9
3
5
10
-6
-5
-9
1
3
-2
14
5
-3
-2
-13
-3
5
-1
8
-4
-4
-12
-2
6
-3
-3
-15
7
5
-11
-4
-1
0
8
2
0
-6
9
14
4
5
-4
-3
-4
-3
3
9
7
9
7
7
0
1
-1
-5
7
4
-4
3
-1
5
16
10
14
5
4
3
-1
-6
-3
4
-4
-2
2
-8
0
4
0
-3
-5
10
-6
-8
0
-4
9
-7
9
8
0
-3
-8
-10
-13
-14
-4
0
-4
1
8
-2
-3
-11
-14
-12
-1
-9
-4
-9
-19
-8
-17
-5
0
1
4
2
-9
-3
1
-7
-3
-6
1
6
-3
-4
-2
-8
-4
-6
-12
-6
15
-17
-5
1
-23
1
-19
-2
-4
-1
6
-7
-4
-4
2
-8
1
-3
-2
5
12
11
0
-16
4
-8
12
10
-10
19
-16
-8
3
-8
3
-3
-14
-12
-7
-12
-21
-12
-12
-5
-21
-25
-4
-19
-16
-2
-14
-4
-2
-17
-7
-6
-10
-7
-6
2
-3
4
-16
-6
18
7
2
-13
-9
1
2
-8
-4
-11
-9
-3
-9
-12
-14
8
1
-11
-10
-14
7
21
17
30
1
-13
2
-24
-12
-17
-16
-5
-7
-9
-11
-4
-14
-11
11
19
25
17
0
20
20
24
46
16
-7
-23
-28
-19
10
17
28
37
10
13
24
17
19
15
1
9
24
16
20
6
-34
-11
2
23
19
11
12
-13
-30
-35
-9
3
-4
28
66
-85
40
11
-33
136
-51
33
50
-45
47
4
6
59
-1
4
14
-31
17
35
25
42
2
-50
-19
-24
-26
34
5
28
10
8
42
52
57
57
2
6
34
10
57
20
10
16
9
-10
23
27
28
30
28
18
15
5
-1
18
28
40
21
15
28
41
52
20
22
-1
4
17
-7
-11
-12
-29
-33
-3
17
45
31
16
-2
23
5
-8
17
0
-12
-1
4
-1
-3
-1
-12
-18
10
-14
6
19
-12
15
-5
7
-1
23
31
34
29
8
9
11
18
44
38
7
-3
-29
-7
-7
13
21
10
9
-18
-33
-5
9
5
1
-19
-49
-48
-43
-23
-10
6
21
25
30
7
22
45
24
8
-19
-25
23
33
19
-28
-21
19
22
37
3
-22
-8
-23
-39
-31
2
33
31
21
-15
-32
-38
-38
-35
-10
-6
-36
-32
-33
-17
-21
-16
5
1
-1
-23
-17
-2
-2
-9
-36
-27
-12
-21
-23
-30
-34
-60
-76
-82
-74
-30
-41
-52
-45
-59
-35
-15
8
11
12
7
1
14
6
15
-3
-30
8
35
48
44
25
5
-13
-22
-26
-36
-46
-53
-37
-8
-19
-46
-61
-62
-53
-49
-79
-81
-62
-13
35
23
-1
-5
-43
-55
-42
-54
-49
-48
-15
-30
-58
-58
-55
-32
-39
-37
-6
-1
16
35
23
3
0
-20
-20
0
1
17
14
-16
-39
-38
-49
-36
-35
-54
-32
11
41
55
16
-35
-58
-5
-6
-19
15
6
3
1
-31
-54
-37
-17
-17
-3
-8
-8
-4
-12
-18
-11
-42
-22
-6
-22
14
43
64
75
62
27
21
34
51
41
42
29
-5
23
15
-15
0
-15
-18
-3
21
21
31
24
10
32
18
35
35
21
-1
15
30
32
27
23
6
5
-18
-24
-4
-47
-20
-14
-6
-18
-20
5
7
14
12
14
-18
-45
-26
-2
1
13
17
13
14
19
30
38
26
12
12
12
0
-2
-16
1
22
16
33
21
15
39
31
47
67
39
36
47
49
45
23
-23
-18
-11
-23
-17
-2
-7
-15
-10
-3
41
22
9
21
31
24
25
38
43
54
30
4
26
28
9
21
4
22
30
43
50
40
51
40
37
33
41
37
35
44
33
22
13
15
12
41
43
10
1
-26
-42
-19
-18
-29
-42
-43
-33
-23
-7
-30
-49
-68
-83
-29
-25
-65
-79
-74
-70
-19
-10
4
48
52
86
87
88
85
100
84
78
77
23
26
22
8
9
11
18
15
-5
-4
-9
3
20
32
34
26
38
43
54
44
19
50
57
52
59
20
-17
-19
0
-19
-20
5
10
42
61
44
7
-14
-11
26
48
17
-2
-16
18
67
59
57
60
82
72
50
3
-44
-10
-23
-67
-84
-76
-36
-5
-17
3
-3
-15
12
40
51
31
0
-23
-81
-95
-53
1
48
32
12
-22
-45
-89
-99
-79
-72
-43
-27
-12
37
47
29
6
3
27
14
27
25
-6
-19
-38
-34
-34
-42
-13
-30
-42
-8
35
30
9
-16
-34
-16
-2
-9
-45
-24
7
18
8
-48
-94
-103
-81
-32
-2
-4
-27
-49
-71
-57
-24
-4
-8
-37
-49
-50
-43
1
14
-3
-34
-72
-63
-41
-22
-13
-13
20
39
47
16
-18
-34
-50
-69
-75
-49
-50
-72
-88
-101
-107
-113
-98
-59
-29
-17
-28
-37
-26
-19
-23
-41
-52
-64
-93
-79
-77
-107
-93
-66
-62
-38
-16
-6
-5
-20
20
35
30
27
15
6
-3
23
47
42
6
-3
-8
-12
14
-5
-46
-73
-117
-125
-117
-95
-102
-101
-111
-140
-145
-125
-117
-141
-149
-121
-82
-39
-5
-42
-33
-30
-37
-12
-11
-17
-5
-17
-35
-31
-15
-18
-36
-2
12
16
-19
-34
-11
4
-5
-25
-50
-81
-70
-76
-65
-107
-136
-178
-181
-134
-131
-149
-158
-161
-178
-153
-135
-96
-63
-54
-55
-70
-31
3
24
34
58
64
66
69
60
52
25
45
77
104
135
156
184
185
155
104
77
87
107
97
62
85
100
106
91
58
78
106
135
136
77
78
109
106
117
104
70
86
74
77
95
99
101
135
185
215
223
213
187
190
207
242
256
244
209
160
175
175
163
172
176
207
169
137
184
195
188
153
109
113
133
130
135
133
157
145
119
92
61
59
58
61
60
50
67
54
44
57
43
56
68
77
67
60
46
30
44
27
4
0
0
16
22
56
110
104
101
123
134
155
153
146
186
201
219
185
114
98
91
117
156
176
171
147
134
130
167
159
133
150
127
107
100
77
70
34
-1
27
20
-38
-65
-106
-108
-56
-31
-29
-33
-43
-42
-23
-16
-23
-56
-37
-14
20
-23
-12
-32
-22
-22
-28
-19
1
26
-5
44
45
43
55
62
47
33
39
69
80
65
8
13
-10
-21
6
5
6
24
13
-5
-17
-45
-71
-97
-152
-143
-124
-128
-123
-96
-76
-92
-48
-37
-34
-18
-25
7
22
0
-3
-12
-31
-13
3
-15
-15
-53
-79
-109
-146
-130
-125
-148
-131
-164
-201
-204
-226
-215
-186
-205
-258
-263
-218
-207
-202
-247
-275
-268
-272
-295
-292
-273
-224
-233
-208
-233
-270
21
-205
-198
-330
-224
-284
-482
-16
89
-62
-497
-447
50
192
-322
-504
-376
319
-233
-1044
8
-84
213
-740
-758
198
-36
-152
-647
-392
201
-30
-116
-46
-425
-459
50
46
339
-716
-302
-109
514
-725
-1856
1517
101
1006
-1650
-761
951
216
-125
-1132
271
598
-234
-601
0
483
60
-592
35
308
200
-348
-237
380
166
-96
-182
336
326
-100
-66
161
380
55
-22
-64
338
6
-228
-253
89
93
-238
-246
-104
168
-48
-121
-222
43
44
-71
-132
-141
-94
-196
-123
-81
-76
-245
-91
-60
-32
-81
-136
135
67
71
-86
15
192
138
142
18
157
113
46
196
-29
227
60
138
70
-1
47
32
132
2
83
8
131
126
4
57
101
179
87
68
106
157
112
35
28
55
42
-16
35
57
29
-43
-36
46
70
-71
-79
30
119
58
-42
0
37
62
-41
-90
99
116
111
52
68
170
57
47
39
98
109
14
139
128
74
6
56
124
83
80
51
73
111
54
-22
166
173
66
-19
-7
44
81
-1
-44
80
72
7
12
64
69
-19
-48
36
103
44
-24
-12
98
35
-52
-29
30
185
76
32
15
53
134
56
89
65
186
186
134
188
188
206
210
249
291
236
184
122
97
195
142
164
171
196
191
87
54
91
133
141
54
-18
37
34
24
-30
-39
28
81
0
-79
11
27
24
-77
-33
38
54
66
62
164
120
150
84
139
216
124
153
217
262
205
151
116
300
317
242
174
229
334
151
119
175
268
246
-9
6
91
152
6
-119
-2
127
65
-102
-96
6
60
-41
-92
-94
50
18
-65
4
-39
-34
-65
-30
12
-46
-34
48
90
95
-21
67
127
60
53
67
206
101
62
71
195
241
76
35
117
132
40
-14
63
158
114
70
101
125
106
66
103
104
115
42
69
212
119
83
42
188
106
31
54
100
191
61
20
-62
12
-37
-122
-80
-127
-50
-132
-105
32
64
-68
-98
-44
-1
14
10
14
16
4
-102
11
99
132
31
37
114
61
19
26
114
152
46
37
79
97
104
36
120
122
155
13
-26
73
-86
-97
-164
-26
-38
-108
-121
-90
-48
-99
-48
-104
-20
-61
-120
-58
-59
-44
-110
-157
-145
-151
-174
-211
-100
9
-75
-101
-199
-100
51
41
-25
-69
-13
25
96
89
14
-17
43
30
55
38
123
148
7
55
-28
59
99
-21
-6
-118
-68
-70
-51
-111
-173
-259
-292
-135
-174
-285
-406
-340
-215
-221
-303
-373
-402
-329
-438
-446
-399
-435
-470
-552
-439
-357
-378
-679
-594
-211
-271
-102
-439
-631
-548
-498
-188
-286
-415
-444
-492
-384
-303
-410
-489
-586
-487
-442
-520
-541
-580
-544
-556
-473
-381
-507
-633
-545
-467
-464
-503
-482
-415
-426
-444
-569
-457
-290
-210
-239
-394
-556
-647
-424
-237
-206
-405
-379
-271
-330
-263
-354
-326
-299
-317
-266
-187
-113
-195
-270
-128
20
-101
-203
-229
-118
-116
-190
-182
-116
-110
-175
-182
-202
-224
-323
-292
-294
-242
-203
-170
-169
-240
-235
-257
-157
-107
-202
-211
-172
-148
-167
-198
-108
-53
-39
-69
-79
-22
61
117
180
190
202
216
156
192
181
225
266
267
246
239
279
323
308
246
260
234
262
188
193
246
135
140
211
303
175
127
166
204
280
135
93
177
204
176
102
131
179
186
216
218
182
258
176
223
247
297
293
203
298
315
365
289
267
317
330
312
348
409
459
448
427
396
381
455
494
511
392
364
374
422
411
425
405
469
409
366
434
431
447
325
343
352
465
416
290
271
293
338
384
358
391
337
322
312
352
373
280
281
296
371
311
248
310
372
443
379
353
439
496
529
465
505
461
403
358
342
419
369
344
396
393
384
283
200
266
282
281
195
181
192
189
116
81
141
191
120
86
72
51
81
-35
20
-35
17
-17
-93
-3
-6
7
50
62
53
45
39
9
8
30
5
60
87
63
4
1
-16
-16
-35
17
-31
-26
-53
-29
-35
-107
-107
-89
-112
-185
-155
-207
-138
-159
-235
-252
-222
-212
-248
-331
-263
-243
-247
-318
-377
-260
-286
-241
-288
-275
-287
-352
-302
-320
-331
-346
-316
-282
-316
-391
-369
-335
-309
-367
-478
-390
-424
-410
-454
-431
-326
-445
-520
-492
-475
-514
-568
-531
-491
-508
-583
-567
-581
-676
-700
-677
-673
-665
-717
-744
-652
-632
-713
-787
-746
-634
-625
-684
-700
-612
-640
-760
-800
-814
-791
-772
-799
-825
-734
-677
-674
-677
-634
-604
-551
-588
-493
-465
-474
-470
-527
-444
-457
-443
-464
-416
-412
-475
-459
-504
-467
-521
-596
-538
-453
-466
-512
-511
-401
-400
-412
-394
-432
-348
-460
-417
-379
-421
-362
-394
-345
-325
-361
-448
-427
-437
-373
-400
-397
-365
-377
-365
-482
-378
-419
-346
-361
-408
-359
-384
-369
-435
-398
-383
-339
-355
-346
-319
-338
-318
-328
-268
-268
-230
-153
-208
-174
-171
-133
-66
-33
-50
-117
-6
18
8
15
20
75
53
17
54
80
60
-15
5
125
141
83
72
166
234
116
26
132
188
173
48
44
63
59
24
-23
83
55
71
30
53
105
30
47
45
106
39
79
163
213
216
152
152
133
142
194
223
232
217
151
154
196
233
175
211
249
230
264
268
272
311
281
303
290
272
273
246
249
184
144
274
338
329
266
273
358
354
330
324
375
426
394
396
427
457
480
457
483
397
377
359
388
399
351
349
406
465
424
365
414
485
486
442
385
434
510
534
480
437
431
473
472
436
436
495
543
477
413
379
431
466
387
386
424
508
443
410
412
384
345
301
370
336
292
178
174
238
193
146
135
133
87
83
119
145
122
68
77
130
112
108
170
200
153
136
169
181
84
83
114
116
39
18
164
182
168
77
88
190
177
93
17
55
153
133
76
97
128
118
70
113
133
78
30
62
85
-55
-98
-26
59
14
-64
91
140
120
57
22
85
48
-7
-66
-77
-136
-189
-109
-146
-201
-260
-238
-213
-231
-298
-306
-323
-379
-426
-460
-425
-433
-407
-431
-414
-428
-469
-459
-441
-395
-381
-343
-304
-342
-312
-338
-312
-357
-356
-339
-387
-361
-341
-245
-265
-328
-334
-307
-322
-350
-355
-340
-305
-242
-215
-246
-305
-327
-284
-306
-330
-354
-310
-308
-385
-422
-456
-383
-419
-513
-532
-396
-332
-398
-451
-493
-448
-462
-534
-526
-472
-461
-545
-579
-592
-596
-635
-641
-630
-570
-494
-449
-399
-409
-438
-543
-430
-345
-340
-380
-377
-308
-356
-373
-385
-304
-280
-318
-334
-338
-284
-298
-326
-348
-296
-351
-369
-349
-328
-288
-358
-280
-212
-172
-185
-166
-138
-118
-89
-55
21
22
17
-31
-11
-7
35
35
-16
-65
-125
-33
-54
-94
-148
-207
-146
-116
-106
-115
-93
-43
-21
-39
-70
-83
-30
3
10
55
30
43
56
32
50
72
131
91
87
123
133
164
129
124
128
164
158
123
95
124
135
150
105
143
200
185
190
108
173
208
204
155
95
193
221
226
202
156
276
286
295
259
235
276
228
175
165
193
205
191
199
178
131
156
159
189
175
157
196
248
253
218
215
258
266
272
300
366
361
354
355
301
362
348
299
284
332
389
354
342
386
454
415
341
364
391
388
387
327
290
333
330
341
357
314
357
347
342
319
325
406
386
372
330
401
457
430
457
450
427
432
425
453
432
440
454
428
417
403
446
433
435
428
384
401
447
419
370
345
331
321
266
244
271
269
231
219
238
202
202
144
135
200
221
194
172
161
86
95
82
45
19
31
35
28
18
31
69
20
35
6
-34
17
21
3
-13
-16
-7
-34
-55
-43
-19
-21
-28
-14
-15
-10
-11
-26
-46
23
25
24
47
-11
-30
-34
10
-39
-59
-52
-6
37
63
66
18
31
73
123
129
83
69
73
136
150
126
111
87
80
52
57
60
108
89
57
44
33
68
42
8
4
24
40
-30
-26
-30
35
75
-59
-124
-7
159
82
22
-108
-18
88
102
81
31
81
40
41
69
43
-24
-17
42
48
16
-27
-59
-43
-5
-31
-18
-9
-59
-57
-20
19
-22
-29
-65
-95
-65
-70
-41
-100
-175
-193
-131
-76
-98
-93
-63
-47
-81
-39
-3
17
-41
-1
65
54
16
2
95
28
-2
-72
-57
17
-46
-40
-37
-28
0
-66
8
59
12
-31
-95
-47
-74
-139
-140
-133
-82
-101
-159
-177
-204
-211
-238
-191
-174
-193
-156
-196
-174
-209
-199
-151
-157
-159
-188
-121
-90
-101
-156
-143
-109
-130
-128
-139
-139
-133
-136
-116
-102
-124
-158
-144
-137
-129
-96
-74
-9
-14
-39
-7
27
33
12
43
48
51
7
-9
27
34
26
-7
-31
-43
-88
-91
-80
-73
-122
-173
-174
-187
-185
-221
-224
-222
-233
-337
-344
-307
-331
-311
-286
-286
-333
-331
-341
-303
-330
-394
-402
-340
-340
-379
-381
-333
-276
-284
-276
-266
-235
-239
-251
-214
-235
-242
-235
-247
-149
-160
-176
-169
-168
-173
-194
-176
-139
-125
-189
-205
-204
-185
-171
-171
-156
-108
-65
-114
-123
-97
-46
-15
-58
-26
-23
1
1
-36
-25
-27
6
-22
-42
-16
6
1
-58
-68
-69
-26
-9
0
-18
-48
-16
-34
-30
-62
-56
-5
45
-7
-43
-32
34
84
69
91
135
177
174
146
150
130
104
59
77
87
-20
-24
-22
9
19
-6
48
46
54
25
1
69
42
23
15
43
27
-22
3
33
63
27
44
97
142
74
65
72
41
23
30
80
101
88
54
48
108
129
140
139
151
134
145
199
206
161
147
177
225
197
176
214
209
250
222
233
274
290
280
247
261
258
250
277
263
275
241
237
283
301
321
307
296
285
193
235
260
279
269
290
336
320
313
270
300
332
319
309
322
335
339
291
303
337
338
355
358
381
369
313
316
351
382
362
328
357
392
396
419
433
425
380
371
349
386
394
412
378
361
376
358
358
342
347
328
342
335
347
338
340
321
321
339
297
271
303
326
292
283
255
219
164
125
186
223
240
217
176
187
177
175
153
172
193
151
102
43
73
188
119
47
55
-14
3
37
130
141
15
-64
-82
-62
-114
-66
17
-11
2
-47
-10
6
-111
-120
-117
-25
42
31
12
36
-18
-93
-188
-301
-334
-334
-176
-85
10
120
38
-68
-295
-486
-486
-410
-248
-100
75
180
66
-123
-393
-539
-536
-455
-228
-66
14
-33
-191
-322
-469
-594
-558
-491
-341
-195
-158
-211
-354
-502
-649
-695
-637
-473
-324
-298
-301
-319
-383
-438
-469
-467
-409
-339
-252
-228
-335
-426
-458
-498
-504
-499
-443
-380
-373
-422
-490
-507
-556
-543
-469
-491
-487
-463
-475
-477
-428
-433
-430
-429
-489
-496
-513
-524
-480
-418
-449
-452
-461
-505
-525
-539
-490
-424
-412
-391
-364
-342
-321
-335
-332
-325
-319
-283
-286
-290
-308
-275
-258
-291
-348
-351
-305
-303
-301
-325
-346
-312
-297
-327
-339
-316
-280
-267
-253
-235
-218
-270
-326
-337
-306
-248
-273
-265
-264
-256
-244
-231
-214
-248
-217
-186
-186
-210
-161
-135
-113
-134
-146
-66
-59
-53
-74
-79
-29
-1
-16
-7
34
46
28
73
115
155
180
187
221
239
235
247
234
241
256
265
313
304
309
273
286
344
385
378
373
382
382
403
374
417
427
417
401
372
360
335
334
349
348
363
330
353
383
395
403
399
404
414
478
507
531
578
647
713
721
713
710
714
728
734
709
678
721
728
752
708
669
667
663
616
575
574
589
602
570
572
581
587
576
561
534
515
552
548
496
486
528
552
548
524
514
521
506
486
472
450
439
471
496
537
529
508
514
496
473
454
445
423
428
396
381
368
300
312
327
336
280
295
291
251
316
308
342
371
378
342
294
280
286
288
259
262
229
169
166
210
229
226
206
135
120
124
118
132
139
155
149
95
104
109
114
142
133
136
101
114
86
50
75
53
69
74
96
92
44
41
36
99
73
35
19
-36
-24
-32
-71
-83
-98
-98
-123
-159
-171
-178
-184
-224
-226
-237
-241
-258
-278
-262
-274
-276
-274
-271
-288
-297
-272
-240
-217
-227
-290
-302
-280
-335
-388
-424
-411
-371
-440
-466
-477
-467
-453
-440
-416
-427
-466
-521
-496
-490
-462
-464
-461
-385
-365
-366
-372
-361
-354
-397
-407
-418
-420
-375
-408
-428
-433
-422
-424
-430
-411
-412
-394
-379
-370
-371
-385
-396
-397
-397
-425
-456
-466
-490
-474
-427
-428
-387
-378
-391
-374
-402
-391
-399
-404
-396
-404
-434
-441
-419
-392
-359
-307
-249
-187
-157
-171
-159
-207
-224
-201
-147
-82
-98
-90
-119
-165
-123
-118
-108
-109
-102
-86
-99
-96
-120
-139
-105
-124
-156
-174
-151
-91
-73
-81
-84
-111
-173
-174
-149
-140
-136
-159
-171
-159
-171
-188
-168
-114
-65
-41
20
45
35
20
36
89
108
135
156
151
155
164
167
170
188
228
221
213
200
151
116
112
138
155
174
206
250
228
191
132
102
92
105
123
115
126
130
144
171
164
153
164
179
216
228
261
285
293
316
329
343
379
407
396
408
407
438
493
510
514
520
488
462
475
494
505
500
491
480
482
468
492
477
472
472
481
447
444
497
444
458
467
436
424
364
269
206
152
99
51
33
14
-38
6
115
276
279
126
20
75
251
438
567
636
668
599
528
589
708
825
912
972
1053
1003
901
734
659
659
654
663
596
489
310
151
97
98
72
16
-51
-129
-196
-245
-259
-237
-193
-139
-83
-50
-33
-49
1
68
175
269
318
330
279
277
279
299
325
334
307
272
241
186
129
88
52
34
-30
-113
-158
-225
-296
-347
-379
-385
-363
-332
-329
-332
-344
-376
-381
-348
-326
-280
-247
-229
-219
-254
-208
-151
-148
-170
-187
-218
-183
-158
-188
-220
-248
-235
-225
-241
-207
-205
-251
-225
-216
-189
-193
-216
-217
-216
-223
-249
-261
-301
-294
-265
-266
-237
-261
-311
-320
-312
-268
-243
-234
-250
-196
-193
-212
-208
-233
-224
-222
-194
-160
-180
-162
-142
-148
-151
-191
-213
-221
-241
-252
-276
-277
-274
-286
-307
-318
-291
-280
-289
-297
-276
-235
-272
-280
-229
-240
-229
-230
-230
-214
-246
-245
-249
-264
-258
-271
-258
-244
-269
-304
-356
-346
-323
-340
-352
-368
-369
-334
-334
-289
-231
-204
-165
-151
-118
-99
-86
-35
-26
-24
-6
-9
-7
-15
-17
-37
-87
-62
-43
-63
-110
-115
-104
-158
-174
-143
-96
-93
-98
-77
-83
-128
-123
-157
-165
-94
-102
-51
-47
-65
-70
-70
-54
-54
-20
14
40
-10
-51
-65
-84
-96
-102
-95
-100
-79
-44
-35
-44
-44
-21
17
28
29
71
68
59
64
66
123
140
111
49
36
10
-2
12
4
-13
-69
-79
-107
-136
-135
-136
-104
-63
-35
-57
-68
-91
-104
-71
-10
43
74
66
38
18
29
55
100
149
131
109
99
112
110
77
65
60
65
20
-9
-61
-77
-66
-62
-40
-43
-43
-62
-48
-66
-120
-121
-135
-138
-145
-168
-163
-178
-207
-172
-149
-159
-144
-144
-140
-140
-166
-161
-159
-155
-123
-159
-133
-159
-203
-219
-258
-211
-196
-195
-194
-221
-226
-233
-213
-192
-176
-166
-201
-199
-210
-234
-210
-218
-217
-208
-234
-217
-224
-241
-218
-197
-151
-110
-104
-105
-157
-165
-200
-221
-198
-189
-193
-229
-249
-280
-307
-281
-226
-220
-210
-207
-209
-150
-137
-30
6
-36
0
-91
27
119
179
292
364
273
127
-108
-65
176
271
280
139
36
-64
-183
-179
-77
18
-70
-149
-115
-133
-145
-233
-231
-83
-36
0
-16
-81
-92
-154
-93
-20
-19
-117
-325
-504
-583
-623
-643
-843
-1027
-1225
-1325
-835
-504
-228
-633
-1143
-1129
-878
-337
104
496
678
483
334
533
974
1430
1494
1658
1807
1780
1720
1433
1416
1415
1378
1458
1397
1253
807
350
50
-84
-69
-162
-359
-630
-940
-1129
-1170
-1108
-955
-853
-870
-859
-792
-634
-455
-313
-67
226
476
595
662
752
878
1038
1228
1416
1555
1473
1278
1147
1044
1007
941
844
738
507
242
85
-57
-141
-256
-390
-454
-527
-576
-463
-377
-269
-194
-102
34
77
235
283
517
700
761
836
822
855
856
819
883
863
818
632
393
237
66
-125
-361
-538
-792
-1030
-1282
-1505
-1719
-1898
-2042
-2242
-2381
-2632
-2828
-2953
-3112
-3198
-3446
-3240
-2271
-1336
-782
-1210
-1652
-1416
-704
378
1215
2060
2327
2020
1944
2305
3029
3478
3508
3588
3470
3146
2654
2092
1715
1321
997
699
264
-369
-1248
-1948
-2422
-2627
-2566
-2636
-2922
-3278
-3508
-3492
-3316
-2939
-2366
-1858
-1580
-1365
-1020
-551
-105
323
855
1383
1760
1863
1847
1879
1921
1972
2077
2108
1928
1514
1067
678
372
102
-88
-319
-717
-1181
-1615
-1866
-1997
-1967
-1874
-1873
-1933
-1963
-1932
-1753
-1501
-1123
-679
-322
-117
48
169
735
1035
1373
1539
1821
1997
1921
1880
1776
2262
2032
1827
1331
1010
980
701
500
330
82
-306
-702
-927
-1016
-1158
-1378
-1574
-1471
-1418
-1573
-1618
-1862
-1702
-1648
-1586
-1361
-1442
-1472
-1639
-1645
-1442
-1519
-1326
-1782
-1923
-2079
-2765
-2713
-2728
-1132
121
219
-751
-1930
-1860
-1020
199
1627
2400
2194
1164
474
1054
1937
2694
3045
2989
2794
2053
1550
1342
1273
1354
1266
1335
939
185
-702
-1382
-1499
-1255
-870
-780
-1268
-1981
-2437
-2540
-2205
-1593
-954
-621
-749
-907
-786
-470
-51
490
1130
1607
1695
1535
1463
1576
1788
2109
2489
2623
2370
1928
1461
1150
1066
1109
1230
1142
758
132
-340
-577
-230
69
310
316
111
22
-225
-99
655
1246
1504
1330
1126
1568
1809
2002
1970
2169
2277
2019
1816
1604
1507
1264
792
728
569
141
-336
-957
-1282
-1535
-1846
-1953
-2223
-2589
-3075
-3495
-3738
-3611
-3614
-3680
-3991
-4361
-4603
-4654
-4686
-3866
-2244
-1081
-371
187
-57
203
-48
985
3615
5457
5864
5095
4634
4565
4679
5152
6167
6847
6025
4411
3449
2593
1983
1550
1106
1008
25
-1471
-2560
-3508
-4035
-4154
-3831
-3669
-3825
-4216
-4586
-4505
-4078
-3185
-1883
-1020
-589
-136
260
729
1393
2244
3379
4052
4072
4067
4059
3887
3598
3638
3852
3783
3197
2288
1471
689
-47
-299
-381
-693
-1344
-2086
-2693
-2941
-2681
-2409
-1797
-1774
-1418
-1360
-1301
-845
326
1522
2025
2155
2070
2851
3332
3481
3627
4024
4104
3842
3382
2983
2677
1901
1244
978
703
97
-797
-1720
-2426
-2828
-3293
-3406
-3609
-4174
-4731
-5241
-5375
-5214
-5249
-5275
-5540
-5722
-5433
-4835
-4378
-4539
-4198
-2188
434
2447
1932
367
-30
995
3796
6318
7964
7955
6280
4669
4454
5786
7222
7352
6562
5058
3504
2186
1044
649
132
-657
-1404
-2475
-3584
-4960
-6136
-6468
-6047
-5265
-4876
-5058
-5502
-5827
-5461
-4326
-2685
-1022
-36
288
435
889
1860
3021
4108
4962
5347
5255
4843
4480
4267
4112
3972
3779
3436
2616
1452
140
-777
-1334
-1590
-1809
-1740
-2086
-2949
-3885
-3969
-3254
-2496
-1832
-1496
-457
-635
-611
-546
596
2343
3269
3731
3603
3528
3309
3337
3888
4495
4603
3993
2897
2117
1377
626
356
-265
-627
-1536
-2792
-3610
-4569
-5070
-5603
-5825
-5904
-6315
-6714
-7514
-7869
-7436
-7005
-6125
-5900
-6395
-6488
-6141
-3140
496
3008
2636
281
-335
1210
4788
7878
9574
9580
7882
5981
5915
7230
8977
9120
7852
6433
4713
3184
1708
762
121
-749
-1548
-2789
-4142
-5877
-7638
-8358
-8057
-7040
-6097
-6145
-6851
-7502
-7346
-5984
-3930
-1706
61
885
1014
1210
2244
3913
5670
7139
7938
8040
7531
6776
6475
6593
6721
6496
5768
4610
3094
1471
185
-800
-1195
-1404
-1833
-2966
-4021
-4929
-5446
-5246
-4780
-3255
-2297
-2146
-2978
-3076
-2114
-247
1508
2784
3614
3695
3348
3452
4425
5441
6109
5807
5208
4676
3820
3136
2565
2073
1363
481
-575
-1763
-2824
-4137
-5089
-5763
-6314
-6865
-7192
-7684
-8120
-8572
-8918
-8824
-8513
-8148
-7579
-6843
-5060
-1919
833
1984
321
-575
539
4211
7946
9909
10487
9561
7965
7095
8013
10272
11414
10303
8241
6337
4848
3295
1951
1419
607
-622
-2321
-4017
-5574
-7497
-8742
-8804
-7939
-7203
-7319
-8057
-8919
-9090
-7955
-5803
-3415
-1709
-902
-567
-210
827
2813
4981
6664
7553
7962
8072
7751
7482
7661
8045
7919
7142
6242
5061
3519
1938
1176
639
-165
-1305
-1926
-2691
-4083
-5255
-5693
-4765
-4182
-4198
-4229
-4151
-3821
-3417
-2472
-953
522
1155
1416
1911
2867
3834
4757
5190
5364
5345
4638
4290
4002
3833
3409
2390
1259
203
-1004
-2120
-3455
-4278
-4676
-5360
-6079
-7361
-8347
-8914
-9355
-9036
-8967
-8394
-8205
-8549
-7538
-4938
-1179
1252
360
-937
-776
2066
6241
8924
10709
10505
9138
7946
8251
10559
12262
11911
10177
8091
6871
5271
3629
2616
1386
-20
-1909
-3787
-5169
-7070
-8923
-10109
-10182
-9576
-9451
-9720
-10203
-10567
-10232
-9068
-6866
-4467
-2820
-1876
-1316
-359
1369
3386
5394
6998
8190
8897
8976
8843
8795
9062
9300
9120
8559
7546
6109
4525
3360
2388
1750
839
-442
-1997
-3440
-4208
-4322
-4497
-4807
-5188
-5364
-5324
-5263
-4851
-3989
-2971
-2214
-1658
-845
61
755
1480
2185
3179
3737
3886
3714
3459
3284
3173
2997
2508
1630
110
-1149
-2544
-2724
-2697
-2969
-4021
-5759
-7261
-8275
-8722
-8689
-8508
-8105
-8473
-8848
-8881
-7002
-3516
-576
115
-1613
-2350
-809
3131
6563
8923
9736
9155
7713
7190
8759
11343
12240
10898
9096
7642
6256
4642
3483
3011
1791
-251
-2516
-4111
-5716
-7753
-9272
-9712
-9671
-10010
-10702
-11162
-11306
-11124
-10292
-8706
-6762
-5096
-3819
-2770
-1628
-178
1851
4053
5997
7456
8438
9013
9129
9401
10101
10672
10652
9994
9186
8111
6744
5351
4788
3929
2992
1265
-497
-1420
-3015
-3755
-4596
-4600
-4489
-4961
-5377
-5851
-5729
-5301
-4772
-3698
-2694
-1944
-1454
-1335
-466
652
1545
2387
2627
2978
2904
2420
2170
2115
1995
1384
169
-697
-1296
-1537
-1921
-3097
-4079
-5665
-6441
-7232
-7319
-7650
-7846
-8331
-8848
-8867
-7360
-3959
-894
-175
-2433
-4020
-2704
1633
5999
8579
9344
8473
6990
6545
8514
11795
13532
12706
10440
8785
7587
6378
5429
4971
4239
2594
275
-1840
-3900
-6129
-7904
-8524
-8368
-8582
-9668
-11107
-12237
-12610
-11935
-10171
-8085
-6655
-6002
-5536
-4668
-3109
-805
1725
3838
5381
6693
7821
8508
8874
9625
10800
11635
11644
11047
10158
8811
7498
6452
6776
6356
4840
2411
80
-956
-1903
-2125
-2631
-3296
-4643
-6005
-6652
-6282
-5458
-4711
-4572
-4493
-4341
-4147
-3386
-2432
-1173
57
639
916
780
884
912
1221
1521
1519
1145
235
-321
-481
-538
-1015
-2087
-2806
-3884
-4463
-5176
-5962
-6480
-7465
-7545
-7357
-7014
-5133
-2426
337
-4
-2939
-4151
-1801
3346
7074
8695
9046
8109
6234
5651
8058
12605
14299
12553
9798
7858
6791
5530
5305
6028
5287
2615
-782
-2835
-4007
-5499
-6652
-6895
-7113
-8275
-10404
-11829
-12115
-11824
-11007
-9819
-8414
-7538
-7211
-6722
-5646
-3740
-1256
1051
2806
3897
4960
6013
6962
8090
9649
10999
11265
10701
10254
9990
9405
8476
7763
7455
6651
6336
4662
2601
-103
-1712
-1306
-743
-461
-2176
-4414
-6208
-6997
-6230
-4622
-3302
-3297
-4777
-5643
-5576
-4540
-2690
-1395
-553
-573
-1182
-1110
-1014
-650
-543
-584
-390
-119
193
-31
-997
-2299
-2816
-2888
-2292
-2169
-2634
-3804
-5707
-7359
-7973
-7253
-5758
-4861
-2350
158
1289
-1793
-4588
-3393
664
5252
6949
8799
8928
7016
4189
4761
9731
13671
13314
10680
8799
7511
5444
4104
5548
6664
5184
1337
-1743
-2822
-4676
-6329
-6705
-6155
-6460
-8691
-10717
-11660
-11837
-11444
-10581
-9181
-7934
-7594
-7346
-6931
-5816
-3775
-1347
757
2085
3251
4715
5652
6117
7108
8758
10238
10443
10358
10311
9708
8417
7349
7484
7856
7161
5909
5194
3290
774
-1475
-1216
265
323
-1291
-4100
-5756
-6348
-5859
-4610
-3326
-3084
-4415
-6014
-6184
-4928
-3214
-1827
-1508
-1504
-1967
-2527
-2722
-2410
-1445
-762
-793
-1322
-1589
-1876
-2120
-2496
-2102
-1791
-1989
-2852
-4025
-4277
-4836
-5444
-5993
-6608
-6206
-6217
-3561
122
2290
237
-4549
-5470
-1709
4404
8124
8973
8188
6212
3564
4225
8467
13771
14751
11427
8318
6726
6414
6146
6695
7769
6553
3020
-434
-2097
-2790
-4201
-5420
-5688
-6227
-7686
-9923
-11393
-11832
-11762
-10978
-9646
-8482
-8259
-8560
-8328
-7296
-5367
-2859
-534
1150
2193
3294
4512
5571
6826
8532
10344
11288
11255
11145
10933
10419
9643
9683
10319
10018
8214
5920
4357
3772
2963
2195
1510
604
-974
-3227
-4505
-4679
-4190
-4101
-4758
-5256
-5518
-5764
-5782
-5357
-4079
-2994
-2597
-2548
-2494
-2333
-2289
-2182
-1342
-282
-24
-360
-885
-886
-914
-1302
-1075
-668
-197
-844
-2340
-3245
-3901
-4075
-4267
-4648
-4967
-5822
-5134
-1068
2569
3138
-1803
-5256
-3711
2770
6995
7791
6332
6043
5443
4808
7158
10907
14019
11490
7755
6689
8219
8880
7603
6281
6447
4995
2288
57
-756
-1262
-3577
-5544
-5948
-5956
-6821
-9115
-10465
-10588
-10602
-10128
-9364
-8317
-7602
-7814
-7713
-6913
-4942
-2497
-427
988
1795
2679
3732
5023
6660
8931
10590
10897
10221
9811
10011
10280
10341
10708
10527
9096
6441
4637
4022
4090
4143
3463
2341
-691
-3579
-5368
-4574
-3120
-2714
-3726
-5592
-7146
-7877
-7434
-5700
-3883
-3135
-3605
-4500
-4478
-3731
-2745
-1982
-1459
-760
-462
-623
-940
-1037
-688
-567
-655
-232
54
-132
-1501
-2877
-3654
-3756
-3659
-3773
-4124
-5133
-6481
-7900
-6024
-1829
2195
1177
-3546
-6624
-4740
579
5185
7420
7732
5867
2563
1561
4983
10941
13427
11425
8383
6680
6167
5606
6014
7572
7461
4845
1269
-769
-1546
-2943
-4476
-5188
-5174
-5762
-7737
-9881
-11069
-11230
-10666
-9801
-8528
-7602
-7582
-8334
-8737
-7419
-4588
-1537
377
1217
1562
1925
2686
4557
7401
9948
10725
9858
8911
8820
9583
10424
10736
10155
8435
6845
5687
5158
4712
3820
3404
2008
393
-1875
-3473
-3902
-3956
-3597
-3872
-4643
-5677
-6930
-7232
-6666
-5343
-3658
-3004
-3081
-3823
-4182
-3603
-2613
-980
398
1152
617
-864
-1619
-1100
143
1180
1351
890
-572
-2221
-3372
-3164
-2273
-2222
-3015
-4449
-5481
-6368
-7289
-7738
-6157
-2299
1396
716
-3314
-7178
-5999
-1164
3910
7148
8270
7081
3615
948
3109
9106
13863
13896
10779
8024
6177
5415
6078
7957
9101
7310
3712
580
-1393
-2599
-3466
-3609
-3696
-4623
-6320
-8395
-10087
-11021
-10823
-9554
-8121
-7157
-6979
-7440
-7982
-7545
-5394
-2333
192
1599
2204
2704
3367
4538
6781
9233
10692
10826
10388
10287
10209
10040
9765
9902
9745
8746
7163
5350
3541
2087
1362
1633
1658
333
-2184
-4548
-5529
-5587
-4936
-4570
-4632
-5449
-6529
-6859
-5971
-4472
-3169
-2657
-2630
-2714
-2311
-1245
268
1774
2107
1511
614
550
1046
1783
2219
2216
1477
-11
-1345
-1886
-1552
-1275
-1555
-2678
-3929
-5565
-6685
-7430
-6998
-6556
-6425
-5772
-3519
-1018
-1757
-4911
-6978
-4222
848
4774
6032
6124
5125
2940
2007
5234
10834
13755
11937
8554
6683
5863
5519
6191
7874
8168
5360
1054
-1847
-2790
-3096
-3413
-3456
-3936
-5592
-8216
-10446
-11136
-10454
-9212
-8015
-7432
-7456
-7897
-8220
-7730
-5976
-3078
-385
1246
1916
2224
2618
3217
4675
7189
9799
10669
9696
8088
7598
8027
8816
9150
8976
7889
5873
3821
2289
1724
1676
1761
1256
177
-2127
-4376
-5901
-5733
-4639
-3689
-3644
-4502
-5465
-6141
-5947
-4877
-3148
-1489
-628
-807
-1090
-795
237
1154
1819
2454
2889
2565
1641
994
883
1140
1132
1013
575
-236
-1760
-3192
-3724
-3402
-3415
-4094
-5457
-6844
-7818
-8217
-7845
-7142
-6557
-5341
-3435
-2056
-2828
-4969
-5252
-2757
1346
4363
5933
6271
5125
3273
3012
5669
9752
11766
10723
8426
6257
4779
4176
5197
6869
7000
4545
600
-2539
-3782
-3607
-2814
-2454
-3354
-5582
-8044
-9519
-9319
-8042
-6714
-6117
-6231
-6510
-6345
-5778
-4740
-3045
-1014
565
1199
1501
2240
3279
4204
5049
6261
7503
8059
7901
7474
7194
6903
6463
6291
6241
5819
4647
3402
2897
2496
1978
618
-704
-1607
-1623
-1271
-1461
-2363
-3668
-4329
-4029
-3234
-2268
-1646
-1654
-2197
-2647
-1969
-610
681
1177
977
570
440
636
1549
2188
2048
1179
460
341
292
208
-136
-365
-1033
-1657
-2139
-2227
-2760
-3615
-4573
-4862
-5157
-5476
-6128
-6232
-6697
-7476
-7338
-5232
-1464
115
-1474
-4893
-5678
-3089
1073
3843
5271
5052
3697
1534
1517
4588
8626
10109
8449
6159
5107
4630
4245
4448
5146
5243
3609
1352
-254
-923
-1432
-1925
-2348
-2624
-3307
-4489
-5897
-6691
-6462
-5641
-4949
-4747
-4846
-4797
-4823
-4776
-4122
-2681
-1005
-55
275
482
947
1284
1781
2856
4464
5641
5780
4946
4028
3728
4345
5295
6030
5859
4783
3195
2012
1561
2188
3064
3010
1697
-305
-1710
-1997
-1296
-536
-291
-971
-2014
-2817
-2822
-2470
-1890
-1481
-1223
-1085
-937
-867
-829
-954
-806
-154
696
1076
838
402
203
-101
-408
-473
276
968
502
-913
-2365
-2928
-2921
-2574
-2642
-2952
-4169
-5230
-6438
-6773
-6973
-6810
-6880
-6864
-5840
-3458
-1924
-3253
-6569
-7929
-4944
-328
3134
3898
3574
2249
679
586
3676
8040
10354
8954
6429
4602
4313
4990
6246
7373
7134
5279
2852
848
-126
-220
191
178
-852
-2287
-3758
-5073
-6249
-6572
-6065
-5377
-5255
-5533
-5869
-6180
-6372
-5624
-4100
-2642
-1959
-1473
-707
-103
254
1010
2606
4174
4974
5309
5686
5797
5465
5254
5925
6804
6917
6304
5661
5091
4134
3498
3693
4195
3652
1804
196
-468
-284
-255
-433
-660
-1142
-1891
-2602
-2722
-2224
-1758
-1583
-1680
-1733
-1583
-1380
-967
-556
38
636
1099
1279
1078
994
1200
1510
1741
1803
1613
996
147
-396
-617
-906
-1540
-2077
-2301
-2877
-4067
-5382
-6014
-6316
-6775
-7440
-7942
-8329
-7745
-5904
-3179
-2505
-4355
-6962
-6587
-3179
828
3230
4160
3703
2410
1476
2665
6042
9184
10255
9088
7325
5939
5638
6427
7520
7710
6840
5430
3963
2092
486
-301
-334
-757
-1824
-2883
-3748
-4940
-6532
-7496
-7173
-6239
-5393
-5165
-5406
-5941
-6275
-5660
-4140
-2208
-579
423
589
21
-46
1306
3425
5179
5872
5965
5732
5147
4868
5363
6581
7360
7072
5930
4550
3460
3067
3286
3688
3356
2354
896
-331
-904
-759
-336
-428
-1297
-2448
-3021
-3076
-2733
-1955
-1081
-717
-1137
-1670
-1726
-1070
-199
602
1294
1682
1508
1087
984
1340
1803
1966
1978
1690
1178
216
-538
-976
-1321
-1656
-2247
-2828
-3553
-4504
-5592
-6523
-6926
-7058
-7243
-7546
-8247
-8854
-8762
-7522
-4991
-3274
-3590
-5391
-6294
-4656
-1401
1484
3047
3321
2936
2207
2447
4425
7094
9072
9120
7890
6541
5861
5929
6465
6657
6292
5352
4094
2402
833
-293
-873
-1144
-1453
-2085
-3111
-4455
-5630
-5990
-5703
-5258
-4823
-4659
-4862
-5403
-5648
-4888
-3466
-2315
-1845
-1423
-802
-275
164
888
1970
2968
3332
3221
3167
3411
3754
3991
4036
4121
4437
4421
3928
3383
3283
3436
3246
2663
2289
2300
1987
1093
518
617
954
913
616
580
414
-60
-283
373
1368
1487
803
301
456
992
1248
1434
1627
1650
1376
962
846
952
906
489
-36
-314
-420
-784
-1543
-2460
-2932
-3210
-3470
-3922
-4385
-4900
-5737
-6615
-7159
-7005
-6616
-6638
-7155
-7950
-8455
-7819
-5994
-3457
-2371
-3251
-5029
-5407
-3062
398
3072
4252
3945
3413
3119
4153
6206
8084
8609
7977
7431
7409
7409
7336
7238
7025
6313
5170
4499
4166
3496
2189
843
31
-259
-640
-1107
-1843
-2879
-4044
-4831
-4756
-4057
-3415
-3194
-3697
-4354
-4725
-4500
-3696
-2918
-2183
-1638
-1432
-1496
-1664
-1357
-636
354
1284
1792
2049
2048
2035
2036
2277
3084
4342
5412
5660
5057
4398
4017
4116
4706
5585
6055
5649
4659
3909
3756
3905
4048
4073
3840
3285
2534
1763
1175
904
852
946
717
136
-365
-728
-1099
-1659
-1925
-1869
-1801
-2123
-2713
-3075
-3380
-3825
-4166
-4156
-3856
-3823
-4097
-4581
-5183
-5840
-6168
-5819
-5240
-5028
-5315
-5797
-6040
-6368
-6266
-6080
-5421
-4434
-3544
-2317
-1654
-1688
-2199
-2551
-1270
884
3210
4430
3978
3384
2841
3565
4911
6350
7629
7769
7130
5993
5005
5044
5469
6161
5990
5242
4078
2954
2124
1362
985
912
835
518
-594
-1975
-3219
-3864
-3891
-3523
-3146
-3446
-4242
-5279
-5937
-6049
-5685
-4665
-3537
-2908
-3259
-4285
-4746
-4058
-2319
-453
696
1030
507
62
344
1530
3209
4616
5467
5759
5446
4786
4381
4934
6270
7656
8391
8083
6913
5273
4057
4158
5479
7018
7257
5767
3328
1404
823
1341
2319
2621
1832
93
-1770
-2789
-2707
-2184
-1914
-2207
-2784
-3544
-4216
-4767
-4970
-4964
-4896
-4727
-4518
-4637
-5149
-5914
-6348
-6175
-5507
-4559
-3912
-4059
-4842
-5457
-5183
-4174
-3080
-2494
-2499
-2976
-3406
-3424
-2741
-1621
-402
395
930
1347
1261
958
547
806
2294
4238
5571
5067
3750
2765
2828
3962
4842
5555
5379
4494
3536
2872
2757
2485
1981
1740
1671
1547
729
-482
-1460
-1944
-2027
-2316
-2424
-2349
-2430
-3048
-4115
-4689
-4491
-3529
-2583
-2149
-2309
-2821
-3139
-2870
-1993
-761
251
823
774
555
492
806
1608
2521
3494
4149
4272
3805
3293
3209
3527
4088
4661
5065
4939
4202
3514
3370
3710
4042
4278
4321
3949
3281
2611
2436
2699
2872
2800
2484
2020
1437
952
758
622
394
70
-159
-482
-1131
-1818
-2291
-2580
-2775
-2967
-3205
-3563
-4100
-4471
-4469
-4368
-4480
-4612
-4442
-4096
-3799
-3659
-3515
-3259
-3134
-2836
-2479
-1957
-1419
-796
-412
-87
-38
-263
291
1024
1503
1473
1125
825
745
845
1099
1366
1251
763
211
-235
-442
-729
-908
-952
-1207
-1729
-2287
-2640
-2683
-2615
-2497
-2456
-2515
-2652
-2676
-2349
-1950
-1572
-1193
-668
-258
73
387
732
1070
1373
1857
2457
2846
2926
2888
2988
3047
2819
2750
2975
3229
2964
2451
2232
2119
1665
965
705
920
831
340
-154
-229
-302
-557
-740
-512
-258
-388
-606
-574
-310
-71
127
416
719
991
1244
1375
1519
1672
1964
2231
2321
2160
1972
2083
2221
2146
2051
1915
1729
1292
806
353
-15
-270
-401
-349
-587
-1306
-2101
-2427
-2321
-2111
-1971
-1989
-2192
-2347
-2243
-1754
-1208
-1108
-1171
-1189
-778
-193
345
875
1146
1208
1128
1274
1726
2286
2590
2353
1926
1568
1368
1277
1188
973
543
-89
-712
-1210
-1608
-2045
-2579
-3110
-3481
-3802
-4138
-4555
-4934
-5064
-4881
-4567
-4309
-4211
-4244
-4211
-3981
-3345
-2549
-1805
-1289
-998
-672
-229
428
1132
1782
2164
2308
2337
2550
2978
3501
3765
3598
3170
2726
2534
2677
2865
2741
2174
1490
1046
831
736
643
555
320
-158
-571
-499
-72
249
111
-124
-169
65
443
830
1187
1287
1111
904
947
1321
1743
1984
1804
1359
1090
1110
1324
1437
1340
1025
512
8
-278
-138
184
320
-8
-649
-1246
-1569
-1444
-989
-581
-642
-1120
-1568
-1602
-1406
-1112
-753
-284
-112
-265
-357
-88
364
718
971
1234
1416
1321
1000
876
1085
1288
1421
1384
1250
812
218
-73
-105
6
-28
-317
-819
-1427
-1836
-1881
-1828
-1947
-2163
-2201
-2224
-2432
-2717
-2787
-2428
-1921
-1588
-1471
-1419
-1434
-1409
-1070
-413
258
618
608
376
350
604
1099
1493
1450
1114
719
540
717
1048
1164
790
44
-670
-846
-507
-209
-345
-925
-1521
-1708
-1542
-1170
-927
-1079
-1471
-1864
-1798
-1262
-584
-88
-44
-288
-589
-555
-108
553
1065
1095
776
368
192
390
902
1239
1182
787
414
399
587
686
670
610
508
366
274
230
166
77
51
188
399
458
373
310
192
71
105
505
947
992
700
372
362
568
688
639
470
301
175
147
263
370
277
20
-343
-465
-405
-229
-118
-186
-492
-937
-1285
-1278
-1092
-908
-1059
-1392
-1655
-1826
-1831
-1827
-1761
-1708
-1743
-1813
-1774
-1555
-1241
-1186
-1261
-1125
-689
-253
-122
-141
10
363
644
811
1039
1309
1358
1129
1044
1239
1559
1687
1512
1325
1150
1000
923
962
979
852
635
392
240
201
202
270
256
160
37
-37
-79
-163
-118
82
264
321
225
53
-185
-400
-355
-90
140
105
-74
-326
-642
-894
-862
-493
-41
5
-359
-826
-1006
-856
-443
-95
-48
-342
-639
-681
-368
76
525
824
807
649
616
874
1242
1450
1437
1361
1347
1383
1475
1596
1621
1461
1125
954
900
812
599
351
189
-29
-128
-227
-479
-821
-1170
-1276
-1186
-1128
-1147
-1265
-1462
-1743
-1852
-1623
-1318
-1120
-1124
-1097
-1011
-982
-917
-647
-333
-102
-91
-30
44
69
66
193
521
810
845
594
385
420
589
722
658
452
229
88
56
117
241
192
-118
-447
-556
-363
-143
-164
-258
-235
-62
100
207
338
474
543
440
455
699
1119
1349
1244
1045
962
971
1066
1178
1252
1111
707
281
41
94
189
219
143
-184
-707
-1117
-1211
-922
-671
-585
-675
-925
-1198
-1275
-1011
-574
-204
-89
-214
-305
-224
159
624
1014
1202
1281
1217
1204
1291
1632
1880
1770
1423
1237
1187
1092
1005
1016
1046
749
219
-186
-203
-167
-207
-377
-654
-997
-1318
-1532
-1550
-1563
-1567
-1669
-1724
-1768
-1768
-1652
-1516
-1467
-1444
-1416
-1276
-1064
-893
-818
-859
-838
-744
-590
-475
-325
-156
-135
-198
-208
-53
169
165
74
44
27
35
48
89
122
67
-22
31
189
286
273
280
260
265
307
407
520
683
812
839
826
824
871
890
909
972
1160
1289
1089
744
556
540
559
449
374
345
190
-113
-421
-608
-652
-655
-701
-775
-933
-1092
-1138
-1053
-1008
-1028
-990
-814
-588
-512
-493
-356
-17
235
469
720
1039
1256
1290
1343
1552
1902
2206
2282
2169
1952
1826
1790
1793
1842
1825
1697
1460
1198
1000
838
708
543
380
154
-71
-256
-412
-628
-952
-1297
-1491
-1512
-1463
-1361
-1418
-1642
-1962
-2139
-2108
-2024
-1955
-1915
-1855
-1887
-2056
-2214
-2159
-1908
-1685
-1502
-1409
-1324
-1239
-1189
-1132
-962
-693
-399
-216
-160
-199
-226
-203
-46
291
552
718
724
755
862
1008
1139
1226
1237
1185
1260
1460
1547
1406
1234
1182
1283
1368
1320
1239
1094
787
478
424
689
818
626
294
94
0
-110
-119
9
98
-3
-233
-440
-546
-554
-431
-259
-188
-284
-464
-551
-575
-504
-339
-136
-16
-58
-178
-346
-357
-101
331
627
541
231
119
275
509
786
1107
1332
1345
1189
1068
1146
1345
1484
1625
1771
1818
1662
1394
1213
1167
1213
1269
1290
1165
879
476
185
117
65
-44
-232
-516
-833
-1174
-1458
-1501
-1426
-1462
-1715
-1974
-2119
-2143
-2131
-2153
-2154
-2134
-2137
-2124
-1989
-1833
-1682
-1620
-1590
-1492
-1256
-938
-718
-650
-539
-388
-192
7
283
591
799
894
935
959
965
1022
1210
1425
1522
1384
1056
746
627
630
715
705
634
494
168
-147
-303
-321
-222
-69
-32
-123
-279
-431
-534
-430
-217
-2
172
160
104
138
252
442
599
612
624
608
620
654
642
674
735
770
799
738
608
447
335
309
404
535
604
478
298
226
238
248
209
288
415
540
535
458
424
470
578
694
781
758
666
553
475
482
520
476
280
95
-14
-59
-205
-464
-680
-780
-833
-919
-1055
-1219
-1443
-1643
-1742
-1708
-1590
-1574
-1701
-1889
-1985
-1896
-1655
-1447
-1357
-1383
-1462
-1491
-1357
-1081
-769
-587
-584
-589
-471
-263
-42
121
223
247
231
317
475
633
664
553
436
333
299
396
482
415
196
-41
-123
-32
147
243
61
-320
-623
-642
-373
-170
-175
-241
-339
-438
-495
-368
-100
53
2
-188
-298
-256
-101
150
385
424
331
145
77
182
369
480
489
449
395
400
466
540
656
733
712
649
615
684
731
680
633
740
902
968
842
749
753
853
881
983
1150
1157
950
678
502
522
595
643
641
467
127
-245
-422
-370
-329
-370
-563
-807
-1010
-1150
-1185
-1152
-1068
-1003
-991
-1087
-1245
-1374
-1383
-1265
-1052
-845
-690
-686
-762
-836
-798
-576
-339
-163
-66
29
-29
-116
-161
-125
39
247
359
317
121
-160
-291
-283
-181
-54
25
-40
-229
-450
-575
-559
-371
-105
55
-14
-303
-542
-551
-444
-270
-63
93
141
-40
-326
-398
-180
96
192
198
98
-64
-270
-346
-184
46
152
170
99
-66
-239
-263
-117
114
299
369
345
223
76
72
396
827
1097
1095
884
730
776
1009
1289
1525
1514
1304
1057
914
947
1042
1113
1111
1041
876
641
430
310
279
213
83
-127
-374
-607
-826
-966
-1075
-1163
-1221
-1235
-1245
-1373
-1469
-1382
-1234
-1141
-1119
-1061
-1046
-1048
-968
-769
-518
-389
-363
-299
-194
-106
-25
100
213
248
178
93
-8
-107
-131
-91
-73
-186
-443
-722
-949
-1059
-1011
-861
-783
-869
-1190
-1510
-1604
-1419
-1132
-941
-849
-918
-1066
-1104
-898
-546
-141
84
68
-34
-61
93
392
613
729
744
691
623
576
587
644
667
633
469
302
124
-9
-4
-6
-102
-232
-339
-377
-412
-465
-417
-317
-246
-214
-154
14
184
296
322
303
397
574
857
1087
1170
1103
1004
964
967
1059
1165
1276
1260
1095
838
596
492
532
549
416
141
-175
-418
-584
-674
-738
-794
-929
-1109
-1315
-1421
-1397
-1312
-1199
-1130
-1083
-1008
-944
-827
-698
-586
-487
-353
-105
130
223
243
257
375
509
630
730
836
849
753
598
478
426
436
441
402
269
21
-175
-244
-290
-353
-486
-610
-660
-668
-707
-804
-841
-834
-785
-639
-500
-362
-268
-280
-279
-171
75
330
457
408
374
398
472
562
672
698
615
406
305
323
319
275
216
150
35
-136
-258
-216
-95
-86
-207
-254
-313
-260
-158
-63
63
149
277
354
375
360
425
576
747
807
905
936
935
985
1028
1090
1106
1020
893
764
674
574
483
428
326
165
-29
-196
-241
-240
-314
-466
-594
-661
-726
-816
-870
-886
-872
-846
-830
-775
-736
-712
-743
-686
-515
-322
-255
-263
-296
-343
-342
-297
-276
-249
-262
-276
-228
-185
-159
-245
-376
-489
-537
-456
-393
-393
-474
-614
-702
-670
-607
-553
-542
-587
-662
-632
-521
-392
-308
-334
-372
-320
-180
-32
93
122
31
-136
-176
6
274
385
310
178
114
102
98
146
199
175
60
-72
-161
-208
-225
-180
-120
-87
-110
-250
-343
-301
-124
102
189
114
19
7
91
270
518
646
569
456
444
526
666
672
633
586
528
467
423
426
470
450
422
402
333
257
158
92
15
-56
-14
122
237
162
51
-101
-200
-179
-67
83
105
-39
-220
-337
-300
-130
-33
0
-101
-316
-429
-367
-240
-91
-31
-137
-320
-413
-380
-275
-207
-230
-262
-254
-295
-318
-332
-303
-230
-187
-207
-223
-253
-248
-228
-195
-137
-96
-44
-22
-50
-49
-55
-20
17
132
233
237
194
141
126
169
218
282
306
247
139
57
29
67
56
9
-15
-71
-79
-44
21
16
-52
-120
-140
-78
85
218
266
217
146
205
390
609
765
901
922
819
720
766
978
1173
1241
1189
1122
1062
1010
964
1033
1138
1112
953
817
698
663
654
598
596
548
405
244
105
64
144
330
427
323
82
-85
-99
-25
80
131
107
4
-138
-217
-223
-200
-236
-204
-145
-140
-187
-259
-328
-302
-266
-210
-135
-79
-49
-80
-162
-210
-144
34
160
157
12
-184
-192
-102
11
79
46
-1
-74
-178
-214
-195
-106
-59
-41
-51
-58
-37
-32
9
69
140
224
233
249
240
192
266
382
452
451
339
280
217
208
300
350
418
347
160
41
-20
55
135
135
71
-65
-128
-120
-89
-24
43
118
118
47
33
24
103
219
310
361
325
296
306
374
461
506
500
428
417
472
444
409
371
296
243
192
186
216
271
179
25
-70
-144
-162
-109
-48
-16
-70
-164
-227
-238
-180
-110
-54
-92
-179
-271
-319
-315
-262
-203
-189
-233
-348
-459
-548
-565
-484
-358
-287
-265
-333
-423
-447
-336
-167
-83
-63
-112
-191
-231
-278
-215
-146
-166
-175
-208
-262
-287
-306
-262
-152
-99
-136
-228
-300
-272
-207
-195
-194
-207
-212
-278
-319
-289
-215
-132
-75
-77
-52
-71
-35
-13
26
146
142
162
189
213
253
214
189
122
97
174
251
358
352
318
286
275
408
551
616
537
495
504
591
734
832
850
830
724
672
735
829
903
938
913
810
701
640
694
765
735
630
514
449
384
357
403
394
324
181
16
-74
-72
10
66
-7
-99
-207
-213
-120
-31
-2
-21
-83
-110
-51
-2
27
39
24
49
55
63
95
143
103
77
54
94
139
141
116
78
-4
-83
-172
-254
-272
-213
-209
-255
-309
-345
-379
-359
-288
-231
-213
-298
-342
-303
-217
-157
-88
-7
57
41
-43
-60
74
254
390
392
320
213
182
200
245
245
231
171
61
-16
2
6
-26
-59
-100
-156
-215
-250
-265
-235
-198
-131
-51
7
-8
-33
11
101
208
301
355
316
332
384
496
552
552
583
646
693
687
688
661
668
682
675
640
566
461
391
326
275
232
223
203
116
-24
-147
-210
-211
-199
-148
-141
-166
-192
-249
-323
-359
-294
-192
-119
-145
-255
-272
-216
-148
-61
-30
-19
-41
-38
-31
-85
-93
-7
71
123
137
114
50
-70
-80
-1
103
132
94
17
-114
-262
-236
-136
-58
-93
-218
-289
-291
-262
-277
-283
-295
-294
-295
-314
-373
-386
-347
-283
-308
-390
-416
-349
-309
-285
-268
-239
-253
-306
-299
-214
-170
-182
-182
-157
-130
-135
-123
-86
-17
20
-10
-16
53
137
248
281
248
288
367
471
507
570
660
766
772
739
682
636
627
644
662
646
607
520
374
278
238
263
295
227
125
2
-93
-130
-128
-120
-88
-101
-153
-193
-246
-235
-171
-131
-90
-72
-65
-90
-38
42
61
47
-11
4
106
176
210
122
24
43
114
198
214
156
76
-21
-15
77
219
320
270
92
-37
-32
89
158
155
106
94
101
119
125
83
55
23
-37
-64
-127
-162
-95
-73
-74
-119
-170
-137
-164
-197
-221
-248
-237
-260
-310
-331
-331
-364
-432
-456
-412
-387
-298
-295
-349
-371
-405
-378
-304
-215
-182
-201
-205
-193
-121
-93
-30
98
171
205
220
240
292
317
380
481
558
495
396
353
366
375
311
214
146
94
40
-4
-30
-89
-168
-227
-302
-344
-386
-404
-419
-476
-550
-538
-479
-417
-364
-375
-391
-376
-300
-232
-144
-61
-77
-88
-86
-7
120
148
93
16
-64
-93
-89
-36
1
-51
-167
-280
-314
-266
-236
-248
-281
-341
-392
-407
-393
-328
-286
-275
-321
-372
-382
-333
-291
-256
-235
-216
-207
-225
-222
-208
-130
-52
-23
-41
-94
-93
-44
-18
-48
-110
-151
-119
-88
-83
-111
-146
-176
-233
-261
-220
-185
-215
-289
-371
-357
-283
-155
-70
-39
-58
-92
-101
2
127
209
242
252
260
274
293
366
402
396
454
481
494
428
303
280
262
250
285
233
128
-12
-198
-263
-239
-201
-186
-217
-285
-372
-468
-523
-484
-394
-376
-388
-427
-430
-371
-300
-249
-150
-34
22
34
54
135
238
308
346
407
453
531
532
516
531
501
472
465
461
389
266
170
107
83
43
-12
-26
-44
-102
-140
-196
-211
-185
-184
-219
-292
-305
-289
-258
-233
-214
-154
-120
-96
-86
-74
-24
28
35
90
61
17
-24
-35
13
47
91
107
86
57
-9
-28
25
72
75
23
14
12
-40
-41
15
85
89
55
64
52
59
62
78
121
118
48
40
85
161
171
134
131
137
162
208
219
204
129
94
88
71
100
117
133
81
6
-16
21
52
26
-1
-54
-123
-160
-175
-176
-175
-224
-305
-344
-279
-253
-236
-237
-244
-208
-165
-89
-93
-75
-50
-44
-84
-111
-76
-43
-37
-63
-38
-59
-98
-121
-101
-17
-7
19
0
-76
-104
-133
-110
-53
-46
-98
-180
-226
-193
-131
-84
-68
-138
-243
-279
-263
-269
-276
-313
-321
-356
-382
-423
-469
-488
-516
-535
-530
-533
-524
-542
-602
-583
-516
-485
-456
-464
-441
-399
-393
-365
-326
-287
-298
-353
-380
-337
-262
-248
-268
-275
-251
-207
-217
-244
-250
-267
-255
-238
-239
-256
-277
-325
-352
-324
-280
-233
-227
-285
-329
-274
-185
-98
-85
-54
-50
-57
-65
-40
12
30
24
-38
-111
-123
-108
-117
-88
-67
-89
-61
-54
-23
46
54
75
98
106
138
137
192
208
207
209
213
279
305
309
312
298
306
274
264
285
276
285
335
352
325
297
265
228
216
215
193
148
82
41
58
64
24
-35
-73
-88
-74
-32
2
8
90
226
151
229
371
393
307
58
-113
-236
-181
-169
-118
-88
-104
-173
-106
-78
-145
-135
-131
-81
-24
-3
-52
-49
-7
33
48
133
163
231
223
215
240
251
224
247
286
293
223
123
60
23
53
84
97
70
74
85
106
122
158
200
237
271
303
285
321
280
178
175
125
153
122
78
55
24
-19
-35
-37
19
44
-9
-69
-149
-134
-107
-67
-63
-83
-146
-203
-190
-99
-30
-26
-26
-47
-5
-11
2
58
108
155
134
122
181
265
312
345
322
311
242
230
230
202
160
116
127
142
75
0
-11
6
25
-15
-69
-98
-135
-153
-135
-91
-67
-73
-61
-61
-35
-58
-90
-33
24
-1
-65
-127
-122
-62
-16
-58
-101
-149
-177
-148
-123
-86
-81
-125
-135
-171
-184
-211
-171
-132
-111
-142
-234
-269
-295
-319
-371
-369
-346
-311
-266
-302
-368
-452
-478
-434
-352
-302
-285
-279
-266
-207
-153
-123
-56
21
45
71
85
55
53
41
62
108
146
136
112
99
57
-9
-31
21
29
13
-45
-125
-181
-195
-173
-72
-24
-56
-96
-128
-122
-78
40
146
174
176
133
152
186
183
187
210
222
203
193
216
203
196
178
198
179
134
111
52
6
-22
-54
-67
-43
-87
-100
-105
-129
-120
-135
-162
-145
-126
-95
-58
-69
-56
-51
-6
36
86
141
145
82
-3
-46
-52
-27
61
139
140
68
9
56
111
140
151
170
125
105
34
-31
-18
16
63
74
91
83
50
31
27
20
89
170
203
356
501
620
567
451
477
575
640
586
485
474
558
596
526
414
315
293
332
324
326
357
359
291
134
-2
-60
-102
-109
-157
-118
-73
-113
-223
-320
-345
-314
-257
-175
-67
20
53
29
42
90
163
252
333
434
479
546
623
663
716
729
703
631
556
576
576
580
575
540
495
372
305
243
199
180
177
188
156
79
0
-46
-79
-67
-57
-15
55
58
37
25
23
-26
-51
-36
-4
22
12
5
13
5
19
53
23
-7
-50
-143
-195
-207
-208
-231
-279
-294
-343
-363
-364
-345
-316
-326
-365
-335
-299
-317
-299
-261
-209
-116
-73
-50
-48
-63
-37
5
55
89
108
54
7
-46
-46
-74
-95
-115
-154
-135
-166
-200
-229
-293
-316
-346
-365
-383
-391
-419
-444
-416
-386
-360
-366
-414
-395
-325
-271
-184
-111
-111
-107
-62
-24
46
83
81
71
71
127
194
237
271
283
295
285
277
327
353
339
308
263
240
212
211
194
145
137
101
56
4
-55
-81
-133
-176
-224
-257
-278
-285
-290
-321
-354
-393
-394
-316
-244
-254
-258
-244
-231
-219
-243
-234
-151
-81
-37
-51
-80
-84
-86
-98
-137
-123
-91
-95
-100
-152
-176
-142
-104
-76
-75
-147
-227
-253
-214
-157
-119
-98
-99
-64
-21
-25
-20
24
68
129
141
129
136
154
179
214
218
207
240
276
254
161
82
67
78
56
-2
-53
-116
-180
-204
-243
-267
-259
-247
-245
-260
-263
-203
-149
-105
-74
-70
-25
32
73
101
127
187
267
327
370
408
460
522
555
555
586
637
647
609
554
526
526
478
435
410
390
306
244
195
146
138
81
41
16
47
57
12
5
-10
-50
-63
-25
34
86
112
80
63
121
222
317
361
343
306
299
299
323
346
364
361
322
290
271
247
263
250
197
176
126
108
108
98
49
-9
-67
-76
-78
-103
-145
-182
-215
-214
-158
-145
-161
-188
-193
-157
-107
-77
-91
-119
-114
-111
-106
-89
-109
-144
-183
-242
-249
-262
-263
-245
-221
-214
-251
-274
-307
-309
-290
-281
-255
-260
-285
-343
-381
-388
-395
-389
-381
-402
-410
-371
-348
-291
-198
-130
-62
-30
15
40
83
142
176
236
195
180
196
214
246
234
192
168
149
126
68
42
10
-60
-81
-142
-168
-150
-178
-243
-359
-366
-341
-366
-365
-402
-419
-408
-432
-391
-351
-298
-233
-201
-222
-265
-270
-263
-226
-163
-146
-159
-195
-249
-267
-233
-230
-232
-257
-301
-350
-325
-247
-210
-217
-229
-220
-247
-239
-174
-113
-97
-143
-127
-66
-37
12
49
56
62
94
131
170
152
169
142
117
91
76
103
130
123
90
40
10
-1
-17
-27
-47
-115
-171
-192
-251
-296
-352
-388
-385
-401
-411
-384
-343
-356
-374
-368
-350
-283
-242
-220
-177
-122
-55
47
105
113
99
86
147
211
240
257
296
322
302
340
363
361
366
315
243
244
266
275
249
160
71
7
-34
-34
-83
-143
-181
-207
-225
-256
-244
-226
-230
-200
-189
-186
-161
-122
-49
-30
-2
-35
-46
-62
-103
-38
-13
15
61
29
4
-14
-4
40
36
58
82
88
85
53
71
59
84
135
134
144
137
191
252
241
218
208
236
246
258
294
266
222
214
216
200
155
121
120
134
126
83
82
85
49
-12
-116
-140
-117
-90
-84
-122
-140
-157
-141
-93
-61
-74
-143
-182
-156
-116
-83
-47
-6
-3
-1
4
12
47
128
166
187
179
209
245
229
232
250
277
317
329
272
238
219
187
197
200
161
136
168
187
178
176
174
147
148
104
30
44
29
-13
-44
-61
-68
-54
-41
-56
-40
-37
-96
-128
-114
-95
-68
-69
-97
-137
-147
-158
-176
-183
-124
-87
-107
-137
-164
-151
-155
-202
-233
-231
-205
-226
-263
-312
-337
-297
-251
-228
-187
-195
-173
-112
-108
-56
-27
-14
-22
-32
-68
-89
-52
-32
-23
5
-2
-34
-96
-149
-190
-250
-276
-257
-276
-278
-329
-384
-383
-412
-430
-437
-436
-440
-437
-408
-405
-353
-278
-247
-219
-238
-246
-205
-145
-71
-83
-74
-58
-55
-47
-15
33
32
36
7
-37
-39
-41
-25
13
30
66
75
109
134
99
100
89
81
113
99
57
25
6
27
28
8
-26
-35
-48
-44
-51
-72
-25
-29
-62
-111
-161
-154
-162
-174
-170
-200
-221
-247
-284
-310
-266
-192
-142
-110
-91
-89
-77
-19
-13
-7
-10
-41
-45
-30
2
27
78
117
126
111
101
111
129
183
204
204
193
157
130
147
162
192
208
211
201
171
173
162
167
201
169
135
97
70
101
84
37
87
140
165
184
156
67
50
80
104
135
114
80
36
-4
-15
15
77
110
103
91
64
45
59
145
196
205
210
135
114
149
147
165
196
188
184
140
111
126
193
251
258
218
163
201
245
259
232
232
258
258
244
248
264
266
262
257
206
132
83
54
76
104
154
161
120
95
67
60
70
99
122
103
90
96
111
140
112
83
96
147
224
221
202
177
214
292
329
360
356
335
322
326
309
291
312
337
369
359
302
270
249
228
229
270
274
256
252
240
210
219
235
225
232
184
139
103
37
36
17
5
7
-30
-76
-147
-218
-240
-240
-220
-241
-247
-266
-293
-278
-247
-222
-245
-236
-245
-241
-198
-189
-199
-190
-153
-143
-119
-97
-79
-73
-79
-65
-33
18
72
127
139
98
32
-14
34
74
93
73
-1
-20
-1
28
55
75
52
5
-24
6
63
60
10
-33
-44
-34
-47
-33
-19
-9
-24
-44
-8
5
-17
-27
-45
-24
-46
-66
-63
-64
-84
-87
-107
-93
-51
-26
-23
-49
-43
-36
-18
15
50
64
85
68
34
52
47
61
74
58
72
70
63
54
51
29
5
-18
-34
-18
-30
-8
21
28
37
12
25
21
6
58
48
25
43
18
26
27
-6
0
-41
-53
-62
-56
9
4
-43
-107
-129
-96
-85
-83
-92
-122
-91
-82
-41
-4
28
94
132
168
195
211
271
272
250
260
242
288
323
333
339
309
303
280
307
358
342
312
288
292
281
231
171
118
71
68
23
7
2
39
46
21
-10
4
31
46
34
29
43
82
81
67
40
13
37
24
9
27
30
12
-19
-37
-28
30
62
93
100
84
116
137
172
172
121
87
59
86
136
164
154
147
155
186
226
215
204
216
253
275
281
305
318
275
215
189
220
267
281
259
202
192
185
200
244
289
300
235
189
162
151
96
100
96
57
18
5
-13
-50
-60
-92
-133
-115
-126
-123
-86
-76
-91
-105
-71
-21
-7
-13
-4
9
50
72
38
27
76
101
124
169
125
142
148
113
109
86
71
38
-9
-10
-21
-24
-19
-45
-59
-106
-158
-190
-186
-166
-140
-186
-167
-175
-185
-190
-191
-151
-116
-107
-96
-77
-45
4
55
42
33
71
118
166
172
155
203
234
230
179
152
135
114
125
140
136
174
165
124
121
95
97
113
118
108
88
50
10
-37
-52
-51
-71
-52
-28
-64
-85
-124
-113
-87
-68
-58
-75
-70
-83
-87
-66
-53
-40
-48
-94
-128
-129
-129
-144
-159
-165
-139
-193
-245
-212
-170
-153
-181
-175
-157
-153
-191
-223
-177
-148
-139
-153
-174
-151
-157
-127
-99
-94
-90
-89
-67
-45
-8
-8
-5
-20
-18
-26
-40
-64
-46
-20
-34
-11
-35
-35
-39
-68
-24
-29
-53
-40
-28
19
34
16
19
-27
-52
-34
-47
-15
-18
-38
-27
-7
50
91
101
68
45
85
88
117
138
120
118
73
79
107
121
123
86
92
78
70
86
62
29
-6
2
33
47
42
37
29
28
36
19
-2
12
24
10
14
8
43
65
75
140
170
219
242
216
187
163
149
141
148
161
153
180
198
163
158
145
156
168
158
192
227
218
197
196
159
115
84
75
100
91
102
93
92
88
79
95
92
103
95
74
52
38
61
39
0
-42
-67
-41
-31
-4
-34
-68
-69
-111
-171
-209
-239
-263
-283
-302
-302
-303
-294
-300
-262
-238
-232
-173
-177
-157
-130
-125
-90
-91
-81
-54
-18
16
5
32
47
60
54
39
39
60
70
75
54
35
58
65
68
70
66
18
17
72
76
52
13
-2
3
9
-2
-9
-5
-14
-10
-27
-12
-9
-28
-15
-18
-40
-53
-31
-29
-13
-38
-93
-142
-196
-260
-226
-167
-199
-224
-262
-260
-278
-285
-251
-205
-185
-198
-203
-212
-182
-172
-161
-120
-117
-115
-159
-175
-150
-186
-193
-197
-227
-215
-147
-119
-173
-198
-156
-120
-117
-149
-173
-162
-158
-137
-111
-111
-87
-61
-73
-107
-132
-115
-62
-50
-6
6
2
19
18
28
36
50
46
20
41
59
68
77
99
136
128
105
85
95
121
141
129
55
55
45
56
56
25
10
-4
1
-25
-30
-24
-32
-55
-81
-115
-147
-168
-190
-152
-133
-132
-123
-144
-179
-189
-157
-147
-135
-155
-170
-200
-213
-193
-187
-174
-153
-134
-163
-168
-172
-169
-128
-125
-107
-84
-114
-97
-65
-21
-21
-37
-44
-49
-40
-33
-33
-19
17
29
37
41
43
10
1
38
88
126
109
65
48
55
68
76
82
59
78
47
2
6
-2
-7
-32
-81
-79
-42
9
2
-30
-84
-123
-102
-67
-47
-36
-53
-80
-58
-28
28
21
35
82
97
77
83
80
63
78
68
56
36
13
21
19
9
-30
-34
-20
-26
-74
-153
-164
-155
-164
-196
-196
-169
-150
-151
-85
-49
-60
8
30
79
134
129
114
137
159
159
181
181
191
200
192
205
215
232
237
218
218
211
223
236
185
131
128
131
133
150
143
137
125
100
60
49
49
44
4
-48
-76
-75
-87
-87
-89
-122
-109
-91
-77
-86
-98
-100
-118
-119
-128
-100
-43
-29
-33
-49
-42
-14
-11
-71
-98
-115
-88
-51
-95
-119
-123
-152
-172
-158
-153
-134
-113
-92
-92
-117
-97
-71
-44
-33
-62
-91
-147
-168
-135
-111
-93
-129
-134
-93
-94
-118
-139
-133
-57
-73
-126
-139
-125
-132
-123
-130
-156
-133
-102
-80
-67
-84
-110
-127
-99
-81
-107
-107
-117
-104
-68
-58
16
58
62
76
40
21
36
56
84
69
63
69
31
22
31
60
37
14
28
42
61
53
46
9
-1
-2
-41
-61
-58
-93
-109
-101
-92
-63
-66
-90
-75
-73
-92
-66
-57
-52
-50
-72
-99
-106
-99
-106
-127
-134
-152
-152
-156
-155
-121
-111
-114
-104
-67
-57
-65
-72
-70
-27
-31
-53
-22
-15
16
23
20
60
100
97
90
91
86
92
118
125
138
163
173
160
136
119
109
112
129
116
110
105
65
49
46
58
57
52
74
92
92
44
11
-7
-17
9
5
-16
-54
-51
-25
-14
-33
-68
-79
-69
-44
-9
23
42
95
119
142
172
217
223
268
293
259
264
288
310
308
280
240
244
217
166
145
115
92
62
36
20
26
40
2
-63
-92
-112
-111
-127
-162
-173
-208
-205
-207
-191
-182
-167
-160
-155
-131
-106
-66
-36
-19
16
67
89
103
95
77
74
106
124
149
166
164
150
148
154
210
233
213
195
164
174
189
185
174
184
162
165
138
89
91
89
81
79
100
111
96
136
132
99
90
108
110
90
74
53
26
19
29
21
-19
-28
-13
-23
3
-12
-39
-32
-55
-50
-43
-69
-70
-46
-50
-69
-72
-85
-85
-86
-83
-93
-109
-114
-97
-84
-79
-70
-70
-95
-72
-90
-109
-109
-110
-105
-107
-129
-109
-45
-91
-134
-111
-123
-93
-68
-25
4
-19
-44
-74
-104
-110
-91
-79
-58
-30
-51
-47
-38
-43
-36
-45
-19
-11
-30
-31
-22
-10
-3
3
-29
-53
-48
-48
-45
-84
-120
-144
-179
-185
-212
-252
-292
-328
-369
-389
-373
-337
-277
-284
-321
-354
-343
-297
-253
-242
-231
-271
-261
-260
-224
-162
-134
-132
-125
-110
-96
-80
-97
-92
-101
-89
-77
-66
-76
-62
-34
-59
-72
-66
-55
-36
-43
-28
20
65
98
105
79
93
61
66
97
115
134
151
165
147
183
220
200
160
135
144
185
228
246
253
234
249
244
242
246
271
241
203
213
202
167
142
115
90
122
99
88
88
42
27
0
-40
-43
13
9
-5
-1
5
61
63
32
55
53
43
77
80
58
78
68
32
35
16
-7
-31
-34
-30
-16
-16
-26
-15
-10
-37
-28
-17
41
79
61
79
57
52
48
7
-2
0
3
21
50
59
76
105
136
115
125
140
140
175
192
208
204
181
193
198
192
196
199
197
220
231
198
206
197
194
164
131
126
128
171
188
243
282
276
275
277
248
220
184
144
153
139
104
68
38
27
39
42
24
16
27
38
31
42
53
57
29
0
-14
-48
-47
-61
-64
-9
19
51
23
12
11
0
-8
35
53
29
23
7
17
49
73
100
109
93
120
140
154
115
48
34
0
-35
-43
-81
-130
-158
-148
-146
-179
-207
-211
-198
-186
-202
-220
-231
-243
-274
-275
-278
-284
-263
-260
-266
-248
-274
-330
-345
-357
-351
-312
-287
-289
-311
-322
-305
-294
-305
-329
-343
-324
-288
-267
-274
-293
-283
-286
-266
-285
-338
-351
-346
-330
-367
-371
-381
-428
-417
-397
-375
-353
-375
-377
-376
-339
-276
-248
-207
-186
-157
-183
-182
-176
-153
-145
-142
-105
-92
-122
-111
-89
-91
-58
-41
-14
16
19
16
-21
-62
-74
-85
-81
-64
-65
-49
-48
-75
-85
-83
-74
-82
-48
-8
12
28
24
32
47
76
101
102
87
78
58
26
9
21
49
67
71
34
-6
14
7
13
17
56
62
41
62
56
97
134
125
111
81
55
57
85
126
116
120
137
155
141
141
128
145
154
157
177
217
208
177
202
200
244
230
196
180
195
234
214
234
251
263
277
232
211
220
226
219
180
168
172
179
145
116
138
179
171
166
181
206
277
296
300
287
251
255
273
275
277
269
266
287
325
329
323
289
248
212
195
183
217
213
177
186
194
177
183
151
151
131
132
137
143
143
112
95
26
-2
8
11
4
-9
-40
-71
-78
-77
-90
-121
-78
-66
-46
-43
-54
-17
-37
-38
-48
-63
-66
-64
-56
-57
-34
-30
-6
-23
-53
-75
-85
-68
-37
-17
-44
-54
-79
-67
-53
-23
16
28
-1
-81
-152
-172
-172
-162
-172
-200
-187
-150
-141
-140
-149
-183
-166
-165
-187
-179
-163
-147
-140
-145
-148
-151
-191
-213
-243
-254
-246
-229
-194
-205
-201
-238
-225
-191
-214
-209
-179
-170
-149
-146
-133
-120
-127
-125
-105
-70
-92
-104
-92
-89
-72
-110
-143
-132
-120
-120
-139
-128
-163
-210
-200
-205
-217
-221
-222
-204
-200
-198
-221
-243
-230
-230
-230
-246
-212
-225
-281
-255
-229
-211
-179
-168
-171
-126
-105
-128
-168
-199
-184
-151
-152
-120
-80
-93
-52
-6
5
-4
-26
-21
-5
20
1
-9
-34
-53
-83
-127
-127
-141
-153
-155
-158
-176
-215
-246
-252
-276
-301
-332
-328
-321
-326
-327
-344
-327
-294
-259
-214
-221
-179
-84
-23
40
7
-10
-33
-14
40
78
96
106
142
187
197
187
189
172
200
230
228
232
243
251
263
239
248
252
233
234
218
239
256
267
260
243
226
168
120
90
107
116
127
140
153
175
180
182
174
174
191
219
202
182
139
138
127
82
116
144
130
132
137
130
150
158
159
183
216
217
205
229
285
311
296
326
367
394
394
376
360
349
313
278
256
287
292
277
274
275
290
281
256
228
182
139
112
141
174
236
233
164
122
92
66
56
20
1
33
69
96
122
119
85
76
72
71
82
39
11
19
19
-32
-61
-75
-90
-65
-49
-44
-52
-62
-76
-52
-60
-71
-32
-37
-47
-100
-95
-33
-20
-24
-36
-42
-57
-92
-92
-90
-89
-116
-108
-93
-101
-100
-105
-104
-103
-129
-167
-144
-154
-159
-175
-189
-211
-218
-194
-175
-167
-211
-221
-241
-210
-149
-84
-102
-140
-155
-143
-115
-102
-97
-93
-77
-71
-74
-62
-70
-76
-84
-104
-112
-116
-102
-96
-48
-51
-65
-59
-57
-57
-59
-83
-83
-64
-95
-128
-121
-138
-158
-165
-182
-142
-162
-225
-205
-168
-130
-153
-157
-169
-170
-161
-167
-148
-149
-174
-189
-230
-250
-229
-224
-217
-217
-168
-149
-165
-150
-145
-115
-117
-133
-84
-44
-41
-58
-58
-50
-66
-80
-65
-50
-28
-69
-111
-93
-87
-51
-58
-90
-80
-93
-76
-20
-8
9
0
-15
-32
-33
-44
-79
-61
-38
-25
-6
-21
-28
-20
-63
-46
-48
-31
20
40
35
14
10
2
21
49
26
0
14
17
55
23
5
4
-5
48
58
69
54
47
41
34
39
43
45
43
36
24
4
-23
-15
-19
-21
-8
35
80
105
86
44
-8
-35
-12
28
92
131
161
141
121
171
187
188
183
188
226
256
231
222
229
225
249
276
247
230
246
231
298
335
318
323
279
238
229
211
204
197
176
175
171
154
150
148
147
170
191
237
273
283
272
215
197
185
140
133
144
132
157
140
146
181
174
191
198
168
127
112
118
142
154
159
186
196
210
189
169
166
224
228
205
230
203
193
189
185
249
282
253
215
166
103
66
46
33
30
26
12
-15
-55
-70
-77
-135
-155
-149
-142
-113
-103
-104
-125
-119
-121
-89
-79
-69
-69
-97
-107
-127
-112
-104
-110
-90
-73
-22
1
-4
19
7
18
37
4
18
15
21
48
66
70
79
92
64
48
59
47
31
-18
-74
-96
-102
-108
-112
-124
-137
-133
-149
-141
-137
-134
-164
-168
-143
-136
-126
-106
-56
-15
-9
-45
-47
-64
-90
-76
-106
-107
-108
-105
-111
-141
-168
-175
-163
-158
-179
-198
-234
-261
-205
-155
-139
-136
-108
-63
-66
-77
-68
-77
-91
-102
-149
-133
-115
-99
-58
-33
-26
-64
-56
-44
-32
-31
-23
-16
7
3
7
13
-7
16
-3
-10
22
20
10
-5
-13
-2
5
37
65
91
135
118
142
138
181
209
208
252
270
299
287
287
307
278
253
206
138
108
83
49
62
75
114
121
85
82
40
39
52
76
113
124
120
104
86
47
-5
-5
35
33
36
39
34
7
11
2
25
26
31
41
60
81
70
65
19
64
99
67
47
39
46
35
25
44
60
72
58
63
56
47
14
38
67
30
30
7
26
52
74
58
52
98
108
103
82
69
71
77
45
15
10
1
-1
-13
-22
-17
-11
-2
18
-10
-39
-32
-4
-12
-35
-45
-37
21
51
68
89
97
108
119
120
132
178
192
142
119
112
76
54
35
9
-4
6
-33
-45
-53
-61
-62
-54
-22
-2
16
-5
10
40
26
25
19
54
92
82
68
78
61
87
75
67
50
45
61
76
104
110
113
86
72
47
56
89
103
103
80
68
42
23
0
-54
-62
-71
-59
-52
-88
-121
-133
-110
-112
-140
-123
-124
-79
-48
-80
-76
-100
-114
-72
-49
-39
-50
-45
-47
-66
-70
-77
-101
-118
-127
-142
-182
-188
-164
-155
-118
-117
-153
-165
-150
-122
-61
-36
1
21
20
14
-3
-9
-59
-82
-82
-57
-48
-58
-64
-89
-92
-54
-23
-33
-44
-18
5
-3
3
17
15
30
53
23
11
4
10
5
-23
0
-30
-42
-47
-71
-78
-80
-72
-48
-24
-67
-74
-77
-28
0
-1
17
9
28
47
79
91
89
116
147
192
234
248
263
271
292
334
320
309
312
293
285
266
235
200
130
118
81
66
63
59
55
5
-15
-25
-10
8
16
14
-3
-21
-19
-21
-54
-65
-61
-49
-22
5
26
48
42
28
35
26
31
13
-42
-50
-38
-44
-46
-71
-125
-147
-162
-187
-169
-174
-160
-172
-191
-190
-167
-137
-109
-72
-81
-70
-59
-86
-73
-35
-36
-34
-19
30
66
62
35
41
54
49
40
25
33
38
62
72
76
79
79
63
53
32
40
23
-22
-63
-93
-128
-122
-93
-98
-101
-108
-140
-170
-147
-165
-173
-195
-213
-188
-179
-163
-135
-128
-129
-97
-95
-74
-47
-27
5
14
-8
-32
12
18
30
35
6
8
29
9
-16
-26
-11
-23
-59
-65
-95
-89
-97
-128
-152
-150
-117
-124
-151
-132
-120
-113
-55
-39
-23
-16
12
25
9
-2
-48
-81
-79
-66
-85
-95
-113
-106
-89
-89
-77
-55
-67
-76
-60
-40
-21
-41
-37
-24
-59
-102
-161
-190
-222
-246
-249
-268
-237
-211
-183
-169
-181
-158
-123
-87
-80
-29
14
38
64
70
50
40
54
35
25
42
50
62
75
61
62
46
49
85
81
80
75
105
127
148
165
156
153
157
146
129
135
149
205
245
233
158
112
90
72
72
81
42
17
-7
-28
-49
-33
-15
-15
22
6
16
24
6
8
-8
-4
-9
-26
-1
7
15
5
-54
-66
-74
-53
31
73
107
97
113
130
90
83
79
109
133
157
112
45
27
28
-2
-25
-34
-57
-34
-25
-38
-49
-72
-77
-40
-47
-51
-60
-107
-122
-91
-77
-97
-99
-130
-137
-149
-143
-117
-102
-96
-94
-101
-88
-94
-84
-57
-48
-33
0
38
41
32
6
36
78
82
71
39
-8
-10
-13
-22
-21
-25
-20
-2
18
5
-15
-44
-48
-45
-19
-6
-26
-46
-59
-55
-53
-45
-55
-43
-38
-54
-48
-40
-49
-54
-72
-96
-83
-46
-29
-38
-31
-24
24
74
60
50
32
24
13
-14
-63
-84
-58
-63
-62
-77
-79
-78
-94
-117
-68
-75
-81
-54
-44
-18
-16
-23
-42
-62
-59
-37
-9
-17
5
18
-15
-16
-20
-32
0
-31
-77
-94
-80
-37
-54
-75
-83
-66
-83
-94
-104
-145
-130
-88
-66
-72
-99
-68
-77
-99
-123
-143
-125
-149
-200
-200
-184
-148
-173
-232
-224
-260
-272
-271
-297
-252
-243
-254
-215
-198
-188
-187
-175
-177
-178
-109
-88
-57
-34
-20
-5
17
50
30
11
33
31
47
72
77
115
133
120
86
53
46
26
23
44
60
80
29
-10
-10
-21
-24
-9
6
26
21
9
25
22
42
53
74
89
84
91
69
116
133
136
148
158
165
182
184
184
188
165
133
132
103
91
94
105
122
101
58
15
3
17
67
85
84
77
64
46
59
52
25
50
66
70
47
62
95
76
48
-7
-75
-94
-79
-33
-52
-50
-62
-76
-86
-121
-146
-155
-121
-103
-132
-159
-166
-140
-111
-102
-93
-88
-87
-49
-37
-34
-1
25
74
77
82
81
108
143
92
53
31
3
8
41
75
80
33
37
20
2
38
44
33
6
-10
-2
40
65
72
36
6
10
27
47
61
93
75
66
67
87
121
107
100
77
101
122
130
133
109
92
61
47
68
119
100
88
37
22
15
-13
-53
-81
-53
-47
-24
-34
-54
-64
-114
-120
-109
-83
-67
-71
-59
-76
-77
-57
-38
-16
8
13
48
61
92
83
28
29
2
4
26
36
54
53
29
40
57
70
84
90
84
65
67
46
17
20
-4
-8
-9
1
19
17
28
20
16
4
-2
31
57
72
67
99
103
98
83
37
64
52
23
42
62
92
103
106
92
69
89
53
29
1
-35
18
46
5
-23
-52
-79
-72
-67
-85
-79
-76
-75
-66
-83
-97
-102
-140
-109
-76
-56
-53
-96
-145
-131
-80
-74
-60
-65
-98
-114
-129
-157
-120
-121
-146
-162
-169
-119
-83
-78
-65
-54
-84
-84
-55
-44
-2
41
30
46
57
55
87
72
33
42
60
89
81
73
66
40
33
21
59
92
92
106
93
69
72
92
89
63
28
-25
-29
-36
-20
-18
-52
-104
-135
-140
-95
-36
-39
-53
-79
-113
-119
-113
-105
-92
-77
-72
-68
-65
-90
-82
-95
-67
-61
-31
-37
-63
-78
-97
-49
-37
-55
-51
-56
-15
26
37
35
14
30
4
29
79
90
111
137
119
170
195
201
220
215
217
215
219
202
231
242
244
273
249
180
153
145
122
156
171
177
191
155
138
119
117
157
180
191
181
167
113
128
142
123
118
129
133
95
62
54
41
57
109
148
168
149
135
126
101
111
118
112
139
132
142
164
179
206
223
196
212
249
218
228
216
215
190
164
137
125
112
57
52
36
32
35
24
-9
-30
-33
-60
-50
-62
-61
-59
-62
-27
-3
16
28
37
55
88
93
91
88
78
62
42
50
60
71
93
93
71
99
96
75
81
79
89
64
53
25
-8
-31
-20
27
46
66
29
-9
-7
-3
0
25
33
12
-10
-34
-46
-32
-60
-97
-111
-120
-111
-135
-185
-247
-250
-246
-246
-256
-291
-314
-316
-291
-260
-231
-253
-248
-184
-166
-166
-136
-107
-66
-85
-71
-36
17
62
64
74
73
92
92
125
142
174
180
211
185
161
190
184
183
162
129
90
87
104
90
85
65
3
-20
-21
-5
28
28
33
84
101
77
41
-4
-51
-68
-66
-76
-83
-74
-96
-98
-106
-97
-52
-38
-33
-27
-29
-9
36
15
2
-2
12
60
81
48
4
6
24
18
26
21
1
0
18
20
0
-19
-40
-61
-97
-99
-104
-86
-60
-69
-110
-119
-123
-119
-123
-139
-131
-144
-122
-116
-123
-128
-140
-150
-131
-103
-88
-61
-31
-12
-46
-62
-61
-47
-43
-86
-84
-96
-125
-102
-82
-45
-77
-84
-39
-24
24
24
11
11
-5
31
57
61
94
77
104
126
107
132
114
91
91
105
79
63
63
50
64
64
37
27
6
6
22
35
28
35
62
64
61
56
53
63
102
96
115
111
90
85
53
30
34
5
-15
-18
-6
3
-17
-27
-28
-43
-46
-51
-39
-13
32
32
35
35
-9
11
50
42
52
33
36
71
91
99
83
80
80
92
73
41
32
29
45
48
27
-18
-38
-47
-39
-6
20
49
37
-4
-18
32
47
80
88
57
38
40
68
70
51
53
64
88
92
103
105
92
109
114
133
182
196
186
186
196
210
216
232
273
289
243
207
171
152
151
151
124
144
148
109
95
56
43
32
46
59
81
61
29
26
13
44
74
66
71
18
-40
-38
-13
-4
-35
-43
-38
-50
-26
-32
-18
-18
-21
12
36
64
73
84
69
82
116
144
157
140
108
85
60
45
37
4
-17
-15
-8
-24
-11
11
20
52
30
39
79
94
78
57
23
8
-29
-56
-51
-55
-40
-25
-30
-49
-69
-107
-60
-17
37
88
45
18
39
27
2
0
-33
-20
-27
-45
-51
-60
-47
-41
-59
-76
-85
-117
-147
-146
-131
-96
-68
-75
-93
-82
-84
-99
-95
-96
-94
-117
-119
-137
-189
-210
-216
-187
-142
-97
-101
-121
-137
-144
-124
-126
-110
-125
-119
-86
-60
-37
-18
-27
-42
-50
-38
-21
-27
-15
-29
-31
-20
-33
-52
-76
-94
-123
-117
-122
-110
-57
-37
-50
-70
-127
-147
-143
-138
-166
-249
-264
-291
-317
-335
-385
-366
-377
-348
-310
-330
-338
-373
-363
-357
-356
-317
-311
-321
-328
-360
-339
-315
-303
-243
-199
-161
-138
-113
-66
-33
43
61
91
135
109
91
83
92
90
63
56
18
38
73
63
55
31
36
42
40
24
15
55
66
56
52
60
70
74
96
62
24
16
22
55
63
33
56
82
130
154
149
149
152
159
188
260
305
313
287
299
342
345
322
298
266
261
251
247
266
281
283
252
238
215
216
181
120
157
188
171
175
129
106
108
118
140
151
155
148
137
127
157
173
162
161
149
122
106
120
90
106
108
95
96
64
89
89
78
81
86
87
79
102
125
122
134
155
150
165
185
195
189
131
93
93
127
151
163
200
216
208
181
153
147
131
124
93
89
101
84
73
30
-13
-63
-52
-19
-19
-23
-58
-56
-59
-91
-167
-218
-222
-221
-208
-191
-196
-173
-132
-112
-113
-120
-88
-89
-51
-46
-29
27
18
51
80
112
153
161
183
170
171
181
170
168
148
150
140
95
81
106
91
77
88
108
106
77
22
-16
15
21
45
48
16
17
11
20
13
18
47
40
19
32
34
9
-3
-6
9
-16
-33
-32
-51
-66
-101
-93
-97
-119
-137
-200
-199
-176
-181
-226
-280
-308
-289
-263
-260
-282
-269
-251
-235
-196
-178
-157
-166
-183
-164
-104
-65
-55
-63
-71
-95
-81
-49
-57
-46
-48
-48
-40
-24
-5
-15
-23
-47
-39
-35
-53
-33
-16
-2
12
9
1
-31
-38
-39
-65
-77
-99
-85
-29
51
82
111
102
107
130
154
166
136
130
123
112
104
69
46
41
26
40
28
28
20
-1
21
12
-11
-28
