35
94
110
145
175
174
175
182
180
149
108
115
128
141
132
130
34
-8
5
-3
2
-2
1
-1
1
-1
1
-1
0
0
0
0
1
0
0
0
0
0
0
0
0
0
0
0
0
0
0
0
0
0
0
0
0
0
-1
0
0
0
0
0
0
0
0
0
0
0
0
0
1
0
0
0
0
0
0
0
1
0
0
0
1
1
0
0
0
-1
1
1
0
0
0
0
0
0
0
1
0
0
0
1
0
0
0
0
0
-1
0
0
0
0
0
0
0
0
0
0
-1
-1
-1
0
0
0
0
-1
0
0
0
0
0
0
0
0
0
1
0
1
0
0
0
0
0
0
1
-1
0
1
-1
0
0
0
0
0
0
0
-1
0
0
0
-1
0
-1
0
0
0
0
0
-1
0
0
1
0
1
0
0
-1
3
-34
-91
-76
-88
-122
-128
-127
-123
-100
-58
-39
0
9
20
30
15
-8
-7
21
6
-5
-35
-61
-56
-82
-79
-44
-66
-91
-49
-18
18
43
12
1
12
22
24
6
2
-15
2
2
1
-8
-10
0
27
51
63
60
54
72
80
113
141
125
108
69
33
46
64
75
93
72
49
35
0
-15
-22
-43
-54
-34
-38
-27
-22
-6
2
53
25
-19
3
3
10
4
-4
-6
-7
6
2
3
7
-7
-8
-6
-6
1
0
-3
2
-9
-7
-10
-14
-13
-10
-4
-14
-10
-9
-11
-9
-4
-6
3
-7
-1
19
-7
-3
-7
-8
-10
-11
-5
-19
1
8
8
5
0
-7
-4
2
8
1
-3
9
11
20
11
18
4
9
-1
-12
-5
3
-1
8
-1
-16
-2
-2
5
-4
-5
-10
-5
-3
9
4
-6
-4
-5
-4
-2
-4
15
2
-2
2
0
23
7
8
10
1
7
5
3
0
10
10
2
13
-2
0
-2
-6
19
6
0
8
1
-2
5
11
2
4
11
4
6
5
-2
0
1
0
5
17
0
7
15
1
8
3
12
12
7
-2
0
7
-6
-1
6
-3
8
6
2
3
-1
3
5
5
-9
-11
-3
7
11
16
12
14
15
-1
8
-2
-4
5
-5
-3
-16
-2
8
13
9
3
-4
-3
-7
9
10
-1
-2
-1
-1
-3
9
8
4
1
5
17
5
0
8
0
12
22
7
8
5
2
8
12
16
6
6
3
4
-4
-8
2
8
5
9
-12
-15
-6
-5
5
3
5
5
-5
-7
0
1
7
2
-9
1
-7
-8
-5
-1
0
-14
-7
-9
8
4
-2
3
2
11
7
3
6
12
10
7
-3
-6
1
3
5
-6
-4
-6
-9
5
-13
-4
-5
-7
-9
-7
2
-15
-1
8
-2
-12
-21
-12
-1
-19
-5
3
0
9
4
8
0
-9
-5
-7
4
-2
2
20
0
-3
-5
-5
9
3
3
2
4
4
-8
-11
-5
3
10
4
-11
-11
-11
-1
9
-6
0
-1
6
16
-6
-4
-6
-1
-10
-13
-4
-8
-6
-10
-19
-11
-10
-15
-6
-19
-17
-12
-11
-2
-6
-12
-14
0
-3
-11
-7
-14
-3
-3
-15
-4
3
-9
-2
-19
-15
-5
1
5
10
10
-11
-11
0
-2
14
17
-2
5
5
-4
-8
4
8
-3
-2
-1
9
15
2
-15
-25
-11
-11
-4
-6
-13
-39
-34
-37
-30
-5
4
16
12
11
-4
24
14
3
-1
-40
-29
-12
-3
3
-19
-2
19
12
24
7
3
11
-1
6
-4
20
9
-3
-15
-31
-23
-25
-1
21
11
0
15
16
-2
-11
-25
-23
2
-1
-10
3
3
-7
2
-6
7
-17
-20
-5
10
-1
-17
-4
-14
-9
-8
3
32
25
1
-20
-14
-2
-5
21
40
19
4
-5
17
29
18
42
23
19
29
19
38
22
20
20
-3
20
4
6
27
0
24
22
11
13
-9
10
18
11
14
16
12
14
8
11
0
14
15
14
12
5
23
33
23
34
11
-19
4
-17
-5
-4
1
8
-4
-25
-34
-4
-2
-19
-7
-17
-10
23
19
15
11
19
0
-5
18
21
8
18
-10
-4
34
39
44
19
2
9
-1
-2
13
20
28
24
32
22
11
10
7
-9
-25
7
1
-2
6
-1
13
17
4
14
10
11
23
7
14
18
15
6
-3
13
-21
-9
11
3
0
-16
-12
-25
-23
-17
-33
-38
-44
-17
10
1
-9
-6
4
-4
10
9
16
24
6
24
21
6
6
-4
-1
13
-2
-3
-16
-31
-13
-9
-19
-24
-28
-54
-51
-24
-10
18
15
4
-8
-3
11
11
31
36
1
-1
19
29
29
20
24
30
34
44
29
-2
9
0
-8
-8
-25
-25
-30
-36
-43
-38
-52
-65
-44
-36
-41
-42
-46
-51
-47
-27
-13
15
-8
-16
12
51
58
18
21
16
-18
-22
7
35
48
20
6
-2
-6
-17
15
23
-19
-43
-42
-69
-53
-21
-10
11
-30
-57
-71
-76
-42
-52
-83
-76
-59
-15
-1
3
0
-10
7
28
14
-17
-19
-19
-20
-5
-41
-67
-77
-70
-42
-27
-30
-41
-43
-68
-24
20
29
7
4
-9
-4
31
17
-3
-7
-21
-4
4
4
-19
-23
-36
-37
-10
-19
-27
-33
-30
-38
-29
-23
-15
-4
10
0
-21
-22
-9
-25
-36
-38
-52
-49
-20
-13
-9
-4
-2
11
29
55
40
58
72
48
37
40
80
79
68
48
57
65
32
-7
-33
-46
-34
-35
-34
-25
-10
-3
-30
-29
-40
-40
-42
3
15
6
18
1
30
10
32
17
6
17
-21
-19
5
5
16
18
16
4
-7
21
-10
-24
-7
-13
-2
8
21
9
-16
6
-10
-18
17
7
23
22
6
10
-3
20
42
43
28
39
35
-9
-34
-15
4
-8
-13
-21
-24
-7
0
-9
-36
-44
-52
-50
-45
-51
-52
-38
-10
-38
-45
-28
-30
13
23
-4
1
1
12
58
47
52
42
44
67
86
66
42
48
54
17
5
-23
-38
-11
-28
-8
6
-6
-19
-34
-38
-8
41
57
54
60
50
87
106
105
131
102
80
69
70
63
39
39
31
19
6
-17
-13
-25
-25
-15
-33
-27
-28
-20
4
36
26
28
29
26
47
64
45
58
71
62
86
34
10
-8
-30
-8
2
-10
-3
-39
-49
-47
-75
-92
-92
-77
-101
-108
-104
-59
-17
-17
-8
-4
-29
-17
-24
-18
-11
-28
6
-13
17
46
41
66
101
121
162
129
115
148
156
154
89
65
67
38
22
31
49
69
75
50
7
2
6
3
9
-11
-34
-38
-10
36
39
55
42
50
76
75
80
66
64
39
42
57
48
42
55
56
27
18
-8
0
-18
-39
-60
-60
-28
-42
-63
-79
-58
-34
-25
6
18
24
62
49
38
45
14
3
22
68
67
34
16
-8
-10
0
-19
-22
-21
-19
-32
-70
-80
-75
-91
-114
-105
-88
-99
-77
-68
-85
-57
-40
-58
-25
19
21
14
13
43
63
66
77
89
77
77
64
24
26
25
31
26
25
15
-9
4
17
-9
-31
-55
-64
-59
-79
-79
-60
-72
-62
-14
-5
-6
13
16
21
29
8
-15
-54
-69
-46
-50
-52
-75
-91
-62
-58
-25
-18
-9
-2
-41
-42
-48
-31
-4
-15
-4
-6
11
34
22
0
-17
-31
-45
-48
-16
-3
-1
-30
-61
-59
-63
-12
-16
-22
4
-42
-65
-87
-114
-94
-107
-129
-164
-203
-202
-185
-175
-179
-191
-150
-137
-140
-136
-134
-129
-118
-121
-114
-105
-127
-120
-96
-62
-14
2
-21
-32
-37
-40
-58
-59
-71
-85
-80
-44
-55
-99
-126
-160
-179
-181
-186
-172
-141
-127
-101
-73
-74
-75
-24
-10
-34
-37
-10
18
28
-7
-45
-65
-83
-124
-132
-113
-91
-83
-82
-78
-101
-122
-151
-154
-164
-179
-155
-133
-101
-72
-66
-53
-28
21
53
67
106
136
164
205
243
260
253
239
245
249
266
237
210
188
133
144
107
97
97
31
-4
-10
-1
16
15
33
25
28
34
72
91
101
95
74
85
89
91
99
102
89
87
97
114
91
91
93
93
126
117
97
86
79
100
114
103
85
90
93
64
61
83
82
108
128
113
113
100
123
153
154
181
189
196
199
157
145
127
88
83
72
66
38
14
22
60
74
65
52
82
85
38
56
60
87
73
41
54
76
69
53
63
55
31
25
63
86
94
62
68
102
119
147
146
118
120
104
105
56
14
-32
-37
-17
1
51
61
51
48
45
29
47
74
92
72
48
37
40
55
57
38
9
7
-21
-41
-45
-55
-78
-65
-34
-12
-54
-41
-25
-33
-16
-43
-16
2
-26
-6
-6
5
46
58
42
13
-8
-20
-1
31
31
36
68
83
91
59
21
5
25
15
-40
-94
-116
-92
-59
-51
-33
-43
-57
-45
-20
8
9
7
10
38
26
22
34
15
11
40
79
48
9
-26
-80
-136
-162
-151
-163
-180
-205
-235
-281
-292
-268
-245
-220
-217
-198
-187
-199
-211
-205
-192
-177
-160
-135
-141
-127
-107
-94
-73
-86
-93
-104
-114
-137
-136
-132
-129
-107
-115
-147
-195
-208
-215
-215
-227
-241
-230
-217
-213
-209
-243
-252
-230
-224
-186
-164
-147
-139
-207
-233
-216
-209
-172
-136
-130
-152
-155
-151
-155
-159
-150
-146
-139
-127
-96
-45
-47
-52
-44
-64
-93
-102
-124
-109
-113
-134
-134
-115
-92
-84
-90
-141
-162
-171
-175
-173
-209
-236
-230
-216
-220
-256
-297
-313
-323
-284
-283
-284
-284
-292
-303
-314
-271
-244
-219
-183
-146
-114
-75
-54
-34
-2
60
52
9
16
28
53
73
47
52
50
7
-12
-18
-7
5
-13
-29
6
10
-35
-51
-65
-70
-53
-48
-55
-52
-17
22
58
96
102
130
136
151
185
213
254
240
231
207
208
235
235
200
163
138
128
122
108
44
10
-7
-42
-1
6
29
33
16
69
100
138
167
168
176
218
254
252
269
256
243
235
211
216
181
143
106
92
63
34
54
66
75
52
10
8
1
-27
-32
-29
-19
-17
-15
12
32
24
23
54
73
105
146
158
157
158
139
143
207
223
221
220
246
274
269
267
221
175
182
205
234
226
186
177
180
166
174
215
258
261
231
199
215
243
254
255
238
254
245
235
232
192
195
162
117
110
107
141
115
48
24
17
16
-35
-53
-40
-1
36
30
61
70
92
150
183
189
192
197
236
269
312
338
358
352
276
240
214
177
156
142
141
100
67
37
-2
-23
-7
18
24
-21
-23
3
-2
13
30
54
61
83
100
154
207
229
265
244
204
194
180
172
134
85
59
68
73
69
40
21
4
-29
-53
-81
-37
-51
-79
-100
-102
-49
1
3
22
66
87
118
140
138
144
170
165
165
170
128
107
113
57
41
26
-8
0
-50
-87
-69
-85
-110
-96
-75
-82
-92
-107
-86
-63
-69
-82
-48
-41
-22
-19
-58
-60
-81
-85
-91
-140
-197
-223
-221
-248
-253
-287
-338
-341
-321
-301
-254
-232
-253
-221
-206
-212
-149
-117
-115
-106
-97
-66
-27
6
41
45
28
8
-19
-30
-30
-26
-16
-11
-28
-65
-95
-75
-81
-114
-130
-105
-110
-140
-160
-197
-185
-159
-155
-153
-154
-148
-145
-165
-158
-138
-133
-133
-120
-139
-171
-198
-227
-245
-247
-249
-204
-219
-243
-179
-162
-137
-152
-190
-178
-155
-100
-77
-71
-38
-12
34
43
59
54
27
39
21
6
12
6
-31
-76
-109
-135
-132
-136
-182
-247
-270
-294
-307
-292
-265
-243
-236
-183
-176
-196
-195
-166
-118
-108
-106
-101
-75
-55
-3
39
87
119
132
153
202
259
255
238
243
243
245
244
214
191
158
83
48
14
1
-33
-63
-66
-110
-118
-134
-118
-100
-89
-78
-68
-29
-12
11
35
-11
-14
31
41
50
55
71
111
129
121
98
101
134
154
175
211
204
189
123
108
111
106
147
107
77
59
32
3
-7
35
68
83
42
-11
-15
-56
-74
-68
-85
-69
-94
-170
-175
-153
-184
-185
-174
-168
-107
-48
-22
42
76
91
107
145
181
220
229
215
229
242
257
277
277
249
226
214
216
223
202
165
156
87
58
85
81
92
85
80
87
112
115
105
131
135
138
160
172
232
264
271
308
292
318
340
326
340
334
294
307
333
324
302
278
286
281
244
251
275
261
240
216
214
233
204
169
167
181
183
217
238
230
197
152
163
183
203
206
201
205
233
233
229
205
197
220
190
198
180
191
230
183
177
143
118
148
130
125
95
74
106
98
127
76
37
44
-8
-1
19
12
14
-3
4
-5
23
54
15
16
39
66
39
17
26
58
85
119
124
123
175
178
161
169
190
178
180
188
163
198
205
224
215
182
192
233
257
250
233
168
130
88
44
62
83
67
74
67
35
31
25
39
61
52
31
17
-15
-34
-69
-101
-87
-64
-41
-4
-6
-13
7
37
58
70
112
140
141
108
115
147
195
222
213
234
268
296
328
340
336
310
280
256
210
195
180
151
149
123
76
40
9
6
-7
-29
-50
-74
-80
-84
-69
-80
-124
-153
-184
-183
-172
-196
-190
-165
-152
-130
-129
-145
-142
-136
-89
-80
-43
-39
-31
21
20
40
44
24
26
16
16
22
12
16
-37
-74
-92
-80
-37
-24
-34
-47
-41
7
24
45
41
20
13
-48
-45
-32
-24
-76
-139
-114
-120
-144
-130
-147
-161
-141
-153
-150
-128
-125
-119
-126
-126
-146
-128
-111
-118
-101
-101
-75
-46
-32
-32
-14
-8
-28
-53
-86
-136
-149
-183
-225
-222
-201
-180
-227
-247
-245
-283
-303
-323
-358
-344
-337
-304
-263
-247
-257
-297
-322
-272
-199
-196
-197
-232
-251
-238
-229
-235
-228
-233
-213
-199
-230
-277
-282
-288
-332
-316
-293
-297
-313
-361
-396
-398
-429
-434
-387
-403
-424
-434
-437
-437
-408
-383
-364
-359
-356
-315
-270
-278
-261
-242
-236
-197
-185
-198
-195
-218
-236
-246
-271
-295
-313
-291
-302
-274
-234
-283
-323
-329
-314
-264
-238
-231
-212
-204
-201
-180
-169
-163
-159
-154
-152
-138
-151
-170
-187
-254
-252
-237
-278
-289
-278
-259
-243
-258
-287
-306
-294
-289
-267
-244
-240
-235
-258
-287
-287
-287
-271
-263
-239
-195
-179
-122
-106
-135
-146
-154
-116
-98
-77
-74
-137
-159
-206
-214
-213
-209
-162
-142
-96
-111
-150
-117
-92
-61
-17
9
53
70
71
80
67
111
108
102
103
68
61
22
18
-3
-24
-44
-72
-77
-82
-101
-105
-101
-81
-32
-19
-36
-58
-12
35
34
49
52
74
104
126
146
172
155
176
218
238
271
287
293
296
315
338
339
349
312
283
261
268
301
312
316
299
270
264
271
289
311
298
332
382
374
416
422
453
444
396
385
372
416
409
338
292
271
267
275
266
275
266
256
212
190
204
223
243
299
331
373
400
399
410
451
489
466
488
525
552
568
543
524
500
472
434
412
443
466
447
408
386
366
349
375
376
356
323
272
231
244
208
236
248
241
243
189
175
133
132
130
131
130
97
91
99
81
40
-33
-62
-84
-99
-117
-171
-162
-156
-171
-168
-201
-183
-196
-220
-174
-138
-107
-118
-150
-107
-82
-70
-129
-142
-110
-82
-54
-118
-191
-204
-275
-266
-239
-248
-282
-331
-362
-374
-343
-339
-374
-365
-364
-365
-363
-407
-381
-393
-384
-330
-343
-303
-286
-306
-321
-323
-283
-278
-291
-310
-332
-325
-349
-387
-440
-484
-499
-514
-519
-521
-544
-557
-569
-589
-603
-583
-567
-585
-581
-558
-524
-471
-434
-396
-351
-355
-356
-343
-307
-280
-244
-233
-257
-261
-323
-370
-361
-385
-415
-452
-513
-520
-510
-518
-555
-591
-592
-605
-625
-639
-650
-651
-634
-622
-591
-535
-466
-421
-415
-440
-422
-430
-452
-414
-392
-395
-362
-389
-413
-418
-454
-400
-410
-392
-389
-423
-443
-423
-411
-407
-398
-465
-451
-449
-428
-424
-391
-408
-387
-354
-343
-291
-281
-283
-292
-326
-328
-332
-342
-358
-405
-404
-365
-352
-338
-300
-252
-216
-215
-221
-212
-188
-214
-225
-188
-182
-179
-155
-130
-83
-38
12
27
33
51
69
69
58
77
88
95
119
99
83
72
73
49
34
33
37
62
60
68
63
98
111
118
135
172
191
192
193
150
140
170
197
204
185
178
146
107
139
151
139
141
152
144
145
167
189
217
226
191
167
124
109
127
93
81
42
90
139
89
96
144
184
204
213
258
293
316
340
352
416
462
446
431
409
439
433
448
457
417
392
357
361
389
397
408
409
419
439
459
444
419
436
462
457
435
429
441
412
398
404
407
395
345
304
285
305
329
351
378
401
441
468
436
408
367
338
333
293
282
316
315
314
336
375
357
339
307
275
253
218
204
204
235
281
276
295
305
313
308
306
317
324
331
324
323
307
304
322
299
260
264
270
282
311
303
281
285
295
282
264
242
241
253
210
172
130
99
114
111
95
78
77
81
101
131
153
137
128
123
150
152
144
147
126
117
104
65
61
68
61
49
41
72
69
78
108
75
90
102
97
112
89
70
40
17
-44
-88
-95
-109
-94
-94
-119
-120
-129
-113
-126
-144
-133
-180
-198
-235
-270
-280
-281
-275
-323
-352
-352
-315
-307
-284
-290
-271
-343
-417
80
9
-81
61
-316
-53
35
-244
29
-19
-119
-1
-173
-159
-102
-242
-102
-71
-195
-85
-144
-186
-81
-132
-60
30
-26
-34
-84
-130
-93
-110
-185
-211
-289
-289
-295
-348
-285
-249
-278
-298
-299
-351
-372
-382
-389
-386
-403
-413
-432
-463
-455
-475
-531
-519
-553
-550
-522
-488
-446
-466
-437
-395
-347
-303
-266
-263
-284
-296
-258
-198
-212
-231
-234
-246
-263
-309
-328
-329
-284
-278
-295
-273
-257
-206
-185
-174
-146
-117
-128
-130
-124
-99
-79
-101
-162
-177
-176
-177
-141
-152
-163
-158
-190
-221
-245
-233
-281
-314
-353
-370
-314
-344
-334
-291
-268
-221
-184
-167
-198
-187
-185
-217
-219
-241
-180
-134
-164
-135
-150
-162
-171
-188
-159
-106
-76
-61
-49
-10
66
87
99
93
68
24
-16
9
47
39
16
-7
-27
-32
44
22
-55
-4
21
79
111
135
223
248
213
182
141
125
110
115
172
154
114
124
154
209
254
264
247
232
250
276
279
294
336
355
392
381
350
359
371
381
369
398
418
418
409
380
375
417
403
368
361
364
362
374
382
388
428
430
374
362
392
445
468
465
486
502
528
524
534
542
522
533
523
524
540
514
479
409
350
365
382
331
314
274
296
321
318
329
365
357
308
291
277
308
321
288
298
325
331
283
265
287
275
274
260
239
260
267
270
265
297
356
352
352
335
343
397
425
434
426
410
432
454
425
423
430
395
381
345
316
286
259
245
206
172
162
123
62
80
81
88
127
125
131
134
109
86
85
55
53
106
134
160
148
118
117
128
158
159
171
179
242
281
273
269
251
250
268
272
257
273
236
178
176
130
73
78
52
89
119
104
130
170
190
179
146
99
84
120
112
97
112
108
94
87
75
66
35
27
-16
-47
-25
-31
-64
-93
-86
-103
-89
-50
-33
-40
-14
-5
-21
-30
-57
-31
-12
-35
-79
-119
-140
-131
-168
-198
-222
-257
-211
-206
-199
-193
-231
-205
-182
-185
-204
-220
-194
-163
-134
-131
-107
-132
-176
-182
-216
-225
-189
-168
-204
-210
-212
-240
-255
-280
-306
-306
-291
-349
-389
-350
-354
-369
-437
-443
-454
-492
-506
-529
-544
-492
-468
-480
-454
-476
-467
-419
-407
-415
-430
-510
-530
-515
-531
-488
-457
-482
-428
-402
-394
-377
-381
-347
-336
-289
-230
-227
-246
-272
-233
-213
-262
-298
-300
-272
-249
-195
-135
-103
-73
-33
-46
-63
-112
-144
-127
-115
-96
-111
-160
-200
-170
-157
-183
-219
-287
-301
-302
-267
-206
-226
-213
-195
-189
-152
-98
-73
-40
-35
-91
-94
-59
-41
-67
-39
-66
-95
-98
-102
-81
-120
-148
-125
-130
-39
-72
-87
-115
-87
-60
-155
-131
-164
-116
-132
-116
-155
-163
-200
-179
-176
-170
-142
-167
-132
-99
-69
-48
-45
-15
-19
7
7
-18
-19
8
14
58
28
43
43
100
71
194
-42
256
317
170
125
-23
147
327
309
149
37
209
204
-85
738
304
192
77
-54
328
547
355
-74
-223
86
212
197
227
23
-112
26
152
162
188
99
-139
-85
34
39
31
-53
-169
-114
-141
33
109
144
127
-8
45
253
208
312
116
328
206
391
-30
-333
321
291
708
153
-306
-202
52
369
373
-804
304
226
715
518
-243
-409
-76
403
670
203
272
-155
-169
-434
-243
955
564
630
-521
-752
-151
599
753
332
-351
-419
-3
411
481
287
-134
-42
42
172
219
197
56
25
-70
102
232
153
82
60
148
205
172
97
129
176
274
134
1
-79
-28
71
165
165
29
73
46
103
-114
-217
146
215
355
100
-123
-104
-53
-14
55
15
32
18
-76
-7
-60
22
-202
108
343
227
138
-137
57
129
35
79
215
60
60
-8
169
197
0
-56
33
178
265
65
-7
47
37
22
102
150
103
-44
-64
12
11
-26
-67
-66
-142
-81
83
207
39
-168
-251
-32
186
198
-25
-172
-67
39
145
135
67
16
15
113
119
-32
-126
-90
278
317
119
-337
-441
57
185
51
-197
-212
-50
8
-484
86
65
251
16
-706
-15
37
182
-24
-392
-88
120
-37
-75
-301
-58
-45
-116
-168
-203
-214
-246
-168
-166
-172
-120
-236
-238
-191
-93
-44
-80
-179
-302
-214
-153
-93
-67
-55
-98
-51
-71
12
59
114
108
20
24
15
34
3
-54
-76
11
23
9
-73
-85
-72
-75
-21
-57
-69
-53
-20
-24
4
47
64
138
141
93
9
-51
-39
-13
9
-16
-75
-63
-44
-29
-103
-180
-206
-193
-176
-248
-273
-315
-292
-371
-336
-300
-304
-264
-264
-281
-268
-284
-330
-325
-286
-201
-151
-137
-111
-151
-169
-235
-293
-224
-148
-108
-159
-230
-261
-245
-205
-142
-250
-240
-282
-288
-239
-278
-205
-200
-217
-247
-249
-237
-293
-264
-247
-181
-175
-248
-186
-151
-50
-123
-261
-190
-174
-108
-205
-353
-267
-190
-111
-229
-301
-313
-175
-53
-63
-115
-152
-167
-75
-23
-19
35
33
48
31
50
67
78
109
205
196
108
149
184
236
250
232
207
194
212
225
153
109
159
145
51
-1
-34
-75
-1
-51
-42
-52
-38
-53
-73
31
59
37
3
26
81
76
76
96
177
252
182
180
199
255
373
320
350
359
371
414
397
458
497
478
410
423
393
385
392
382
328
308
201
234
309
318
243
227
229
230
291
243
273
319
264
266
266
277
140
136
186
266
319
104
59
67
178
336
304
288
309
371
495
536
453
336
328
396
424
423
387
351
301
208
187
167
164
148
161
157
155
165
69
5
74
100
154
123
69
80
137
163
135
208
195
136
117
209
324
395
372
280
210
272
373
391
368
404
397
381
464
417
386
380
356
337
280
281
329
327
217
195
182
162
219
289
207
103
124
159
260
280
225
132
-10
104
243
243
199
169
29
-27
-30
5
60
81
122
74
56
69
18
-12
-11
-67
7
69
135
157
96
38
40
78
92
57
46
42
3
50
62
102
141
136
136
117
103
120
115
117
150
7
-4
-12
-11
-21
-80
-143
-184
-159
-99
-119
-136
-93
-122
-114
-98
-103
-91
-83
-158
-204
-196
-109
-71
-105
-140
-201
-192
-198
-243
-252
-219
-208
-189
-197
-229
-148
-139
-92
-29
-59
-71
-189
-216
-125
-155
-160
-158
-165
-195
-220
-249
-308
-315
-280
-350
-342
-290
-227
-192
-247
-265
-337
-282
-221
-206
-198
-207
-145
-144
-181
-123
-122
-94
-105
-124
-104
-70
-34
-15
-11
-1
-9
-26
-18
-64
-67
-130
-80
-32
-63
-96
-131
-146
-218
-259
-224
-182
-232
-266
-292
-267
-283
-184
-143
-146
-181
-225
-229
-148
-88
-120
-182
-185
-167
-177
-129
-134
-138
-191
-154
-154
-89
14
25
-12
-8
-63
27
97
109
53
-34
29
53
115
106
18
-70
-106
-80
-29
-66
-195
-254
-194
-110
-44
-29
-46
3
3
37
18
32
65
73
70
6
-10
1
54
143
110
87
96
67
109
104
124
147
171
178
150
158
182
217
211
162
160
182
205
224
263
295
297
276
247
292
309
267
293
287
303
345
317
299
244
269
283
252
168
155
154
124
128
180
136
89
97
15
20
40
46
19
44
22
35
17
8
78
102
109
76
51
72
148
195
236
230
203
167
176
246
274
237
152
93
120
229
195
175
147
233
220
116
133
119
201
208
231
207
201
200
196
145
102
110
151
141
139
183
102
75
107
146
178
198
204
224
198
207
219
228
256
218
194
214
287
288
186
175
154
120
156
204
242
208
179
215
178
173
175
196
192
117
164
251
331
331
253
205
205
208
178
172
251
245
200
127
88
87
8
40
42
34
31
68
81
111
99
84
93
107
81
35
-27
11
83
53
-8
-24
-32
-88
-133
-142
-126
-119
-90
-123
-147
-155
-128
-76
-59
-8
-52
-100
-120
-128
-62
-53
-15
8
-69
-132
-61
-73
-42
-40
-92
-139
-119
-156
-152
-127
-122
-106
-97
-147
-199
-195
-181
-156
-174
-195
-193
-206
-223
-326
-393
-371
-337
-361
-436
-450
-400
-329
-297
-286
-337
-359
-394
-317
-286
-324
-310
-303
-310
-298
-331
-351
-401
-384
-322
-354
-375
-398
-369
-367
-389
-315
-306
-244
-217
-203
-182
-176
-160
-176
-175
-162
-189
-206
-182
-187
-174
-213
-241
-252
-188
-159
-141
-150
-92
-66
-44
-69
-113
-117
-91
-89
-107
-148
-188
-217
-240
-251
-280
-313
-317
-312
-306
-337
-356
-344
-327
-361
-421
-397
-393
-375
-403
-426
-391
-373
-367
-339
-325
-279
-242
-186
-181
-206
-207
-186
-164
-192
-223
-226
-177
-154
-117
-127
-178
-126
-164
-183
-189
-203
-178
-144
-107
-104
-152
-196
-151
-150
-131
-119
-127
-119
-164
-209
-184
-161
-148
-191
-220
-197
-121
-95
-134
-98
-87
-49
-78
-83
-60
-44
-2
-4
-44
-97
-141
-128
-131
-123
-107
-103
-142
-205
-211
-178
-109
-106
-105
-92
-96
-104
-97
-86
-49
-35
-99
-133
-175
-134
-117
-64
4
-26
-23
-53
-38
-44
-48
-29
3
27
17
20
23
2
20
1
-11
-6
-40
-61
-73
-100
-120
-128
-143
-132
-167
-232
-189
-147
-108
-74
-77
-46
9
19
90
86
99
103
100
139
153
212
226
217
240
245
240
265
193
221
219
252
215
175
172
192
235
232
239
225
194
179
197
190
195
189
199
195
135
105
62
93
165
97
111
128
110
140
165
136
86
87
112
179
226
231
247
226
240
222
157
161
157
140
123
146
169
174
154
149
179
191
192
182
166
162
186
141
112
121
117
156
136
114
104
54
72
57
29
58
-23
-7
21
-13
-22
-43
18
53
25
-8
11
63
112
117
83
60
85
80
89
155
108
97
102
74
59
-8
-17
27
2
-74
-45
-34
21
14
-85
-94
-93
-54
-10
-27
-29
-19
-5
16
-16
-8
-16
2
-43
-80
-100
-73
-68
-61
-148
-83
-49
-50
-8
-93
-26
-39
-26
-6
-2
-24
-64
-97
-59
-65
-36
-13
-41
-90
-108
-150
-113
-70
-51
-42
-24
-23
-57
-53
-46
-41
-63
-84
-66
-33
-64
-50
-95
-118
-129
-84
-50
-48
-60
-79
-105
-154
-161
-163
-118
-58
-45
-90
-143
-149
-137
-156
-171
-188
-131
-123
-172
-138
-97
-60
-28
-58
-101
-119
-84
-97
-127
-133
-144
-129
-146
-169
-180
-225
-208
-181
-168
-162
-200
-200
-228
-231
-188
-210
-234
-215
-195
-205
-194
-170
-191
-247
-280
-324
-345
-303
-324
-297
-309
-322
-317
-309
-293
-324
-347
-356
-367
-331
-353
-367
-313
-302
-266
-225
-207
-195
-211
-199
-262
-202
-226
-216
-224
-267
-203
-204
-138
-121
-157
-221
-239
-236
-255
-229
-206
-162
-154
-219
-237
-268
-211
-165
-134
-141
-139
-63
-58
-17
-15
-62
-30
-20
15
12
14
-2
-53
-38
-38
14
31
31
82
73
61
64
23
52
76
69
57
57
110
130
139
89
107
144
284
234
242
142
-66
-207
-513
-146
21
376
595
562
258
-187
-342
-429
-274
47
420
563
563
317
-124
-475
-483
-351
-65
362
559
504
295
72
-249
-300
-21
316
585
726
675
515
299
90
96
246
444
542
633
586
431
258
166
98
108
209
325
404
371
315
187
105
143
172
232
269
268
232
248
261
208
202
178
184
221
298
348
339
244
212
220
192
214
254
185
145
168
196
219
218
207
213
251
195
225
213
184
226
212
186
166
199
263
298
285
284
246
229
235
243
228
240
262
239
231
222
172
101
79
80
91
96
93
86
82
80
94
93
113
153
171
176
169
187
167
182
175
100
73
78
66
79
74
80
89
48
16
-5
-38
-57
-41
-36
-59
-65
-70
-90
-134
-158
-101
-71
-60
-32
-56
-62
-41
-35
-32
-54
-45
-59
-18
12
-32
-70
-131
-111
-47
34
40
44
-11
-133
-130
-91
-37
29
99
106
66
55
86
40
62
164
245
250
286
279
162
113
84
121
207
296
266
172
107
100
142
202
239
272
291
282
217
171
170
175
192
212
201
156
115
82
61
65
93
78
69
71
69
65
61
35
3
19
6
31
13
-1
-47
-79
-52
-34
-28
-32
-11
-78
-164
-188
-178
-124
-56
12
33
-21
-71
-78
-48
-40
-10
8
-24
-102
-154
-174
-225
-210
-150
-166
-171
-223
-218
-216
-265
-290
-276
-205
-152
-158
-176
-192
-185
-186
-170
-133
-72
-7
27
1
-14
-17
-13
39
21
52
74
64
44
51
37
70
126
137
80
61
96
99
59
7
-61
-132
-118
-53
12
19
18
-53
-82
-86
2
32
8
-14
-85
-78
-93
-100
-99
-117
-135
-184
-217
-186
-200
-226
-211
-219
-232
-251
-207
-191
-221
-250
-249
-237
-200
-162
-153
-142
-120
-80
-107
-87
-66
-76
-119
-124
-93
-53
-21
-21
-19
-5
-2
-9
-35
-75
-62
-13
9
11
-9
-29
-112
-124
-125
-107
-31
-3
-19
-59
-67
-9
33
44
61
15
45
31
40
27
19
16
-27
-49
-50
-36
24
48
2
-21
-58
-46
-1
6
-10
-52
-44
-33
-35
13
0
-22
-16
-39
-36
-39
-36
20
40
20
24
11
17
43
79
96
123
120
51
66
48
4
5
66
111
83
37
1
-49
-68
-108
-107
-90
-65
-55
-57
-68
-88
-100
-81
-56
3
82
120
153
136
140
118
106
102
103
125
141
128
160
164
134
139
161
230
268
295
286
290
294
264
271
283
271
261
268
255
227
242
231
182
163
164
190
234
238
225
174
142
192
224
244
229
247
260
281
302
264
203
175
150
135
152
200
196
134
125
124
132
138
181
208
201
225
224
219
194
186
196
213
202
164
143
131
123
105
101
77
86
91
77
54
28
-15
-16
-6
21
43
38
-1
-42
-53
-54
-17
54
86
79
58
30
34
21
87
126
89
102
104
116
123
157
154
131
137
141
183
186
147
125
125
130
153
152
143
105
79
35
17
53
82
61
14
23
4
-9
-32
-48
-58
-93
-149
-191
-199
-203
-227
-280
-312
-309
-261
-251
-276
-323
-363
-340
-313
-290
-254
-227
-266
-300
-302
-277
-238
-244
-261
-312
-358
-371
-363
-316
-275
-266
-255
-270
-295
-312
-329
-360
-351
-316
-316
-296
-295
-283
-285
-322
-319
-286
-258
-238
-251
-278
-306
-285
-263
-233
-230
-219
-231
-237
-245
-241
-213
-222
-249
-257
-253
-255
-275
-352
-413
-423
-419
-383
-372
-361
-340
-356
-358
-375
-343
-327
-336
-355
-330
-334
-349
-337
-329
-313
-306
-317
-341
-316
-285
-273
-273
-312
-310
-256
-237
-210
-216
-236
-282
-280
-268
-247
-158
-84
-102
-84
-89
-92
-34
-40
-35
-47
-44
-42
-42
-31
-4
0
-35
-54
-102
-92
-62
-68
-65
-38
-48
-70
-77
-107
-81
-43
5
28
46
61
34
15
28
-5
18
28
14
23
37
40
13
16
5
-7
5
41
41
26
25
85
99
84
53
8
-21
-28
-55
-62
-53
-87
-83
-104
-96
-111
-101
-68
-80
-76
-86
-100
-79
-76
-59
-36
-41
-54
-37
-14
18
35
45
1
-13
35
61
91
93
95
85
54
50
78
119
144
158
183
201
207
230
233
243
273
262
261
285
303
282
270
252
234
221
222
240
207
197
187
196
172
130
139
142
152
172
220
224
249
276
259
263
262
272
294
281
259
248
212
221
215
278
319
297
270
202
178
203
191
169
138
137
156
149
177
167
160
156
114
71
88
126
154
130
121
100
40
12
-4
-26
-28
-61
-76
-92
-115
-117
-106
-86
-95
-79
-74
-86
-63
-70
-71
-35
-6
14
22
1
-62
-74
-24
27
87
99
81
89
106
117
164
195
186
176
204
257
283
259
217
205
156
179
162
177
148
68
52
50
48
72
51
7
11
-10
-27
-69
-88
-100
-81
-51
-53
-72
-97
-88
-59
-113
-126
-113
-127
-110
-80
-34
-37
-43
8
-1
20
52
95
144
135
114
101
100
105
116
171
178
163
126
65
55
13
-29
-47
-63
-95
-105
-116
-139
-195
-261
-297
-282
-285
-345
-391
-410
-456
-548
-650
-726
-765
-712
-542
-307
-191
-288
-483
-586
-489
-257
47
264
330
281
145
121
225
370
469
497
546
535
469
367
230
179
214
235
242
190
90
-95
-266
-306
-279
-191
-98
-118
-148
-217
-288
-273
-251
-187
-114
-83
-77
-62
-47
-13
64
155
197
243
252
216
207
202
241
245
216
188
147
72
-16
-80
-124
-124
-105
-99
-133
-158
-165
-174
-183
-167
-149
-130
-81
-46
-59
-65
-15
7
15
56
107
111
136
183
203
143
81
106
146
175
126
93
90
68
59
22
20
42
45
-1
-62
-89
-134
-153
-147
-140
-109
-68
-39
-52
-72
-26
16
73
110
121
145
198
259
257
246
242
278
280
252
234
246
226
192
160
78
53
77
80
39
7
-30
-92
-145
-172
-172
-173
-172
-141
-145
-135
-126
-155
-171
-169
-97
-46
-3
35
-17
-1
33
50
94
117
145
208
191
181
176
135
165
163
157
114
114
153
161
170
109
65
83
133
173
200
209
221
237
258
252
235
195
190
225
234
251
216
195
174
199
216
226
230
222
204
231
229
190
190
154
147
142
140
152
128
91
25
11
33
30
56
85
95
87
79
103
140
151
128
121
170
233
233
250
239
224
230
222
177
201
291
276
245
210
210
234
216
191
208
221
211
208
224
265
304
329
308
275
228
231
192
164
167
132
116
131
164
155
89
45
64
66
53
-8
-46
-7
46
77
78
60
58
111
187
244
228
213
203
289
369
364
396
387
342
299
252
287
339
320
311
311
366
421
302
36
-146
-144
20
183
187
125
-50
-242
-307
-230
-59
23
24
-28
-33
-32
-90
-96
-27
41
116
70
0
-99
-205
-374
-611
-701
-840
-923
-1278
-1537
-1249
-684
-315
-582
-1082
-1154
-860
-431
23
527
929
910
698
782
1178
1682
1936
2084
2200
2154
2040
1820
1641
1591
1525
1412
1219
915
546
127
-237
-470
-560
-624
-842
-1122
-1399
-1599
-1681
-1688
-1522
-1255
-1048
-963
-866
-711
-530
-342
-80
300
638
828
892
947
995
1040
1085
1204
1315
1291
1149
945
714
516
359
228
77
-80
-281
-538
-789
-1021
-1062
-1065
-1090
-1127
-1173
-1179
-1173
-1088
-918
-722
-557
-395
-209
-67
20
175
484
726
1271
1611
1478
1079
504
657
1182
1568
1623
1304
832
348
-65
-41
242
454
300
-124
-433
-729
-829
-868
-831
-594
-600
-727
-790
-926
-998
-939
-853
-620
-462
-404
-501
-717
-764
-839
-755
-928
-980
-998
-1112
-1491
-1983
-2308
-2025
-1154
-363
53
-589
-1392
-1803
-1602
-656
534
1591
1796
1132
494
414
935
1676
2290
2838
2851
2339
1739
1266
1241
1350
1525
1599
1358
866
166
-490
-899
-997
-827
-659
-681
-1008
-1579
-2008
-2173
-1979
-1442
-945
-667
-655
-759
-766
-659
-349
262
877
1235
1321
1321
1327
1242
1293
1542
1907
2030
1848
1599
1270
917
675
676
707
645
408
21
-384
-611
-448
-371
-402
-600
-512
-196
-101
-138
-5
115
331
453
691
1111
1223
1124
878
914
1093
1171
1148
946
788
564
239
84
-35
-236
-494
-844
-1014
-1233
-1408
-1666
-1841
-2126
-2530
-2822
-3111
-3319
-3255
-3556
-3822
-4119
-4564
-4324
-3848
-2477
-1659
-1084
-796
-838
-532
-518
228
2077
3634
4402
4226
3868
3892
3707
3999
4763
5429
5376
4344
3312
2350
1633
1139
722
646
115
-881
-1875
-2920
-3624
-3846
-3921
-3756
-3618
-3599
-3638
-3780
-3701
-3191
-2265
-1362
-639
73
590
843
1048
1557
2486
3237
3583
3849
3825
3456
2940
2721
2805
2775
2469
1967
1348
461
-313
-760
-1072
-1371
-1639
-1854
-2256
-2734
-3057
-2747
-2322
-1977
-1657
-1455
-1021
-436
89
636
1079
1660
2383
2772
2978
3101
3463
3463
3233
3163
3164
3017
2365
1658
1162
681
176
-318
-750
-1273
-1946
-2639
-3155
-3436
-3602
-3769
-4029
-4531
-4879
-5278
-5393
-5490
-5247
-4874
-4744
-4470
-4580
-4555
-4288
-2547
-282
1911
2009
957
368
847
2627
4910
6948
7826
7058
5410
4490
4808
5777
6488
6453
5594
4127
2454
980
234
-206
-687
-1194
-2090
-3037
-4065
-5113
-5895
-6146
-5776
-5051
-4538
-4375
-4380
-4244
-3939
-3201
-1787
-185
1015
1617
1879
2276
2758
3253
3984
4783
5285
5214
4687
4018
3460
3028
2723
2473
2030
1317
389
-709
-1730
-2366
-2609
-2624
-2694
-3028
-3274
-3258
-3369
-3147
-2698
-1900
-991
-516
201
917
1493
2171
2738
3360
4043
4353
4563
4634
4548
4371
4125
3811
3329
2834
2019
1126
350
-518
-1145
-1867
-2652
-3315
-4234
-5084
-5765
-6267
-6624
-7080
-7144
-7275
-6813
-6569
-6787
-7056
-7108
-6834
-5723
-4659
-2267
493
2642
2935
1261
529
1603
4662
7598
9565
10227
9120
6799
5224
5418
7296
8516
8017
6425
4167
1776
-286
-1394
-1480
-1652
-2361
-3750
-5326
-6906
-8268
-8895
-8580
-7605
-6503
-5960
-6090
-6361
-6294
-5366
-3775
-1714
533
2173
2749
2654
2861
3805
5093
6405
7462
7935
7463
6262
5171
4629
4303
4047
3589
2764
1454
-191
-1676
-2802
-3516
-3959
-4100
-4240
-4467
-4931
-5495
-5808
-5193
-4124
-2594
-1325
-1159
-715
-438
723
2264
3808
4982
5433
5065
4914
5318
5860
6159
5881
5153
4096
3161
2159
1606
882
-298
-1458
-2780
-4021
-5007
-6070
-6858
-7446
-7723
-7930
-8168
-8800
-9148
-9102
-8938
-8277
-7633
-6747
-6257
-5651
-5038
-2694
680
3776
4937
3548
2490
3088
5831
8813
11198
12199
11275
8826
6722
6744
8287
9140
8397
6784
4573
2071
-363
-1773
-2109
-2572
-3514
-4761
-5938
-7321
-8758
-9504
-9270
-8298
-7064
-6132
-5890
-5964
-5752
-4677
-2987
-953
1376
3232
4040
4066
4388
5414
6524
7558
8497
9117
8821
7604
6455
5670
4978
4374
3829
3215
1984
276
-1393
-2818
-3885
-4305
-4029
-3985
-4500
-5318
-5842
-5815
-5285
-4346
-2830
-1471
-572
224
937
2110
2981
3742
4772
5710
6538
7022
7201
6860
6095
5292
4650
4210
3755
2807
1639
-300
-2240
-3726
-4760
-5181
-5724
-6411
-7507
-8882
-10060
-10647
-10316
-9686
-9077
-8782
-8571
-8427
-8013
-7187
-6074
-4654
-1669
2222
5891
6225
4065
2654
3777
7788
11358
14055
14638
12735
9248
6761
7223
9441
10442
9592
7326
4380
1019
-1834
-2834
-2926
-3374
-4594
-6130
-7474
-9450
-11183
-11756
-11145
-9817
-8407
-7209
-6720
-6894
-6952
-5988
-3929
-1089
1919
4028
4686
4408
4580
5649
7099
8762
10273
10913
9902
7986
6590
6107
5852
5448
4837
3817
1960
-226
-1876
-2841
-3434
-4015
-4276
-4698
-5201
-5968
-6138
-5579
-4943
-3354
-2118
-1438
-1228
-1324
10
1727
3280
4511
5210
5714
5589
5483
5954
6039
5925
5368
4741
3982
2306
1202
-204
-1701
-2856
-4053
-4540
-5176
-6566
-7713
-8915
-9350
-9626
-9657
-9471
-9436
-9508
-9474
-8821
-7968
-6591
-5758
-5392
-4469
-1210
4032
7429
6615
3748
2355
5174
9262
12883
15210
14983
11953
7654
6002
8076
10485
10721
8745
5721
2400
-926
-2557
-2903
-3235
-4405
-6187
-7468
-9033
-10956
-11940
-11961
-11454
-10497
-8963
-7379
-6917
-7283
-6882
-5365
-2944
-152
2798
4898
5363
5161
5584
6939
8713
10170
11283
11347
10062
8416
7342
6783
6194
5597
4703
3090
902
-1068
-2233
-3301
-4485
-5169
-5428
-5431
-6167
-6343
-5602
-4935
-4388
-3551
-2243
-1058
-495
126
1422
2847
4057
4972
5943
6306
6137
5699
5628
6000
5811
5186
4021
2112
434
-988
-1952
-2612
-3542
-4689
-6308
-7884
-9240
-9761
-9666
-9566
-9624
-9913
-10246
-10368
-10064
-9523
-8132
-7011
-5603
-4989
-3793
-439
4709
7858
6587
3890
3235
6724
10950
14302
16165
15789
12519
8324
7166
9669
12124
11807
9232
5883
2278
-774
-2155
-2208
-2502
-3948
-6259
-8321
-10320
-11668
-11947
-11778
-11486
-11083
-10066
-9021
-8706
-8233
-6976
-5118
-3169
-820
2107
4331
4983
5025
5960
7670
9390
10863
12142
12359
11096
9482
8576
8306
7877
7098
5920
4047
1719
-331
-1679
-2747
-3900
-4769
-5609
-6293
-6541
-6702
-6466
-5376
-4616
-3255
-1958
-2064
-1565
-703
1326
3075
4223
5428
5825
5617
5405
5489
6249
6327
5856
4700
3318
2104
-41
-1418
-1846
-2567
-3340
-5215
-7169
-8543
-9586
-9726
-9604
-9494
-9614
-10418
-10990
-10698
-9796
-8698
-7933
-7060
-6274
-5372
-2601
2665
8004
8591
4952
1823
3914
9502
14094
16709
17257
15172
10653
7212
8314
12134
13770
11767
8031
4452
1064
-1617
-2673
-2516
-2723
-4654
-7287
-9630
-11685
-12780
-13252
-13043
-12053
-10800
-9955
-9950
-10100
-9265
-7492
-5264
-2610
596
3217
4288
4335
4850
6403
8462
10541
12499
13653
12890
10834
9350
9030
9311
9186
8381
6752
4287
1497
-629
-1740
-2471
-3413
-4542
-5741
-6608
-7019
-7362
-5797
-4752
-4390
-3957
-4230
-3327
-1829
325
2395
3064
3681
3862
4041
4891
5685
6736
7075
6062
4752
3072
2434
1465
381
21
-868
-1923
-3921
-6258
-7777
-8488
-8430
-8310
-8418
-8700
-10191
-11181
-11596
-10576
-8859
-7504
-6990
-7630
-7989
-7181
-1232
6837
10491
7558
1439
242
5021
11145
16351
18813
17999
13246
7146
6223
10539
14791
14555
10462
6711
3058
-277
-2251
-2661
-1992
-3474
-6431
-8673
-10491
-11767
-13389
-14288
-13770
-12450
-11083
-10188
-10280
-10735
-10391
-9084
-5996
-2068
1846
3968
3716
3101
3628
5814
8757
11450
13832
14423
12531
10020
8800
9230
10063
10033
9298
7274
4182
1173
-729
-1365
-2131
-3155
-4224
-5672
-7139
-7521
-6705
-5078
-5123
-5411
-5086
-4653
-3034
-1299
747
2190
2294
2491
2918
4153
5462
6013
6529
5792
4839
3940
2800
2084
844
73
-245
-1104
-2317
-4698
-7163
-8388
-8702
-8171
-7954
-8163
-9214
-10896
-12059
-12118
-10286
-8271
-7009
-6963
-7938
-8772
-7878
-1274
7188
10822
7278
1023
95
4981
11095
16337
19323
18987
13722
7263
6605
11176
15671
15384
11586
7923
3984
330
-1724
-1696
-853
-2699
-5935
-8479
-10261
-11636
-13467
-14670
-14336
-13026
-11354
-10652
-11027
-11382
-11139
-9922
-7309
-3157
1310
3699
3462
2623
3323
5715
8723
11991
14841
15402
13116
10478
9735
10576
11516
11502
10357
7836
4377
1817
580
-186
-1673
-3323
-4659
-6095
-7655
-8592
-7332
-5789
-5760
-6314
-6674
-6177
-4703
-2450
119
1600
1987
2165
2497
3552
4630
5833
6517
6203
5653
4483
3615
2242
728
234
140
-159
-1662
-4087
-6458
-8277
-8729
-8373
-7836
-7867
-9265
-11094
-12443
-12223
-10548
-8622
-7553
-7416
-7976
-8534
-8563
-3830
4934
10806
9412
2870
201
3714
9795
15292
19100
20746
17371
10149
6148
8926
14607
16905
14423
10571
6099
1275
-2263
-3061
-1476
-1380
-3910
-7271
-10126
-12066
-14176
-15600
-15073
-13380
-11567
-11013
-11635
-12270
-12186
-11183
-8789
-4581
262
3191
3153
2206
2563
4989
8388
11773
14746
15774
14048
11405
10362
11284
12404
12333
11129
8804
5833
3218
1615
440
-1149
-2956
-4284
-5396
-6624
-8023
-8631
-8297
-7437
-5980
-5136
-4410
-4608
-4050
-2451
-807
1462
3549
4849
4915
4140
4451
5785
6935
7362
6713
5820
3818
1552
842
1030
1459
128
-2608
-5223
-7142
-7890
-7983
-7968
-7965
-8972
-10918
-12492
-12948
-11318
-9592
-8383
-8207
-7931
-8175
-8464
-8731
-4776
3922
10379
10555
4304
353
2240
7581
13773
18496
21020
18168
10448
5501
7035
12695
16037
14365
11074
6401
1203
-2537
-3641
-2054
-1777
-3731
-6381
-9404
-12086
-14465
-15409
-14504
-13159
-11584
-10875
-11251
-11924
-11878
-10527
-8279
-5069
-1081
2146
3189
2951
3345
5195
7753
10291
12951
14835
14533
12583
11031
10692
10671
10337
9763
8957
7147
4370
1403
-1031
-2574
-3451
-3779
-4328
-5726
-8066
-10264
-11080
-9971
-6715
-3012
-1211
-2846
-5131
-5765
-3171
1015
4981
7384
7337
5865
4220
4315
6263
8224
8805
7572
5472
3564
2017
1377
688
-628
-2612
-4503
-5846
-6745
-7682
-8658
-10036
-11300
-12288
-12406
-11522
-10591
-10173
-10533
-10501
-9718
-8168
-7447
-6969
-6975
-3447
3862
10191
10641
5256
1585
2907
8388
14457
19129
21183
17975
10475
5187
6540
12308
16062
14740
10647
5196
-263
-4114
-4584
-2255
-1071
-2977
-7114
-11036
-13386
-14654
-14753
-13976
-12540
-11183
-10826
-11095
-11170
-10418
-9139
-7474
-4562
-166
3455
4683
4414
4623
6062
8112
10650
13794
16256
15783
12839
10225
9305
9702
10498
10606
9310
6002
2322
-466
-1924
-2654
-3200
-3779
-5253
-7690
-9867
-11002
-10761
-9745
-7111
-3519
-2585
-3406
-5868
-5624
-3523
1027
5692
8271
8817
6635
4748
4600
6593
9438
11202
10504
8204
4902
3248
1728
1020
855
221
-1143
-3904
-6194
-8231
-9718
-10942
-11037
-10422
-9710
-9882
-10237
-11076
-12022
-11930
-11100
-8320
-6790
-5236
-5256
-5152
-5353
-1400
6024
11370
10438
5009
2781
5078
10279
14257
17703
18499
14928
8260
5118
7585
11784
12517
10017
6792
2896
-1116
-4283
-4525
-3392
-3044
-4851
-7798
-11066
-13717
-14783
-13896
-11847
-10030
-9125
-9801
-11005
-11112
-8913
-5616
-2779
-519
1721
3286
3887
4774
6793
9225
10854
11701
12423
12742
12067
11128
10615
9926
8504
7209
6517
5760
3843
1335
-1266
-3600
-5170
-5816
-5728
-6434
-7753
-9055
-9617
-9840
-9309
-8427
-5651
-2776
-849
-402
-1096
-849
626
4623
7843
9648
10043
9560
8112
6817
7139
9127
10131
9369
6704
3717
1624
160
-570
-1386
-2625
-4828
-6986
-8525
-9736
-10626
-10859
-10883
-11114
-11244
-10905
-10613
-10764
-10498
-9540
-8237
-6406
-5048
-3958
-4305
-4670
-2348
4576
10947
11240
6705
2601
3127
6763
11693
15690
17700
14642
7903
2748
3870
8591
11503
10333
6929
2606
-1642
-4204
-3949
-2684
-2719
-4899
-7970
-9981
-10880
-11041
-10872
-10533
-10444
-10010
-8828
-7616
-6696
-5817
-4775
-3283
-1023
1762
4262
5661
6410
7121
7601
8008
9268
11486
12851
12030
10015
8544
7726
6808
6143
6280
6059
3978
600
-2175
-3667
-4309
-4703
-4639
-4625
-5866
-8170
-10041
-10297
-8808
-6674
-4706
-3783
-2655
-1529
-188
716
1801
3823
5972
7504
8059
8961
9613
9389
8597
8441
8902
9008
7477
5413
3372
2117
785
-260
-1270
-2436
-4000
-6011
-8101
-9274
-9383
-8796
-8582
-9150
-9855
-10444
-10796
-10530
-8921
-7253
-5957
-6101
-5606
-4781
-4127
-4264
-4781
-3937
357
7666
11636
9080
2047
-1891
-331
5193
10984
15727
16717
11291
2660
-1508
1701
7825
11151
10366
6964
1613
-3860
-6253
-4467
-1358
-190
-1808
-4585
-7742
-10100
-10835
-9944
-8331
-6620
-5099
-4477
-5107
-5738
-5515
-4491
-2977
-278
3326
5736
5563
3948
3249
3975
5580
7544
9887
11092
9664
6584
4357
4084
4840
5574
5494
4360
2131
-406
-2470
-3569
-3690
-3395
-3277
-3969
-5254
-6683
-7657
-7555
-6403
-4725
-3405
-2930
-2794
-1873
-280
1669
3388
4922
5917
6107
6208
7019
8408
9440
9577
8818
7534
6202
5296
4764
4478
3951
2757
866
-1209
-2932
-3771
-4271
-4969
-5991
-7046
-7763
-8426
-8946
-9245
-9335
-9700
-9423
-7828
-6081
-5663
-6646
-7597
-7888
-7149
-6015
-4211
-2616
-2146
-932
2224
5139
4695
1508
347
2895
6789
9413
10698
10898
8410
4409
2867
5539
9110
9838
7697
5003
2327
-167
-1277
-636
181
-676
-2720
-4553
-5680
-6691
-7482
-7644
-7649
-7257
-6474
-5479
-5162
-5570
-5742
-5194
-3642
-917
2082
3858
3393
2092
2126
3755
6047
8039
9482
9361
7295
5009
4688
6133
7300
6957
5687
3669
1341
-614
-1409
-1039
-751
-1313
-2813
-4941
-6955
-7966
-7396
-5816
-4280
-3416
-3672
-3877
-3586
-2143
-184
1580
2989
4198
5135
5288
5569
6632
8288
9344
9456
8875
8124
7256
6266
5577
5359
5192
4303
2512
383
-1250
-2294
-2878
-3492
-4488
-5836
-7188
-8268
-8847
-9010
-8921
-8903
-8899
-9118
-9243
-9045
-8497
-7974
-7488
-6953
-6335
-5883
-5551
-5145
-4932
-4138
-978
3792
6186
4426
615
-660
1533
5304
8666
11166
11325
8375
4340
2944
4943
7966
9425
8774
6602
3791
792
-1163
-1301
-311
639
-189
-2669
-5422
-7202
-7588
-7063
-6240
-5168
-4533
-4727
-5260
-5266
-4518
-3512
-2265
-600
1197
2660
3243
3177
3012
3332
4149
5537
7225
8280
7936
6329
4397
3267
3220
3718
4025
3415
1724
-675
-2472
-3039
-2678
-2307
-2526
-3432
-4644
-5375
-4924
-3751
-2260
-1352
-1328
-1838
-1801
-309
2070
4053
4756
4925
5020
5459
6235
7813
9252
9110
7475
6165
6363
6962
6499
5067
3453
1902
445
-594
-988
-1316
-2579
-4587
-6546
-7501
-7446
-6983
-7211
-8180
-8949
-9143
-8904
-8588
-8273
-7845
-7664
-7595
-7177
-6397
-5580
-5426
-5539
-5582
-5333
-5090
-4385
-2219
1367
4248
3802
581
-2281
-1466
2549
6969
9662
10271
8583
5265
2398
2582
5753
9157
10501
9298
6566
3398
828
-37
835
2462
3387
2424
-383
-3861
-6205
-6330
-4609
-2486
-1298
-1813
-3892
-6114
-6974
-5787
-3312
-843
639
731
-117
-1165
-1490
-876
397
1934
3438
4000
3287
2069
1036
642
946
2054
3465
4120
3124
967
-983
-1572
-757
682
1867
2233
1633
147
-1431
-2220
-1421
655
2741
3504
3195
2399
1610
1362
2327
4372
6498
7312
6353
4709
3291
2789
3279
4515
5485
5314
3838
1784
164
-694
-930
-851
-847
-1318
-2389
-3850
-5278
-6155
-6323
-5828
-5186
-4875
-5138
-6029
-7484
-8505
-8093
-6526
-5375
-5372
-6090
-6950
-7484
-7506
-6974
-6122
-5754
-6205
-6901
-7432
-6454
-3521
390
2478
1131
-1929
-2864
-344
3951
7806
9839
9646
7557
5529
5341
7506
10633
12318
11668
9321
6475
4368
3642
4071
4843
4779
3316
1024
-1357
-3345
-4504
-4560
-3994
-3910
-4896
-6229
-7157
-7762
-8390
-8212
-6715
-4867
-4118
-4840
-5812
-5680
-4483
-2807
-1015
436
1331
1601
1614
1752
2546
3843
4873
5235
5312
5390
5429
5327
5385
5586
5484
4961
4657
4790
4898
4506
3887
3378
3178
3022
2808
2558
2375
2283
2065
1742
1446
1549
1737
1702
1363
1001
585
18
-228
331
1053
710
-602
-1730
-2001
-1711
-1348
-978
-1149
-2287
-3710
-4602
-4301
-3560
-3128
-3498
-4652
-5780
-6221
-5884
-5202
-4905
-5052
-5544
-6442
-6733
-6403
-5837
-5543
-5852
-5853
-5725
-5942
-6078
-5513
-4134
-2818
-1884
-451
1788
3250
2751
629
106
2550
6292
8551
8812
7862
6650
5445
5289
6644
8403
8974
7971
6075
4080
2516
1839
2232
2410
1654
147
-1479
-3097
-4639
-5495
-5147
-4522
-4583
-5242
-6177
-6985
-7275
-6623
-5499
-4616
-4093
-3373
-2819
-2718
-2836
-2178
-644
508
1333
2424
3413
3583
3040
3038
4240
5659
6669
7017
6904
6353
5614
5312
5523
6144
6736
6747
6189
5224
4217
3794
3783
4024
4228
3940
2992
1624
667
384
531
874
1022
533
-534
-1775
-2483
-2325
-1847
-1480
-1576
-2137
-3011
-3908
-4379
-4040
-3323
-2817
-2916
-3414
-3878
-4109
-4029
-3845
-3610
-3304
-2815
-2395
-2208
-2537
-2991
-3044
-2712
-2110
-1521
-1124
-1261
-1822
-2551
-2876
-2627
-1992
-1475
-1375
-2007
-3075
-3848
-3994
-2991
-1423
588
1641
761
-1402
-3015
-2354
453
3148
4377
3665
2002
875
615
1783
3552
4946
5295
4225
2561
1650
1753
2586
3191
3211
2911
2403
1800
1171
328
-188
-381
-301
-268
-840
-1554
-2161
-2954
-3766
-4190
-3880
-3271
-3250
-3451
-3422
-3376
-3588
-3759
-2857
-1148
98
455
475
865
1490
2225
3319
4894
6282
6881
6664
6205
6223
6913
7894
8440
8421
8148
7562
6754
5915
5511
5626
5293
4158
2741
1440
338
-632
-1261
-1430
-1753
-2820
-4356
-5679
-6200
-6075
-5575
-5172
-5231
-5704
-6353
-6618
-6167
-5190
-3769
-2719
-2468
-2700
-2964
-2594
-1557
-321
597
953
755
284
-45
21
367
953
1127
790
-80
-1013
-1685
-1859
-1750
-1732
-2238
-3129
-4038
-4775
-5403
-5579
-4969
-4228
-3686
-3851
-4391
-4959
-5246
-4890
-3654
-2116
-953
-412
-426
-390
-28
1145
2850
4571
5745
6087
5688
5230
5276
6002
6918
7279
7155
6461
5530
4684
4088
3724
3082
1998
788
-252
-866
-1236
-1754
-2720
-4037
-5127
-5586
-5204
-4635
-4532
-4841
-5244
-5287
-4528
-3126
-1559
-621
-510
-692
-284
1221
3349
5057
5639
5499
5353
5663
6534
7668
8480
8417
7517
6308
5516
5408
5627
5592
5043
3795
2463
1343
660
111
-580
-1300
-2047
-2845
-3229
-3237
-3199
-3565
-4192
-4438
-4133
-3540
-3082
-2766
-2704
-2582
-2232
-1678
-1199
-940
-678
-340
22
356
661
834
591
198
139
427
766
438
-360
-1081
-1608
-1803
-1681
-1410
-1337
-2046
-3387
-4678
-5050
-4416
-3633
-3481
-4333
-5396
-5784
-5321
-4431
-3703
-3389
-3375
-3523
-3279
-2386
-1343
-595
-276
63
823
1805
2478
2717
3002
3679
4473
5026
5122
5183
5417
5449
5124
4743
4530
4395
4076
3629
3261
2681
1911
1002
357
-66
-470
-720
-940
-1354
-1866
-2235
-2327
-2230
-2096
-1741
-1431
-1386
-1344
-1091
-470
101
541
868
1009
983
967
1327
1951
2285
2352
2194
1872
1321
990
1420
2341
3027
2679
1773
1123
1153
1538
2011
2507
2692
2223
1264
591
703
1231
1720
2018
1995
1617
1018
549
491
658
756
817
878
666
46
-486
-772
-735
-779
-978
-1359
-1937
-2719
-3252
-3306
-2933
-2331
-2167
-2725
-3818
-4606
-4459
-3424
-2421
-1949
-2098
-2595
-3011
-2907
-2229
-1407
-760
-596
-784
-1276
-1809
-2151
-1972
-1331
-1056
-1151
-1660
-2230
-2679
-2786
-2636
-2304
-2190
-2368
-2377
-2083
-1540
-1131
-1099
-1137
-863
-289
276
618
932
1277
1498
1557
1603
1923
2388
2620
2593
2715
2913
2879
2579
2333
2497
2764
2728
2369
1918
1615
1473
1474
1513
1356
999
441
25
60
491
534
-83
-931
-1394
-1250
-827
-379
118
307
-204
-1021
-1239
-555
375
1014
1397
1598
1559
1288
1249
1699
2196
2646
2925
2995
2929
2771
2751
2821
2794
2818
2966
2964
2649
2036
1294
743
433
589
908
879
130
-958
-1768
-2173
-2187
-1881
-1451
-1506
-2166
-2819
-2928
-2553
-2091
-1710
-1509
-1546
-1554
-1268
-606
-22
79
-109
-201
93
624
917
873
523
74
-286
-460
-466
-492
-741
-1223
-1892
-2379
-2602
-2696
-2760
-2907
-2958
-2925
-2953
-3092
-3136
-2964
-2634
-2362
-2103
-1671
-1282
-1125
-1060
-915
-575
-107
339
716
817
714
805
1190
1712
2076
2205
2109
1750
1456
1405
1671
1801
1632
1310
857
333
-209
-406
-116
214
144
-420
-1105
-1554
-1623
-1329
-883
-567
-542
-712
-775
-668
-287
285
795
1242
1468
1608
1781
2041
2448
2837
3203
3520
3624
3524
3297
3196
3321
3498
3427
3010
2481
2026
1819
1766
1701
1444
904
111
-706
-1228
-1269
-1027
-1082
-1631
-2361
-2819
-2799
-2472
-2039
-1787
-1975
-2480
-2835
-2553
-1705
-826
-325
-392
-788
-1039
-817
-55
652
817
578
287
91
146
356
555
489
-56
-751
-1143
-1154
-1083
-1127
-1383
-1654
-1934
-2129
-2122
-1968
-1939
-2041
-2069
-2074
-1867
-1480
-1115
-1029
-1071
-987
-583
-50
311
591
846
1000
935
1057
1387
1666
1853
1937
1951
1896
1731
1518
1128
778
757
991
1015
587
28
-560
-1122
-1497
-1415
-1021
-795
-977
-1345
-1693
-2063
-2276
-2041
-1506
-1158
-988
-911
-855
-918
-916
-551
103
638
898
971
873
807
1009
1533
2056
2439
2633
2521
2063
1744
1986
2618
3139
3198
2748
2096
1410
1078
1344
1779
1884
1501
994
531
205
14
-108
-192
-255
-195
-83
-262
-760
-1223
-1564
-1787
-1691
-1268
-715
-598
-1131
-1825
-2121
-2030
-1598
-1032
-763
-950
-1398
-1855
-1880
-1514
-1016
-765
-929
-1195
-1279
-1099
-973
-912
-860
-846
-971
-1062
-946
-647
-532
-715
-816
-697
-462
-346
-238
-58
137
183
206
466
730
825
762
709
802
1021
1162
1151
1039
896
854
948
1042
957
748
521
438
441
545
652
702
571
249
70
218
450
609
625
466
96
-264
-251
109
538
519
80
-368
-555
-484
-296
-71
92
49
-153
-365
-421
-218
67
244
219
216
330
434
536
602
772
1054
1307
1449
1560
1571
1443
1215
1137
1304
1638
1850
1633
1233
882
665
591
643
649
482
-47
-685
-1067
-1069
-961
-1127
-1539
-2064
-2489
-2706
-2726
-2661
-2600
-2496
-2474
-2619
-2841
-2940
-2832
-2484
-2050
-1698
-1485
-1389
-1226
-1066
-938
-796
-545
-163
103
154
21
-157
-271
-263
-185
52
374
631
612
264
-5
-74
56
167
277
420
365
111
-251
-465
-357
-56
204
292
154
-69
-268
-296
-206
51
464
710
664
471
412
472
629
877
1196
1324
1148
825
711
841
1007
1067
924
590
245
101
120
69
-50
-153
-214
-324
-459
-445
-483
-653
-738
-619
-380
-176
-117
-55
-11
94
287
611
916
1118
1329
1570
1740
1886
2135
2408
2570
2560
2527
2449
2234
2048
1968
1808
1479
1070
711
356
-38
-360
-625
-919
-1384
-1842
-2138
-2239
-2403
-2768
-3164
-3474
-3543
-3349
-3045
-2937
-2951
-3018
-3063
-2894
-2413
-1769
-1371
-1273
-1273
-1126
-795
-408
42
465
555
396
278
402
724
912
916
876
733
575
499
485
454
375
278
206
121
4
-44
-56
-274
-510
-452
-115
113
54
-89
-69
61
131
274
558
810
913
880
859
921
1039
1234
1418
1537
1577
1480
1286
1171
1230
1301
1293
1188
1086
1037
916
789
739
697
512
390
462
462
384
291
291
271
109
118
478
759
597
233
97
258
467
624
844
980
828
580
568
767
1018
1212
1245
1064
823
730
818
1023
1104
988
617
180
-83
-90
94
217
165
-128
-631
-1107
-1154
-796
-589
-738
-1084
-1422
-1692
-1886
-1877
-1719
-1654
-1741
-1810
-1844
-1877
-1980
-2041
-1988
-1787
-1481
-1297
-1238
-1276
-1386
-1533
-1620
-1396
-896
-445
-409
-718
-996
-1137
-1115
-828
-402
-110
-112
-302
-526
-662
-487
92
613
616
339
225
215
124
164
570
1078
1188
889
663
521
334
242
492
841
787
406
33
-155
-177
-16
278
452
384
287
223
155
260
599
937
1063
1005
1031
1110
1116
1113
1286
1575
1631
1519
1509
1547
1410
1148
1027
1090
1088
968
740
482
54
-434
-611
-472
-314
-381
-740
-1184
-1402
-1364
-1166
-984
-937
-1021
-1125
-1082
-849
-562
-280
-40
74
76
128
263
492
802
1008
950
705
439
374
483
535
446
258
103
-113
-326
-522
-676
-775
-911
-975
-1063
-1196
-1418
-1641
-1779
-1803
-1672
-1467
-1409
-1562
-1743
-1707
-1474
-1173
-943
-779
-784
-930
-995
-751
-319
59
292
370
294
124
107
444
918
1182
1212
1035
854
669
613
726
828
819
640
367
46
-277
-338
-163
-49
-123
-350
-488
-566
-550
-335
-44
204
365
518
751
1013
1300
1675
2023
2222
2291
2404
2683
2813
2789
2787
2868
2889
2842
2782
2644
2330
1924
1612
1314
998
750
631
506
196
-261
-641
-895
-1087
-1191
-1202
-1246
-1404
-1511
-1534
-1524
-1477
-1265
-962
-744
-657
-466
-83
264
519
684
837
948
1030
1193
1396
1427
1278
1068
947
786
591
497
353
79
-296
-587
-742
-904
-1089
-1262
-1513
-1795
-2072
-2182
-2128
-2049
-2009
-1987
-1969
-2030
-1966
-1758
-1545
-1272
-1012
-836
-708
-606
-419
-106
216
549
802
917
840
765
875
1001
1053
1099
1107
1115
992
772
701
610
454
231
-25
-278
-497
-673
-765
-753
-814
-965
-1169
-1279
-1226
-978
-623
-339
-149
-113
-46
156
470
878
1285
1552
1689
1767
1766
1786
1823
1925
2002
2008
1937
1787
1658
1528
1358
1168
984
794
607
393
101
-153
-376
-486
-575
-706
-763
-794
-920
-1171
-1363
-1352
-1200
-1087
-1021
-905
-780
-745
-619
-440
-213
-48
125
341
499
578
607
622
616
652
681
674
504
257
97
-8
-73
-112
-134
-241
-501
-822
-977
-1071
-1137
-1127
-1040
-1068
-1338
-1478
-1436
-1328
-1253
-1145
-992
-909
-1012
-1013
-770
-580
-565
-580
-519
-410
-251
-67
68
57
-61
-36
143
327
449
517
470
216
106
253
460
471
287
143
89
63
-6
-10
15
99
179
198
107
8
86
249
480
673
792
830
757
715
873
1145
1330
1367
1236
1053
847
796
932
1116
1153
910
651
430
313
329
418
582
622
428
221
126
171
229
304
428
565
647
581
593
613
615
676
838
1037
1099
935
681
433
307
430
652
684
391
37
-275
-544
-563
-281
9
-63
-529
-937
-1050
-978
-776
-544
-517
-750
-990
-985
-776
-557
-378
-196
-103
-149
-132
77
314
384
308
248
322
426
529
586
483
279
136
152
226
240
197
82
-79
-177
-178
-162
-241
-412
-468
-400
-313
-240
-237
-338
-536
-708
-649
-361
-95
37
-70
-289
-475
-491
-260
79
336
426
394
287
231
329
608
903
1053
1009
886
766
751
841
939
986
944
847
658
471
372
310
256
170
6
-142
-206
-154
-96
-162
-321
-516
-600
-482
-237
9
151
163
129
158
320
545
777
904
827
669
585
680
802
811
668
396
176
60
-26
-174
-419
-632
-739
-843
-988
-1113
-1207
-1315
-1437
-1498
-1473
-1413
-1346
-1259
-1173
-1211
-1224
-1134
-915
-685
-583
-462
-278
-183
-249
-327
-279
-52
153
254
204
48
-128
-239
-156
10
89
67
-100
-324
-470
-472
-291
-157
-134
-234
-408
-555
-602
-543
-434
-408
-436
-449
-432
-481
-574
-569
-458
-314
-292
-263
-175
-143
-154
-68
146
422
541
465
468
521
661
847
891
803
674
612
686
782
822
834
737
513
343
360
491
516
398
192
-27
-244
-333
-194
17
63
-121
-355
-459
-386
-225
-59
80
115
88
50
18
108
269
472
589
544
508
501
456
432
473
573
632
510
316
68
-189
-408
-435
-233
-89
-178
-484
-797
-900
-825
-607
-393
-318
-431
-591
-611
-509
-275
-97
-79
-193
-303
-269
-161
-137
-162
-129
-63
-32
-14
-14
-53
-159
-246
-207
6
208
260
216
147
22
-92
-116
26
217
299
170
-82
-275
-283
-108
86
225
302
263
7
-203
-136
144
499
709
755
678
481
327
417
716
1008
1132
1027
793
536
411
485
710
916
926
739
500
359
425
554
671
710
632
391
103
20
205
452
485
412
301
131
-42
-12
187
312
316
225
159
90
-65
-87
49
79
76
120
200
170
-39
-175
-108
95
256
271
133
-144
-363
-417
-349
-241
-189
-212
-379
-642
-725
-634
-528
-462
-425
-370
-420
-575
-625
-468
-314
-263
-237
-266
-330
-482
-593
-547
-390
-353
-458
-557
-745
-908
-946
-862
-685
-500
-501
-645
-811
-905
-814
-613
-509
-510
-590
-717
-779
-829
-761
-645
-601
-615
-584
-488
-426
-457
-504
-483
-378
-198
-44
117
155
84
48
118
303
513
711
747
582
431
398
490
571
602
665
655
479
200
5
11
62
53
44
25
-138
-420
-594
-575
-449
-324
-270
-323
-456
-598
-653
-515
-300
-78
88
8
-126
-190
-114
86
271
526
641
510
246
76
102
215
355
452
383
191
-36
-206
-281
-286
-155
-12
-13
-239
-605
-856
-926
-816
-585
-411
-440
-701
-959
-1000
-878
-625
-356
-148
-133
-327
-492
-503
-384
-289
-207
-56
63
92
47
-92
-223
-267
-159
75
176
78
-85
-175
-219
-199
-80
17
10
-151
-293
-315
-304
-279
-275
-196
-146
-190
-284
-357
-301
-178
-62
-11
-3
8
51
118
274
507
682
719
636
638
729
824
868
960
1049
1000
911
832
782
704
631
590
560
482
396
356
249
97
9
41
110
122
61
-12
-64
-96
-44
95
213
221
154
94
92
212
391
542
572
482
437
431
465
515
548
521
392
322
362
372
337
217
147
107
45
80
127
105
13
-12
22
43
67
101
154
137
61
60
148
252
334
324
272
240
161
186
255
213
139
93
99
-1
-227
-440
-544
-455
-417
-418
-493
-712
-828
-909
-913
-815
-706
-660
-724
-789
-753
-646
-553
-560
-479
-281
-138
-53
-46
-37
-34
-69
73
316
415
403
286
253
296
366
490
554
510
328
182
199
319
434
436
327
147
-52
-98
-15
53
80
27
-85
-159
-265
-258
-206
-123
-67
-101
-128
-196
-186
-138
-3
130
143
146
124
124
150
187
246
287
278
291
334
337
309
205
69
-6
-21
-9
-8
-101
-290
-549
-762
-782
-662
-532
-495
-637
-903
-1050
-1001
-840
-634
-523
-467
-510
-584
-502
-297
-53
82
112
109
88
127
228
325
368
285
219
148
54
6
-60
-162
-291
-486
-606
-658
-741
-931
-1141
-1270
-1287
-1185
-1122
-1126
-1184
-1224
-1213
-1115
-943
-722
-524
-419
-382
-302
-155
84
246
425
594
679
732
729
769
790
795
826
892
948
880
704
536
374
324
369
398
348
163
-8
-146
-262
-238
-156
-107
-149
-275
-343
-330
-248
-189
-150
-81
-41
-42
-81
-120
-19
96
219
328
362
457
459
483
580
678
806
859
927
992
957
864
749
693
685
674
669
588
452
295
148
133
149
164
168
56
-17
-90
-149
-147
-111
-5
39
38
14
43
116
225
342
418
481
526
516
495
524
533
501
540
559
542
522
436
331
195
101
38
-33
-113
-215
-352
-488
-574
-575
-576
-652
-769
-833
-761
-642
-599
-524
-461
-391
-309
-191
-49
100
262
359
361
322
314
457
601
615
572
486
441
410
399
394
353
283
216
143
105
50
7
30
9
-17
-45
-49
-27
-50
-115
-149
-112
-80
-82
-94
-110
-131
-159
-161
-93
4
44
34
-42
-77
18
130
250
356
412
442
373
335
401
510
647
652
577
478
407
399
427
492
491
388
233
94
90
135
152
72
-141
-284
-322
-294
-193
-130
-144
-280
-431
-546
-557
-369
-212
-174
-224
-345
-403
-436
-423
-261
-83
-26
-110
-214
-275
-260
-220
-166
-46
49
56
-62
-201
-263
-233
-156
-81
-80
-106
-172
-251
-273
-223
-66
13
-68
-185
-279
-240
-118
8
100
53
-84
-239
-337
-285
-228
-216
-229
-359
-501
-577
-562
-466
-398
-325
-275
-300
-291
-264
-196
-99
-18
110
194
260
300
297
289
266
263
256
330
379
334
243
97
-14
-18
21
34
41
4
-33
-75
-144
-198
-205
-198
-196
-159
-80
-51
-68
-98
-86
-18
30
123
204
221
155
89
186
306
368
345
284
213
158
187
271
273
197
98
43
-35
-112
-155
-127
-103
-120
-105
80
1111
1590
1194
-279
-1542
-1430
-108
1470
1175
43
-807
-660
-62
383
21
-409
-498
-141
498
652
419
112
308
359
597
20
233
200
134
536
390
506
-112
-664
-1147
-701
-487
-900
-430
-245
34
285
-342
-507
-827
-1085
-767
-446
-94
289
109
-40
285
38
-39
-279
42
215
713
272
198
628
812
322
-51
-193
3
486
365
630
700
734
111
-464
81
469
251
-192
-763
-596
-132
240
59
-473
-551
-817
-941
-925
-805
-397
-62
22
-118
-89
9
-209
-281
-101
148
470
777
755
558
346
195
192
247
338
451
734
895
643
214
-71
-159
-101
173
321
431
459
281
100
-76
-155
-106
-69
14
85
173
152
33
30
-72
-68
-45
-3
102
179
262
330
342
239
79
-7
-33
-17
8
9
103
124
20
-228
-433
-463
-389
-338
-277
-289
-390
-545
-705
-713
-596
-433
-325
-309
-331
-249
-120
-95
-5
9
18
166
326
463
500
369
233
181
300
482
620
642
466
348
373
466
427
328
279
285
261
169
111
141
172
186
127
56
78
81
71
95
61
-2
32
88
172
174
93
-5
55
243
351
436
417
319
258
171
169
321
432
450
325
185
138
138
150
145
114
73
39
-62
-167
-180
-142
-97
-133
-282
-427
-428
-289
-174
-152
-172
-246
-301
-228
-104
29
163
165
144
125
89
105
232
383
424
389
295
181
144
177
253
280
205
111
-36
-76
-70
-79
-52
-46
-42
-48
-101
-224
-359
-285
-124
-137
-186
-230
-214
-165
-159
-100
-23
-22
-20
25
113
152
83
57
159
262
313
329
299
235
238
194
118
168
239
216
185
130
82
159
158
124
208
262
233
107
-1
-8
52
196
252
309
269
209
188
179
291
361
395
418
366
350
439
497
491
534
666
710
620
498
359
379
420
404
387
401
379
211
92
70
92
144
128
59
3
-29
-65
-46
7
72
119
55
13
1
42
38
18
58
29
39
30
46
28
-22
-1
21
64
-1
-74
-158
-300
-323
-284
-258
-211
-249
-297
-280
-285
-350
-360
-283
-177
-107
-188
-380
-471
-413
-189
-2
-12
-170
-368
-368
-284
-125
6
-35
-126
-108
-152
-165
-156
-173
-84
-74
-126
-191
-319
-380
-400
-374
-325
-375
-399
-429
-421
-460
-500
-537
-509
-423
-344
-346
-417
-420
-465
-433
-307
-155
-41
-52
-75
-62
66
183
300
381
356
304
160
139
211
315
365
265
103
-8
-38
-70
-111
-165
-254
-181
-121
-167
-237
-350
-449
-467
-341
-200
-151
-219
-298
-322
-251
-104
59
120
156
95
11
20
115
284
333
305
197
153
129
121
104
104
80
20
-69
-177
-248
-338
-365
-367
-338
-350
-368
-436
-554
-649
-628
-577
-570
-534
-491
-415
-449
-504
-428
-308
-239
-178
-160
-154
-121
-62
-11
-9
1
-5
0
55
95
100
109
107
100
96
118
57
-24
-109
-158
-137
-135
-152
-151
-174
-234
-392
-519
-523
-443
-330
-279
-320
-419
-443
-359
-275
-178
-52
-10
25
10
31
127
243
360
414
499
518
529
570
554
492
436
481
521
532
442
311
223
251
292
197
19
-108
-100
-91
-105
-247
-346
-329
-325
-271
-265
-298
-330
-376
-407
-284
-170
-49
2
-41
-65
-71
-8
69
128
216
297
257
198
145
223
267
253
244
164
108
65
-49
-183
-238
-219
-222
-277
-355
-387
-369
-379
-415
-378
-305
-272
-238
-163
-111
-153
-220
-157
-2
182
264
201
93
81
189
332
414
317
195
218
311
403
401
301
124
9
29
56
80
41
-104
-207
-300
-318
-299
-260
-218
-281
-370
-450
-460
-407
-370
-408
-451
-388
-330
-310
-222
-120
-5
126
162
172
190
254
376
483
492
430
387
378
424
436
405
387
376
351
358
349
296
221
139
119
106
32
-8
-36
-50
-24
5
-39
-163
-230
-243
-119
-7
27
45
6
-35
-16
94
134
139
149
63
29
50
93
182
265
261
127
6
-63
-18
92
164
110
-72
-202
-265
-251
-215
-226
-336
-422
-457
-475
-469
-428
-435
-488
-500
-554
-528
-471
-407
-339
-306
-268
-274
-238
-211
-218
-245
-246
-166
-96
-49
-82
-116
-132
-152
-167
-143
-90
-78
-153
-233
-258
-245
-175
-172
-268
-300
-374
-395
-309
-276
-310
-379
-429
-412
-346
-254
-169
-135
-159
-203
-169
-93
-15
13
18
-4
-11
-1
71
147
113
120
159
248
291
281
273
302
306
252
254
248
242
168
93
71
125
207
208
149
90
124
106
120
136
98
70
-8
-46
-23
27
33
-52
-143
-165
-135
-66
-40
-48
-93
-202
-219
-202
-122
-70
-53
-50
-92
-172
-181
-119
-58
-8
-64
-143
-192
-119
-17
33
60
66
11
5
16
38
65
84
70
12
-18
52
128
146
84
-5
-38
6
61
37
53
24
44
33
-55
-80
-68
-63
-88
-135
-132
-123
-131
-87
-80
-6
29
36
15
-32
-10
15
148
293
342
309
245
172
137
182
194
236
273
262
244
215
171
157
200
247
299
279
264
271
305
334
323
321
329
323
248
261
347
426
446
413
381
380
363
327
277
297
343
331
269
195
233
261
239
215
192
168
125
62
90
141
75
-46
-120
-112
-61
-13
-22
-27
-25
-70
-186
-233
-196
-158
-114
-91
-53
-41
-74
-130
-121
-69
-73
-102
-105
-75
-23
-26
-67
-48
13
51
-7
-100
-164
-127
-54
6
40
25
-59
-157
-212
-193
-210
-210
-178
-219
-258
-260
-239
-246
-321
-364
-327
-318
-306
-336
-340
-267
-211
-184
-207
-177
-139
-137
-127
-159
-142
-124
-162
-189
-195
-196
-231
-286
-274
-202
-76
-77
-135
-200
-224
-229
-216
-184
-163
-166
-189
-205
-204
-172
-176
-154
-181
-226
-242
-231
-163
-115
-118
-116
-84
-25
42
59
13
-7
60
147
172
170
145
117
84
84
152
218
265
231
102
26
55
152
247
236
116
-31
-82
-29
50
149
174
162
108
102
147
133
140
162
200
252
243
172
92
58
80
101
144
143
131
114
81
20
5
1
0
59
61
33
-48
-55
-33
46
68
59
45
-22
-30
-17
37
46
52
25
-14
-38
-6
97
199
256
228
151
97
78
96
169
209
177
147
162
185
198
169
138
103
60
41
81
98
114
105
77
98
60
45
43
54
94
83
106
170
200
223
260
270
303
365
429
453
409
339
292
312
297
260
144
42
38
72
84
56
25
3
-38
-70
-66
-43
-65
-99
-80
-59
-45
-15
-9
-9
-12
-35
-39
-11
43
88
93
72
73
80
74
101
83
44
-35
-50
3
45
72
-21
-117
-175
-163
-141
-147
-219
-277
-270
-226
-196
-222
-252
-255
-214
-151
-144
-179
-213
-173
-134
-140
-171
-174
-130
-100
-84
-115
-87
-100
-106
-46
23
61
60
-3
-24
12
39
88
112
103
111
65
19
-49
-101
-78
-102
-136
-201
-212
-180
-207
-249
-319
-351
-270
-212
-206
-194
-203
-190
-112
-15
51
87
110
70
8
33
121
192
175
110
76
84
86
46
66
97
145
160
50
-40
-92
-53
-17
34
15
-52
-89
-69
-36
-33
-14
11
93
111
117
58
22
12
-22
-37
-40
-35
-43
-58
-110
-193
-213
-224
-224
-185
-175
-114
-105
-129
-126
-138
-126
-97
-118
-129
-129
-117
-61
5
47
13
-28
-95
-110
-97
-94
-54
2
31
16
2
-69
-75
-63
-44
9
35
43
20
-21
-72
-97
-140
-151
-89
-59
-94
-169
-197
-198
-161
-106
-95
-96
-97
-98
-124
-124
-60
-3
72
77
24
-20
-38
7
52
103
134
128
130
161
156
155
178
219
272
276
246
241
231
203
199
215
254
255
248
177
122
132
126
160
150
126
106
111
151
182
192
184
199
185
187
196
206
239
266
288
343
364
327
271
216
190
213
266
296
284
241
162
103
66
81
100
92
101
93
63
39
72
133
157
153
106
101
150
190
259
265
240
248
265
226
181
169
168
172
201
271
239
193
127
119
187
213
216
165
114
89
39
-4
-47
-66
-131
-233
-296
-291
-238
-265
-290
-287
-313
-322
-281
-277
-278
-247
-214
-147
-127
-112
-117
-118
-119
-96
-54
-46
2
51
79
120
130
89
123
152
129
155
165
124
118
116
84
32
-28
-65
-42
9
6
-4
-82
-179
-222
-182
-119
-51
-65
-90
-71
-92
-110
-79
-9
13
-12
-45
-56
-1
3
1
24
3
-8
-70
-114
-111
-118
-107
-70
-34
-69
-97
-101
-109
-130
-164
-204
-210
-247
-269
-268
-293
-245
-192
-180
-154
-162
-134
-137
-156
-128
-71
-2
19
18
15
-21
7
31
58
78
37
-2
-31
-48
-60
-68
-89
-117
-168
-185
-182
-146
-139
-125
-124
-169
-206
-164
-134
-98
-62
-88
-89
-123
-87
-58
-89
-93
-122
-117
-99
-91
-63
-71
-36
-17
10
58
37
79
86
77
125
111
99
90
91
115
67
16
-13
-33
3
-14
-43
-59
-82
-92
-130
-109
-100
-127
-124
-163
-193
-184
-153
-57
-15
37
77
75
140
146
210
258
272
262
263
291
295
288
318
342
320
278
168
99
90
121
129
55
16
-33
-52
-41
-59
-47
-51
-61
3
57
80
103
129
163
206
234
236
274
312
339
391
350
337
355
302
287
302
290
289
291
262
206
130
65
42
79
101
114
89
-7
-43
-43
-33
8
29
14
-29
-46
-19
36
49
29
36
46
33
27
3
10
67
70
48
54
54
108
138
168
159
112
86
96
134
98
99
94
84
94
79
81
91
120
140
118
96
102
143
187
211
197
170
149
136
99
65
75
72
102
108
102
117
120
86
67
88
61
62
37
26
33
-7
11
23
-3
-6
18
36
33
-2
-33
-63
-22
-18
-44
5
-43
-86
-121
-139
-53
-24
8
32
-17
-32
-71
-78
-34
-34
-25
-28
10
23
18
67
6
-31
-57
-134
-149
-178
-204
-216
-247
-221
-231
-263
-339
-404
-430
-422
-380
-366
-317
-261
-251
-255
-247
-239
-203
-169
-181
-197
-237
-233
-181
-154
-94
-62
-58
-90
-111
-127
-111
-82
-67
-67
-107
-125
-141
-130
-149
-148
-180
-217
-199
-163
-174
-194
-203
-238
-218
-173
-167
-153
-184
-173
-203
-244
-207
-137
-84
-40
-24
-54
-47
-8
11
53
79
78
110
71
82
78
105
134
95
39
12
20
37
68
82
61
24
4
-14
-31
-18
-31
-33
-33
-24
25
23
21
-22
-54
-43
-34
-10
50
57
31
24
13
36
54
52
47
40
24
37
88
148
166
154
138
108
92
67
57
72
105
125
132
157
159
128
101
70
116
108
89
63
-2
18
23
-23
-100
-116
-143
-183
-205
-234
-191
-168
-170
-150
-158
-186
-206
-245
-207
-167
-142
-95
-59
-23
-37
-52
-42
5
27
39
51
59
100
104
114
153
140
136
112
95
102
113
109
66
17
3
25
24
-9
-29
-18
-46
-71
-36
-19
-24
-64
-126
-184
-177
-156
-140
-88
-83
-73
-60
-54
-62
-31
4
7
10
5
25
31
32
21
19
60
61
63
84
114
106
100
142
165
168
151
117
104
120
123
108
64
31
-2
-33
-7
-17
-21
-41
-82
-70
-98
-96
-67
-53
-13
34
46
76
101
107
110
140
148
115
114
105
132
168
183
202
232
251
252
235
200
189
142
106
104
73
36
-31
-95
-114
-105
-109
-128
-147
-217
-266
-280
-278
-229
-181
-216
-220
-210
-188
-129
-120
-124
-155
-146
-115
-73
-27
-6
-20
-33
-57
-24
-22
-41
-13
-32
-31
-43
-85
-92
-127
-161
-188
-183
-197
-186
-144
-133
-109
-119
-149
-166
-165
-158
-106
-102
-136
-177
-179
-178
-179
-129
-78
-15
-3
-28
-50
-81
-108
-73
-48
5
39
45
52
55
61
45
13
-3
-16
-34
-17
-46
-106
-125
-138
-135
-135
-161
-181
-187
-198
-212
-210
-174
-138
-104
-108
-123
-106
-125
-77
-31
-18
-12
-23
-40
-48
-44
-38
-37
-22
-3
1
-51
-130
-140
-151
-116
-65
-50
-3
29
-5
-7
-17
-30
-7
-9
12
20
-18
-54
-90
-112
-109
-97
-107
-91
-84
-94
-68
-45
-45
-34
-48
-63
-57
-55
-42
-37
-12
-4
-10
25
54
59
85
82
63
31
49
72
92
102
92
111
110
98
91
120
79
53
71
62
67
71
66
65
75
98
130
132
104
102
79
61
38
44
75
75
74
39
18
31
48
58
69
44
-42
-50
-40
-24
-27
-52
-83
-87
-88
-115
-136
-143
-140
-113
-95
-120
-122
-153
-161
-137
-84
-36
-34
-47
-64
-59
-10
5
58
76
31
5
-43
-61
-36
-43
-30
-39
-41
-60
-109
-118
-119
-107
-61
-23
-14
-72
-169
-171
-171
-138
-88
-61
-73
-72
-86
-96
-46
14
33
43
2
11
82
124
154
161
128
103
65
39
58
62
92
97
57
32
28
23
22
20
-23
-50
-21
-20
-28
-4
-11
16
31
31
26
38
39
16
20
51
82
92
86
105
113
72
85
105
154
169
159
167
147
109
113
153
188
198
138
105
46
39
35
-24
-3
8
-15
-51
-92
-85
-68
-71
-81
-72
-43
-24
-4
1
-10
13
27
29
65
57
39
22
-1
23
14
11
11
-19
-43
-52
-54
-79
-106
-89
-60
-47
-66
-95
-96
-89
-62
-25
26
42
7
-10
-55
-81
-72
-31
-31
-86
-97
-84
-70
-50
-58
-81
-59
-70
-74
-93
-133
-171
-186
-178
-193
-163
-159
-158
-136
-127
-116
-119
-125
-73
-90
-140
-144
-135
-82
-46
-61
-67
-81
-78
-69
-58
-43
-37
-27
-38
-63
-39
-38
-37
-14
16
43
37
21
31
18
-5
-27
-56
-52
-44
-7
14
55
47
35
43
57
47
68
74
50
81
54
44
-31
-95
-118
-129
-78
-73
-64
-66
-97
-88
-82
-52
-56
-48
-5
9
19
6
29
25
8
-3
-44
-26
-20
-29
6
32
13
-15
-26
-9
-8
-17
-1
66
98
99
81
50
41
51
83
99
86
78
80
117
119
112
116
93
94
65
45
23
-27
-58
-50
-43
-40
-65
-94
-60
-18
16
25
-40
-58
-89
-141
-120
-89
-34
-1
26
-2
9
78
98
146
162
146
161
169
174
196
211
232
234
251
242
184
133
136
178
195
172
139
136
117
97
54
50
46
49
42
20
15
41
70
108
141
119
124
124
146
157
184
179
187
220
239
263
258
254
262
338
345
330
308
276
253
238
220
181
144
94
88
94
56
40
14
-40
-78
-109
-124
-164
-201
-239
-244
-191
-157
-133
-158
-186
-186
-176
-170
-148
-119
-113
-39
-9
0
22
33
82
83
96
92
100
105
52
29
4
-22
9
40
52
31
-7
5
-22
-32
-73
-131
-155
-198
-212
-234
-239
-233
-225
-211
-192
-172
-154
-101
-57
-9
27
80
87
83
131
141
160
170
168
187
195
162
178
198
176
193
195
164
138
112
97
86
83
59
31
21
24
71
70
41
16
-48
-62
-29
-21
-55
-79
-83
-72
-22
19
43
25
-3
-50
-70
-19
10
66
104
55
7
-21
-21
11
25
20
-10
-48
-89
-82
-106
-128
-117
-117
-90
-76
-103
-157
-181
-204
-172
-180
-244
-281
-292
-281
-260
-257
-248
-277
-321
-330
-318
-279
-196
-142
-129
-143
-178
-133
-76
-34
9
35
45
72
123
151
130
132
154
175
193
190
172
145
117
142
128
99
73
48
39
49
59
80
85
53
69
85
61
61
90
113
130
77
19
4
68
95
79
64
79
85
74
73
81
111
107
108
113
110
92
46
48
49
22
14
32
33
25
66
60
85
107
107
104
110
111
126
156
146
128
124
124
102
108
108
110
124
117
101
57
31
-7
-19
-21
-16
18
42
70
76
76
94
75
54
27
31
69
90
98
109
103
135
154
136
138
116
100
88
71
37
32
10
-41
-53
-97
-131
-108
-102
-124
-147
-199
-225
-242
-237
-227
-217
-178
-189
-223
-234
-196
-164
-140
-117
-112
-52
8
27
74
69
44
62
72
121
175
181
167
177
160
155
161
146
130
158
159
105
111
85
74
76
55
81
31
11
16
30
55
34
15
16
13
-5
-4
-8
2
-19
39
68
99
119
88
97
93
118
134
116
137
154
150
143
138
156
183
209
193
179
176
168
159
152
186
189
196
181
169
188
192
179
162
148
129
115
100
120
92
38
14
25
-1
-33
-34
-44
-73
-56
-60
-39
-28
-67
-96
-148
-179
-175
-156
-161
-176
-191
-204
-228
-212
-211
-211
-177
-175
-139
-103
-116
-133
-93
-95
-111
-111
-125
-113
-83
-52
-55
-20
28
38
61
43
23
12
-2
21
17
28
-11
-76
-98
-93
-109
-112
-127
-107
-77
-47
-21
-31
-11
17
39
49
50
22
31
51
42
53
73
90
109
133
114
98
84
56
48
60
84
97
111
99
91
70
21
21
23
12
-7
-17
11
-13
-60
-73
-81
-80
-96
-115
-99
-66
-25
-9
-19
-32
-61
-61
-63
-58
-50
-75
-93
-81
-73
-34
-6
2
24
9
-13
6
55
100
145
155
132
128
108
118
128
145
183
147
104
74
73
73
87
76
80
75
68
26
-2
-2
-25
-7
2
15
49
42
55
79
98
121
131
128
107
124
134
159
153
126
108
74
91
109
95
46
35
48
25
50
68
37
13
0
-22
-17
-3
1
-20
-55
-76
-73
-84
-76
-66
-60
-9
12
48
72
93
125
125
111
96
53
49
55
44
24
30
9
-49
-54
-52
-27
-6
-20
-27
-16
-7
23
32
2
-11
-43
-44
-66
-47
-7
-3
-15
-4
20
26
30
25
0
36
92
99
115
72
53
58
73
54
21
13
-6
-21
-17
-13
12
10
-48
-94
-135
-124
-104
-114
-114
-115
-121
-139
-137
-140
-133
-106
-145
-177
-178
-199
-217
-199
-196
-182
-173
-168
-132
-92
-75
-66
-52
-30
-31
-40
-24
-20
-14
-11
4
36
40
69
75
92
112
111
111
100
103
67
90
108
112
125
77
69
92
97
87
61
39
35
58
63
47
38
26
27
1
13
36
25
18
17
38
60
84
88
99
98
37
12
14
6
10
24
54
87
95
92
69
48
13
-26
-69
-108
-89
-44
-39
-36
-60
-92
-75
-64
-37
-19
-4
16
4
-27
-37
-16
-7
11
2
-44
-53
-43
-46
-49
-57
-64
-47
-74
-92
-87
-89
-95
-97
-96
-91
-71
-64
-66
-50
-19
9
30
22
3
-19
19
72
97
83
79
125
135
138
144
139
132
141
149
142
127
102
88
83
116
106
70
33
13
16
33
25
-8
-10
15
34
26
30
73
69
62
57
77
116
147
142
93
59
35
30
30
33
13
-10
-27
-23
-50
-32
-12
-30
-39
-65
-75
-82
-65
-71
-98
-113
-109
-79
-74
-63
-70
-66
-57
-45
-70
-97
-71
-28
21
39
-2
-11
2
-9
12
-9
-36
-69
-86
-106
-95
-101
-127
-116
-140
-155
-123
-116
-133
-125
-132
-146
-148
-140
-108
-84
-84
-120
-155
-189
-177
-161
-169
-181
-205
-220
-195
-150
-94
-54
-42
-42
-57
-37
-12
85
130
110
101
50
40
25
39
63
67
99
67
77
70
80
80
68
61
9
-40
-110
-133
-129
-98
-81
-112
-117
-103
-83
-78
-70
-48
-54
-18
-2
-21
2
33
47
89
81
62
51
68
63
46
38
35
34
34
49
32
37
29
-10
-28
-3
12
25
6
-2
4
-5
5
41
83
100
114
133
126
136
156
142
154
157
174
181
187
187
169
157
127
97
63
28
68
72
96
133
123
118
131
194
196
219
226
247
284
250
216
213
213
210
211
189
233
235
248
271
228
220
238
273
274
254
246
209
196
196
186
156
117
49
48
56
44
54
-2
-4
-6
-24
-29
-19
14
35
46
14
22
57
48
53
39
36
20
-15
-33
-25
-19
-12
2
-33
-45
-18
23
47
87
74
67
101
85
92
77
34
28
31
49
68
31
18
3
-37
-40
-55
-77
-111
-115
-138
-149
-160
-169
-162
-147
-148
-164
-202
-231
-222
-215
-149
-141
-162
-160
-163
-152
-146
-173
-190
-176
-147
-120
-101
-101
-108
-112
-100
-67
-52
-87
-104
-90
-103
-83
-116
-114
-103
-103
-132
-188
-220
-237
-242
-227
-236
-245
-215
-242
-221
-190
-184
-161
-133
-96
-86
-81
-118
-129
-132
-132
-116
-141
-113
-126
-156
-148
-128
-147
-148
-104
-108
-125
-137
-145
-130
-113
-122
-104
-56
-37
-37
-13
1
20
49
52
57
50
45
85
85
43
7
25
58
49
13
22
52
79
90
57
17
0
-17
-32
-94
-123
-96
-68
-38
-48
-51
-58
-80
-63
-51
-43
-19
0
-12
-7
1
25
30
52
48
30
29
47
71
39
37
-8
-68
-103
-132
