80
141
110
154
184
238
229
227
199
183
154
139
171
142
127
118
34
-8
5
-3
2
-2
1
-1
1
-1
0
0
0
0
0
0
1
0
-1
0
0
0
0
0
0
0
0
0
0
0
0
0
0
0
0
0
0
0
-1
0
0
0
0
0
0
0
0
0
0
0
0
0
1
0
0
0
0
0
0
0
1
0
0
0
1
1
0
0
0
-1
1
1
0
0
0
0
0
0
0
1
0
0
0
1
0
0
0
0
0
-1
0
0
0
0
0
0
0
0
0
0
-1
-1
-1
0
0
0
0
-1
0
0
0
0
0
0
0
0
0
1
0
1
0
0
0
0
0
0
1
-1
0
1
-1
0
0
0
0
0
0
0
-1
0
0
0
-1
0
-1
1
0
1
-1
0
-1
1
0
0
1
-1
2
-4
7
-14
139
191
165
155
141
156
116
120
74
32
-8
-49
-54
-67
-60
-86
-131
-146
-174
-165
-146
-138
-144
-149
-175
-178
-181
-147
-195
-188
-168
-156
-114
-108
-54
-52
-18
-33
7
45
54
43
24
25
50
95
79
69
69
118
112
122
143
95
77
104
56
54
49
55
104
110
113
105
142
155
176
181
145
145
167
159
187
206
204
174
136
124
131
81
18
21
-12
-4
13
0
-22
-10
13
9
-4
-10
11
5
-12
1
11
-11
-2
15
15
-2
-5
11
10
-12
-6
20
10
1
16
20
18
17
13
10
8
0
2
11
-6
3
18
7
6
-3
-9
-5
10
-1
4
3
10
18
-19
-5
6
-2
-8
-9
-4
-5
-11
11
11
5
-2
6
15
-8
0
9
0
12
27
27
23
8
7
14
1
5
7
6
1
-5
4
16
6
-5
-21
-16
14
-1
-10
4
28
11
-23
10
6
-12
-17
-3
2
1
0
-5
22
6
-7
-7
2
0
7
9
3
9
16
6
-19
-9
0
1
7
8
3
6
-5
-10
6
-1
-1
-2
1
25
2
-6
0
5
4
-5
-10
-7
9
14
-5
-3
4
7
12
0
-4
-5
17
5
-22
0
12
-27
-36
2
-4
-26
-4
14
-10
-13
18
4
-17
-20
4
8
-20
7
32
7
-24
-13
7
-6
-22
0
-1
-13
-5
14
17
-24
0
8
-6
-10
-5
4
-11
-14
-12
-1
-18
-20
-12
2
-16
-8
3
-7
-21
-16
0
-7
-15
-6
1
-16
-6
17
-3
-6
-1
-10
1
-22
-11
-2
-5
0
2
-3
-4
10
10
-15
-3
19
-7
-17
7
11
-4
-5
-8
-1
-13
-15
13
5
-5
-21
-7
-1
-3
-17
-19
-8
-17
-2
-10
3
11
-3
-9
-21
3
7
2
-2
7
12
1
-8
1
9
-1
-11
-4
18
6
-1
-8
-13
3
0
-14
-5
15
-14
-5
18
3
-14
-24
-10
2
-3
-9
0
-2
-26
-10
6
-8
3
-5
-13
6
19
1
-1
15
21
8
-14
-4
-12
-8
12
7
-10
-3
18
-4
0
10
6
13
10
9
4
0
-12
-1
8
0
-4
-1
3
2
2
6
-5
-3
6
16
-2
-8
6
8
-13
-3
25
14
-27
-6
15
-13
-12
12
16
1
7
8
12
-1
5
22
7
0
16
15
1
-1
-2
-1
2
-7
0
10
7
16
21
1
-8
4
15
2
16
26
7
12
7
10
5
1
-11
-5
-1
-9
2
31
44
14
-19
-12
10
12
-1
29
19
7
17
26
-3
-17
24
30
-12
-35
15
19
27
52
40
-28
-13
23
33
-2
33
7
21
-25
1
-58
41
-75
15
271
-346
115
19
-109
183
-136
-92
124
1
-56
91
48
-43
-61
14
143
-100
-13
97
-28
-51
17
72
2
-48
25
73
-34
-25
28
-1
-53
-33
34
-26
-17
27
-20
-29
12
4
-25
8
36
30
0
50
64
-32
19
32
-37
-46
-14
55
-23
42
69
2
-7
19
25
-2
21
1
-36
-34
9
-11
-54
-20
14
9
4
28
42
-4
-45
-16
22
-30
-21
18
33
11
8
36
10
-36
-42
-10
10
-31
-1
5
-23
-37
-41
-49
-50
-7
21
25
5
-11
9
1
-2
-9
-53
-45
-40
-39
-19
-19
3
27
-2
-17
-2
-12
-10
-7
27
44
0
-7
-6
-13
-56
-10
-11
-36
19
-19
-15
-30
-32
17
-28
-52
-25
-8
-28
-43
39
11
22
-20
-34
69
-105
93
-75
-2
45
-78
53
-75
-7
31
-35
-31
35
-4
-4
-12
-50
-19
-16
-17
-3
-2
-5
9
2
-7
40
32
6
3
10
27
-12
-15
1
14
-40
-17
24
2
-9
-19
-28
15
13
-15
7
32
30
14
22
-19
-25
-8
-5
-25
-6
-3
25
-12
7
7
-67
-30
4
-1
6
24
24
4
18
47
35
48
40
15
12
12
2
-37
-32
14
0
-34
-24
-17
-40
-20
-25
-29
-15
-16
-31
-34
-60
-6
40
1
-14
-24
-22
-38
-39
4
24
-12
-40
-17
-21
-1
6
-24
-8
-11
3
-31
-1
21
28
42
8
13
9
20
41
53
70
62
15
15
51
30
25
-10
-35
-41
-91
-62
-5
-14
-25
-51
-107
-78
-54
-42
-9
20
25
9
-3
54
72
0
-10
3
3
5
48
26
-8
51
34
13
26
12
24
32
32
26
15
16
24
27
-2
-11
-22
-11
10
24
31
28
6
-18
-36
-14
21
-2
1
-2
16
1
11
24
9
49
38
17
46
64
47
49
70
64
39
12
34
22
-7
-13
-47
-91
-90
-34
-15
-25
19
-12
-34
-9
2
-17
-24
17
35
33
34
8
21
28
-6
-55
-54
-16
-12
-11
36
27
-2
-18
-13
4
-30
6
1
-2
7
-42
6
29
70
115
62
10
-20
13
6
-15
40
45
17
17
24
94
69
30
31
80
48
19
49
9
-8
-12
-7
11
8
4
27
-12
-21
26
50
45
54
38
-20
-39
-48
-59
-55
-18
-7
-46
-46
-53
-19
-21
-9
19
26
13
-4
27
8
5
-15
-24
-15
18
31
6
26
43
23
12
25
32
23
-1
22
32
46
50
53
32
20
13
44
35
-12
21
-18
-78
-35
22
15
-22
-26
-2
-22
8
37
5
-11
-5
-6
-12
35
17
-8
24
3
-56
-27
12
-23
-21
16
56
50
15
-2
-42
-60
-23
-21
-53
-76
-50
-47
-57
-54
-6
7
13
-9
-25
-14
-11
30
17
-7
-19
-37
-42
-22
-12
-9
-7
28
9
-20
-1
28
-25
-35
-12
-11
4
17
19
5
4
27
15
15
-6
-6
15
18
-18
-63
-57
-36
-19
-31
-1
-7
-32
-68
-104
-79
-81
-73
-43
-22
-57
-95
-75
-44
-71
-105
-72
-61
-61
-56
-29
-8
-18
-52
-35
-28
-85
-127
-77
-15
-64
-88
-41
-68
-69
-91
-78
-34
-47
-44
-37
-82
-87
-68
-92
-64
-74
-54
-33
12
20
-15
-23
-42
-16
12
10
33
47
40
6
-14
1
8
-20
-16
-16
-55
-83
-83
-100
-158
-159
-123
-158
-181
-178
-108
-56
-73
-89
-90
-81
-57
-37
-16
19
17
15
38
32
64
104
85
111
134
134
116
119
102
83
58
5
8
-8
-16
-16
3
-22
-35
-10
22
15
-1
39
49
33
36
35
19
22
34
77
74
20
41
66
104
71
63
75
32
34
24
-12
-13
-2
-43
7
21
-5
-5
-18
-41
-71
-77
-56
-61
-48
-9
-21
1
11
-13
-55
-61
9
25
0
-17
30
70
60
75
78
85
128
128
134
119
49
75
104
168
184
170
194
187
167
143
181
184
167
132
134
121
94
138
155
148
100
75
68
100
114
123
127
105
99
78
92
81
60
41
31
45
15
-32
-21
6
10
26
22
17
41
24
-1
-19
3
20
-5
-19
-65
-71
-43
-26
-8
-24
-48
-48
-44
-8
9
21
17
7
26
17
44
30
14
68
55
101
193
216
173
172
143
100
123
128
174
181
161
151
148
138
146
168
163
131
128
151
136
132
147
181
199
179
172
194
158
154
163
149
116
79
94
44
-37
-34
-21
-41
-78
-89
-92
-104
-102
-93
-141
-136
-141
-131
-76
-77
-73
-83
-86
-103
-76
-22
-15
-57
-80
-83
-100
-59
-27
16
27
1
-11
-56
-89
-46
-24
-20
-6
21
4
8
38
38
58
41
79
103
71
85
68
59
76
56
74
68
35
22
-21
-45
-25
-54
-76
-71
-11
-24
-92
-110
-99
-82
-89
-91
-113
-156
-232
-227
-196
-142
-91
-94
-97
-126
-141
-161
-177
-153
-105
-87
-119
-96
-62
-77
-39
-8
-44
-90
-112
-110
-104
-123
-130
-166
-168
-108
-98
-91
-99
-109
-76
-35
-56
-83
-72
-73
-60
-105
-133
-139
-140
-101
-80
-102
-106
-119
-93
-40
-29
-30
4
16
-23
13
23
15
48
75
77
83
90
47
27
30
26
-13
-39
-60
-54
-59
-88
-62
-70
-101
-104
-107
-81
-107
-125
-154
-136
-120
-88
-68
-152
-130
-149
-128
-102
-95
-112
-128
-101
-79
-109
-146
-153
-117
-65
-64
-55
-44
8
52
63
20
66
130
105
11
-26
20
91
87
9
21
49
35
51
69
106
138
-7
-11
94
129
33
-84
-113
43
204
131
101
-190
-254
18
360
140
-375
-295
307
571
-11
-333
-100
385
144
-285
-52
257
154
-145
-55
207
68
-147
-110
10
9
-55
-3
1
-12
-20
62
41
-21
13
36
36
-52
-50
27
67
54
-13
-7
51
101
129
120
61
126
147
216
144
100
154
173
134
85
142
125
111
89
136
110
103
20
-36
24
89
149
104
21
91
134
89
47
98
191
115
134
162
221
195
146
199
223
264
252
209
192
190
197
125
103
168
167
144
114
113
91
59
40
32
59
44
-12
6
-13
-10
31
68
128
115
78
74
106
108
130
95
109
106
115
62
62
111
73
90
59
76
40
-27
-41
-26
2
-37
-25
-15
0
20
-17
-25
-56
-22
-22
-56
-33
-19
16
38
64
33
-30
-34
-49
-61
-39
-17
-55
-57
38
122
112
56
101
148
118
67
67
58
84
86
25
32
7
-38
-4
63
98
92
34
55
102
110
46
-5
51
79
84
108
125
110
96
76
14
33
61
20
-39
-78
-22
-35
-54
-106
-125
-91
-134
-198
-204
-174
-206
-285
-300
-245
-244
-228
-262
-243
-219
-211
-174
-226
-219
-182
-171
-198
-147
-57
-63
-102
-69
-54
-48
-12
5
-13
22
114
130
141
132
153
158
138
102
84
114
69
36
1
-8
-27
-58
-52
-84
-99
-79
-44
-67
-107
-71
-49
-40
-45
-32
-17
-35
-37
-21
-19
-27
31
71
77
84
76
79
60
88
111
50
41
82
96
64
-1
-47
-77
-156
-196
-164
-156
-167
-158
-196
-220
-223
-227
-223
-224
-194
-169
-148
-152
-111
-117
-143
-107
-84
-57
-65
-90
-54
-20
-6
-14
-50
-51
-35
-49
-70
-81
-68
-52
-68
-103
-104
-72
-52
-77
-95
-109
-115
-129
-143
-153
-203
-195
-161
-183
-217
-211
-182
-229
-290
-327
-294
-268
-305
-324
-302
-268
-277
-304
-285
-203
-185
-180
-143
-137
-122
-110
-120
-100
-93
-114
-144
-105
-78
-93
-91
-96
-75
-81
-103
-115
-78
-83
-142
-151
-143
-116
-49
-19
-29
-17
-74
-119
-58
-46
-33
-86
-104
-70
-103
-167
-165
-112
-112
-143
-199
-200
-179
-180
-189
-179
-167
-183
-167
-125
-100
-93
-90
-78
-95
-64
-8
14
-41
-98
-43
-4
5
27
94
106
86
52
48
81
39
-20
-26
16
67
67
56
0
-57
-30
-9
-24
-36
-38
-8
-6
1
20
25
-2
-26
31
93
95
97
109
83
74
117
183
223
226
245
214
172
145
130
140
128
170
172
144
143
155
166
171
169
193
217
195
190
127
85
104
109
78
69
118
165
159
151
167
188
177
208
245
213
215
206
192
208
169
106
125
142
134
90
56
64
89
75
44
63
64
119
89
30
60
42
-1
-7
30
58
60
12
13
52
60
46
95
158
154
128
140
170
176
171
177
214
210
156
133
181
197
196
202
217
229
167
171
236
249
230
261
281
273
287
334
331
330
348
308
282
290
316
315
286
259
234
236
263
306
282
257
223
163
88
53
88
86
60
-14
-5
57
54
5
-3
72
37
-16
11
62
88
86
82
90
129
156
167
200
187
182
198
193
192
183
208
210
258
262
253
263
256
286
262
254
224
171
161
133
136
151
175
210
208
163
177
220
218
247
200
173
198
176
203
224
236
227
215
160
198
186
190
168
175
106
159
307
102
321
56
157
155
63
144
52
156
105
118
57
17
-10
-80
-38
-21
-42
-47
-81
-84
-58
-79
-71
-35
-88
-118
-135
-141
-161
-157
-176
-189
-162
-213
-194
-191
-158
-177
-175
-129
-87
-73
-84
-97
-71
-68
-101
-108
-70
-63
-44
-114
-71
7
82
33
58
-49
-28
-31
-79
12
-270
-32
-188
-20
-106
-188
-164
-167
-174
-372
-169
-252
-188
-25
-702
-4
260
78
131
-743
-421
-311
-230
-530
-545
-335
-293
-202
-338
-162
-295
-553
-527
-502
-381
-312
-336
-271
-268
-210
-219
-306
-396
-378
-234
-227
-244
-232
-219
-151
-173
-166
-176
-165
-132
-125
-99
-160
-104
-171
-132
-175
-223
-217
-213
-220
-239
-248
-237
-246
-250
-278
-272
-298
-352
-326
-368
-347
-388
-404
-414
-425
-385
-409
-441
-452
-418
-387
-409
-463
-482
-451
-361
-328
-359
-371
-392
-383
-389
-357
-342
-353
-341
-331
-307
-288
-279
-283
-275
-276
-268
-224
-217
-214
-202
-209
-203
-200
-186
-173
-169
-128
-106
-97
-81
-79
-86
-93
-92
-51
-26
1
44
69
58
51
53
42
39
29
25
14
36
47
54
60
65
115
100
97
115
108
74
68
122
151
165
136
76
21
56
109
111
116
147
131
157
167
164
225
223
201
184
201
146
98
94
74
70
71
89
84
89
77
59
68
73
74
102
172
241
227
182
164
216
275
289
281
334
405
451
446
449
487
441
416
445
480
510
503
565
594
584
583
584
620
651
673
625
619
587
593
635
636
639
638
612
565
527
530
553
572
559
487
433
434
462
426
415
401
378
368
363
331
274
219
207
199
198
208
220
226
166
70
59
82
107
157
189
196
219
230
214
226
243
241
219
252
316
299
246
271
254
230
226
224
210
219
205
224
216
148
96
102
105
79
62
101
99
29
19
13
0
-31
-50
-55
-66
-117
-111
-70
-93
-141
-96
-4
28
20
-3
0
-8
-51
-67
-25
17
12
-39
-110
-110
-79
-78
-118
-105
-66
-60
-129
-203
-229
-189
-203
-234
-251
-219
-173
-143
-169
-176
-125
-130
-105
-68
-90
-139
-165
-166
-156
-169
-125
-102
-128
-132
-133
-133
-116
-124
-102
-71
-97
-126
-149
-202
-256
-294
-323
-338
-308
-283
-309
-260
-244
-259
-257
-252
-235
-226
-187
-168
-161
-210
-247
-174
-152
-90
-65
-63
-74
-75
-92
-140
-126
-95
-81
-39
-84
-112
-97
-111
-116
-144
-170
-149
-147
-152
-122
-142
-157
-190
-203
-214
-200
-210
-234
-268
-307
-292
-264
-260
-260
-234
-209
-186
-231
-230
-273
-284
-235
-216
-195
-217
-221
-229
-283
-308
-303
-230
-155
-163
-177
-222
-278
-312
-292
-280
-204
-162
-136
-129
-186
-210
-180
-145
-147
-130
-85
-28
13
-32
-77
-56
-30
-22
4
70
102
66
16
3
-7
25
59
83
116
143
118
123
82
43
34
64
65
27
-39
-107
-99
-92
-68
-49
-32
-44
-63
-106
-147
-173
-145
-118
-99
-99
-84
-10
36
-12
-62
-74
-66
-24
-47
-42
-79
-137
-160
-130
-114
-109
-111
-99
-17
-20
-71
-46
38
67
64
62
165
247
217
150
146
170
173
155
175
260
307
288
253
248
231
249
259
242
230
206
229
235
185
158
180
211
251
281
286
258
211
172
172
173
154
133
113
88
63
22
-5
6
10
-8
36
8
-2
-12
-46
-57
-80
-52
-10
-9
11
49
47
40
62
97
103
117
123
147
142
136
133
143
145
156
210
230
195
139
173
204
194
186
179
197
174
131
105
104
137
107
84
74
146
217
182
127
102
63
5
39
43
39
13
-48
-80
-87
-70
-81
-107
-144
-183
-160
-154
-140
-54
-36
-28
-49
-35
16
42
-28
-71
-54
-92
-99
-69
-33
-23
-41
-55
-112
-89
-55
-49
-56
-78
-82
-107
-95
-127
-155
-182
-133
-122
-139
-137
-162
-177
-171
-205
-202
-139
-69
-74
-112
-78
-32
-3
31
57
56
76
90
89
76
82
135
175
153
137
146
155
128
129
122
106
124
126
128
107
100
84
50
49
24
31
18
26
50
40
1
1
2
14
7
18
14
18
-8
-37
-37
-54
-65
-66
-29
-21
10
15
-22
-29
-20
-12
-9
-11
6
11
-2
-55
-43
-51
-32
26
-24
-17
18
37
17
-20
-8
12
27
47
54
84
90
114
136
131
153
134
106
75
27
-25
-79
-50
-63
-61
-43
-69
-40
-46
-19
-26
-52
-108
-117
-76
-45
-17
-39
-100
-157
-169
-156
-159
-155
-117
-85
-118
-158
-149
-147
-172
-191
-189
-161
-141
-180
-192
-170
-145
-100
-91
-89
-60
-62
-61
-86
-95
-111
-128
-117
-74
-76
-109
-168
-212
-248
-229
-177
-163
-107
-134
-137
-188
-230
-206
-183
-133
-98
-68
-77
-116
-158
-139
-156
-128
-200
-117
-23
-125
-96
-190
-201
-63
-130
-194
-124
-127
-114
-115
-169
-184
-160
-174
-151
-150
-192
-170
-150
-222
-243
-207
-188
-150
-163
-190
-129
-187
-163
-115
-95
-89
-34
-262
-323
-102
-229
-23
-45
-146
76
-84
-96
-41
-128
-115
-158
-143
-11
-36
-61
6
-53
-115
-130
-70
-49
-82
-75
5
-2
-31
0
-11
10
23
102
113
30
33
0
-47
-16
-66
-117
-73
-137
-111
-116
-149
-68
-82
-49
-24
-100
-49
5
12
45
29
39
67
44
93
113
109
99
79
131
147
172
180
141
152
115
102
126
156
164
139
85
74
119
80
56
54
66
120
117
82
55
58
50
59
77
103
126
136
156
150
164
154
157
183
252
298
285
291
281
290
283
247
270
318
346
349
309
294
287
258
247
229
241
271
260
250
262
218
181
178
198
209
219
272
313
291
253
219
255
295
295
306
259
254
259
241
271
317
381
410
375
370
323
288
289
281
272
286
277
302
279
247
237
219
207
226
268
283
291
291
278
258
228
230
270
266
236
222
226
198
159
88
89
106
138
123
109
81
57
70
34
23
7
9
28
8
-33
-43
-82
-145
-201
-227
-178
-164
-140
-125
-112
-126
-162
-170
-116
-40
-45
-22
-36
-44
-10
-8
-39
-16
28
59
34
-60
-101
-97
-126
-140
-144
-188
-221
-252
-290
-348
-359
-331
-314
-309
-278
-269
-268
-256
-269
-294
-334
-313
-243
-175
-172
-172
-186
-207
-252
-267
-222
-157
-144
-182
-192
-156
-137
-138
-164
-164
-122
-108
-83
-52
-11
3
4
-34
-38
-37
-78
-123
-118
-120
-108
-96
-116
-110
-111
-114
-90
-81
-77
-46
-26
-46
-42
-56
-90
-108
-115
-72
-44
-35
-58
-131
-179
-169
-159
-139
-141
-130
-145
-173
-165
-154
-107
-98
-101
-117
-93
-84
-63
-83
-108
-102
-116
-96
-54
-31
1
24
22
56
62
60
63
36
51
34
-36
-69
-94
-100
-83
-48
-62
-73
-79
-64
-55
-56
-72
-76
-49
-41
-79
-85
-84
-86
-27
-34
19
57
89
141
106
63
43
50
58
84
111
127
98
20
-34
-26
-17
-15
18
-2
-50
-78
-128
-123
-75
-91
-80
-53
-28
-42
-77
-69
-41
-37
-8
11
25
60
15
-3
-31
-43
-42
-30
10
9
6
-17
-4
66
98
85
52
30
32
49
3
7
44
85
109
87
115
94
72
55
79
105
127
143
142
119
71
53
27
27
67
91
98
119
116
109
52
2
1
17
53
103
133
142
110
83
95
116
160
215
214
170
116
114
73
74
90
79
78
8
-30
-49
-61
-36
-56
-68
-10
25
48
31
1
-1
-7
12
32
32
57
61
48
47
44
53
54
81
66
27
35
73
58
53
96
122
139
168
132
72
63
58
58
83
82
62
30
25
52
66
62
108
120
118
104
78
46
39
49
44
55
79
98
76
55
61
105
84
54
79
94
107
97
76
54
40
51
75
108
124
115
90
37
-13
13
24
1
-12
-38
-10
11
26
1
-26
-11
-22
-14
19
50
31
16
2
7
-8
-15
-28
17
42
24
39
52
55
31
49
51
34
40
13
-6
-15
-15
32
32
38
4
-30
-7
11
16
55
100
83
91
86
58
85
125
148
122
94
73
73
86
44
21
-8
-23
4
22
46
54
23
-15
-7
-2
-20
-10
25
64
71
45
30
17
9
35
69
94
130
125
86
23
-21
-12
-21
-2
-5
2
24
34
4
-38
-60
-59
-56
-19
45
60
41
22
12
31
16
-40
-37
-29
-10
-10
-22
-40
-71
-83
-93
-104
-108
-109
-121
-109
-96
-73
-78
-103
-90
-74
-105
-138
-164
-172
-150
-154
-192
-196
-184
-171
-182
-189
-177
-162
-149
-154
-133
-102
-118
-106
-123
-159
-144
-170
-189
-210
-235
-233
-219
-240
-239
-273
-288
-270
-262
-256
-246
-282
-323
-328
-312
-276
-274
-247
-264
-321
-361
-384
-349
-287
-262
-245
-232
-267
-285
-283
-281
-257
-227
-189
-152
-156
-185
-160
-124
-116
-139
-175
-168
-164
-183
-211
-191
-185
-203
-209
-207
-208
-201
-165
-167
-160
-185
-206
-210
-196
-169
-162
-154
-155
-127
-102
-114
-113
-68
-95
-64
-35
-32
-19
-41
-54
-94
-63
-1
45
60
24
-11
-33
-42
-16
0
16
-4
-24
-9
6
49
34
21
69
86
95
120
164
202
186
189
195
216
246
248
247
219
193
197
208
178
175
206
210
155
109
75
44
66
49
66
98
112
105
115
172
195
193
201
198
191
161
158
131
73
97
97
73
79
69
46
43
54
30
0
1
39
93
117
114
113
137
163
200
243
262
304
322
310
341
322
307
321
295
313
307
304
334
323
283
238
173
107
79
46
69
82
68
58
10
-31
-80
-69
-49
-39
-44
-100
-113
-70
-35
-13
-3
-20
-14
-9
42
103
137
136
95
82
70
79
47
75
78
51
45
72
134
137
148
132
118
76
65
69
88
128
131
120
79
27
1
11
66
105
102
91
35
-38
-48
-52
-70
-90
-100
-106
-116
-128
-114
-93
-98
-114
-149
-171
-150
-127
-107
-105
-122
-139
-140
-129
-105
-97
-74
-82
-94
-131
-131
-95
-123
-162
-164
-193
-235
-227
-239
-216
-200
-199
-237
-295
-300
-290
-274
-290
-277
-267
-299
-296
-325
-332
-279
-243
-197
-154
-144
-128
-85
-72
-52
-53
-69
-63
-44
-27
27
39
-13
-32
-85
-96
-62
-68
-75
-82
-138
-112
-173
-194
-203
-178
-209
-169
-464
-56
-49
-665
-114
-258
-285
-137
-362
-248
-36
-263
-479
-321
-70
-230
-443
-194
-80
-313
-251
-247
-335
-299
-215
-221
-286
-208
-180
-194
-264
-264
-221
-124
-192
-190
-80
-140
-96
-73
-104
-59
-2
-2
-11
-48
127
164
73
164
165
48
162
212
178
218
285
302
142
184
159
120
132
176
140
117
173
123
20
45
98
76
86
105
131
118
127
154
140
147
90
33
98
117
132
145
140
111
61
81
65
22
51
73
71
89
99
59
0
-22
-66
-132
-112
-72
-61
-47
-31
-34
-69
-50
-35
-64
-77
-56
-66
-40
-38
-60
-43
-3
-12
-28
10
-43
-19
24
-1
43
69
35
46
3
-11
61
82
65
38
27
14
-16
11
7
-10
18
34
22
-10
-26
-35
-40
-69
-57
-24
-6
-29
-46
-57
-81
-53
-25
-41
-9
42
68
51
42
72
42
35
38
55
58
107
67
71
123
90
36
14
18
10
58
54
16
21
-13
-86
-120
-100
-104
-129
-113
-109
-115
-124
-165
-198
-180
-110
-107
-176
-188
-166
-172
-135
-116
-24
71
65
81
62
49
48
39
58
69
65
86
60
77
97
86
58
63
119
111
77
110
115
62
63
83
79
83
116
92
69
89
88
60
55
117
145
117
81
38
33
51
55
100
162
149
159
198
171
145
132
123
154
241
273
275
248
199
119
64
25
38
40
9
30
-19
-26
-30
-32
-30
-21
-41
-9
53
60
55
19
55
81
59
135
170
165
202
157
144
134
130
153
184
190
144
111
55
82
113
135
177
182
189
163
134
141
155
152
141
174
141
103
133
117
103
101
86
59
68
62
81
127
115
127
110
84
84
45
75
73
90
137
118
102
107
98
105
100
95
86
40
24
21
51
50
63
34
22
49
57
72
56
61
61
37
35
60
67
62
99
111
148
190
174
173
150
161
230
226
227
239
217
150
143
142
41
52
111
119
107
138
144
114
139
139
105
110
186
178
175
155
131
130
107
148
148
165
188
128
83
67
45
5
-1
23
55
75
59
38
-6
14
49
46
37
78
103
22
33
78
32
13
44
57
81
106
87
19
-24
-25
-7
12
23
20
11
-7
-2
-25
-37
-26
-42
-43
-30
-36
-48
-77
-99
-114
-155
-170
-195
-215
-200
-257
-294
-309
-349
-346
-335
-284
-280
-288
-260
-280
-304
-290
-279
-265
-219
-211
-207
-216
-230
-247
-267
-275
-269
-282
-323
-335
-325
-375
-385
-329
-342
-342
-273
-283
-342
-302
-289
-335
-339
-320
-367
-412
-421
-434
-459
-436
-389
-431
-425
-335
-302
-310
-277
-258
-230
-160
-160
-137
-82
-21
-5
-26
11
72
36
20
38
40
29
-8
11
2
-22
-50
-74
-57
-63
-52
-38
-35
-14
-13
-64
-86
-79
-66
-32
25
47
64
98
113
114
62
83
125
122
76
81
35
-17
18
0
-3
51
68
21
-16
-22
-14
-14
-11
40
41
22
54
36
12
42
116
128
105
132
175
237
268
254
257
312
376
426
450
469
452
448
492
491
485
485
488
482
476
452
441
430
427
465
451
444
438
416
412
414
396
345
328
318
289
232
226
221
168
159
159
145
136
100
82
59
60
98
105
130
151
141
109
104
106
113
141
162
145
136
145
102
65
55
88
122
196
252
220
203
212
215
188
159
139
145
170
132
105
116
86
96
121
106
132
159
215
196
158
147
137
117
116
132
99
70
101
80
24
69
40
-4
-8
-39
-75
-89
-113
-151
-110
-153
-192
-187
-222
-247
-227
-217
-179
-162
-209
-179
-201
-202
-215
-217
-174
-143
-148
-149
-140
-131
-140
-132
-135
-142
-111
-146
-163
-155
-153
-158
-181
-202
-239
-227
-204
-195
-189
-194
-171
-163
-234
-241
-236
-256
-242
-284
-305
-303
-312
-340
-312
-321
-305
-265
-302
-319
-314
-335
-331
-310
-282
-293
-315
-280
-268
-263
-241
-218
-239
-241
-174
-145
-122
-119
-162
-172
-155
-120
-116
-120
-93
-85
-143
-177
-164
-187
-203
-190
-201
-206
-220
-276
-289
-237
-245
-262
-260
-236
-214
-252
-263
-249
-255
-274
-279
-274
-244
-217
-217
-239
-217
-161
-154
-158
-143
-140
-138
-134
-184
-220
-240
-214
-153
-145
-148
-128
-156
-179
-157
-153
-165
-184
-205
-235
-224
-212
-203
-201
-138
-128
-128
-110
-116
-85
-56
-12
-36
-27
-16
24
55
33
43
26
21
-1
-4
18
14
13
4
-32
-48
-44
-34
-27
-56
-70
-85
-53
16
17
30
44
-9
-80
-110
-127
-76
5
19
13
2
-14
-25
-19
14
62
71
75
96
110
102
103
142
120
98
94
90
129
134
118
144
175
161
140
139
143
155
129
118
122
130
130
117
113
106
128
122
105
86
97
121
95
65
57
52
74
101
115
140
104
113
170
185
184
163
175
207
202
231
246
219
216
171
121
133
173
193
207
131
61
28
-23
-55
-14
-1
12
29
-5
-29
-49
-80
-62
-9
28
62
109
92
86
83
56
71
107
141
146
157
137
56
-19
-62
-92
-83
-54
-47
-66
-107
-142
-203
-202
-184
-170
-136
-78
-39
-31
-56
-98
-66
-44
-27
-18
0
-10
-47
-40
-73
-113
-130
-91
-76
-150
-171
-174
-166
-152
-139
-112
-82
-68
-37
18
73
97
91
47
40
50
47
61
60
36
46
71
50
21
18
20
32
43
14
17
28
35
61
61
65
78
16
-10
10
38
85
115
79
45
50
34
40
86
122
122
129
155
167
120
94
113
112
110
113
96
90
85
26
-44
-16
-33
-78
-72
-70
-109
-141
-136
-128
-142
-141
-126
-136
-91
-65
-119
-94
-42
-8
17
59
72
70
109
97
106
93
66
49
-5
10
16
-18
-26
-43
-82
-113
-111
-106
-120
-125
-162
-174
-173
-152
-166
-211
-196
-179
-191
-180
-171
-161
-133
-130
-121
-101
-97
-93
-61
-41
-37
-30
-74
-55
-27
-30
-18
-20
-22
-36
-79
-108
-56
-14
9
-3
-22
-31
-36
-44
-41
-72
-102
-114
-109
-102
-99
-92
-113
-126
-131
-141
-142
-123
-112
-120
-85
-80
-115
-80
-61
-83
-68
-69
-82
-103
-82
-87
-96
-78
-105
-110
-94
-50
9
38
60
49
27
26
71
137
184
213
216
242
233
199
174
169
187
193
161
149
111
59
28
-9
-20
-52
-105
-131
-157
-186
-184
-200
-171
-137
-146
-131
-85
-47
-35
-25
-9
-20
-33
-61
-59
-45
-69
-64
-56
-54
-6
-13
-76
-89
-97
-95
-84
-52
-67
-106
-80
-74
-50
-28
-4
85
87
30
29
32
14
44
66
77
102
77
50
65
102
132
129
115
136
147
107
117
170
133
122
127
86
76
71
54
28
12
6
17
48
22
23
5
-24
-25
-55
-98
-71
-50
-75
-74
-100
-105
-99
-121
-119
-113
-134
-90
-71
-58
-6
-23
-41
-32
-8
27
65
112
149
172
115
59
59
104
155
155
97
81
69
44
86
66
21
2
-18
-39
-19
1
4
0
9
-10
-32
-42
-13
5
1
4
-4
1
43
73
95
107
104
91
96
131
170
188
177
197
168
142
147
188
176
160
179
180
205
219
233
191
178
204
233
239
206
204
244
248
179
193
195
200
230
208
195
172
197
220
210
223
219
194
169
144
154
180
193
218
230
223
216
207
228
249
241
248
246
252
236
232
225
208
196
151
158
160
163
195
204
192
177
154
131
127
123
122
134
143
137
105
77
61
22
3
67
115
111
101
99
88
81
71
71
93
143
199
233
232
219
212
191
199
247
277
293
274
212
194
184
154
124
136
128
111
140
145
86
29
20
15
22
0
-44
-41
-17
-30
-49
-55
-67
-46
-45
-34
-30
-47
-66
-60
-35
-13
-19
-22
2
-33
-59
-64
-64
-74
-59
-41
-58
-72
-74
-102
-105
-61
-35
-28
-8
40
72
60
16
17
15
60
85
68
45
-13
-24
-2
26
38
40
33
33
6
-8
-28
-43
-61
-73
-67
-92
-76
-39
-22
-26
-24
-59
-69
-40
-22
-28
-62
-68
-71
-66
-78
-106
-83
-57
-18
-22
-35
1
-23
-49
-54
-39
7
45
12
-27
-52
-82
-72
-50
-27
-41
-41
-39
-80
-93
-61
-63
-64
-43
-9
3
-1
39
39
18
30
58
79
98
97
47
51
43
13
-11
-34
-92
-95
-92
-119
-127
-140
-149
-174
-203
-204
-241
-261
-243
-270
-257
-230
-222
-204
-182
-197
-235
-220
-217
-249
-248
-227
-252
-287
-276
-268
-256
-229
-215
-175
-134
-82
-55
-21
-13
-27
-50
-107
-123
-122
-96
-75
-70
-66
-55
-58
-63
-59
-50
-52
-44
-59
-86
-136
-187
-189
-171
-180
-182
-160
-135
-106
-89
-114
-159
-185
-221
-235
-190
-142
-89
-20
-29
-42
-29
-12
30
60
98
125
115
130
131
87
63
61
71
103
141
161
158
178
132
124
147
118
94
106
112
103
82
54
67
75
70
82
79
63
82
55
17
32
39
81
105
132
121
109
129
122
130
153
182
176
170
179
179
180
162
122
83
84
65
48
47
74
74
77
113
127
126
123
131
107
110
139
135
148
201
185
185
203
213
211
179
200
215
171
165
143
113
125
129
143
124
96
71
103
96
62
33
-4
9
13
49
39
17
45
68
67
63
62
51
75
56
27
39
23
5
-5
-39
7
69
100
97
62
78
98
110
107
104
117
147
170
154
120
89
73
42
24
49
96
109
95
106
86
69
90
110
106
96
101
76
103
120
116
152
192
205
210
240
218
198
195
230
262
244
242
237
277
276
256
235
209
181
159
148
123
134
155
151
131
103
69
39
63
66
33
16
9
22
24
21
15
1
-10
-27
-54
-55
-37
-35
-51
-72
-117
-145
-165
-162
-168
-145
-107
-94
-74
-62
-57
-73
-62
-72
-128
-120
-54
24
66
60
63
60
68
84
67
57
60
62
37
-5
-9
15
3
20
19
-18
-47
-84
-92
-65
-48
-52
-26
-23
-8
-44
-83
-101
-127
-115
-150
-143
-119
-133
-177
-199
-233
-253
-264
-292
-298
-292
-290
-302
-293
-305
-285
-278
-293
-269
-256
-264
-277
-298
-296
-296
-301
-281
-280
-290
-293
-299
-303
-265
-221
-217
-184
-194
-230
-221
-214
-242
-260
-248
-245
-228
-195
-171
-168
-207
-227
-262
-316
-321
-292
-302
-260
-236
-261
-253
-227
-207
-207
-171
-182
-195
-166
-126
-94
-103
-74
-47
6
52
53
63
104
108
113
95
55
52
20
16
6
-42
-63
-51
-51
-43
-38
-48
-24
8
0
21
7
-47
-29
17
10
4
-9
27
56
60
69
26
-8
-43
-48
-75
-114
-109
-113
-146
-177
-199
-208
-171
-116
-98
-87
-85
-79
-96
-126
-109
-79
-56
-19
0
-24
-6
20
22
59
95
150
165
170
207
200
189
203
198
198
227
215
183
192
220
210
208
215
201
176
162
116
96
123
105
77
32
0
-24
-53
-55
-42
-57
-81
-64
-52
-56
-52
-72
-70
-15
-13
-30
13
29
18
39
19
26
58
86
140
172
159
134
108
97
83
43
24
16
13
30
41
38
42
23
17
18
18
54
50
23
21
10
3
23
38
46
80
97
117
136
128
148
170
160
170
191
185
179
171
146
140
175
185
211
215
182
172
126
113
125
114
106
102
59
1
-17
-23
-18
4
-8
-36
-42
-73
-89
-87
-115
-107
-89
-80
-51
-24
-44
-30
-15
-37
4
21
-33
7
20
59
105
89
115
90
50
62
79
118
99
123
178
121
73
23
7
82
63
33
37
-37
-40
-68
-58
-83
-141
-158
-172
-160
-192
-267
-232
-192
-227
-185
-194
-189
-171
-246
-144
-177
-199
-65
-142
-110
-196
-261
-219
-290
-258
-228
-273
-220
-277
-270
-162
-161
-115
-124
-113
-58
-135
-169
-171
-173
-116
-231
-196
-270
-308
-202
-236
-193
-192
-237
-205
-210
-185
-87
-76
-100
-75
-53
-57
-14
-19
-28
0
6
-51
-59
-76
-147
-158
-186
-180
-147
-154
-168
-164
-158
-162
-167
-193
-185
-147
-157
-168
-179
-200
-218
-222
-236
-211
-168
-151
-145
-144
-144
-183
-160
-143
-154
-148
-134
-133
-108
-96
-102
-100
-68
-16
-13
-6
-19
-42
-20
15
75
90
69
97
113
148
170
118
95
114
120
134
127
99
106
126
123
99
137
126
107
116
121
142
160
183
200
211
193
155
148
118
96
136
127
156
151
104
97
61
49
33
38
87
83
85
87
55
54
43
19
14
45
53
62
77
101
122
79
33
-14
-41
-53
-27
-30
-35
-16
-54
-81
-106
-155
-159
-116
-72
-26
-29
-80
-132
-131
-118
-103
-71
-67
-57
-71
-89
-84
-38
-41
-60
-39
-45
-37
9
-21
-42
-52
-120
-99
-48
-43
-61
-79
-82
-43
-22
-38
-29
-22
-62
-48
-12
7
17
25
17
50
68
51
104
149
150
202
197
217
235
190
232
244
215
239
205
199
220
208
182
142
114
57
30
-1
-29
-26
-57
-66
-29
-52
-35
-25
-58
-9
-39
-47
-46
-64
-32
-70
-115
-130
-121
-76
-55
-65
-115
-161
-174
-154
-76
-6
30
28
38
82
106
107
82
94
120
169
178
177
207
220
210
179
136
124
178
201
192
192
184
166
182
144
145
160
181
211
248
215
165
147
121
105
38
31
16
-1
-28
-8
0
-8
-24
-38
-101
-86
-94
-98
-74
-145
-133
-117
-110
-176
-196
-167
-152
-144
-142
-112
-93
-102
-106
-113
-140
-175
-173
-148
-105
-65
-68
-99
-131
-137
-101
-75
-55
-58
-82
-89
-102
-95
-36
-28
-24
-13
9
0
-25
-18
-33
-23
-15
-5
28
55
71
76
63
71
73
75
75
69
58
33
-7
-31
-17
7
44
57
111
137
169
207
166
192
177
175
194
161
199
173
155
106
70
76
43
12
11
3
2
9
12
-3
-47
-88
-124
-143
-174
-209
-211
-185
-175
-165
-210
-255
-210
-217
-232
-222
-237
-250
-235
-216
-240
-236
-216
-171
-91
-49
-41
3
10
3
21
4
3
-4
-15
-17
3
0
-5
-23
-40
-25
24
18
22
39
37
38
39
19
17
-25
-21
38
6
7
4
-6
-4
-11
4
13
24
43
61
46
35
13
-7
-19
-36
-15
-17
-28
-30
-47
-56
-64
-61
-70
-82
-63
-110
-104
-98
-165
-159
-149
-149
-161
-162
-177
-165
-168
-149
-123
-148
-156
-169
-166
-159
-121
-116
-105
-88
-112
-79
-40
-56
-9
27
22
19
48
78
63
36
11
-22
-25
-31
-33
-22
-11
-29
-81
-93
-72
-118
-116
-117
-131
-136
-143
-137
-116
-114
-149
-115
-108
-116
-134
-160
-167
-123
-96
-80
-43
-49
-77
-134
-136
-162
-187
-178
-190
-177
-183
-189
-163
-152
-160
-193
-216
-166
-152
-140
-139
-102
-96
-120
-123
-126
-130
-74
-33
12
58
65
91
108
165
122
156
131
172
91
223
158
954
926
75
206
-231
316
424
-58
-93
84
480
-443
-737
-487
1492
770
-357
-512
-1326
992
303
-565
-591
965
1925
1422
47
-178
-631
-1059
385
-149
-82
70
340
140
86
0
-401
-788
-375
122
661
-489
-25
-283
-609
-156
-1359
-869
4
1260
1823
785
1717
917
1467
1621
260
625
-477
550
710
1163
650
867
395
338
550
-474
41
-1206
31
-812
-1808
-1534
-915
148
624
96
-849
-1444
-1119
-799
-933
-1141
-1377
-667
-1085
-173
-1083
-1026
-1008
-1091
460
-13
983
-503
-1425
-581
-662
-270
182
-50
876
83
191
303
94
189
147
341
-144
1141
634
-467
-541
-1310
-518
613
-256
232
-584
-174
-29
574
-895
-391
30
125
1369
-1159
66
-160
-870
-733
-359
1059
-137
-402
-943
-213
131
-714
203
-223
281
1389
191
-1861
1282
-305
424
440
-2107
926
620
1644
-297
-300
-285
-215
1242
451
1182
-141
-826
-932
-1453
205
1867
642
599
-1135
-734
141
-302
456
-178
-601
-1005
1391
841
-93
-743
-1154
-829
-987
1613
1128
1194
53
-543
-249
951
-334
198
290
-488
-409
-1092
809
-910
-322
-1678
-1425
282
-882
211
480
-605
205
-421
-797
-1152
-1080
-589
107
-1021
-1316
-240
-2077
-1462
-1501
-1657
-1206
-986
-862
-787
-191
-1073
-574
-1394
-1145
359
-610
1380
1497
768
847
-417
-346
-328
409
-31
541
555
207
-448
-449
-242
-1445
-893
-1318
-585
-818
-795
-735
-537
-699
-1196
-167
-653
434
-850
-556
669
-687
918
-69
-803
-657
-1758
-420
-455
-518
-1253
-967
481
303
-286
-1012
307
348
544
430
299
912
-361
125
369
-655
562
672
-188
752
-409
-240
1528
-153
913
-233
1016
-168
-408
603
-763
1060
-849
-592
293
820
-48
608
-862
-591
841
-146
1043
337
-1388
-190
-306
-832
590
-81
726
-142
369
1344
-168
-907
-359
738
152
-66
-545
-445
-396
-249
472
-215
58
-1459
-106
127
-59
-541
-1305
-858
-512
43
917
555
-222
-600
-710
1514
1148
539
107
1148
-113
-485
-12
-337
-205
-1338
-986
605
786
272
762
586
-69
349
-175
624
1898
217
506
271
-698
952
107
1583
1377
-1380
691
-607
-77
320
-535
-185
-1013
468
1048
1666
208
258
-418
-1076
116
-345
795
486
-451
-749
19
1449
1646
705
520
27
225
737
1068
2072
1154
510
-963
367
-431
-398
1203
-158
-337
313
1184
1802
738
800
217
-44
1458
984
520
710
74
-773
752
1230
865
574
730
330
462
876
211
144
778
1444
1136
949
970
742
-29
366
862
849
519
854
1198
559
-39
-108
670
750
1087
510
565
1257
710
264
-998
-1132
5
567
605
1093
1290
1733
521
-612
-264
578
2018
2149
1732
1368
738
1972
1803
995
646
-792
734
1605
1339
802
-901
-625
785
1587
1263
198
-190
-373
-182
-304
-348
-487
-800
-223
609
480
-223
-1088
-1410
-782
-607
-206
994
1033
639
641
20
433
750
-1
422
877
1057
1549
1202
1058
277
-175
78
462
-126
-247
-143
253
216
190
-329
-828
-738
-432
-7
-497
-776
130
408
-115
494
1341
1925
812
28
505
1225
1938
866
937
1014
1016
1406
254
402
-119
319
1381
1358
979
978
1365
1558
460
151
374
293
1100
1136
2693
2111
1848
1856
617
2172
1636
2168
2310
1919
3224
1952
2042
1585
523
1509
736
1306
1082
104
771
-351
-129
-148
-1459
-507
-259
570
582
-523
-1817
-2317
-1139
-763
227
-1857
-1436
-475
-725
573
-2356
-2731
-2171
-1298
-123
-1359
-2062
-1478
-603
-807
150
-3486
-2459
-1186
-1157
1609
-2378
-1241
-598
376
357
-2076
-1799
-2257
-775
-339
-270
-548
-584
778
-86
-772
-1812
-1468
361
180
150
248
-514
822
1056
-981
-815
-1596
440
1841
307
88
-198
871
697
956
990
806
1713
2252
2422
1918
1722
1691
1717
2028
2330
3054
2731
2677
2838
2182
2705
2083
2503
2041
2825
2658
2123
1443
1122
1673
1430
1007
-83
288
1148
1561
1394
1026
259
881
905
497
394
805
740
1275
892
525
1329
691
1913
1074
-339
309
26
1647
1757
1634
797
154
494
1019
1751
658
-165
278
224
823
695
282
1227
12
92
-287
-197
373
-315
-302
-247
-188
-88
-226
-994
-1628
-1354
-950
-453
-749
-1587
-1790
-1446
-1139
-1132
-1481
-1639
-1324
-874
-1097
-1152
-1582
-2016
-1566
-1155
-1059
-967
-1235
-1378
-1321
-1423
-1225
-1613
-1723
-1454
-1485
-1738
-1772
-1779
-1854
-1899
-1730
-2217
-2006
-1800
-1465
-1496
-1931
-1936
-1592
-1236
-1277
-1064
-1496
-1369
-694
-247
-360
-610
-796
-968
-428
160
20
14
127
582
156
314
130
455
788
624
530
89
674
861
1363
725
733
874
1015
1230
342
662
688
137
725
516
989
622
942
639
1540
632
-849
235
-66
1008
37
92
-1291
-108
-241
-626
-614
-2090
142
-398
-465
-636
-442
-1514
-1701
-1132
-1371
-947
-1728
-1223
-693
-577
-1427
-1198
-528
-529
-891
-1468
-1150
-343
-1021
-691
-971
-2715
-2579
-1743
-1309
-2220
-2693
-2472
-2141
-1033
-2017
-2762
-3348
-3536
-2975
-2014
-2046
-2949
-2625
-1758
-1478
-2568
-3206
-3333
-1837
-1327
-1185
-1049
-1619
-1901
-1787
-1120
-1220
-1696
-1516
-322
568
995
331
122
797
817
1003
1085
1347
2462
2993
3075
2479
1844
2128
2461
2833
2395
2100
2195
2425
2489
1956
1077
1240
916
-108
73
664
839
803
410
206
124
-118
-90
13
665
1091
1330
1042
1201
1884
1507
1155
877
1053
2560
2907
2014
1210
922
1627
1581
1277
682
1093
1863
1387
846
-34
-44
455
-402
-1253
-1250
-539
-101
-328
-1525
-1250
-1735
-2334
-386
-34
-1596
-1985
-2531
-1400
-511
-1950
-2611
-2000
-840
-1065
-1959
-2465
-2033
-2164
-1684
-2360
-3157
-1985
-1253
-997
-1446
-2621
-2618
-2209
-1939
-2327
-2500
-2805
-2115
-1967
-2369
-1349
-1422
-943
-1146
-995
-636
-446
423
973
856
668
1281
1821
2341
2158
1892
1938
1927
2607
2828
2779
2449
1792
1916
2066
2300
1915
1412
921
990
958
817
647
36
300
143
-41
-271
-520
-344
-336
-147
-75
-580
-46
435
724
558
279
74
747
1291
1312
1422
1376
1962
2288
2838
2760
1775
1768
1884
2018
2808
2720
2241
2129
2140
2411
2231
2116
1263
925
1553
1386
932
1349
722
1135
548
-741
126
458
634
-775
-514
-565
-700
-801
-2005
-775
-334
-1503
-2013
-2159
-1667
-1622
-1809
-1933
-1893
-2433
-2102
-2425
-2773
-1847
-1585
-1652
-3107
-3144
-2117
-1495
-1961
-2979
-3654
-3056
-2366
-2934
-3564
-3638
-2191
-1596
-1862
-2586
-2913
-2011
-787
-780
-1603
-1465
-121
1156
1453
1015
1080
1679
2074
2640
2775
3115
3566
3766
3703
3150
2949
2778
2959
2906
2411
1739
1063
1228
837
356
73
-316
-633
-1220
-1382
-1484
-1551
-1278
-1250
-1492
-1816
-1567
-921
-607
-383
-822
-1063
-500
428
970
833
1286
1747
2580
3375
3585
3207
2698
3175
3167
3009
3279
3656
3976
3904
2599
2170
2121
2140
2357
1871
860
952
1531
1369
480
-587
-974
-1252
-1304
-1352
-1737
-1404
-1116
-2303
-3063
-2762
-3075
-3153
-3603
-3679
-3127
-2641
-2821
-3934
-4051
-3830
-3615
-3784
-4362
-3970
-2446
-2408
-3499
-4094
-3566
-3031
-3422
-4110
-3796
-3641
-3571
-2830
-2314
-1972
-1434
-1081
-1280
-1601
-1353
-510
536
1241
1569
2220
2580
2899
3221
3513
3674
3868
4130
4595
4836
4584
3990
3143
2394
1846
1757
1635
1567
1217
310
-353
-1147
-1710
-1816
-1790
-1729
-1997
-2138
-2194
-2304
-2343
-2144
-1933
-1869
-1663
-1311
-554
244
513
201
69
272
966
1639
2022
2725
3289
3417
3608
4093
4612
4849
4587
3921
3751
3933
4535
4729
4357
3379
2657
2816
2986
2501
1844
1153
837
1002
930
417
-222
-355
-1958
-1954
-1758
-1897
-1239
-2130
-2976
-2752
-2620
-1776
-2795
-3532
-2393
-2957
-1892
-2550
-2924
-1563
-2373
-2364
-2691
-2575
-1734
-1787
-2614
-3077
-2862
-2484
-2207
-2897
-3787
-4071
-4189
-3681
-2818
-1702
-1025
-915
-2023
-2893
-2861
-1938
-80
1053
1878
2152
2078
2483
2837
3146
3442
3763
4348
4742
5194
5093
4631
3823
2878
2256
1775
1932
2070
2072
1098
-146
-1691
-2516
-2384
-2399
-2244
-2490
-2919
-3224
-3112
-3070
-3055
-2829
-2532
-2148
-1589
-1236
-930
-296
-42
140
398
587
1294
2027
2283
2258
2560
2903
3458
4455
5277
5431
4717
3946
4263
5154
5672
5829
5321
4294
3583
3409
3330
3408
3104
2315
1681
1477
1182
1111
207
-571
-1594
-2298
-1389
-2349
-1892
-2705
-4539
-4183
-4048
-3460
-3165
-3893
-4002
-3778
-3725
-3723
-3840
-3837
-3671
-3293
-3509
-3338
-3398
-3910
-3323
-3587
-4220
-3906
-3711
-4266
-5089
-5464
-5223
-3964
-1623
316
-236
-2967
-4736
-4071
-1371
972
2271
2713
2632
2303
2284
2957
3684
4428
4883
5152
5684
5899
5603
5078
3986
2862
2059
2164
2925
3327
2050
-71
-1687
-2904
-3250
-2916
-2736
-2888
-3743
-4735
-5416
-5320
-4426
-3578
-3213
-3168
-3200
-2946
-2382
-1587
-575
-179
-136
438
1189
1925
2738
2986
3173
3286
3693
4748
6178
6975
7079
6490
5260
4724
5790
7562
8280
7408
5760
4085
3592
3822
4349
4195
3132
1789
681
262
-148
-551
-1357
-1984
-2776
-3285
-3772
-3936
-4001
-4835
-5902
-6023
-5104
-4319
-4333
-5402
-5661
-5308
-4457
-3650
-3138
-3092
-3576
-3427
-3470
-3572
-3570
-3103
-2617
-2827
-3060
-3344
-3959
-4485
-4517
-2850
177
1793
342
-2710
-4117
-2308
548
2501
3317
3201
2947
2827
2957
3869
5135
5761
5459
5337
5967
6442
6222
5041
3751
2965
2521
2911
3583
3086
1281
-1315
-3029
-2693
-1910
-1260
-1562
-2958
-4886
-6406
-6350
-5299
-4186
-3542
-3783
-4250
-4481
-4293
-3558
-2653
-1672
-1171
-921
-548
24
1108
1790
1949
1765
1975
3140
4947
6262
6552
6486
5794
5360
5574
7021
8479
8921
7685
5701
4941
5040
5512
5871
5150
3573
1997
1217
1014
542
-346
-1631
-2728
-3191
-3502
-3903
-4395
-5399
-6745
-7182
-6549
-5639
-5248
-5651
-5688
-6283
-6578
-5560
-3992
-3080
-3209
-4180
-4294
-3385
-2943
-2523
-2436
-2541
-2614
-2892
-2747
-2713
-2727
-805
1761
2486
-185
-3503
-2905
1162
4749
4922
3214
2499
3021
4061
5199
6532
7437
6570
5212
5387
6762
7440
6346
4817
3486
2887
2530
2699
2784
1340
-1329
-3156
-3404
-2735
-2713
-3816
-4789
-6014
-7156
-7186
-6136
-5048
-5337
-6574
-6811
-6234
-4981
-4246
-3396
-2470
-2200
-2292
-1882
-903
571
1866
2101
2261
2836
3943
4894
5603
6230
7280
8345
8029
6951
6685
7961
9339
9465
8721
7838
7085
6768
6196
5789
4945
3970
2958
2079
1392
125
-1276
-2622
-3709
-4475
-4942
-5258
-5819
-6987
-8057
-8512
-8156
-7578
-7405
-7520
-7496
-7426
-7308
-6613
-5555
-4814
-4741
-4407
-4283
-3762
-3168
-2407
-2301
-2243
-2312
-2366
-2380
-1798
1049
3935
4368
442
-3304
-2176
3514
7475
6445
3637
2821
3491
4872
6421
8414
8976
6578
4009
4264
6842
8144
6665
4086
2710
1793
1464
1753
1854
-34
-3124
-4281
-3758
-3113
-4006
-5514
-6363
-7153
-8323
-7885
-6005
-4952
-6385
-8291
-8230
-6484
-4670
-3940
-3573
-3033
-2776
-2822
-1926
-427
1318
1903
2317
2428
3152
4013
4514
5149
6300
7975
8992
8894
7827
7405
7968
9220
9729
9874
9126
7788
6229
5783
6248
6622
5425
3164
1613
705
390
-119
-841
-2246
-4142
-5917
-6403
-6048
-6030
-7128
-8420
-8872
-8728
-8496
-8335
-8113
-7688
-7354
-6815
-6012
-5139
-4347
-4793
-5113
-4802
-2929
-1377
-951
-1580
-1946
-1797
-1191
-1463
997
4577
5583
2509
-2171
-1398
3831
7873
7155
4321
3493
4780
5430
7097
8795
10076
7890
4658
5033
7395
8402
6877
4663
4062
3531
2396
1881
1598
268
-2781
-4183
-3038
-2659
-4015
-6383
-7443
-7310
-7793
-7695
-6777
-6305
-7528
-9232
-8510
-6326
-4927
-5103
-5083
-4288
-3358
-2984
-1910
-311
1287
1402
843
1552
3350
4846
4723
4389
4970
6669
8407
8572
7934
7823
7447
7495
8239
9470
9604
7853
5561
4832
6176
7016
5700
3259
1169
272
-568
-925
-432
-1166
-3526
-6288
-7590
-6983
-6377
-6994
-8502
-9018
-8790
-8820
-8582
-8585
-8417
-8169
-7953
-7198
-5674
-4876
-4916
-5422
-5415
-3773
-2619
-1751
-1792
-1917
-1820
-1892
-1430
-920
1515
4875
4463
1860
-1859
-1259
4245
7909
7554
4275
2806
4270
5457
6996
8527
8869
7310
3958
4430
7237
8075
6454
3450
2769
3215
2530
1661
747
-505
-2582
-3508
-2520
-2858
-4631
-6764
-7387
-6400
-6538
-6840
-6336
-6854
-8128
-8975
-7262
-4663
-4300
-5043
-5677
-4465
-3154
-2611
-1327
208
942
740
348
1801
3553
4127
4243
4488
5424
5580
5298
5845
7164
8466
8131
6484
6217
6774
7451
7068
6047
5819
5508
4786
3814
3198
2822
1275
-437
-1224
-1016
-888
-2800
-4842
-5909
-6156
-6561
-7204
-7108
-6699
-6991
-8146
-8920
-8284
-7151
-6848
-6331
-5713
-4799
-4506
-5405
-4986
-3715
-2058
-1226
-1542
-1201
-1626
-1867
-1123
-353
979
317
929
3245
3301
1952
-1260
-388
4915
6836
5438
1852
2141
4861
5327
6291
6991
7589
6203
3292
4774
7513
7456
5430
2559
3898
4493
2650
919
253
610
-665
-2198
-2222
-3136
-4124
-5583
-5738
-4065
-4766
-5629
-6466
-7059
-6785
-6016
-4052
-3328
-4449
-5319
-5130
-3015
-1244
-690
-27
-135
-133
152
1133
3220
4083
4038
4085
4120
4456
4219
4633
5448
6211
7422
7308
6679
5528
4649
5689
6959
7615
6689
4642
3150
2335
3163
4165
3799
1928
-497
-1544
-1979
-2021
-1939
-2430
-3702
-5329
-6279
-6048
-5614
-5952
-6775
-6948
-6408
-6056
-5882
-5645
-4898
-4613
-4782
-4313
-2926
-1913
-2096
-2505
-2195
-1406
-903
-981
-563
-276
-698
-1050
-1704
-1498
571
3340
2832
-148
-3562
-2224
2919
5455
3839
499
450
1898
3229
4579
6111
6443
4414
2263
3799
6297
6450
4582
2825
3635
3935
2696
1048
666
130
-880
-822
-339
-1618
-3582
-5106
-4138
-2621
-3309
-4430
-5023
-5210
-5793
-5205
-3338
-2481
-3679
-4795
-4249
-2236
-1327
-1323
-1019
-339
-78
-184
158
1663
2676
2520
2029
1973
2739
3144
3468
3322
3420
3836
4117
4959
5555
4620
3739
3524
4554
5389
4362
3033
2408
3044
3606
2882
1637
395
-187
-484
-626
-424
-1199
-2347
-3485
-3944
-3601
-3560
-3780
-4333
-4775
-4980
-4997
-4430
-3903
-3437
-2970
-2917
-3003
-3110
-2910
-1773
-1016
-758
-796
-1371
-1481
-1371
-1255
-688
-811
-1614
-2197
-2938
-3025
-612
1324
76
-3115
-5875
-2452
2069
2645
-812
-3349
-1004
1603
3053
3555
3908
3564
1562
1144
4829
7101
6173
3088
1980
3550
4231
3486
2555
2940
2492
899
308
95
-458
-716
-1266
-577
-968
-2192
-2716
-2746
-2701
-2658
-1549
-835
-2161
-3611
-3190
-1501
-137
-911
-1123
-662
-894
-1496
-1352
130
1389
595
-428
-565
62
211
26
1367
2247
2276
1249
734
1572
2475
2873
2979
3531
3670
2955
2356
2027
3058
4221
4050
3005
1714
1254
1560
1956
2208
2110
1384
-60
-1321
-1379
-929
-362
-548
-1188
-1714
-2297
-2702
-2758
-2416
-1719
-1399
-1468
-2005
-2556
-2666
-2195
-1044
-421
-1060
-2235
-2973
-2702
-2412
-2006
-2175
-2730
-3607
-4699
-4876
-5037
-3533
-698
-1700
-4531
-7656
-6478
-55
2312
223
-3924
-3358
109
1760
2973
3530
3932
3006
1329
3805
7069
6747
4535
3013
5689
7529
5772
3876
3790
4927
3957
3112
3863
3251
1793
167
580
2356
1077
-794
-1142
-297
-83
-1151
-1114
-884
-1667
-2435
-2762
-1610
-1170
-2295
-2609
-2785
-2585
-3057
-3657
-2845
-2025
-2087
-2512
-2756
-2342
-2577
-2108
-1197
-376
47
-795
-1003
599
2565
3610
2406
1316
2146
3255
4853
4848
4945
5071
4433
4335
4914
5730
5215
3842
3960
4497
4175
2696
1788
2298
2221
1288
359
-25
-436
-1297
-1761
-1078
-775
-1715
-3016
-3070
-2339
-2354
-3016
-3501
-3426
-3380
-3693
-3890
-4036
-4237
-5049
-5547
-5307
-5484
-6088
-6732
-6520
-6827
-7238
-6680
-4283
-3276
-5084
-7927
-8495
-3651
422
674
-2907
-4158
-1876
783
2530
3734
4861
4599
3426
4396
7359
8507
7487
5786
7059
8660
8436
6723
5969
6417
6418
5727
5279
4553
3155
1729
2257
4147
3088
200
-1758
-875
-43
-535
-1070
-1465
-2653
-4140
-4756
-3606
-2455
-3243
-4799
-5357
-4577
-4670
-5289
-4849
-3515
-3190
-4239
-5059
-3960
-2454
-1867
-1980
-1522
-574
-342
-393
374
2734
4270
3981
3900
3709
4564
5860
6284
7881
8390
7369
5643
5679
8008
9246
8803
6758
5340
4842
4170
4715
5327
4734
3119
580
-142
462
758
181
-1239
-2123
-3184
-4005
-3941
-3640
-3239
-4067
-5412
-5998
-6153
-5967
-5873
-5648
-5727
-6760
-7310
-7365
-6746
-6508
-6981
-7043
-7540
-7439
-7459
-7425
-6599
-5040
-3469
-5080
-6676
-6457
-3106
1406
1437
-537
-1682
251
3276
5029
6065
6629
6673
6399
6597
8746
9974
9295
8555
8405
9213
8465
7037
6842
7325
7436
6327
4921
3763
2163
1789
1955
2190
1457
-953
-2009
-2203
-2344
-2804
-2842
-2943
-4156
-5759
-6023
-5296
-4539
-4787
-5353
-5653
-6241
-6736
-6556
-5308
-4063
-3636
-3963
-3879
-3952
-3582
-2561
-746
331
451
432
817
1830
2713
3629
4999
6229
6550
5878
5655
6930
8455
9691
8916
7730
6902
7079
7756
8212
8484
7519
5530
3774
3973
5181
4948
3067
1064
-416
-370
-677
-1306
-1861
-2710
-3909
-5182
-5506
-5370
-5379
-5930
-6728
-6834
-6937
-7718
-7688
-7238
-6576
-6947
-7570
-8127
-7814
-7465
-7355
-6972
-6923
-6757
-7224
-6816
-6262
-5711
-5809
-5261
-2236
-1046
-2467
-4042
-3146
1522
4089
2525
908
1683
4733
5886
6596
7550
7608
7206
6698
8402
10415
9408
7557
6582
7440
8112
6752
5881
5592
5432
4048
2389
2321
1691
782
442
318
-41
-2206
-3765
-3317
-2731
-3151
-4440
-4983
-5519
-6430
-6458
-5564
-4909
-5385
-6770
-6970
-6233
-5703
-5339
-4943
-4081
-3888
-4088
-3629
-2418
-1275
-701
-136
893
1472
1843
2467
3688
5324
6399
6661
6641
6727
7311
8547
9234
9460
8964
8283
8004
8221
8903
8772
7851
6174
5104
4712
4597
4366
3452
2073
669
-705
-1673
-2193
-2547
-3084
-4024
-5064
-6022
-6778
-7138
-7117
-6906
-7088
-8027
-8602
-8772
-8328
-7585
-6898
-6776
-7268
-7777
-7212
-6373
-5582
-5244
-4984
-4371
-4321
-3969
-3852
-2832
-2152
-1908
-1847
-1808
-919
225
1707
1910
1162
697
1922
4243
5217
4199
3230
3963
5688
6726
6853
6668
5963
5146
5337
7039
8071
6742
4572
3562
4010
4591
4104
3491
2856
1891
567
-298
-382
-641
-1063
-1257
-1543
-2578
-4008
-4709
-4203
-3515
-3345
-3805
-4371
-5173
-5505
-4900
-3712
-2985
-3101
-3362
-3422
-3375
-3195
-2019
-255
673
92
-650
-40
1178
2205
2970
3851
4426
3918
3397
4062
5795
7279
7342
6738
6344
5791
6021
6564
7874
8276
6665
4864
4045
4936
5790
5455
4124
2733
1879
1086
577
356
-46
-980
-2786
-3802
-3688
-3629
-4529
-5841
-6367
-6121
-6216
-6686
-6957
-6821
-6597
-6662
-6458
-6195
-5745
-5316
-4891
-4202
-3503
-3241
-2967
-2301
-1334
-794
-770
-563
-345
260
388
1107
1473
939
751
226
606
965
486
527
1045
1632
948
-1366
-2526
-1112
1584
2362
102
-1843
-2406
-997
889
1728
1770
128
-1239
-665
1234
2787
2190
902
336
347
926
941
1441
1894
1346
692
162
150
294
413
1026
1385
880
-315
-868
126
1123
1401
1068
328
-371
-702
-242
1070
1871
1471
128
-744
-477
432
1249
1198
826
402
-254
-468
86
1059
1814
1278
358
-127
203
861
1276
2120
2302
1832
767
101
1371
2423
2746
2060
1594
1210
868
1400
2251
2531
1592
197
-106
61
125
233
-55
-416
-1363
-2263
-2384
-1982
-1712
-1969
-2279
-2448
-2964
-3220
-2940
-2053
-1696
-2180
-2453
-2062
-1467
-1581
-1594
-791
74
-205
-1092
-1162
-488
-63
-387
-908
-842
-742
-1362
-2202
-2432
-2137
-2450
-3521
-4476
-4209
-4043
-4424
-5039
-5526
-4658
-4138
-4030
-4423
-5061
-4289
-3127
-1698
-1791
-2562
-2324
-976
1102
2252
1955
1547
1537
3024
4856
5642
5892
5012
4515
4775
5893
7116
6975
6051
5011
4651
5211
5353
5159
4639
4134
3840
2916
2080
1669
1775
1666
1051
439
-386
-1459
-2074
-1985
-1714
-2109
-3266
-3936
-4138
-3923
-3823
-3840
-3861
-4091
-4335
-4125
-3558
-2984
-2773
-2547
-1953
-1409
-841
-524
-26
604
1147
1852
2489
3399
3493
3817
4246
4504
4623
4628
5342
5785
5863
5392
4794
4503
4509
4627
4471
3989
3561
2597
1635
1255
1330
1130
236
-678
-1183
-1593
-2243
-2796
-2346
-1903
-2566
-3879
-4840
-4710
-4193
-4110
-4178
-4266
-4715
-5409
-5733
-5092
-4052
-3736
-4256
-4717
-4530
-4248
-3631
-3061
-2548
-2537
-2754
-2527
-2215
-1819
-1786
-1496
-833
-803
-827
-1037
-989
-876
-574
379
944
835
-439
-684
567
2141
2387
1297
892
1666
2644
3022
3314
3558
3278
2897
3552
4566
5045
4134
3068
3142
3889
4112
3610
3197
2955
2460
1994
1739
1648
1210
433
147
-124
-660
-1366
-1323
-789
-945
-1806
-2445
-2396
-2184
-2359
-2383
-1914
-1764
-2020
-2112
-1462
-962
-1020
-1153
-582
231
478
394
647
1106
1474
1733
1952
2389
2552
2424
2649
3386
4153
4006
3389
3294
3172
3807
3593
3373
3162
2914
2939
2381
2211
1866
1629
1230
645
629
499
-30
-592
-1196
-1146
-1487
-2062
-2506
-2846
-2882
-3357
-3925
-4117
-4061
-3832
-4009
-4315
-4411
-4570
-4390
-4138
-3574
-3111
-2988
-2892
-2729
-2197
-1679
-1185
-878
-701
-697
-540
-44
572
928
898
622
366
501
722
1120
1080
476
-316
-611
-468
-337
-692
-1374
-1627
-2155
-2610
-2450
-1684
-1215
-1803
-3086
-3171
-2081
-1029
-996
-1433
-1537
-1159
-409
265
953
1019
665
637
1501
2431
2975
2739
2236
2283
2800
3629
3946
3464
2675
2372
2766
3203
3211
3129
2946
2629
2150
1909
2223
2534
2373
1927
1482
1159
931
851
1172
1166
690
-30
-376
-530
-537
-491
-477
-746
-1365
-1905
-1863
-1659
-1649
-1768
-1651
-1425
-1650
-1963
-2051
-1390
-903
-634
-376
-282
-411
-491
-245
840
1803
1581
1059
438
860
1643
2297
2318
1790
1251
782
1046
1708
1814
1562
634
-230
-347
-270
83
-173
-644
-1209
-1745
-1836
-1699
-1537
-1698
-2227
-2350
-2427
-2199
-1930
-1797
-1513
-1725
-1781
-1518
-972
-550
-550
-392
17
276
326
343
634
1164
1223
922
907
1183
1277
1195
920
762
394
-270
-555
-320
-113
-771
-1570
-1975
-1979
-2202
-2676
-2985
-2961
-2704
-3002
-3212
-3449
-3404
-2804
-2376
-1840
-1973
-1932
-1462
-739
376
1060
1596
1693
1494
2081
3079
4262
4695
4281
4115
4270
4778
5324
5634
5680
4957
4240
4310
4641
4978
4519
3816
3262
2627
2180
2062
2196
1792
670
-297
-708
-827
-1055
-1671
-2076
-2526
-3191
-3932
-4228
-4066
-3990
-4301
-4648
-5047
-5170
-4927
-4443
-3879
-3751
-3779
-3837
-3443
-2833
-2364
-1940
-1418
-734
-395
-225
159
769
1554
2102
2315
2427
2757
3102
3369
3534
3604
3683
3569
3365
3206
3219
3206
2949
2493
2081
1812
1472
992
733
777
776
253
-581
-959
-796
-752
-1189
-1563
-1749
-1842
-2092
-2100
-1701
-1508
-1855
-2231
-2092
-1654
-1422
-1461
-1258
-814
-612
-802
-758
-400
-47
93
57
143
277
366
378
457
660
732
576
399
192
268
334
361
154
-167
-260
-487
-777
-1043
-1042
-914
-1034
-1086
-1124
-1134
-1207
-1362
-1021
-485
-154
-206
-432
-225
328
791
1169
1329
1511
1653
1693
2011
2316
2600
2463
2070
2184
2346
2522
2277
1820
1751
1770
1521
989
451
241
106
-122
-392
-735
-1204
-1767
-2120
-2003
-1851
-2085
-2631
-3011
-2981
-2831
-2660
-2408
-2301
-2468
-2668
-2439
-1698
-1086
-902
-979
-861
-530
-104
367
936
1355
1443
1410
1619
2263
2795
3357
2930
2659
2877
2962
3781
3493
3466
3242
3102
3175
2836
3089
2890
2322
1986
1696
2033
1737
924
753
356
269
-184
-620
-677
-984
-1348
-1752
-1900
-1696
-2187
-2418
-2443
-2237
-1825
-2058
-2150
-2008
-1634
-1316
-1108
-869
-624
-430
-44
383
796
1144
1396
1678
1890
2163
2317
2472
2519
2580
2469
2611
2597
2378
1982
1699
1440
972
583
92
-170
-636
-1183
-1817
-2237
-2523
-2838
-3089
-3521
-4121
-4660
-4967
-4843
-4963
-5169
-5260
-5506
-5488
-5381
-5027
-4902
-4743
-4419
-4026
-3622
-3291
-3075
-2417
-1612
-1111
-876
-588
42
599
1162
1652
2230
2552
2623
2781
3270
3682
3779
3945
4098
4026
3710
3611
3904
4063
3620
3003
2529
2368
2174
1961
1780
1395
881
184
-251
-263
-425
-783
-1004
-1120
-1299
-1670
-1751
-1517
-1317
-1390
-1532
-1436
-1362
-1421
-1228
-684
-272
-316
-678
-546
-8
784
998
809
746
804
1280
1522
1537
1546
1386
1302
1505
1786
1914
1514
1276
1176
1333
1551
1393
1168
936
918
1256
1348
1143
888
683
727
806
866
597
265
160
341
491
421
37
-207
-157
-17
196
107
-126
-491
-719
-609
-265
-262
-748
-1241
-1275
-1250
-1480
-1689
-1710
-1670
-2109
-2644
-2890
-2815
-2933
-3093
-3048
-3069
-3412
-3938
-4039
-3627
-3308
-3598
-3859
-3931
-3749
-3513
-3200
-2845
-2792
-2855
-2790
-2350
-1809
-1612
-1591
-1277
-1003
-803
-583
-33
414
454
337
522
957
1235
1225
1413
1742
1875
1802
1657
2144
2412
2419
2304
2165
2326
2508
2787
3047
2948
2522
2196
2299
2700
2757
2506
2256
2013
1781
1761
2002
2074
1635
1075
936
1092
1171
1030
938
877
780
484
352
479
568
462
354
363
464
498
381
315
296
331
211
280
390
273
179
164
239
368
191
261
405
415
512
162
116
180
468
633
423
328
242
173
222
158
181
120
-199
-251
-195
-72
-95
-235
-207
-201
-302
-420
-494
-401
-401
-415
-364
-324
-405
-690
-811
-659
-533
-650
-736
-693
-707
-775
-853
-857
-826
-907
-995
-932
-877
-974
-1135
-1189
-1223
-1239
-1217
-1203
-1298
-1474
-1606
-1523
-1341
-1187
-1262
-1290
-1381
-1418
-1258
-1028
-826
-1049
-1204
-907
-449
-270
-551
-634
-499
-301
-82
-37
81
53
-99
14
296
434
287
47
186
277
407
329
390
539
518
416
337
452
587
822
867
951
762
672
800
1159
1481
1560
1461
1382
1350
1478
1871
2010
2075
1889
1776
1769
1757
1926
2026
1907
1710
1426
1312
1156
996
870
702
545
162
-282
-640
-827
-1006
-1107
-1384
-1613
-1922
-2131
-2106
-2023
-2126
-2403
-2588
-2544
-2400
-2374
-2324
-2332
-2287
-2153
-1833
-1450
-1230
-1353
-1204
-1042
-650
-450
-208
195
298
244
147
445
840
987
831
853
962
1230
1232
1210
1196
1169
1158
1300
1438
1351
1178
959
944
830
641
580
544
209
-187
-575
-587
-585
-809
-1166
-1491
-1611
-1723
-1906
-2021
-2064
-2193
-2414
-2552
-2285
-2005
-1948
-2053
-2028
-1757
-1494
-1299
-1083
-812
-524
-322
-71
325
576
664
638
741
1027
1205
1264
1180
1227
1199
1230
1358
1317
1313
1053
938
865
685
562
396
390
179
-280
-621
-831
-792
-739
-891
-1234
-1657
-1886
-1922
-1822
-1574
-1589
-1736
-2031
-1997
-1628
-1467
-1246
-1178
-789
-558
-243
-41
122
526
838
1204
1414
1549
1811
2082
2268
2465
2373
2420
2482
2566
2507
2347
2261
2130
1823
1464
1338
1375
1217
829
462
156
22
-215
-467
-784
-972
-1088
-1237
-1324
-1448
-1591
-1732
-1718
-1518
-1270
-1236
-1191
-1205
-1117
-898
-590
-296
-22
37
167
552
927
1230
1406
1604
1808
1939
1941
2052
2226
2500
2617
2643
2465
2226
2007
1998
2263
2318
1982
1545
1212
1102
1081
1021
911
548
101
-317
-421
-411
-475
-709
-966
-1167
-1377
-1438
-1337
-1184
-1257
-1450
-1556
-1390
-1223
-1140
-1161
-1175
-1073
-1008
-912
-772
-734
-717
-671
-553
-454
-390
-388
-320
-302
-461
-617
-613
-468
-409
-483
-614
-587
-617
-667
-639
-575
-614
-821
-924
-842
-656
-778
-946
-958
-755
-677
-847
-878
-655
-540
-687
-793
-704
-449
-506
-453
-315
-125
-69
-207
-175
139
310
288
256
351
448
506
559
716
853
808
793
709
866
925
1091
1049
938
943
958
1057
1019
925
871
676
553
533
638
819
666
502
350
451
514
533
528
434
332
254
222
315
306
162
111
-41
65
23
83
159
198
283
198
243
213
428
636
777
799
768
849
969
984
1046
1131
1229
1206
1081
1076
1157
1140
972
816
660
589
411
270
112
20
-101
-231
-380
-481
-551
-739
-842
-944
-964
-982
-1112
-1160
-1177
-1157
-1162
-1272
-1331
-1322
-1258
-1173
-1194
-1257
-1245
-1146
-1037
-1086
-1136
-1056
-962
-855
-842
-858
-887
-917
-827
-628
-484
-631
-810
-675
-436
-230
-260
-272
-184
-246
-321
-144
274
474
216
-48
164
591
745
557
592
655
569
435
413
775
868
492
165
195
339
347
156
102
69
-85
-232
-161
14
102
-86
-242
-182
-161
-136
-177
-17
37
-34
-132
-6
108
105
85
112
191
327
371
509
670
722
725
601
691
874
1033
1083
1159
1186
1133
1178
1411
1655
1696
1537
1396
1292
1283
1311
1303
1338
1140
875
722
655
546
423
230
211
189
-86
-331
-429
-247
-108
-213
-301
-315
-435
-431
-316
-64
92
-137
-371
-285
-121
40
-38
-95
-77
-197
-333
-381
-195
-151
-335
-584
-611
-546
-512
-558
-477
-333
-317
-349
-343
-281
-201
-145
-136
-84
14
118
186
204
146
235
272
307
326
160
4
-75
2
79
102
10
-146
-263
-426
-563
-540
-450
-333
-387
-642
-747
-673
-553
-474
-443
-456
-527
-613
-474
-176
44
-45
-124
-96
26
250
311
418
482
484
357
232
222
314
341
356
265
145
-62
-45
115
205
199
-32
-150
-440
-428
-327
-138
-76
-329
-506
-682
-663
-508
-390
-285
-418
-643
-670
-542
-290
-211
-220
-235
-159
-72
-13
196
331
454
359
375
661
751
836
835
923
1097
1062
965
959
1047
1066
943
826
826
903
838
684
553
447
380
268
84
58
25
2
-100
-304
-408
-467
-459
-370
-324
-375
-461
-608
-618
-563
-423
-349
-395
-442
-328
-99
29
-31
-80
74
263
313
268
346
438
441
366
511
712
691
492
501
779
937
834
768
799
639
397
90
127
158
16
-299
-486
-500
-549
-617
-579
-589
-935
-1197
-1254
-1122
-981
-839
-843
-906
-1052
-1054
-802
-489
-310
-316
-375
-348
-260
-138
142
358
379
204
189
381
512
583
589
640
722
658
565
545
653
586
578
522
415
363
79
-16
-81
-132
-252
-410
-549
-697
-947
-1030
-1029
-1116
-1170
-1311
-1359
-1386
-1337
-1183
-1084
-1176
-1182
-1103
-864
-578
-318
-184
-70
44
307
589
745
986
1055
1320
1493
1500
1593
1569
1670
1841
1864
1882
1792
1643
1464
1477
1504
1421
1208
866
741
553
451
385
310
237
-79
-306
-309
-240
-206
-322
-441
-404
-333
-247
-189
-111
-73
-91
-84
45
231
277
303
310
365
458
523
627
745
812
825
738
725
771
838
827
718
619
439
372
310
278
242
40
-196
-468
-611
-593
-628
-693
-939
-1233
-1405
-1488
-1441
-1425
-1524
-1675
-1753
-1711
-1564
-1506
-1467
-1457
-1434
-1411
-1344
-1197
-1007
-824
-736
-669
-486
-274
-188
-118
-33
168
350
308
321
362
302
363
264
287
161
2
-79
-130
-151
-374
-437
-534
-491
-691
-962
-1109
-1096
-986
-1059
-1114
-1354
-1458
-1506
-1377
-1093
-994
-1050
-1228
-1290
-1142
-839
-558
-476
-505
-531
-509
-296
-11
312
541
623
502
664
802
1064
1250
1187
1380
1276
1254
1251
1453
1638
1591
1445
1281
1244
1183
1137
1165
1101
889
585
540
586
466
359
256
279
165
-41
-24
63
12
-50
-86
26
88
3
-53
60
190
187
141
193
309
291
298
499
633
563
365
347
494
501
446
284
156
101
101
196
228
134
-129
-273
-292
-230
-227
-353
-390
-463
-602
-721
-749
-652
-555
-650
-803
-901
-924
-898
-854
-756
-744
-856
-1005
-1095
-1019
-854
-825
-864
-924
-966
-943
-880
-829
-756
-680
-721
-712
-685
-616
-573
-518
-406
-364
-392
-481
-485
-238
-69
58
-32
-311
-303
-313
-152
-12
-134
-130
-249
-272
-255
-175
-20
-57
-187
-326
-302
-236
-179
-122
-89
5
-50
-69
79
95
292
292
316
368
416
475
549
661
662
708
692
776
869
914
987
943
926
925
890
992
975
986
918
889
912
887
943
949
990
943
787
843
874
940
891
742
656
601
650
679
722
670
498
393
367
505
600
490
375
238
343
421
512
513
347
235
175
241
365
421
358
267
202
215
254
196
122
70
-87
-119
-188
-259
-329
-369
-440
-569
-686
-718
-691
-720
-748
-782
-853
-977
-1044
-1054
-918
-901
-1047
-1187
-1225
-1105
-989
-939
-1046
-1178
-1187
-1126
-1091
-1063
-1082
-1026
-1009
-1023
-901
-815
-748
-731
-768
-649
-616
-646
-653
-649
-501
-474
-453
-426
-457
-443
-469
-338
-177
-202
-406
-501
-312
-137
-34
-162
-223
-274
-364
-325
-295
-145
-187
-280
-305
-327
-132
-82
-47
-3
-108
-59
-6
156
397
360
351
289
367
617
722
781
790
819
822
868
969
955
976
913
1001
1081
1036
1004
928
887
897
873
837
913
833
699
681
651
654
652
543
618
539
439
436
307
321
223
133
166
80
115
171
228
312
247
241
207
328
378
322
300
286
398
444
477
427
327
274
257
273
207
112
67
3
23
-11
-66
-76
-158
-268
-381
-412
-387
-443
-575
-663
-654
-663
-761
-785
-706
-653
-693
-698
-609
-559
-549
-543
-482
-410
-449
-493
-531
-471
-405
-454
-513
-571
-535
-583
-628
-685
-722
-687
-719
-746
-793
-809
-806
-793
-748
-680
-616
-626
-701
-680
-675
-553
-491
-470
-476
-452
-370
-345
-215
-184
-41
-15
-60
-17
30
106
227
254
333
432
430
518
545
604
622
679
770
806
737
711
762
859
886
831
769
740
747
675
679
599
513
476
418
461
436
315
260
147
167
221
264
237
138
147
162
155
163
186
256
290
295
336
420
530
536
638
708
793
880
851
929
1029
1074
1164
1192
1194
1193
1070
1007
962
1009
978
893
794
669
578
439
338
284
195
107
70
2
-105
-207
-226
-228
-308
-432
-456
-484
-536
-561
-534
-491
-503
-570
-591
-514
-494
-519
-471
-349
-296
-327
-347
-218
-84
-73
-62
27
9
-68
-54
62
179
80
-140
-289
-237
-188
-177
-241
-390
-538
-626
-683
-662
-620
-722
-848
-953
-1011
-973
-876
-783
-792
-862
-938
-881
-742
-644
-557
-592
-630
-585
-596
-404
-260
-224
-164
-151
-74
89
119
218
230
336
399
402
523
491
544
529
523
532
450
514
601
554
541
420
459
457
384
250
75
41
43
97
10
-88
-151
-181
-186
-173
-74
-88
-83
-102
-20
113
207
286
352
393
410
450
570
677
761
792
776
838
926
1111
1225
1191
1112
1014
1036
1128
1146
1115
1008
897
799
753
774
826
766
637
515
465
414
369
312
264
204
98
105
118
65
-33
-21
52
30
-90
-242
-306
-278
-267
-334
-392
-512
-608
-628
-593
-497
-506
-587
-665
-644
-604
-622
-647
-664
-621
-606
-625
-642
-672
-614
-566
-543
-536
-567
-587
-578
-617
-565
-510
-500
-554
-682
-632
-648
-676
-691
-701
-685
-734
-754
-738
-669
-605
-561
-534
-478
-361
-319
-296
-144
-123
-73
-3
52
201
244
246
267
293
390
454
506
500
516
475
439
443
405
499
472
354
274
231
322
345
301
268
185
190
205
271
287
283
296
276
289
287
333
440
472
472
405
421
503
468
536
585
571
521
442
534
644
676
608
605
683
698
701
686
687
648
606
600
636
634
600
574
604
665
678
655
635
611
539
438
458
534
533
435
306
282
302
242
142
87
-27
-109
-134
-142
-108
-185
-319
-422
-473
-488
-537
-602
-592
-585
-600
-669
-734
-768
-816
-824
-805
-767
-802
-930
-975
-943
-917
-847
-935
-992
-1012
-1016
-999
-967
-900
-786
-761
-822
-822
-707
-615
-576
-561
-497
-442
-368
-336
-302
-200
-281
-286
-310
-232
-169
-261
-313
-261
-205
-202
-222
-244
-203
-223
-223
-136
-97
-133
-91
-66
10
64
79
98
138
92
116
211
307
496
508
477
488
527
639
730
797
771
737
693
712
850
923
951
897
815
796
777
778
796
812
841
810
805
777
765
795
801
787
749
703
705
725
705
648
612
540
477
441
368
324
278
219
184
108
57
-24
-56
-103
-120
-121
-158
-170
-184
-189
-197
-194
-165
-126
-164
-225
-238
-177
-169
-187
-168
-140
-117
-159
-280
-303
-273
-271
-310
-389
-418
-445
-511
-572
-533
-430
-458
-535
-600
-641
-586
-572
-574
-590
-598
-631
-752
-805
-816
-774
-752
-796
-784
-825
-849
-806
-760
-652
-636
-698
-771
-816
-720
-624
-545
-493
-565
-571
-593
-540
-402
-303
-269
-286
-231
-117
-99
-81
-31
15
64
15
68
129
185
257
256
290
322
332
339
380
458
506
524
523
536
594
596
621
612
593
601
528
521
532
499
457
329
345
384
327
296
217
220
244
219
211
201
185
174
133
142
156
116
88
86
107
119
69
36
49
51
38
15
-54
-87
-67
-91
-111
-88
-151
-189
-270
-312
-220
-218
-242
-237
-241
-192
-208
-326
-355
-366
-386
-417
-415
-396
-464
-558
-668
-676
-645
-679
-708
-716
-662
-622
-575
-524
-503
-412
-354
-293
-251
-210
-144
-113
-66
1
12
-53
-71
-45
32
110
88
23
21
56
131
136
96
61
0
-71
-125
-137
-163
-251
-363
-412
-450
-529
-586
-642
-657
-681
-724
-739
-730
-702
-655
-638
-612
-564
-507
-405
-298
-212
-121
-74
-6
141
290
446
505
571
675
787
884
932
970
1028
1068
1124
1179
1162
1089
1000
925
923
949
902
861
779
659
544
417
388
370
281
146
-34
-170
-215
-211
-256
-285
-362
-458
-533
-616
-578
-476
-493
-510
-594
-625
-555
-542
-438
-377
-389
-368
-377
-353
-228
-150
-152
-125
-104
-54
-24
0
98
195
236
257
267
288
311
339
361
344
251
167
148
140
130
83
17
-61
-176
-190
-228
-276
-318
-410
-466
-501
-541
-569
-557
-566
-600
-608
-608
-545
-529
-555
-511
-488
-496
-495
-441
-338
-277
-274
-275
-214
-129
-98
-74
-27
35
82
72
84
135
189
201
196
150
144
214
245
235
165
111
128
105
110
136
162
168
102
38
6
50
42
-13
-57
-90
-129
-213
-215
-173
-213
-233
-248
-255
-231
-290
-303
-235
-217
-233
-314
-298
-248
-239
-170
-113
-31
-2
-72
-66
-7
74
137
119
81
19
36
109
201
263
241
213
203
251
295
321
318
283
261
209
178
221
262
218
135
87
84
78
46
20
10
-64
-152
-192
-168
-114
-101
-122
-152
-156
-141
-112
-61
-44
-60
-118
-174
-141
-89
-30
-52
-85
-102
-170
-187
-171
-103
-36
-33
-102
-100
-82
-99
-134
-186
-171
-146
-180
-136
-55
-27
5
22
24
32
-15
-32
110
216
173
107
80
104
106
57
73
138
72
-70
-125
-86
-75
-89
-147
-154
-129
-182
-217
-174
-120
-127
-190
-236
-227
-238
-229
-201
-159
-183
-236
-229
-178
-143
-124
-142
-129
-111
-194
-201
-141
-64
-31
-115
-166
-141
-97
-13
72
128
164
138
106
187
354
400
406
386
380
449
453
499
517
514
487
475
512
532
534
523
498
450
366
303
295
256
233
167
107
84
71
59
8
-4
12
17
16
69
91
74
42
24
40
50
57
82
114
108
93
28
23
65
105
121
121
117
69
69
94
119
189
173
99
57
34
59
100
91
21
-49
-94
-87
-52
-21
-49
-97
-136
-130
-104
-105
-99
-124
-169
-242
-302
-345
-270
-182
-212
-256
-300
-283
-257
-248
-209
-181
-196
-216
-262
-265
-236
-231
-200
-156
-146
-190
-192
-166
-111
-79
-116
-120
-104
-121
-141
-149
-134
-135
-189
-183
-163
-147
-156
-155
-90
-47
-41
-31
-62
-1
94
120
171
196
214
235
274
329
388
378
310
275
283
326
352
350
303
219
145
141
231
278
228
168
128
132
132
138
165
179
147
104
98
124
180
215
194
127
64
43
92
161
176
134
62
36
43
50
97
146
91
0
-32
-25
27
86
108
95
82
91
133
189
204
182
149
104
87
75
111
140
140
161
191
183
129
99
54
28
21
-24
-50
-61
-74
-83
-102
-132
-155
-178
-176
-162
-145
-149
-145
-148
-164
-162
-154
-141
-134
-128
-145
-176
-198
-161
-133
-134
-123
-133
-57
-38
-25
-21
24
119
174
176
127
132
179
223
240
208
173
198
227
231
230
257
285
264
180
157
197
173
143
114
85
33
-22
-41
-65
-37
-29
-63
-75
-96
-100
-109
-73
-15
-12
-9
-3
8
43
119
171
223
281
295
312
322
345
446
490
464
488
518
540
587
589
597
635
580
500
458
464
464
445
425
405
379
349
343
353
292
228
196
172
200
157
80
63
64
49
46
30
-5
0
-27
-25
-13
-53
-50
-33
-9
6
4
-54
-70
-48
-82
-96
-113
-169
-155
-127
-128
-108
-141
-161
-161
-165
-163
-127
-88
-46
-48
-114
-137
-156
-146
-87
-127
-162
-167
-171
-156
-144
-96
-108
-184
-237
-199
-134
-80
-9
-4
-43
-43
-43
-2
53
41
21
16
62
100
74
52
43
35
15
12
27
58
38
-11
-56
-80
-47
-59
-68
-44
-15
-40
-112
-106
-102
-104
-103
-92
-43
-48
-59
-68
-11
-9
-50
-84
-60
11
56
87
126
185
181
177
199
186
191
207
195
190
176
171
179
218
217
185
175
148
112
69
29
20
-22
-29
-22
-61
-72
-78
-43
6
19
-13
-49
-45
-35
-30
-15
40
44
-4
-4
42
114
164
144
102
81
58
86
135
180
179
175
153
128
176
219
253
247
234
254
271
223
197
184
179
189
155
105
97
128
149
143
107
59
31
34
50
35
36
65
90
82
32
16
32
37
-16
-54
-92
-93
-76
-72
-51
-38
-39
-57
-84
-109
-74
-57
-129
-236
-260
-261
-260
-255
-234
-231
-254
-309
-348
-300
-269
-260
-250
-212
-187
-173
-128
-99
-49
4
6
7
53
115
151
196
202
179
170
223
306
373
345
285
223
206
254
279
320
339
303
274
232
207
229
224
176
143
125
99
94
81
94
94
82
72
86
68
95
115
116
178
210
215
196
171
151
202
283
296
300
279
268
298
281
276
300
299
282
279
290
266
194
126
74
27
-37
-75
-95
-106
-81
-90
-63
-27
-47
-95
-103
-87
-87
-84
-65
-64
-40
-6
2
-30
-39
-85
-137
-152
-145
-172
-252
-274
-309
-313
-368
-401
-426
-428
-427
-492
-512
-540
-548
-529
-513
-474
-470
-454
-391
-306
-236
-237
-246
-226
-198
-187
-144
-79
-21
-37
-75
-73
14
55
22
-12
-22
-21
-19
-23
-39
-76
-105
-120
-123
-131
-166
-170
-197
-206
-228
-269
-292
-316
-302
-272
-286
-295
-263
-267
-296
-305
-295
-264
-221
-188
-163
-132
-115
-80
-36
42
97
92
58
92
145
220
275
261
280
292
264
243
202
143
152
191
194
180
137
97
101
102
84
30
-36
-55
-55
-60
-69
-86
-113
-162
-138
-147
-176
-145
-112
-105
-70
-24
1
20
-15
14
65
105
100
27
36
74
104
100
76
29
49
59
18
6
-21
-13
-16
-45
-88
-67
-20
-11
21
15
-25
-83
-130
-114
-82
-90
-107
-115
-150
-162
-182
-175
-134
-151
-190
-229
-250
-253
-258
-242
-218
-215
-266
-263
-236
-194
-173
-170
-144
-119
-96
-139
-164
-129
-90
-81
-65
-29
-2
24
25
35
51
14
3
-2
62
109
121
125
120
111
113
145
168
178
150
145
199
252
275
277
301
319
289
268
277
262
245
268
251
225
193
170
202
232
238
260
216
161
126
156
192
158
131
76
27
30
47
69
57
-12
-58
-73
-85
-70
-66
-69
-86
-117
-142
-161
-164
-172
-200
-207
-216
-219
-189
-163
-154
-136
-166
-175
-155
-154
-106
-53
-22
-4
-30
-80
-81
-91
-72
-52
-32
-14
-15
-9
20
71
109
125
111
94
60
89
111
96
111
66
30
-14
-70
-62
-47
-87
-96
-117
-101
-69
-112
-114
-98
-80
-32
2
36
64
54
38
57
102
92
101
116
104
89
89
124
97
61
26
60
116
124
91
72
117
136
144
130
104
63
67
67
97
108
106
69
33
9
-12
-34
-103
-125
-116
-115
-116
-129
-151
-163
-184
-197
-173
-178
-204
-176
-182
-175
-139
-130
-91
-57
-103
-124
-108
-93
-80
-89
-66
-91
-119
-102
-68
-5
23
60
78
41
12
-6
6
29
41
36
2
-14
-49
-69
-80
-105
-93
-80
-106
-128
-158
-178
-176
-152
-141
-172
-206
-250
-258
-234
-213
-227
-247
-211
-182
-176
-160
-162
-140
-104
-78
-37
8
12
-9
-23
-38
-15
11
15
27
-1
-36
-66
-49
-10
-39
-90
-97
-107
-120
-103
-89
-59
-86
-141
-125
-76
-50
-25
-30
-56
-3
21
41
66
73
83
42
84
135
171
201
200
230
185
170
156
136
148
157
159
162
121
55
-11
-44
-61
-58
-53
-92
-95
-107
-104
-107
-115
-140
-170
-195
-232
-195
-158
-177
-203
-225
-184
-135
-144
-156
-165
-151
-81
-28
0
42
36
45
52
34
32
27
58
116
162
141
112
103
90
113
124
141
149
123
121
130
146
138
104
57
67
57
35
79
89
78
68
66
77
55
39
80
111
113
79
53
18
-6
44
90
134
202
224
233
263
287
350
381
370
347
330
309
288
257
205
185
142
118
125
124
137
102
90
96
107
106
107
118
103
66
50
36
43
44
43
67
86
50
0
9
29
-1
-42
-32
-13
-21
-50
-26
11
27
8
2
46
64
72
67
67
100
62
37
82
59
45
19
22
67
75
72
68
70
77
106
106
107
131
139
146
127
110
110
41
2
-9
0
20
-23
23
59
78
36
-7
-28
-47
-62
-73
-39
-47
-81
-63
-37
-49
-77
-117
-109
-79
-45
-10
63
103
98
54
-3
-56
-72
-50
-8
31
10
-4
-34
-20
4
4
39
49
48
69
92
109
65
4
-8
-46
-57
-14
2
28
27
35
32
28
17
12
48
64
70
49
37
41
11
-26
-72
-140
-163
-168
-172
-155
-130
-105
-95
-98
-107
-90
-97
-91
-38
-1
30
28
-17
-50
-39
-36
-56
-79
-82
-72
-112
-141
-141
-179
-208
-228
-228
-219
-207
-186
-149
-129
-135
-160
-183
-184
-196
-162
-141
-103
-48
-22
4
25
36
84
144
172
214
236
289
315
290
248
208
200
200
203
227
227
217
179
147
138
87
19
-20
-12
12
-1
-11
19
11
-1
4
19
33
10
18
47
95
127
127
138
163
185
209
210
189
229
288
340
384
370
351
320
305
303
297
314
316
302
278
282
264
242
232
220
193
189
156
139
145
144
101
47
18
-5
-22
-37
-27
-26
-45
-48
-43
-41
-46
-43
-48
-80
-100
-112
-104
-77
-93
-119
-133
-148
-132
-65
-8
-16
-21
-17
-2
17
18
47
78
99
88
83
88
123
143
122
111
65
34
-9
3
40
14
-7
-30
-34
-52
-60
-67
-47
-20
0
14
-5
-46
-114
-169
-172
-170
-143
-145
-167
-198
-178
-154
-107
-82
-94
-71
-115
-93
-51
-9
23
1
12
62
92
115
164
214
238
198
155
123
94
79
72
36
-9
-8
10
9
-9
-26
-38
-43
-63
-66
-54
-69
-95
-80
-61
-51
-75
-117
-105
-63
-47
-39
-33
-5
0
5
-2
11
42
54
106
119
107
95
58
76
96
81
108
131
143
120
57
61
27
-2
-15
-29
-26
-46
-21
15
-4
-31
-67
-120
-151
-172
-151
-155
-222
-273
-295
-310
-335
-327
-348
-415
-403
-353
-276
-217
-216
-213
-224
-233
-226
-219
-217
-224
-215
-192
-183
-166
-163
-168
-170
-198
-159
-96
-20
21
15
16
-6
4
26
33
52
76
61
8
-24
-30
-68
-106
-127
-148
-145
-139
-146
-146
-158
-158
-159
-168
-223
-271
-264
-271
-236
-245
-298
-319
-343
-350
-322
-317
-304
-283
-305
-274
-259
-260
-207
-182
-156
-118
-96
-44
5
41
68
72
46
28
44
85
141
180
173
154
137
93
98
72
57
89
89
93
85
36
-10
-45
-85
-100
-111
-129
-136
-129
-127
-116
-126
-150
-150
-172
-166
-157
-133
-69
-35
-4
7
15
7
18
76
103
110
106
151
232
275
249
217
197
180
182
176
216
212
156
135
119
104
105
121
128
102
64
29
10
-15
-30
-87
-154
-139
-119
-120
-110
-56
-50
-47
32
63
40
22
-2
50
70
38
21
-15
-10
-2
13
21
66
61
53
69
75
106
123
87
56
35
-15
3
3
40
55
35
30
38
56
75
77
84
80
75
96
87
55
23
10
2
-23
-54
-65
-81
-89
-89
-93
-106
-147
-184
-211
-174
-127
-63
-69
-100
-62
-38
-7
1
2
7
34
8
-33
-62
-100
-128
-159
-169
-140
-102
-93
-80
-62
-53
-45
-48
-30
7
-11
-33
-15
-11
-21
-82
-139
-147
-142
-150
-145
-140
-165
-191
-221
-219
-202
-208
-212
-215
-228
-238
-236
-181
-166
-141
-125
-116
-107
-108
-89
-100
-66
-54
-50
-32
-26
-47
-90
-81
-70
-48
8
21
3
21
60
51
1
-38
-77
-97
-86
-74
-59
-39
-89
-115
-149
-189
-200
-232
-227
-217
-199
-164
-138
-154
-174
-205
-220
-195
-156
-120
-83
-85
-99
-117
-143
-159
-141
-113
-109
-87
-78
-43
-32
-66
-90
-101
-128
-102
-98
-96
-65
-79
-87
-90
-106
-140
-156
-138
-112
-83
-89
-103
-57
-28
28
73
90
85
68
90
125
140
126
103
97
102
103
127
141
127
118
97
82
56
38
38
41
59
77
44
12
-33
-36
-23
-11
7
1
-26
-66
-68
-44
-14
-16
-49
-52
-36
-34
-3
1
29
35
15
6
20
5
-2
-10
-15
-10
24
55
60
35
-30
-30
-8
7
1
-10
-13
-24
-49
-55
-47
-50
-55
-71
-64
-52
-48
-26
-26
-11
-1
-7
-36
-74
-51
-6
21
41
64
92
118
124
133
140
187
219
214
224
203
216
235
275
284
264
245
212
182
135
142
136
123
129
136
118
124
145
128
125
156
220
269
245
218
214
211
231
245
247
260
261
232
208
188
203
191
156
147
138
145
168
197
188
201
184
181
179
151
169
182
176
