27
48
36
12
14
9
19
30
50
28
14
53
61
60
67
77
23
-5
3
-2
1
-1
0
0
1
0
0
0
0
0
0
0
1
0
0
0
0
0
0
0
0
0
0
0
0
0
0
0
0
0
0
0
0
0
-1
0
0
0
0
0
0
0
0
0
0
0
0
0
1
0
0
0
0
0
0
0
1
0
0
0
1
1
0
0
0
-1
1
1
0
0
0
0
0
0
0
1
0
0
0
1
0
0
0
0
0
-1
0
0
0
0
0
0
0
0
0
0
-1
-1
-1
0
0
0
0
-1
0
0
0
0
0
0
0
0
0
1
0
1
0
0
0
0
0
0
1
-1
0
1
-1
0
0
0
0
0
0
0
-1
0
0
0
-1
0
-1
1
0
1
-1
0
-1
0
0
0
1
-1
2
-4
6
-12
109
174
164
174
219
225
164
200
207
225
182
140
145
98
44
-8
-38
-28
-26
-24
-20
5
16
15
14
21
44
60
65
60
79
97
121
161
165
156
125
141
178
183
187
218
247
265
285
275
250
215
211
185
153
148
155
170
167
144
132
126
141
172
159
122
101
92
84
82
93
123
150
150
146
105
98
95
82
56
17
22
31
11
2
17
5
-1
3
9
-1
-6
-12
-13
-18
-13
-4
-2
9
5
-4
-7
0
9
17
2
-9
-1
4
9
1
0
0
4
5
7
12
5
-2
-8
4
4
12
5
2
11
3
2
0
-2
-2
-11
-9
1
5
5
2
-2
-1
-11
-5
-2
7
10
-6
1
-3
5
6
-5
2
9
8
13
0
7
9
6
9
-4
3
4
6
0
1
-1
3
5
-3
-1
-14
-13
5
7
6
7
0
-7
-6
1
1
-8
-11
-3
-6
-8
-2
9
14
14
8
4
1
2
1
9
13
8
19
9
-3
1
12
7
2
-16
-13
-5
5
6
1
9
1
2
-2
-6
-7
-3
-3
-9
6
10
11
9
-1
-7
-10
-4
-4
3
-5
-9
1
12
11
8
3
7
4
-12
-15
2
8
11
7
-5
-3
-3
-4
5
7
-1
-16
-7
-9
-9
-2
-11
-1
4
0
-3
-8
-8
-12
-15
-12
-8
-3
8
10
0
0
6
2
4
1
-3
-2
-2
3
20
6
-5
5
-8
4
5
10
9
-13
-8
-4
1
9
8
-4
-7
-3
-12
-9
-9
-9
4
3
10
1
-1
5
9
1
-8
-2
8
-4
-2
0
1
-6
7
6
-2
8
-12
1
-1
6
15
5
-3
5
5
4
10
-6
-14
-2
4
1
1
-4
1
-4
2
-2
-1
-14
-7
4
2
10
-3
-11
-7
-3
-5
-6
-4
10
5
-4
-1
5
9
4
5
-5
-12
-7
-4
-1
13
-3
6
9
1
8
8
2
-12
-1
-3
-2
2
4
10
-1
-2
14
8
10
-6
-16
-16
-18
-12
-14
4
1
0
3
-16
4
8
-4
-8
3
3
0
2
-1
6
4
-2
-9
-11
-5
-3
5
6
2
-1
1
13
9
5
5
-2
-9
-10
-9
0
5
-4
-6
-2
-10
-8
-1
-15
-2
3
-8
1
-8
1
8
-4
-6
-9
-15
-13
-9
-15
-4
-5
4
2
-10
-18
-8
11
6
-1
-2
-1
2
11
-4
-1
4
19
20
-1
20
23
22
33
0
-8
-5
-1
5
9
15
-7
-3
12
-3
-20
-24
-11
1
-12
-16
-7
-3
25
25
21
11
14
26
-6
-41
-42
-22
-6
3
-4
-5
3
12
21
19
-8
8
19
0
-4
-12
4
29
19
26
25
15
5
2
-4
-27
-29
-41
-33
3
15
24
9
-16
-4
-1
9
13
-13
-26
-11
-5
-1
-5
-15
-31
-8
12
-4
14
-16
2
6
3
26
15
20
10
-18
-23
-36
-24
7
-6
-9
23
42
57
7
11
17
-24
-3
-35
-21
9
-20
14
40
71
87
36
-11
13
13
5
25
15
11
14
39
31
14
17
0
8
-20
-15
-8
-41
-25
-12
-2
9
-9
-31
-28
-15
-17
-3
-14
-14
2
25
29
37
46
20
31
17
7
10
1
8
17
40
23
5
-13
-4
18
14
10
-13
-21
20
44
9
5
-1
-15
-50
-61
-43
-6
-5
-12
-10
-19
-11
-18
-15
6
18
9
-2
3
23
29
43
43
37
33
23
3
2
-22
-11
21
28
40
6
12
14
3
-1
-4
10
9
2
-10
-12
3
-3
1
-1
-24
-8
-17
-16
-4
1
5
23
22
17
32
-2
-32
-11
-15
-4
10
-9
-3
-18
-12
10
14
13
23
4
-26
-24
-35
-27
-20
-29
-32
-12
15
2
-7
-5
-5
-18
-59
-67
-24
-6
14
20
13
30
31
9
-3
-17
4
14
21
12
-15
16
26
33
13
2
-3
-33
-41
-17
-9
-18
-31
-33
-39
-51
-77
-48
-20
-20
-3
-13
-35
-24
-10
-37
-8
-9
-19
-18
-47
-30
-4
3
-7
-1
12
18
4
-3
-36
-62
-45
-21
23
36
24
30
20
7
-12
-36
-59
-35
-39
-65
-49
-18
-15
-3
-15
-23
-17
-34
-37
-5
20
-10
-22
-30
-17
-6
-24
-33
-9
-10
18
32
16
39
38
22
12
-19
-47
-30
-15
-2
-8
-5
15
-12
-26
-6
4
14
6
-11
-26
-21
-24
-49
-40
-2
-4
13
20
19
17
-30
-44
-17
-22
-10
8
0
28
29
19
29
0
-11
-30
-22
3
14
21
24
24
9
-12
-46
-56
-42
-12
24
17
-9
5
8
13
18
7
-27
-53
-39
9
17
-2
-18
-17
-2
-13
-23
-23
-22
-14
3
14
25
46
56
49
48
62
50
-4
-32
-31
-25
2
20
13
9
28
26
7
-4
0
10
3
-4
-39
-60
-49
-36
-6
3
4
-19
-23
-4
-5
8
33
37
49
65
56
61
61
32
22
23
1
14
43
42
48
33
5
4
28
22
-18
-12
-3
12
5
-13
-5
1
12
19
31
43
55
56
36
24
29
33
60
67
80
85
80
40
-2
-11
-12
11
15
5
-16
-31
-20
-32
-60
-50
-45
-35
-30
-36
-8
54
53
60
76
64
64
54
45
61
84
91
98
87
86
77
78
64
66
80
71
44
45
61
67
84
61
43
-3
-48
-46
-56
-64
-84
-60
-38
-20
-7
-35
3
-8
-32
-33
-77
-89
-79
-59
-63
-48
-36
-17
13
18
12
7
14
20
66
70
45
70
50
37
78
80
82
47
2
15
-4
-28
-17
-18
-40
-88
-103
-95
-78
-63
-72
-97
-93
-119
-106
-66
-73
-57
-72
-99
-119
-115
-96
-60
-14
2
16
-9
-1
20
39
60
85
83
74
78
53
66
82
80
66
38
28
34
32
19
10
9
41
68
53
49
44
46
58
50
39
26
13
-4
0
-15
-43
-40
-49
-58
-96
-78
-102
-109
-78
-74
-66
-60
-68
-82
-86
-82
-56
-48
-65
-81
-88
-85
-73
-81
-57
-11
-13
6
11
20
26
17
11
13
23
-13
3
12
12
19
29
-7
-2
-14
-31
7
3
-10
-5
-12
-25
-27
-38
-32
-45
-63
-101
-105
-76
-57
-53
-67
-83
-84
-88
-85
-78
-87
-108
-95
-48
-18
10
27
27
39
46
59
42
27
28
21
33
66
84
105
135
133
118
52
26
38
34
31
13
4
23
26
7
7
8
17
-37
-75
-98
-118
-135
-120
-106
-109
-99
-98
-98
-108
-100
-97
-108
-132
-147
-130
-124
-119
-124
-103
-52
-13
9
29
25
24
18
-14
-15
-26
-21
-15
28
82
95
105
65
60
70
39
21
-24
-45
6
47
44
11
-4
-5
-6
-2
-25
-20
8
11
29
48
73
113
103
74
70
50
33
58
58
43
35
40
52
39
40
62
62
84
76
41
35
46
71
76
83
65
53
53
72
78
75
85
55
60
33
39
86
47
41
64
84
81
56
62
15
-12
-17
-31
-36
-66
-80
-99
-99
-92
-95
-98
-66
-63
-54
-48
-12
1
31
29
27
50
48
38
57
58
32
48
19
20
24
44
68
121
106
75
62
-4
-23
-3
31
43
33
-6
-24
-52
-47
-15
-14
2
-6
1
-12
-21
-7
15
28
34
37
0
-1
26
53
110
142
136
120
91
69
57
36
34
47
76
118
153
173
159
147
173
188
137
71
24
26
11
18
44
43
14
16
6
-27
-68
-94
-79
-39
-47
-81
-100
-103
-89
-117
-164
-189
-188
-204
-190
-146
-131
-104
-115
-110
-80
-33
34
81
85
84
98
112
129
113
106
100
97
80
42
27
16
35
24
20
24
4
-31
-46
-73
-72
-52
-21
-4
-1
5
4
8
8
49
61
76
82
71
72
78
91
95
79
55
57
43
28
48
47
58
61
28
29
41
27
5
-49
-100
-97
-96
-59
-36
-32
-28
-39
-46
-43
-72
-81
-55
-33
-30
-39
-25
-43
-59
-45
-58
-28
-35
-47
-43
-48
-62
-71
-94
-74
-47
-44
-15
1
-6
-8
27
39
16
-46
-74
-50
-39
-45
-53
-33
-43
-49
-33
-44
-46
-39
-27
-18
-29
-45
-26
5
-29
-58
-61
-60
-49
-58
-58
-33
-40
-43
-31
-33
-22
-36
-80
-79
-52
-39
-44
-28
-12
5
18
26
-1
-21
-24
-22
-13
-61
-94
-77
-47
-37
-49
-51
-31
-27
1
46
80
83
62
49
37
54
54
81
112
107
104
117
110
124
124
154
224
219
167
152
134
126
107
64
55
50
39
52
71
73
49
58
78
63
53
48
33
21
21
10
3
-23
-69
-77
-79
-59
-85
-78
-63
-23
-1
-27
-39
-63
-55
-73
-83
-109
-129
-125
-103
-79
-77
-94
-129
-144
-161
-205
-241
-267
-267
-282
-262
-218
-220
-200
-199
-210
-216
-185
-169
-175
-157
-137
-104
-90
-82
-87
-55
-29
-20
-27
-18
17
37
-2
-37
-39
-17
12
2
4
-3
-27
-18
10
12
-6
-34
-55
-74
-73
-94
-75
-52
-83
-105
-129
-103
-55
-26
-47
-101
-140
-151
-132
-127
-119
-95
-74
-42
-37
-49
-47
-42
-26
-24
-8
-16
-18
25
32
9
18
-19
-57
-78
-76
-44
-9
-17
-43
-59
-75
-58
-49
-44
-49
-61
-38
17
69
79
61
36
48
38
41
43
47
41
19
-13
-38
-28
-52
-62
-42
-27
-27
-36
-16
-1
24
37
32
22
5
33
72
104
138
145
129
133
126
162
200
199
220
202
202
224
239
220
187
186
188
165
157
158
128
118
141
148
151
145
149
107
87
75
63
95
57
48
80
80
81
92
39
49
43
35
68
78
67
88
100
62
76
94
107
123
148
157
184
172
170
156
132
136
123
161
155
152
140
134
121
126
126
126
147
116
99
77
97
120
115
138
163
172
174
194
203
183
200
147
92
70
89
128
140
135
112
106
121
135
133
137
171
222
231
245
242
263
284
283
274
257
245
196
182
217
218
184
154
116
129
96
86
104
116
139
110
75
85
102
123
132
97
74
75
61
28
-16
-40
-57
-44
-3
6
-21
-44
-24
19
48
38
28
-7
-3
-11
-71
-77
-56
-66
-64
-59
-70
-72
-80
-116
-130
-113
-94
-75
-75
-78
-66
-42
-43
-59
-91
-95
-23
-30
-6
18
2
58
69
81
68
55
20
3
14
-3
-19
-61
-81
-78
-105
-111
-115
-135
-135
-119
-107
-113
-142
-139
-134
-158
-157
-144
-124
-89
-73
-85
-82
-77
-84
-78
-90
-133
-98
-86
-122
-160
-203
-200
-190
-216
-264
-274
-277
-277
-271
-312
-360
-371
-394
-414
-421
-459
-464
-473
-472
-449
-450
-445
-442
-462
-481
-475
-462
-436
-437
-445
-453
-441
-418
-417
-372
-333
-302
-296
-308
-294
-273
-222
-195
-192
-160
-164
-188
-203
-183
-156
-176
-197
-202
-226
-219
-205
-211
-166
-145
-138
-129
-141
-157
-171
-192
-185
-166
-180
-174
-189
-215
-206
-199
-214
-191
-152
-120
-100
-86
-88
-96
-106
-120
-110
-116
-147
-154
-136
-126
-144
-142
-127
-115
-100
-91
-85
-66
-48
-21
20
17
5
-14
-15
-12
22
44
20
17
27
50
56
63
72
75
80
127
156
151
149
86
51
48
75
103
104
85
83
83
75
77
58
49
29
37
10
-24
7
5
21
47
26
29
44
55
44
6
-12
12
46
28
22
35
39
64
93
72
89
104
128
159
152
138
123
100
58
22
1
-1
26
47
58
36
-2
12
8
20
23
-8
-10
25
29
24
47
84
113
133
123
117
148
172
192
198
225
240
236
224
260
252
236
238
229
231
247
255
245
239
214
212
224
220
230
251
267
267
253
188
162
176
149
160
142
119
95
52
30
33
51
66
54
46
4
-43
-30
-1
42
46
48
61
34
45
48
10
20
29
26
30
47
40
38
44
50
78
88
83
51
-8
-31
-43
-40
-23
-38
-40
-31
-53
-72
-69
-72
-77
-53
-34
-12
4
-52
-49
-51
-83
-51
-95
-104
-52
-83
-68
-59
-90
-82
-49
-42
-68
-69
-20
11
35
22
20
9
-37
-27
-46
-37
-48
-69
-60
-47
-53
-96
-120
-111
-116
-109
-125
-139
-111
-93
-101
-77
-40
-1
29
3
2
27
17
35
35
64
75
47
97
105
105
81
54
41
31
59
70
32
23
15
-9
-35
-50
-74
-83
-118
-133
-135
-150
-166
-166
-150
-194
-213
-265
-287
-263
-267
-221
-219
-211
-199
-230
-248
-243
-235
-223
-222
-232
-221
-207
-201
-211
-212
-201
-223
-222
-202
-197
-175
-144
-113
-58
-44
-30
28
36
43
49
60
61
69
74
76
96
101
113
106
61
45
47
48
82
101
139
161
172
198
209
180
119
74
64
45
34
53
83
104
79
78
89
97
129
154
142
156
151
90
90
78
82
74
60
75
73
105
95
57
8
-21
13
29
27
10
37
79
73
107
112
95
67
55
64
61
28
19
8
-34
-46
-44
-27
-39
-50
-48
-69
-93
-82
-82
-80
-73
-106
-120
-114
-73
-68
-93
-76
-39
-1
14
-9
22
42
56
106
120
134
126
132
105
103
119
123
143
128
90
24
16
-8
-21
27
-13
-37
-21
0
23
1
-12
-27
-41
-39
-9
-28
-42
-25
-30
-33
-25
-40
-62
-75
-97
-90
-83
-64
-14
-10
-41
-41
-4
26
58
86
76
77
57
60
98
127
150
144
109
113
133
136
136
103
107
126
120
126
118
89
120
103
93
76
66
85
77
40
-21
-9
-10
-46
-66
-62
-62
-66
-80
-52
-5
12
-4
-33
-65
-41
13
49
68
86
85
80
111
99
82
56
49
64
82
107
122
152
171
196
189
189
199
168
169
143
111
45
-20
-42
-69
-98
-144
-161
-199
-213
-223
-248
-223
-209
-184
-144
-151
-136
-124
-157
-160
-143
-77
-49
-58
-97
-84
-48
-19
26
24
25
42
56
43
48
67
82
59
-7
-26
24
65
63
54
-15
-13
29
35
51
37
43
90
124
128
137
135
145
148
178
204
210
170
123
85
57
40
60
56
59
70
74
119
144
178
219
207
194
183
167
184
180
151
122
108
125
153
164
161
171
192
176
162
147
106
107
68
23
1
-16
0
1
8
-25
-61
-83
-113
-133
-173
-173
-135
-120
-125
-124
-116
-82
-61
-54
-40
-19
36
67
62
81
120
120
110
97
78
73
67
66
88
141
146
119
162
184
201
179
149
148
180
207
206
189
157
166
202
208
211
221
200
221
232
240
254
228
230
213
197
175
189
170
175
204
218
194
155
115
78
68
28
3
-6
-11
4
11
-8
17
42
51
75
88
112
130
159
183
186
161
123
131
140
121
91
69
50
31
25
13
14
-36
-46
-10
-31
-30
-71
-79
-110
-131
-129
-149
-121
-101
-118
-171
-205
-190
-154
-164
-177
-203
-190
-155
-170
-156
-158
-156
-144
-134
-136
-129
-128
-108
-95
-99
-95
-111
-96
-104
-114
-133
-150
-152
-180
-197
-212
-253
-274
-251
-255
-257
-277
-304
-286
-266
-230
-213
-198
-199
-207
-236
-244
-188
-126
-89
-91
-89
-96
-93
-91
-94
-131
-136
-122
-135
-132
-114
-78
-44
-49
-53
-54
-37
-7
1
-37
-61
-68
-64
-57
-73
-109
-110
-90
-108
-77
-44
-38
-10
-4
17
47
50
67
75
71
64
62
90
103
130
95
75
83
91
86
41
33
45
66
65
86
114
116
104
84
48
12
27
22
44
68
79
117
108
81
75
55
34
7
-12
-31
-32
-38
-48
-27
-30
-72
-95
-87
-78
-40
-23
-14
-6
-35
-50
-55
-51
-52
-45
-60
-59
-41
-81
-61
-20
-23
-37
-50
-58
-60
-70
-56
-56
-48
-22
-36
-29
-25
-24
-14
-26
-36
-42
-57
-38
-57
-62
-45
-42
-21
-16
-8
-13
-36
-18
-3
44
64
76
85
60
48
65
21
0
15
2
-29
-46
-59
-40
-2
-5
10
17
29
40
15
-18
6
59
96
84
61
67
96
103
121
155
168
171
168
216
236
230
232
194
193
210
199
172
148
137
128
85
30
17
5
27
58
57
44
44
41
41
30
31
30
45
65
67
66
64
62
48
22
13
31
35
32
26
61
73
66
51
44
23
2
49
68
61
46
42
55
67
64
121
128
112
100
77
97
86
66
14
15
31
49
87
66
65
34
28
18
16
54
80
86
98
108
147
177
185
216
216
241
253
254
261
258
229
176
154
130
128
142
92
36
1
-25
-15
20
-11
-46
-93
-127
-98
-119
-138
-161
-184
-160
-140
-150
-144
-118
-125
-113
-104
-113
-100
-89
-77
-26
-12
2
27
13
14
0
21
26
24
24
64
86
59
36
6
-7
-1
-9
2
10
4
-2
-41
-74
-95
-112
-141
-171
-169
-125
-98
-107
-120
-158
-183
-206
-207
-190
-173
-163
-174
-143
-149
-167
-177
-229
-217
-211
-164
-120
-101
-81
-61
-38
-23
14
41
33
31
28
47
88
84
97
87
60
62
72
60
58
61
24
12
-9
-25
-4
2
-16
-33
-49
-42
-30
-22
-26
-15
-54
-69
-64
-111
-128
-153
-166
-132
-98
-114
-87
-53
-37
-41
-9
3
-29
-34
-44
-49
-56
-49
-22
-35
-34
-30
-24
-6
-24
-37
-42
-56
-64
-48
-40
-65
-119
-134
-136
-151
-153
-130
-116
-124
-107
-109
-127
-96
-82
-84
-88
-96
-77
-30
5
6
-2
-5
-9
6
1
-15
-5
7
42
52
55
49
20
-25
-76
-78
-65
-76
-90
-75
-50
-46
-90
-98
-108
-159
-142
-118
-122
-110
-67
-37
-27
-34
-58
-83
-80
-88
-86
-59
-54
-35
-5
-7
35
67
59
47
35
34
38
-1
-4
18
13
44
62
35
-26
-26
-36
-39
-17
-31
-23
-34
-56
-16
31
37
48
46
39
52
39
3
-9
-21
-31
-22
-26
-17
-21
-31
-54
-51
-61
-36
-22
-10
-3
-13
-40
-88
-114
-126
-97
-108
-132
-165
-157
-123
-98
-44
-1
0
-44
-75
-122
-165
-126
-81
-56
-54
-71
-84
-91
-94
-72
-62
-88
-69
-49
-66
-54
-35
-49
-34
-43
-28
-28
-73
-105
-103
-140
-203
-198
-189
-147
-134
-131
-137
-112
-61
-13
-17
-96
-121
-144
-142
-105
-74
-58
-66
-81
-83
-78
-95
-91
-98
-77
-29
-3
40
61
66
88
117
117
134
105
102
112
93
88
84
91
71
64
46
39
60
67
69
52
19
6
-8
6
36
59
19
-39
-57
-57
-38
-19
-22
-18
5
-3
27
57
53
67
63
54
29
11
-8
-17
-13
-6
-6
-11
12
14
20
12
1
23
54
51
32
31
48
55
22
6
-4
0
-16
-18
30
43
46
36
33
36
62
85
71
39
55
79
103
124
85
57
34
46
65
66
89
91
108
109
110
127
145
139
180
237
279
300
314
333
310
304
282
265
279
287
287
287
277
287
302
308
300
285
290
287
279
294
297
260
220
176
116
67
53
55
60
46
32
51
33
17
-2
-40
-29
-1
29
52
31
33
45
59
67
41
32
46
30
31
21
-33
-47
-28
-37
-36
-6
-3
-17
-56
-59
-70
-65
-75
-98
-88
-104
-141
-188
-220
-214
-205
-193
-143
-117
-120
-85
-85
-62
-32
-51
-77
-112
-119
-96
-65
-42
-51
-50
-63
-48
-38
-60
-24
-56
-85
-68
-99
-97
-89
-104
-94
-111
-111
-104
-78
-62
-75
-66
-59
-71
-85
-85
-74
-64
-95
-105
-89
-93
-94
-119
-125
-115
-93
-101
-88
-64
-63
-66
-62
-33
-8
8
-23
-65
-78
-59
-32
-38
-35
-28
-9
8
-4
10
46
70
85
97
121
118
106
105
73
48
11
-17
-44
-106
-129
-147
-149
-141
-158
-175
-135
-62
-55
-34
-53
-40
-1
17
4
-6
-47
-80
-54
-29
-17
-12
-22
-34
-24
0
-17
15
46
22
22
3
-27
-52
-71
-85
-78
-92
-122
-143
-152
-179
-178
-162
-169
-161
-167
-159
-155
-148
-130
-132
-140
-136
-140
-145
-156
-176
-225
-222
-210
-216
-227
-212
-175
-154
-121
-84
-77
-70
-38
-28
-47
-26
-43
-78
-90
-120
-107
-82
-62
-55
-52
-29
13
27
28
43
57
63
70
86
104
145
171
186
183
126
123
144
135
130
139
171
186
185
208
207
194
197
209
226
207
163
116
113
135
140
143
135
101
103
135
130
143
150
122
111
114
141
127
87
38
7
4
11
20
51
72
61
89
103
149
193
204
179
135
99
109
147
133
100
39
14
-17
17
37
2
-2
4
53
113
159
158
124
98
108
156
203
204
165
130
105
124
125
113
109
77
80
72
90
117
120
117
88
70
71
106
99
88
63
14
-2
3
5
1
-7
-2
44
47
72
81
78
61
33
71
126
132
112
44
10
3
4
44
54
10
-31
-31
-72
-80
-29
9
-7
-28
-35
-15
-2
-35
-67
-107
-143
-156
-123
-77
-38
-43
-53
-54
-80
-80
-77
-92
-117
-112
-119
-71
-25
-10
-17
-64
-94
-113
-116
-112
-106
-103
-94
-91
-48
12
59
43
8
0
35
48
23
22
9
-25
-52
-72
-98
-98
-106
-150
-145
-116
-96
-91
-98
-61
-54
-57
-33
-34
-51
-85
-94
-95
-92
-96
-96
-104
-129
-170
-164
-140
-133
-92
-75
-97
-140
-150
-100
-89
-85
-97
-90
-70
-96
-106
-103
-103
-131
-166
-171
-134
-78
-48
-8
35
80
116
165
185
173
165
155
142
103
87
91
94
37
20
44
31
-11
-21
-12
25
67
63
44
45
67
70
104
125
145
145
112
105
113
112
121
115
124
147
175
193
209
173
101
81
60
61
82
38
4
11
-8
-12
0
7
22
5
26
44
52
76
68
42
26
18
21
44
23
27
27
35
60
50
48
24
-1
-28
-36
-50
-71
-44
-35
-27
-39
-59
-82
-75
-46
-41
-55
-76
-87
-61
-58
-66
-35
-7
27
37
31
45
53
90
132
153
144
122
105
96
117
112
76
68
72
96
127
145
154
156
139
141
135
112
136
161
145
106
72
61
75
72
71
50
68
65
70
33
5
26
55
56
-2
-26
-59
-51
-58
-55
-1
38
75
60
46
61
99
137
131
129
114
89
80
42
22
1
-15
-19
-4
18
2
-25
-69
-118
-125
-106
-102
-129
-170
-197
-181
-188
-211
-187
-243
-306
-319
-330
-291
-253
-261
-310
-329
-331
-308
-271
-251
-264
-264
-255
-245
-208
-205
-218
-181
-144
-109
-94
-82
-71
-85
-98
-104
-103
-87
-93
-121
-132
-141
-129
-150
-196
-210
-225
-231
-230
-218
-205
-204
-205
-196
-213
-254
-256
-262
-246
-243
-214
-181
-166
-104
-119
-135
-154
-131
-98
-91
-128
-182
-199
-151
-94
-70
-63
-85
-73
-33
-6
15
27
36
56
54
69
90
119
111
79
48
24
30
83
101
112
119
99
112
91
93
92
45
0
-3
21
49
58
72
54
30
39
67
102
118
126
113
123
166
184
183
204
201
239
289
319
365
393
365
352
354
331
331
335
314
330
354
340
311
245
189
156
165
177
154
158
153
127
84
62
74
40
50
21
24
9
-30
-42
-79
-82
-56
-45
-66
-52
-23
-10
-29
-31
-16
14
31
34
73
68
36
35
28
36
39
46
67
90
86
105
119
122
117
126
164
158
118
110
114
150
165
155
162
174
169
173
190
180
182
162
131
134
131
95
106
128
144
207
214
176
164
204
209
191
151
118
135
146
155
157
156
165
175
151
132
148
133
106
79
27
28
45
39
9
-5
-17
-42
-61
-83
-73
-94
-153
-170
-178
-192
-183
-196
-221
-236
-259
-276
-301
-297
-261
-276
-282
-267
-246
-206
-168
-184
-192
-202
-206
-204
-194
-171
-154
-154
-125
-101
-131
-127
-123
-150
-157
-150
-151
-147
-141
-154
-183
-201
-207
-165
-129
-122
-101
-83
-68
-21
-29
-49
-43
-44
-19
-11
-26
-42
-44
-49
-64
-65
-58
-43
-20
0
-4
-44
-50
-44
-33
-5
-11
-19
-25
-25
-7
-15
-16
-48
-67
-61
-94
-124
-175
-216
-226
-251
-270
-284
-301
-276
-269
-281
-303
-329
-316
-332
-363
-379
-403
-406
-447
-439
-396
-390
-386
-385
-414
-392
-337
-297
-270
-287
-245
-191
-157
-130
-140
-142
-149
-113
-75
-30
-7
-29
4
3
-2
19
33
60
108
152
166
179
174
168
163
133
83
54
36
-9
-48
-80
-66
-71
-82
-93
-114
-85
-46
-15
24
41
48
54
41
35
48
60
64
85
58
20
30
54
74
100
92
124
154
160
137
126
130
117
140
121
117
176
189
164
181
159
170
163
120
114
104
135
155
186
213
221
226
226
264
312
287
256
229
200
205
188
154
113
94
52
86
115
106
98
67
33
45
41
36
73
87
117
145
118
142
139
119
125
121
139
151
175
165
171
162
143
142
110
90
81
76
78
100
111
95
69
42
19
29
30
19
19
-5
-21
-4
28
34
41
50
38
30
36
14
-1
-31
-51
-76
-110
-117
-124
-111
-153
-196
-225
-218
-211
-188
-150
-162
-140
-137
-181
-192
-165
-147
-116
-122
-105
-57
-23
17
35
30
31
6
-5
15
30
35
32
40
59
44
20
20
49
68
76
34
1
5
40
43
12
16
-11
-20
-29
-13
39
55
48
36
37
11
8
34
57
69
28
23
53
60
59
63
25
-13
-38
-45
-41
-65
-67
-70
-91
-105
-122
-156
-161
-171
-191
-205
-193
-151
-137
-111
-82
-99
-87
-84
-114
-78
-58
-76
-78
-90
-56
8
22
19
4
17
22
28
20
22
62
136
152
141
148
122
124
143
131
113
93
68
65
64
77
97
49
23
35
27
30
2
-20
-14
-2
0
41
63
47
26
-12
-25
19
49
38
-7
-10
21
72
113
124
135
129
158
164
160
158
152
152
133
107
93
84
81
108
115
100
63
35
31
26
27
16
-16
-39
-45
-72
-87
-112
-99
-70
-90
-109
-67
-48
-75
-113
-136
-128
-121
-117
-101
-74
-61
-38
-40
-25
-9
-14
0
6
31
63
72
62
53
23
25
54
61
50
45
77
122
146
161
180
182
181
151
130
129
123
85
63
65
58
30
19
23
46
62
37
55
115
123
129
105
98
108
108
140
188
216
219
204
163
127
123
117
99
101
88
73
93
77
85
60
10
17
16
64
108
134
104
88
58
29
43
57
41
39
9
40
110
105
116
80
52
45
51
55
35
14
-26
-33
-32
-40
-39
-67
-80
-66
-72
-38
-35
-52
-79
-103
-99
-91
-69
-76
-58
-63
-55
-38
-26
-31
-10
-33
-55
-28
-20
-39
-71
-87
-94
-80
-50
-15
-7
-11
-41
-39
-37
-43
-88
-128
-135
-125
-115
-101
-110
-106
-73
-48
-43
-73
-111
-108
-87
-52
-84
-120
-113
-120
-90
-91
-102
-125
-143
-143
-118
-125
-149
-157
-140
-157
-168
-165
-158
-126
-134
-114
-66
-15
21
44
53
71
59
65
83
137
174
191
190
205
213
205
195
167
169
148
138
150
147
139
115
94
87
103
116
83
55
73
99
124
109
71
71
86
118
120
88
83
65
73
92
91
141
171
156
196
195
195
207
184
190
175
133
73
60
89
127
149
155
138
87
81
64
68
68
68
49
30
20
19
10
22
21
8
16
23
35
27
16
-20
-25
-35
-17
8
25
23
52
77
105
131
102
69
105
140
163
188
188
226
255
276
294
284
273
241
249
288
326
325
295
269
215
197
174
147
146
121
105
95
73
73
65
35
-28
-8
12
20
50
31
14
-27
-41
-15
21
17
13
12
13
-7
-31
-22
20
17
-10
-60
-44
-15
-26
-19
-50
-39
-3
27
24
19
7
15
15
18
45
40
39
63
77
87
100
95
62
58
41
17
-2
-28
-43
-42
-6
-4
-15
-38
-58
-88
-144
-137
-100
-70
-60
-80
-61
-43
-36
-26
-24
-62
-76
-54
-28
36
52
47
12
-23
-29
-54
-72
-81
-90
-71
-98
-101
-64
-55
-69
-107
-122
-145
-144
-132
-144
-175
-178
-182
-166
-127
-116
-114
-108
-87
-96
-110
-123
-152
-126
-137
-163
-155
-180
-184
-166
-140
-117
-98
-137
-154
-119
-84
-85
-95
-112
-81
-55
-56
-67
-62
-52
-22
-9
-9
-14
-16
35
54
80
98
69
43
11
-10
-36
-21
-11
-44
-58
-76
-79
-93
-91
-111
-131
-125
-152
-193
-176
-131
-105
-88
-97
-78
-87
-98
-69
-64
-36
-18
-16
1
-7
12
30
32
23
-1
-51
-51
-43
-45
-24
-54
-56
-51
-15
-4
-24
-50
-43
-35
-49
-50
-45
-41
-28
-32
-23
-2
-17
-33
-34
-25
-31
-25
20
46
75
95
77
73
21
-4
31
62
103
140
127
128
137
114
90
70
64
66
68
67
99
84
96
103
90
103
114
116
111
139
132
129
134
112
129
123
130
155
150
130
128
125
117
107
69
72
118
139
124
112
90
84
121
145
180
146
129
125
126
107
92
31
50
55
87
74
100
95
121
67
71
7
191
935
20
-315
-300
-556
-104
353
121
-115
141
-219
142
479
97
-341
-200
234
930
829
-637
321
-577
1071
2398
-1050
-228
-598
404
1577
-377
-253
-128
-244
506
286
257
-54
-467
263
482
170
270
-233
-811
-742
-437
1106
587
-123
-251
-450
347
-46
672
171
-456
-556
-827
402
917
-327
704
2175
1725
1098
-41
-253
464
371
-543
-38
-805
-290
214
94
1
-215
-373
437
1614
487
928
44
-118
-1231
-1107
-902
-360
-688
-580
-404
-972
-1034
-1374
-655
-1297
-1061
-2322
-1937
-1220
-1330
-1250
-1593
-1445
-412
-693
-203
861
-276
-109
896
391
1601
864
386
2308
1063
400
377
-193
1215
877
485
1047
-370
-765
-242
-484
-350
-1063
-2088
-481
-772
-565
-562
-698
-907
-1371
-885
-1343
-745
-499
-569
-527
87
-678
-149
411
590
1408
405
294
450
246
165
231
96
-22
821
727
450
-309
-521
573
-333
-504
-560
-1483
831
776
690
642
-513
-986
-434
-360
-742
109
-574
-4
730
39
286
-866
-515
-382
-1269
439
1203
1891
1215
-929
-586
-415
-519
-1455
-835
-130
-469
937
73
812
-720
-748
-384
1264
129
-570
-1255
-315
497
1524
1238
-178
291
-2060
137
-273
-1036
-930
-792
-427
-234
-693
384
-566
-207
-274
-2097
-1223
-2026
263
457
229
-362
-468
-418
-296
480
-106
-543
-876
372
323
156
363
-113
-132
-779
-757
-978
-967
-104
213
158
-294
-912
-728
-1059
188
194
-550
174
463
228
247
-185
-191
105
-379
-300
-140
59
-611
-240
83
-287
494
-838
-494
116
453
661
-208
-87
-678
-1160
1174
462
103
1193
-1281
388
459
60
-598
-866
-648
-271
-406
23
397
-619
100
-597
-650
115
-1045
-43
661
-341
642
-193
-330
382
299
-14
38
-866
-238
142
397
1340
367
25
304
-241
422
-357
-494
228
-398
88
335
470
151
1073
-404
-313
-38
597
391
-257
-346
-777
120
728
1228
991
263
1054
523
-74
109
-559
930
-971
86
274
57
98
-824
-748
-1133
-1372
-1176
-416
-1021
-387
-704
-1536
-524
380
694
906
384
733
268
781
1126
427
57
1008
921
2170
1383
-875
278
-278
-143
1372
-51
478
-181
77
1879
-145
-355
-284
-633
666
-902
435
1887
524
903
163
161
668
121
349
886
-241
-302
623
619
1272
0
467
141
670
732
529
904
437
557
-61
627
607
-182
989
1717
563
-77
342
804
-147
212
-484
114
763
1106
1833
1539
746
-270
-158
616
1750
1349
621
1312
1488
489
1077
731
-681
-693
-848
-520
988
-19
-53
400
162
356
-1064
-564
566
443
1455
956
219
27
-252
963
1481
723
341
-511
-278
-31
600
1089
-549
80
429
1000
1622
760
190
-1107
-1690
376
612
825
118
405
1047
511
183
60
-276
153
600
314
134
159
1602
1242
553
-628
-962
167
-519
131
622
80
-585
-993
250
1771
1154
-241
-1207
-963
-186
354
642
891
283
35
-87
-75
82
-833
-496
-246
727
824
970
1076
105
-96
63
-180
-159
118
1068
1618
1434
611
-184
37
338
571
337
-32
-28
835
1166
1207
838
690
443
381
620
348
727
342
340
176
-41
104
-108
-11
-184
-199
-236
-492
-315
-293
-201
-434
-591
-669
-427
-490
-611
-369
-1209
-1142
-1729
-1049
-634
-1021
-727
-886
-941
-1505
-1838
-1587
-2371
-1914
-1470
-1601
-1420
-1702
-1533
-1366
-1891
-3008
-2901
-2054
-1375
-544
-500
-636
-533
-784
-762
-1413
-1567
-1624
-1343
-278
128
-232
-696
-1248
-1376
-1612
-1424
-1995
-2130
-1442
-739
42
288
357
-173
110
-63
429
819
999
1766
1762
2138
2746
2768
2866
2710
3104
3130
3562
4555
4943
5297
5447
5192
4874
4501
4177
4389
4453
4459
4270
4067
3688
2995
2219
1820
1262
1105
766
763
825
663
552
173
-391
-1047
-1423
-1175
-633
-423
-924
-878
-984
-1200
-1701
-2321
-2357
-2286
-1238
-569
-629
-1713
-2562
-2618
-2732
-2463
-3071
-3457
-2842
-2501
-1908
-2556
-3381
-4109
-4496
-3817
-2708
-2444
-3102
-3490
-3750
-4167
-4092
-3684
-3312
-2958
-3114
-2947
-2606
-2533
-2874
-3500
-3039
-2981
-2026
-517
-43
935
659
238
279
44
1106
1609
2233
3347
3146
3819
3969
3332
3798
3189
3510
4452
4252
4569
4863
4518
3999
3467
2749
2498
2624
2474
2239
2117
1720
1493
966
677
655
147
-228
384
660
936
1264
1370
1571
1682
1933
1876
1744
2230
2792
3234
3394
3150
2733
2536
2914
2944
2460
1896
1599
1474
1743
1245
776
10
-843
-178
-260
-1180
-1389
-2022
-2187
-2005
-2592
-2888
-3124
-2776
-2751
-2279
-2624
-3303
-3317
-3180
-2759
-3110
-2861
-3912
-2912
-1874
-2904
-2078
-3045
-3089
-3385
-3679
-2696
-2794
-2295
-1971
-2478
-2948
-2608
-3209
-2417
-2083
-2626
-2462
-2614
-1401
-190
172
64
-770
-690
-280
209
656
461
369
1167
1720
1922
2150
1524
1655
1634
1650
1779
1493
1964
2131
2492
2068
1227
626
610
932
1483
1310
1030
939
797
1168
785
460
-116
213
582
765
834
596
501
411
631
106
173
321
1129
1198
975
760
797
912
983
896
717
1172
1404
1636
1823
1428
1370
1676
1011
1266
1082
908
1762
1628
2070
1660
1021
1017
985
1351
1142
1498
1081
1183
1166
1046
769
25
0
-373
102
270
-13
-125
-106
-119
-553
-881
-1182
-1218
-905
-634
-869
-1392
-1387
-1205
-1114
-1201
-1637
-1757
-1804
-1459
-1297
-1787
-2152
-2136
-1885
-1916
-1936
-1886
-2040
-2203
-1985
-2062
-2572
-2726
-2540
-2344
-2241
-2539
-2560
-2504
-2515
-2652
-2691
-2636
-2476
-2306
-1904
-1602
-1745
-1727
-1672
-1572
-1122
-1056
-898
-471
-186
123
160
348
524
602
444
471
776
917
817
838
748
640
732
440
489
195
281
299
228
329
392
452
614
294
272
565
356
950
1162
1289
959
1147
1055
1398
1176
1154
1333
1495
1755
1712
1496
1121
1758
1216
1316
1249
948
1189
1399
1475
1144
776
713
598
974
560
625
370
364
670
-151
308
269
-245
-301
-1
-279
-27
-344
-432
-439
-717
-859
-1341
-1472
-1447
-1324
-1725
-2201
-2470
-2537
-2286
-2070
-2298
-3012
-3168
-2794
-2685
-3128
-3592
-3452
-3383
-3344
-3587
-3547
-4450
-3615
-3342
-3271
-3364
-3652
-2747
-2792
-2871
-2552
-2275
-1525
-687
-752
-567
-732
-117
526
696
963
1231
1686
2375
2544
2600
2519
2107
2499
2191
2203
2275
2064
2384
1829
1400
648
335
440
206
77
-184
-211
-167
-407
-567
-845
-749
-51
-452
-525
-455
-133
451
-81
-301
-36
370
897
1663
1560
1374
1473
1531
1770
1975
2174
2203
2493
2250
1604
1709
1986
1772
1918
1108
2155
2125
1989
1833
1113
1896
1191
636
806
323
283
1236
427
358
168
-225
884
325
-321
-1002
-1142
-570
-1394
-1019
-1202
-1361
-1553
-1912
-1559
-1950
-2449
-2936
-2352
-1920
-2763
-3202
-3535
-2503
-2861
-2952
-2946
-4379
-3379
-2901
-3471
-3533
-4155
-4154
-3080
-2884
-2690
-3011
-2446
-1015
-1123
-1562
-1633
-836
126
363
845
1248
1938
2800
3140
3217
3088
3283
4003
3959
3848
3542
3572
3594
2977
2660
1928
1850
1924
1371
884
301
-28
-73
-664
-695
-741
-917
-965
-771
-879
-1238
-1448
-1227
-651
-192
55
-20
190
288
928
761
926
921
1211
2038
2405
2664
2844
2994
3826
3811
3383
3882
3709
4493
4235
3572
3593
3099
3464
3691
2849
2960
2879
2485
2652
1943
1309
1473
668
726
812
550
-230
-189
-443
-130
-1222
-2266
-1610
-1507
-1182
-1972
-2751
-2163
-1419
-2657
-3229
-3508
-2088
-1762
-2195
-3073
-3192
-2633
-2946
-3161
-3898
-3255
-2813
-2579
-3300
-4402
-3419
-3111
-3337
-4729
-5432
-3879
-2472
-1520
-2166
-2367
-2044
-1913
-2441
-2364
-1444
-134
1071
1375
1135
1473
2392
2821
2774
2293
2618
3738
4053
4060
3803
3474
2856
1883
1509
1440
1722
1899
1034
-67
-664
-1168
-1482
-1579
-1542
-1478
-1365
-1709
-1868
-1852
-1895
-1733
-1589
-1465
-1471
-880
-385
227
448
258
270
416
961
1692
1789
1912
2149
2551
2872
2827
3010
3448
3836
4069
4391
4750
5199
4847
4372
3830
3248
3457
3234
3130
3286
3212
3146
2253
1760
1205
1471
1237
641
455
-74
795
-549
-1400
-1651
-2447
-1811
-1847
-2199
-1969
-2443
-2006
-2511
-2599
-2967
-2707
-2347
-2770
-2672
-2462
-2675
-3339
-3924
-3520
-3699
-3814
-3434
-3788
-3726
-4084
-4310
-5131
-6437
-6284
-4500
-2573
-1372
-2300
-3167
-3803
-3570
-2537
-1290
122
1156
1621
1823
2296
2974
3768
4384
4435
4152
4686
5357
6566
6354
4959
3540
2427
2355
2671
2923
2712
2032
609
-983
-2124
-2239
-1659
-1575
-1902
-2568
-3228
-3493
-3535
-3231
-2987
-3090
-3106
-2977
-2302
-1266
-359
17
-283
-355
-219
405
1203
2046
2763
2972
2724
2656
2912
3768
4128
4371
4543
4718
5247
5491
5909
6367
6415
6046
5281
4882
5218
5472
5599
5177
4209
3297
2571
2340
2366
2349
2045
1064
21
-117
-65
-661
-1329
-2807
-3462
-3072
-3126
-3145
-3617
-3598
-3222
-4011
-4872
-4413
-4039
-3207
-3490
-4807
-4403
-4268
-4102
-4515
-5049
-4671
-5204
-5468
-5585
-5570
-5826
-6638
-6059
-4625
-2587
-1535
-2968
-4661
-5214
-3571
-946
152
793
1291
1488
1723
2114
3136
4342
4868
5105
4910
5013
6117
6512
6184
4935
3609
3263
3291
3770
3839
3073
1629
-576
-1827
-2133
-1683
-1312
-1751
-2634
-3684
-4153
-4148
-3575
-2829
-2952
-3296
-3497
-3246
-2279
-1283
-579
-286
-530
-851
-498
500
1797
2352
2498
2466
2465
2869
3287
3920
4074
3775
4004
4480
5250
6031
6709
6908
6346
5730
5487
5680
6247
6453
6135
5689
4957
4222
3672
3423
3238
2479
1424
229
-396
-738
-870
-1518
-2196
-3180
-3890
-4506
-4502
-4100
-5228
-5369
-5989
-5996
-4927
-4567
-4976
-5702
-5607
-5652
-5322
-5470
-5345
-4890
-5068
-5286
-5959
-6139
-5640
-6182
-6842
-7271
-6938
-4248
-1569
-660
-2218
-5075
-5617
-3338
-557
1462
2193
2462
2177
1900
2566
4227
6483
6753
5624
5583
6483
7759
8212
7306
6521
5249
4275
4044
4650
5567
4780
2558
-94
-1311
-878
-342
-577
-1405
-2732
-3970
-4489
-4182
-3164
-2802
-3527
-4836
-5296
-4353
-3284
-2086
-1624
-1913
-2223
-2605
-2160
-688
570
1123
1199
1228
1608
2109
2645
3047
3202
3185
3701
4817
6268
7279
7238
7225
6638
6479
6808
7041
7510
7443
6635
6000
5552
5315
5091
4398
3459
2331
1422
701
498
-133
-1165
-2273
-3312
-4485
-5032
-5353
-5396
-5444
-6171
-6436
-6238
-5963
-5778
-5365
-5712
-5514
-5662
-5349
-4906
-5305
-5191
-5158
-4773
-4589
-5130
-4949
-5427
-6338
-6572
-5986
-2539
-404
-460
-3119
-6092
-4749
-1098
1907
2753
1874
1612
1546
2146
4461
6750
8257
6752
5031
5467
6948
8615
8545
7156
6069
4613
3886
4419
4924
4500
2064
-91
-1002
-883
-712
-1601
-2825
-4117
-5205
-5602
-5161
-4306
-4329
-5790
-7051
-7119
-5753
-4621
-4414
-4030
-3789
-3823
-3912
-3314
-1710
-572
-498
-427
244
1575
2173
2236
2567
3010
3541
4100
5310
7311
8256
8020
7183
6841
7899
8773
8996
8821
8141
7709
7674
7733
7876
7260
5717
4005
3174
3342
3301
2788
1485
-50
-1474
-2453
-3234
-3606
-3993
-4870
-5858
-6065
-5519
-5485
-6188
-7514
-7740
-6916
-6080
-5321
-5231
-5617
-6084
-6425
-6276
-5751
-5601
-5592
-6043
-6111
-6193
-6320
-6177
-3540
-1197
-1942
-4482
-7438
-5125
-435
2510
1977
198
-527
338
1943
4646
6959
7668
5723
3899
5695
7639
8937
7934
6273
5439
5180
4482
4760
4514
3519
1100
-576
-441
-21
-651
-3058
-4696
-4642
-4125
-4355
-4683
-5344
-6104
-7738
-7778
-6084
-3908
-4054
-5663
-6073
-4909
-3966
-3292
-2496
-1540
-884
-1499
-1038
914
2534
2393
1705
2289
3811
4832
5500
6557
7635
7384
6752
7219
8915
9978
9237
7943
7667
8342
9055
9043
8181
6961
5879
5019
4623
4456
4097
2982
950
-555
-523
-321
-1262
-3185
-4639
-5137
-5677
-5904
-5506
-5211
-6044
-7486
-8029
-7094
-6431
-6279
-6451
-6268
-6276
-6433
-6004
-5725
-5847
-5722
-5417
-5282
-5739
-6315
-6149
-3486
-127
-554
-3273
-6800
-5819
-370
3236
2750
287
-849
153
2048
4595
7028
7246
5046
2530
4515
7574
8843
7851
5753
4984
5472
5124
4896
4575
3622
2021
807
1477
1130
-398
-3085
-4288
-3360
-2465
-3051
-4388
-5515
-6206
-6853
-6545
-4874
-3737
-4591
-6461
-6308
-4365
-3120
-2992
-3062
-2648
-1832
-1695
-1191
191
1246
965
625
1735
3037
4269
4764
4702
5896
6399
6557
7104
7715
8369
8202
7783
7827
8265
8379
7572
6603
6112
5935
5959
5048
4297
3397
1877
321
-407
-228
-358
-1507
-2959
-4068
-4602
-5046
-5389
-5275
-5540
-5995
-6758
-6936
-6627
-6180
-6092
-6079
-6317
-6275
-6251
-6178
-5734
-5578
-5212
-5656
-5975
-5840
-5538
-5217
-2910
-736
-1646
-4408
-6826
-4071
1356
3235
1042
-1383
-1382
769
3018
4930
6001
5498
3760
3388
5880
7670
7583
6253
4894
5300
6414
5829
4793
3688
3032
2711
2765
2819
1620
-733
-2980
-2822
-960
-716
-2578
-4245
-4852
-5022
-5394
-4900
-3785
-3800
-5472
-6430
-5119
-3429
-3527
-4393
-4204
-3111
-2359
-2648
-2529
-1012
-32
-391
-447
546
1601
2227
2478
3855
6131
5940
4813
4216
5842
8424
8867
8046
7198
7042
7268
7522
8180
8096
6670
4928
4054
4988
5135
3823
2086
654
118
-295
-1092
-1834
-2561
-3240
-4048
-4454
-4395
-4706
-5418
-6116
-5776
-5428
-5296
-5629
-5580
-5273
-5523
-5571
-5143
-4529
-4185
-4913
-6086
-5668
-5274
-4779
-4959
-5327
-2327
-435
-1937
-4927
-6933
-2826
2006
2582
162
-2250
-1029
1008
3154
5559
5916
4737
2769
3033
6364
7526
6682
5569
5088
6211
6147
4731
3693
3555
3884
3153
3000
2809
1031
-1259
-2507
-726
842
-949
-3524
-4323
-3290
-3141
-4254
-3837
-3039
-3484
-5205
-5831
-3969
-2699
-3419
-4281
-3705
-2628
-3053
-3892
-3046
-977
-29
-1389
-1955
-700
416
818
1403
2785
4483
3793
2248
2882
5358
7354
6739
5532
5415
6109
6288
6391
7349
7750
6273
4513
3940
5094
5330
3998
2797
2427
1861
235
-1099
-1193
-785
-1063
-2111
-3032
-3264
-3861
-4582
-4576
-3824
-3288
-4108
-4926
-4976
-4171
-3599
-4568
-4505
-4006
-3890
-4473
-5251
-4792
-4440
-4964
-5510
-5838
-4597
-1706
-2224
-4507
-6607
-6157
-1341
1092
-118
-2456
-3272
-1174
1428
3691
4609
3627
2792
2490
4884
6914
5984
5567
5593
6173
6872
5768
4119
3781
4480
5218
4798
3971
1890
105
-306
770
2456
1271
-1907
-3571
-3012
-1831
-1943
-2174
-1907
-2909
-4583
-5418
-3848
-2001
-2650
-4009
-4401
-3905
-3833
-4348
-3694
-2063
-1604
-3052
-4129
-2790
-1203
-1039
-1034
-73
1465
2063
1122
1173
3118
4542
5058
4842
5276
5891
5610
5345
6592
8278
8046
6372
5209
5310
6051
5945
5442
5472
4570
2710
1147
1102
1747
1638
318
-848
-1367
-1772
-2674
-3106
-2795
-2588
-2863
-3785
-4000
-4013
-4357
-4613
-4358
-3666
-3643
-4672
-5590
-5645
-5091
-4686
-5138
-5371
-6298
-6514
-4179
-2454
-3838
-6069
-7257
-3969
-237
-656
-2902
-4284
-2100
772
2657
3169
2919
2891
3064
3944
6168
6442
6286
6327
6584
7085
6460
5164
5125
6509
7251
5860
3853
2770
2246
2685
3027
3452
2098
-784
-2257
-1225
310
-134
-1880
-2541
-2792
-3358
-4198
-4196
-3071
-3051
-4334
-5134
-5073
-4798
-5096
-5374
-4599
-3686
-4125
-5370
-5041
-3698
-2995
-2975
-2527
-1698
-853
-357
61
1055
2494
2953
3395
4349
4875
5229
5253
6092
7995
8789
7624
6135
6276
7397
8102
7505
6614
6483
5755
4185
3513
3878
3548
2564
1325
678
269
-558
-1683
-1738
-1289
-1567
-2766
-4161
-4539
-3818
-3346
-3987
-4745
-5403
-5965
-6258
-5890
-5094
-5152
-6478
-7667
-7656
-7005
-7302
-6822
-4242
-3936
-6046
-8201
-7676
-2909
-483
-2185
-4606
-4191
-987
1171
2172
2494
2546
3185
3474
5298
7364
7131
6670
6496
7348
8507
7970
6436
6456
7561
7628
5762
4580
4166
4114
3671
3055
3202
1926
-329
-1110
-130
686
-582
-2569
-3189
-3544
-3751
-4450
-4458
-3808
-4400
-5722
-6399
-6261
-5814
-6014
-6086
-5520
-4902
-4982
-5847
-5580
-4611
-3882
-3082
-2419
-1800
-1241
-789
317
1605
2931
3872
4442
4991
5311
5863
6910
8186
9354
9436
8498
7465
7454
8737
9850
9966
8568
6872
5874
5394
5399
5496
4670
3291
1923
960
232
-465
-888
-1101
-1706
-2776
-3724
-4339
-4688
-4798
-4468
-4989
-5816
-6675
-6692
-6717
-7197
-7085
-7152
-7298
-7909
-8155
-8042
-8322
-8568
-6347
-4245
-5553
-7945
-9174
-6286
-1624
-574
-2683
-4973
-3967
-763
1858
3615
3630
3683
3730
4450
6668
7634
7693
8151
8644
8915
8378
7151
7052
8315
9371
8254
5893
4253
3512
3943
4409
4417
3339
586
-1423
-1410
-408
-545
-2010
-2811
-3318
-4271
-5171
-5504
-4786
-4553
-5686
-6528
-6687
-6466
-6681
-6770
-6186
-5592
-5610
-6196
-6006
-4903
-4216
-3803
-3156
-2381
-1518
-1096
-487
1230
2614
3064
2966
3681
5638
6578
7102
7012
7337
8115
8546
9464
9956
9771
9070
8604
8974
8846
7889
6864
6382
6365
5491
4098
3003
1979
1214
499
-120
-615
-1809
-3239
-4501
-4813
-4369
-4499
-5423
-6805
-7417
-7380
-7820
-7872
-7511
-7698
-8216
-9040
-9030
-8661
-8466
-8330
-8619
-8793
-8269
-6182
-5139
-6578
-7814
-7155
-3937
-1186
-1772
-3169
-2946
-640
1837
3512
4155
4081
4497
5731
7431
8651
8344
8001
8961
9629
9856
9149
8236
8182
8502
8279
7241
6314
5339
3820
3044
3050
3222
1912
-699
-1871
-1267
-1264
-2789
-4218
-4445
-4787
-5908
-6636
-6313
-5586
-6467
-7891
-8028
-7224
-7102
-7803
-7708
-6581
-5953
-6578
-6846
-5361
-3555
-3167
-3467
-3159
-2191
-1084
-44
1118
2972
4491
3847
3641
4674
5994
7626
8715
9206
9253
8637
8368
9791
11798
11637
9808
8594
8580
9182
8394
7513
7478
6597
4421
2881
2623
2640
1684
46
-1481
-2292
-2973
-3983
-4437
-4599
-4919
-6278
-7944
-8176
-7470
-7242
-7974
-8517
-8215
-8423
-9270
-9038
-8093
-7625
-8144
-8657
-8117
-7859
-7706
-7336
-4991
-3165
-4734
-6329
-6158
-2407
1208
526
-1421
-1280
1497
3905
4929
5480
5782
6169
6709
7753
9614
9760
8651
8666
9412
9964
9261
7659
7475
8144
7827
5864
4277
3857
3316
2817
1745
1098
153
-1760
-2749
-2418
-2562
-3753
-5271
-5651
-5632
-6166
-6799
-7072
-6640
-6737
-7477
-7743
-7627
-7218
-6733
-6264
-5525
-5458
-5662
-5297
-4196
-2830
-2184
-1723
-974
-366
343
1180
2287
3619
4788
5316
5037
6151
7144
8394
9569
9393
9389
8979
9260
10159
11019
10833
9513
8436
7931
7888
7800
6790
6225
5066
3384
2191
1374
709
110
-685
-1779
-3364
-5013
-5726
-5808
-5665
-6531
-7471
-8478
-9122
-8947
-8683
-8563
-8687
-8842
-9138
-9149
-8736
-8225
-7717
-7583
-7273
-7108
-7260
-7022
-6555
-5612
-4112
-2627
-2390
-3762
-4089
-2161
1330
3071
1722
322
1156
3975
6054
6454
6378
6554
6891
7209
7673
8368
8520
8266
7684
7246
7077
6208
5040
4948
5279
4582
2552
595
110
205
20
-520
-1796
-3577
-4889
-4862
-4035
-3910
-5040
-6236
-6765
-6903
-6620
-6092
-5669
-5709
-6011
-6496
-6483
-5624
-4613
-3867
-3696
-3819
-3456
-2781
-1926
-796
180
511
384
748
1741
3108
4125
4553
4849
5208
6000
6362
6706
7820
8565
8974
8413
7569
7790
8434
9066
9056
8355
7090
5781
5477
5727
6016
5341
3481
1914
514
-224
17
-110
-1218
-2807
-4258
-5168
-5612
-5680
-5759
-6095
-6963
-7738
-8069
-8242
-7769
-7343
-7161
-7345
-7667
-7657
-7234
-6653
-6047
-5296
-5002
-5102
-5036
-4884
-4403
-3661
-2998
-2652
-1688
-488
27
-961
-1794
-95
2785
4208
2471
675
1088
3504
5603
6166
5635
4621
3689
4177
5810
6926
6263
4452
3627
3951
4455
3686
2565
2091
1947
980
-155
-644
-204
-552
-1477
-2060
-2391
-2989
-3802
-3590
-2740
-2560
-3722
-4625
-4294
-3524
-3576
-3514
-3073
-2608
-2982
-3537
-2987
-1579
-858
-1276
-1512
-790
120
325
530
1204
2202
2375
2114
2386
3312
4065
4304
4430
4917
5935
6059
5724
5670
5787
6708
6953
7284
6863
6054
5728
5733
6396
6372
5317
4113
3369
3698
3851
3282
2261
936
352
-437
-581
-638
-1186
-2083
-2994
-3718
-3953
-4288
-4270
-4571
-5035
-5591
-6206
-6200
-5767
-4857
-4474
-5185
-5819
-5744
-5214
-4150
-3453
-3159
-3561
-3867
-3618
-2888
-2277
-2083
-2037
-2189
-2423
-2429
-1215
125
420
-750
-2130
-1276
549
1699
917
-659
-903
55
1317
2092
1799
1050
99
312
1616
2422
2121
1035
591
925
1365
1408
1423
1283
1210
511
7
-89
115
176
160
250
-38
-797
-1428
-1088
-289
69
-200
-686
-1044
-992
-849
-299
181
226
-223
-442
-185
-20
93
444
911
1021
421
74
673
1586
1845
1345
1197
1405
1644
1556
1786
2281
2464
2334
2556
2739
2314
2215
2275
3158
3838
3273
2619
2175
2670
3470
3643
3294
2410
2044
1988
2386
2859
2283
1514
799
504
581
248
-426
-750
-807
-1179
-1875
-2315
-2449
-2470
-2540
-2860
-2914
-3262
-3639
-3495
-3191
-2984
-3074
-3444
-3486
-3175
-3025
-3117
-3139
-2689
-2564
-2792
-3036
-3060
-2750
-2879
-3169
-3264
-3155
-3467
-3618
-3076
-2701
-2944
-4349
-4509
-3246
-1644
-1754
-3299
-3511
-2581
-1190
-180
157
409
151
14
1098
2583
3549
3066
2778
3132
3844
4075
3809
3995
4834
4809
4127
3484
3371
3773
3779
3830
3493
2803
1918
1616
2224
2672
2230
1482
854
859
696
500
759
890
511
-288
-721
-568
-267
-186
-261
-474
-963
-1580
-1506
-868
-234
-192
-780
-1231
-1132
-557
216
653
615
400
429
1106
1559
1900
2307
2239
2980
3145
3136
3135
3349
4282
4626
4745
4364
3867
3652
3803
4548
4772
3860
2971
2232
2359
2425
2133
1567
961
435
-261
-927
-1145
-1247
-1450
-1975
-2590
-2755
-3207
-3289
-3372
-3295
-3244
-3776
-4368
-4603
-4295
-3948
-4081
-4380
-4757
-4871
-5184
-5257
-4907
-4721
-4688
-4926
-5358
-5604
-5527
-5204
-4759
-3977
-3381
-3637
-4145
-4703
-3385
-1580
-448
-780
-1698
-1535
-392
1232
2418
2720
2652
2404
2888
4112
4943
5575
5353
5189
4907
4980
5142
5370
5407
5347
4661
4068
3646
3486
3487
3320
3149
2344
1618
1209
1384
1590
1174
459
74
-376
-618
-708
-634
-717
-1295
-2016
-2384
-2108
-1793
-1706
-1779
-2159
-2455
-2536
-2298
-1513
-1065
-1134
-1366
-1250
-816
-318
375
1148
1533
1343
1143
1537
2674
3505
3827
3928
3846
3656
3571
4114
4797
5086
4813
4172
3872
3807
3770
3806
3663
3336
2452
1537
1187
1322
963
121
-458
-775
-1288
-2076
-2425
-2360
-2289
-2949
-3953
-4511
-4506
-4371
-4536
-4788
-4896
-5076
-5508
-5804
-5609
-5308
-5178
-5190
-5306
-5191
-5162
-5015
-4613
-4055
-3793
-3952
-3852
-3466
-2997
-2758
-2649
-2362
-2046
-1962
-1562
-640
-92
166
-344
-253
790
1688
1956
1328
1205
1779
2692
3462
3617
3561
3186
2919
3855
4720
5121
4506
4021
4172
4498
4463
4351
4352
4255
3744
3129
2961
2827
2798
2394
2172
1949
1399
726
437
589
790
326
-238
-636
-912
-1216
-1478
-1224
-990
-1239
-1718
-1868
-1585
-1328
-1161
-929
-721
-438
-338
-163
242
724
891
946
1088
1404
1804
1917
2136
2400
2491
2614
2740
2871
3095
3085
3088
3065
2878
2693
2700
2762
2554
2309
1955
1607
1306
1138
981
779
313
-77
-470
-874
-1211
-1616
-1903
-2285
-2758
-3232
-3499
-3586
-3738
-3980
-4274
-4595
-4745
-4949
-4895
-4566
-4332
-4500
-4782
-4640
-3964
-3448
-3430
-3485
-3256
-2743
-2260
-1775
-1352
-1031
-986
-897
-522
32
221
306
495
731
769
372
330
643
742
867
825
609
579
104
10
394
1136
1225
333
-262
-275
667
1420
1457
1264
849
832
1420
2107
2567
2261
1729
1652
2046
2443
2210
1932
1868
1850
1781
1687
1558
1541
1302
1173
963
905
947
832
1002
1101
1013
710
584
814
1153
1216
1164
933
679
551
728
1101
1239
1071
498
155
291
481
525
453
188
-74
-420
-583
-476
-357
-555
-1110
-1397
-1266
-1162
-1057
-1246
-1442
-1616
-1864
-1555
-1396
-1275
-1416
-1543
-1353
-1261
-1144
-1232
-1346
-1198
-1081
-869
-1063
-1345
-1244
-1133
-995
-1030
-1134
-1397
-1632
-1519
-1146
-784
-857
-1302
-1330
-1203
-964
-645
-690
-793
-930
-1041
-956
-635
-274
-171
-195
-279
-284
-102
-11
73
417
591
429
152
83
222
296
189
65
-69
-332
-660
-875
-625
-606
-865
-1547
-2088
-1594
-1172
-1157
-1570
-2215
-2325
-2116
-1573
-1018
-1208
-1469
-1978
-1353
-157
406
481
72
423
1335
1934
2363
2457
2644
3070
3259
3638
3676
3777
3826
3761
3959
4011
3777
3712
3732
3978
3709
2919
2452
2414
2777
2767
2439
1886
1171
678
510
483
561
124
-632
-1272
-1616
-1624
-1792
-2004
-2247
-2821
-3390
-3680
-3444
-3148
-3329
-3548
-3903
-4168
-4150
-3941
-3587
-3358
-3314
-3392
-3257
-2808
-2296
-2035
-1683
-1299
-712
-290
-152
268
739
1315
1815
2153
2464
2442
2494
2803
3346
3762
3385
3008
2830
3004
3164
2968
2650
2357
2137
1989
1759
1569
1235
920
711
531
479
346
84
-146
-235
-189
-336
-606
-666
-621
-567
-714
-863
-867
-925
-1032
-1165
-1271
-1199
-1388
-1500
-1592
-1528
-1481
-1672
-1561
-1519
-1544
-1709
-1866
-1727
-1500
-1405
-1503
-1590
-1564
-1446
-987
-715
-580
-814
-900
-429
150
689
592
228
369
834
1555
1966
1826
1696
1540
2110
2611
2782
2619
2268
2245
2358
2342
2479
2309
2034
1641
1245
1207
1010
851
459
8
-354
-715
-935
-983
-1283
-1673
-2237
-2484
-2508
-2679
-2861
-3175
-3394
-3539
-3775
-3838
-3783
-3676
-3528
-3576
-3577
-3529
-3444
-3167
-2729
-2344
-2163
-2171
-1957
-1438
-882
-506
-331
-51
275
594
941
1379
1867
2137
2213
2285
2455
2639
3018
3162
3173
3078
3059
3241
3278
3197
2982
2673
2607
2553
2373
1979
1702
1694
1417
1187
835
528
79
-374
-483
-434
-679
-1032
-1353
-1510
-1547
-1475
-1444
-1431
-1598
-1864
-1900
-1589
-1179
-1094
-1219
-1413
-1209
-905
-632
-364
-178
-105
-129
-80
180
466
606
644
631
774
756
661
613
625
717
395
-3
-178
-268
-359
-653
-939
-1030
-1303
-1308
-1524
-1737
-2147
-2582
-2460
-2308
-2020
-2278
-2817
-2979
-2719
-2257
-1910
-1957
-1957
-2124
-1843
-1488
-925
-496
-538
-663
-644
-297
216
514
594
678
603
753
732
878
972
1055
964
756
706
714
710
799
803
697
530
390
526
635
706
690
719
726
697
647
682
906
1115
1042
877
821
1058
1312
1262
1049
1072
1205
1204
1152
1144
1271
1249
1133
1140
1282
1388
1320
1281
1292
1365
1519
1453
1530
1577
1548
1522
1644
1954
1942
1707
1460
1547
1786
1627
1454
1364
1249
1178
1035
981
875
565
416
464
452
281
-11
-81
12
170
181
-38
-189
-244
-134
31
131
128
-67
-209
-85
119
182
51
-55
-92
-186
-280
-361
-401
-513
-805
-1014
-1167
-1342
-1573
-1727
-1807
-1935
-2107
-2377
-2614
-2725
-2865
-3033
-3276
-3376
-3332
-3354
-3529
-3745
-3499
-3380
-3332
-3274
-3467
-3282
-3169
-3029
-2715
-2583
-2340
-2273
-1849
-1339
-1030
-740
-620
-181
413
786
1186
1465
1658
1960
2198
2622
3019
3071
2913
2831
3044
3449
3578
3396
2964
2753
2713
2660
2665
2482
2152
1720
1425
1434
1375
1014
666
381
250
117
-54
-156
-265
-382
-379
-391
-383
-400
-468
-464
-428
-342
-267
-214
-89
117
206
168
57
172
433
627
676
586
586
771
888
998
1073
1065
1022
963
1041
1300
1480
1450
1171
1007
1052
1077
1101
926
973
883
599
472
414
382
257
18
-155
-422
-718
-806
-763
-747
-890
-1096
-1234
-1222
-1165
-1105
-1093
-1102
-1095
-1057
-1035
-960
-874
-894
-925
-893
-834
-932
-1103
-1253
-1288
-1309
-1361
-1420
-1480
-1653
-1861
-1986
-1980
-1856
-1950
-2079
-2241
-2166
-2135
-2026
-2051
-2062
-2003
-2044
-1923
-1801
-1508
-1533
-1630
-1661
-1303
-1055
-741
-699
-681
-491
-321
117
445
602
689
625
923
1377
1666
2035
1845
1983
2148
2555
2869
2972
3087
3273
3284
3212
3179
3305
3395
3221
3075
3029
2948
2776
2525
2331
2284
2040
1923
1649
1553
1409
1098
910
778
583
363
117
112
64
-119
-315
-367
-232
-251
-468
-643
-551
-442
-455
-501
-442
-455
-507
-490
-416
-381
-434
-507
-368
-419
-279
-358
-343
-173
-120
74
-79
0
67
188
528
568
490
371
217
482
753
1025
866
510
339
509
764
856
726
559
348
129
318
506
559
236
-27
-61
54
91
-55
-172
-212
-314
-361
-327
-234
-160
-244
-375
-334
-300
-396
-487
-458
-407
-417
-550
-657
-700
-881
-1014
-1035
-958
-1044
-1280
-1385
-1374
-1235
-1245
-1283
-1314
-1445
-1348
-1264
-1055
-1068
-1070
-1076
-1068
-955
-952
-840
-803
-712
-694
-549
-401
-254
-181
-141
-48
-20
252
405
472
547
549
803
904
1060
1289
1228
1305
1386
1597
1710
1654
1727
1729
1670
1600
1594
1662
1679
1519
1262
1079
949
963
823
669
646
462
192
19
-8
-13
-162
-350
-453
-508
-551
-589
-690
-816
-929
-1049
-1020
-1029
-1100
-1175
-1152
-1155
-1213
-1238
-1188
-1097
-1008
-934
-938
-941
-923
-841
-627
-432
-388
-315
-336
-59
87
88
180
346
696
761
718
774
846
1015
1066
1235
1360
1161
1025
1064
1263
1330
1166
960
913
822
682
596
649
700
544
330
240
289
318
92
-72
-90
-104
-135
-296
-342
-287
-342
-505
-533
-451
-484
-640
-731
-640
-569
-607
-717
-755
-654
-579
-607
-756
-810
-832
-716
-576
-502
-523
-655
-553
-485
-264
-221
-201
-218
-202
-41
-101
-53
34
83
-18
-190
-367
-267
-323
-227
-276
-383
-336
-611
-580
-570
-465
-383
-453
-454
-444
-363
-177
-149
14
42
101
300
440
509
566
708
828
915
718
738
875
1097
1168
1141
871
684
745
964
1112
1166
990
726
659
779
888
911
793
716
701
542
454
354
429
456
425
148
-106
-202
-183
-96
-68
-122
-204
-438
-617
-622
-399
-224
-417
-444
-427
-355
-203
-185
37
131
7
48
109
463
631
519
607
623
800
890
821
993
978
922
940
965
1094
969
783
836
856
847
652
502
561
534
425
286
215
130
18
-12
70
-21
-301
-551
-621
-522
-553
-765
-847
-929
-1022
-1211
-1396
-1414
-1404
-1315
-1304
-1372
-1529
-1692
-1741
-1538
-1277
-1231
-1414
-1655
-1658
-1414
-1235
-1230
-1315
-1419
-1464
-1454
-1289
-1135
-1195
-1303
-1328
-1249
-1166
-1252
-1280
-1234
-1128
-1051
-1141
-1244
-1269
-1337
-1090
-861
-821
-848
-1104
-868
-416
-100
53
-189
-131
67
406
773
884
1067
1009
1016
1178
1487
1612
1615
1529
1551
1597
1392
1311
1373
1360
1231
1020
910
904
719
570
397
312
186
42
-149
-335
-475
-439
-383
-351
-427
-622
-719
-751
-660
-584
-542
-571
-645
-714
-747
-710
-537
-401
-295
-365
-433
-393
-225
-146
56
278
352
392
281
463
774
988
1054
1019
1028
1075
1093
1212
1354
1460
1340
1192
1129
1190
1265
1255
1210
1048
866
737
677
674
574
307
144
6
27
-29
-271
-450
-553
-651
-739
-858
-953
-1083
-1227
-1361
-1412
-1416
-1507
-1591
-1640
-1665
-1639
-1592
-1642
-1614
-1554
-1542
-1557
-1474
-1330
-1227
-1140
-1080
-946
-834
-788
-657
-524
-363
-199
-177
9
110
122
199
258
428
431
268
266
377
631
717
513
389
331
395
508
538
553
539
473
469
548
555
632
627
676
701
639
745
728
853
956
1061
1026
918
891
965
1119
1133
1188
1048
901
865
867
1024
1078
831
578
402
447
573
503
343
126
-66
-14
170
123
-49
-235
-251
-185
-132
-79
-58
-133
-203
-204
-178
-188
-208
-195
-172
-208
-287
-275
-213
-77
-18
-25
-93
-177
-177
-83
2
65
30
-95
-140
-143
-46
55
38
39
-6
-45
-75
-80
21
38
51
-42
-177
-224
-233
-208
-244
-311
-392
-395
-486
-568
-581
-553
-568
-637
-642
-642
-726
-795
-801
-737
-716
-852
-1014
-1037
-867
-817
-840
-862
-852
-787
-750
-670
-587
-529
-486
-457
-375
-320
-304
-329
-268
-129
-83
-169
-263
-251
-232
-178
-244
-304
-324
-354
-508
-491
-370
-428
-497
-584
-503
-475
-418
-438
-469
-437
-387
-391
-398
-387
-347
-256
-179
-96
-182
-188
-89
16
80
88
49
100
168
244
207
196
299
392
333
408
465
357
362
296
409
507
458
388
329
331
348
364
341
296
241
133
107
102
113
14
-137
-144
-61
-57
-165
-281
-304
-302
-322
-380
-431
-451
-380
-392
-432
-417
-445
-370
-361
-272
-133
-121
-107
-45
106
295
302
313
375
447
514
538
620
654
675
650
609
642
635
627
587
522
514
530
508
398
272
237
294
305
301
248
183
238
235
254
289
285
270
198
197
285
288
261
249
236
206
130
144
162
111
39
-42
-48
25
43
10
-32
-72
-75
28
93
102
107
56
43
87
82
79
105
130
78
66
32
-33
19
-41
-40
24
23
-36
-59
-87
-35
69
254
277
295
201
123
245
300
293
237
197
114
12
-24
181
297
293
103
88
79
185
92
-40
-36
-179
-46
-105
-33
-80
-229
-247
-139
-31
-89
-245
-264
-136
26
54
39
120
171
194
161
300
425
388
299
345
514
601
514
462
448
435
440
471
604
676
560
436
463
552
557
476
448
455
357
276
259
360
508
476
366
275
217
231
236
308
283
250
222
145
199
203
268
268
233
206
169
201
200
247
283
291
247
256
320
382
454
453
421
404
392
386
434
423
344
280
181
122
99
52
-13
-138
-240
-367
-473
-495
-456
-507
-665
-774
-852
-885
-902
-906
-930
-1043
-1132
-1149
-1183
-1153
-1112
-1149
-1027
-952
-952
-1031
-1082
-952
-786
-676
-780
-865
-798
-685
-617
-536
-441
-346
-277
-353
-301
-178
-107
-27
-29
68
41
57
121
129
207
114
113
162
163
199
141
147
153
56
77
83
182
121
-2
-54
-26
102
121
91
46
13
66
64
89
126
163
217
262
275
194
218
226
311
439
492
477
404
386
408
454
475
473
498
445
408
435
483
518
505
537
588
609
542
562
607
601
558
542
596
664
718
722
802
852
815
742
768
846
901
867
802
795
826
865
850
844
821
781
710
654
669
656
588
473
424
433
354
262
179
142
125
37
-103
-228
-268
-280
-273
-346
-495
-638
-719
-714
-656
-661
-769
-863
-945
-960
-990
-1012
-1043
-1089
-1147
-1174
-1081
-968
-982
-939
-845
-768
-701
-710
-731
-603
-438
-342
-333
-273
-134
-32
96
95
63
82
140
297
368
309
354
272
301
465
520
564
473
402
448
516
503
488
375
383
365
371
416
362
309
210
203
268
366
424
427
330
312
356
398
459
488
537
536
454
483
557
599
696
642
560
557
569
673
782
768
742
659
648
721
754
764
714
668
673
773
798
807
780
715
715
700
655
668
695
702
674
573
515
437
417
423
325
231
132
20
31
25
-32
-137
-288
-342
-296
-323
-380
-483
-518
-491
-489
-575
-648
-617
-580
-563
-595
-623
-597
-550
-539
-473
-433
-371
-368
-427
-433
-396
-370
-364
-375
-379
-421
-558
-591
-591
-567
-579
-645
-703
-813
-872
-893
-899
-882
-969
-1016
-1070
-1087
-1042
-1051
-976
-956
-933
-908
-912
-839
-769
-747
-729
-727
-700
-646
-601
-456
-357
-325
-351
-387
-275
-198
-83
-135
-174
-164
-188
-15
45
69
101
79
95
149
175
293
366
328
352
314
351
472
507
576
470
435
481
514
622
626
669
600
615
627
694
743
726
716
644
636
608
624
640
640
604
533
469
464
469
473
393
328
296
287
265
277
291
277
296
282
308
225
171
164
170
172
175
153
134
211
277
272
280
254
268
334
329
398
330
298
379
418
415
360
299
265
298
249
217
182
162
117
72
97
102
37
-42
-67
-42
-24
-7
-52
-146
-241
-275
-248
-226
-224
-279
-384
-499
-503
-477
-433
-451
-553
-624
-664
-633
-616
-627
-693
-766
-836
-850
-779
-756
-789
-819
-794
-726
-749
-738
-710
-680
-628
-661
-673
-586
-551
-508
-475
-436
-332
-342
-378
-258
-245
-152
-138
-181
-55
-164
-100
-83
-64
37
16
-14
15
69
83
205
210
277
368
263
304
363
364
491
361
390
504
444
463
461
454
484
433
352
421
365
283
287
275
294
312
205
173
162
56
78
173
167
140
59
0
65
59
98
112
-8
-111
-143
-68
-29
20
5
28
-3
-57
-20
-21
64
80
67
112
135
177
236
299
323
242
177
236
325
383
386
337
249
205
219
272
259
149
86
60
53
45
-20
-16
-68
-126
-159
-240
-255
-259
-276
-297
-314
-354
-377
-414
-433
-436
-468
-460
-413
-435
-442
-417
-405
-416
-512
-565
-496
-434
-402
-452
-552
-540
-549
-537
-546
-598
-635
-743
-768
-741
-746
-757
-809
-842
-857
-846
-822
-797
-790
-789
-838
-912
-918
-851
-807
-782
-775
-828
-799
-796
-700
-624
-572
-480
-478
-375
-312
-203
-113
-108
-2
48
218
298
365
458
426
552
645
740
807
806
808
830
832
843
918
907
933
907
792
727
678
652
677
589
511
425
322
276
214
209
153
58
-18
-57
-59
5
2
-66
-115
-142
-88
-5
50
103
134
150
174
243
373
498
577
584
590
640
721
803
862
912
925
936
950
907
890
904
914
898
805
702
686
649
610
604
534
479
406
353
313
274
310
321
248
182
154
117
77
61
28
-75
-138
-252
-326
-387
-440
-504
-617
-699
-785
-877
-923
-960
-992
-1032
-1121
-1185
-1212
-1154
-1118
-1139
-1131
-1154
-1172
-1188
-1160
-1134
-1117
-1155
-1173
-1138
-1100
-1054
-1073
-1055
-996
-943
-904
-867
-827
-743
-719
-673
-618
-619
-607
-527
-440
-311
-184
-164
-130
-87
5
120
198
258
311
352
392
480
580
596
603
598
604
571
507
594
588
537
512
494
524
480
439
424
385
356
296
301
354
367
275
200
250
232
206
198
220
235
226
165
148
274
380
423
433
424
496
537
616
754
797
821
826
824
880
921
936
975
958
931
927
916
947
934
874
811
797
786
741
615
537
480
373
283
185
105
16
-134
-265
-345
-406
-496
-599
-662
-717
-795
-853
-867
-893
-956
-1012
-1026
-1005
-1005
-1030
-1053
-1041
-999
-989
-1019
-996
-958
-943
-955
-941
-865
-827
-835
-790
-751
-688
-653
-601
-568
-568
-572
-591
-498
-428
-345
-374
-469
-424
-403
-378
-295
-315
-334
-373
-417
-383
-349
-341
-336
-336
-381
-424
-408
-403
-325
-288
-307
-343
-332
-286
-246
-183
-157
-96
-102
-47
26
101
138
171
210
238
301
315
396
496
544
601
582
608
687
692
790
876
905
907
864
896
1000
1052
1086
1121
1098
1125
1175
1174
1215
1240
1196
1143
1092
1124
1160
1192
1164
1052
991
1003
953
884
784
715
699
629
559
476
410
341
331
296
227
153
65
71
133
152
157
62
-36
-25
-52
-19
-23
-66
-120
-163
-122
-97
-126
-125
-144
-133
-126
-120
-118
-130
-87
-98
-100
-123
-136
-116
-150
-128
-116
-160
-196
-239
-278
-278
-245
-269
-326
-363
-428
-440
-422
-448
-479
-531
-531
-503
-506
-501
-562
-601
-625
-577
-545
-556
-562
-548
-517
-509
-494
-460
-473
-488
-455
-486
-475
-420
-396
-340
-296
-279
-225
-199
-133
-111
-103
-74
3
62
74
105
175
267
379
418
478
528
579
690
734
835
845
854
912
903
908
951
936
893
814
739
759
811
769
689
598
550
562
532
470
420
375
304
247
192
213
214
216
194
131
111
100
133
152
180
137
66
56
44
70
92
83
101
59
6
-13
-2
6
28
23
-7
-20
-26
20
78
98
84
97
88
64
67
55
62
80
61
28
-30
-86
-84
-70
-103
-139
-185
-209
-203
-245
-303
-359
-378
-373
-396
-419
-464
-478
-461
-458
-455
-476
-477
-476
-485
-481
-502
-479
-451
-387
-399
-468
-464
-456
-408
-375
-354
-367
-390
-393
-410
-366
-319
-294
-286
-307
-300
-271
-223
-172
-143
-115
-59
-10
18
55
100
153
183
154
151
196
268
332
395
424
365
326
353
394
503
505
470
496
469
467
455
469
493
514
487
411
396
412
441
462
497
517
458
432
468
482
508
483
468
498
503
476
434
462
485
449
402
366
349
340
328
329
278
242
202
185
177
167
194
155
104
97
100
58
69
48
18
7
22
59
36
-35
-82
-80
-104
-117
-155
-187
-183
-194
-227
-237
-248
-269
-290
-306
-291
-260
-294
-304
-312
-343
-319
-332
-336
-348
-327
-304
-316
-330
-324
-289
-241
-183
-151
-132
-90
-91
-84
-52
-23
24
42
49
57
35
63
45
25
63
21
7
-18
-17
-18
-54
-77
-102
-135
-222
-257
-256
-293
-318
-336
-367
-363
-384
-410
-370
-346
-350
-358
-355
-316
-265
-240
-216
-192
-153
-111
-123
-68
-5
37
55
5
-5
7
76
137
128
146
200
256
322
386
395
388
389
383
455
529
535
615
644
643
656
601
585
598
592
588
583
556
555
524
453
432
392
330
290
263
216
161
124
83
44
-23
-35
-15
-13
-40
-77
-109
-114
-106
-141
-158
-165
-157
-159
-153
-153
-153
-185
-167
-173
-182
-203
-248
-237
-204
-210
-230
-255
-271
-269
-269
-214
-175
-184
-227
-239
-251
-270
-247
-220
-175
-144
-180
-188
-219
-243
-200
-119
-97
-165
-234
-261
-238
-192
-177
-194
-198
-197
-213
-236
-247
-251
-263
-265
-292
-291
-333
-333
-332
-347
-313
-325
-309
-290
-281
-260
-274
-232
-232
-252
-211
-235
-219
-196
-181
-143
-107
-41
-18
-18
2
-21
12
66
97
118
134
169
148
109
76
81
105
86
70
48
34
25
15
27
43
51
23
55
93
103
135
185
222
217
197
158
203
237
312
348
354
345
315
306
279
280
299
295
317
317
281
274
255
226
223
207
165
141
122
106
94
66
30
7
-44
-92
-94
-128
-144
-128
-132
-141
-168
-184
-215
-242
-226
-215
-230
-291
-324
-351
-348
-364
-398
-436
-466
-486
-473
-439
-453
-468
-480
-487
-482
-485
-459
-418
-417
-418
-375
-339
-309
-285
-249
-185
-175
-166
-151
-107
-44
-11
7
-6
-50
-10
5
25
82
67
61
8
37
82
106
101
49
55
52
54
68
72
116
73
34
29
33
95
107
88
75
54
50
83
114
157
93
34
16
-7
30
42
29
0
-57
-107
-84
-31
8
-4
-28
-15
-24
-17
-22
-19
-28
-64
-101
-118
-111
-163
-198
-145
-82
-64
-63
-111
-97
-84
-102
-63
-44
-26
-34
-49
-51
-23
-23
-37
-12
-20
-4
11
-2
30
15
-17
-51
-62
-59
-64
-60
-77
-61
-36
-61
-93
-117
-140
-133
-163
-191
-219
-229
-249
-263
-281
-285
-291
-341
-329
-337
-351
-354
-328
-306
-321
-344
-370
-377
-402
-384
-359
-352
-359
-392
-393
-392
-376
-333
-307
-299
-273
-228
-157
-132
-141
-106
-77
-38
-15
6
23
35
41
36
25
24
41
50
29
24
68
63
67
110
97
153
162
96
67
41
52
45
10
-7
32
61
34
21
-27
-23
-24
-2
15
18
52
63
83
68
60
86
104
94
129
137
144
168
192
214
231
288
320
328
361
355
324
326
289
322
337
283
260
212
182
182
168
152
126
118
93
57
71
78
84
79
62
52
58
49
40
71
73
68
33
32
12
23
43
29
36
16
36
74
79
70
80
133
154
136
115
93
74
74
82
80
74
47
25
21
70
97
89
49
35
20
-1
9
-8
-51
-74
-74
-96
-77
-107
-127
-156
-189
-181
-214
-217
-238
-246
-258
-307
-320
-319
-330
-300
-287
-296
-311
-314
-331
-313
-294
-305
-331
-364
-376
-352
-301
-243
-204
-179
-145
-132
-115
-71
-57
-72
-114
-144
-144
-157
-141
-120
-93
-143
-167
-131
-82
-58
-61
-41
-22
3
2
26
44
55
42
-6
-4
27
31
48
39
20
24
8
45
46
27
0
-47
-60
-49
-53
-76
-68
-69
-82
-84
-75
-44
-12
-22
-12
3
-3
34
24
2
4
-8
-1
-20
-7
1
-42
-48
-31
-50
-52
-76
-78
-61
-47
-67
-37
30
15
-3
-39
-34
26
76
80
89
99
157
182
140
162
179
158
180
163
174
192
162
122
91
110
103
115
105
62
58
36
20
-11
-63
-73
-55
-79
-82
-93
-103
-101
-126
-129
-116
-132
-157
-190
-199
-195
-212
-197
-192
-137
-115
-174
-185
-187
-165
-173
-173
-135
-173
-180
-164
-153
-136
-132
-146
-122
-95
-88
-65
-40
12
45
62
50
44
90
119
130
158
191
216
213
185
174
183
184
199
222
199
213
242
293
333
296
284
288
255
260
282
329
334
336
398
410
419
427
414
405
431
460
484
478
486
458
424
433
428
458
439
391
359
349
299
304
370
363
360
341
296
292
312
288
263
255
238
245
251
240
229
222
213
201
180
152
114
100
109
131
145
140
134
129
105
97
120
103
78
54
58
105
131
149
153
126
97
73
83
114
128
113
66
24
31
38
39
11
-45
-90
-113
-101
-103
-108
-131
-159
-164
-167
-179
-183
-176
-196
-207
-261
-294
-279
-290
-298
-286
-301
-324
-323
-323
-339
-311
-299
-301
-312
-302
-249
-209
-209
-244
-258
-290
-318
-318
-273
-208
-170
-154
-145
-128
-114
-89
-58
-32
-3
-31
-25
-22
-18
20
30
33
30
29
28
53
86
109
116
118
141
168
153
187
255
281
297
288
274
272
257
258
280
290
298
271
267
309
331
326
303
266
292
311
296
262
230
225
168
140
142
119
84
25
-17
-4
43
60
62
50
27
9
51
117
160
172
133
110
81
68
104
125
153
167
110
88
118
134
100
74
56
1
-32
-30
0
41
29
5
-8
-46
-55
-67
-80
-68
-102
-119
-140
-143
-138
-137
-101
-90
-88
-90
-99
-107
-76
-37
-17
-38
-87
-68
-66
-81
-77
-54
-38
-37
-21
-23
4
-3
-22
-6
-18
-36
-33
-15
1
-16
-81
-106
-63
6
42
20
17
50
82
113
143
143
144
144
115
101
108
123
88
73
49
27
12
-36
-59
-63
-91
-127
-143
-117
-101
-94
-51
44
88
93
115
101
98
58
45
40
48
85
74
83
83
103
146
128
114
121
107
107
92
42
33
67
68
74
79
62
53
10
-26
-9
-26
-6
32
35
15
-1
1
-4
15
19
15
3
-9
-22
-23
-19
-23
-22
-10
24
28
35
39
29
39
27
-9
-5
20
60
54
47
14
11
31
20
19
16
36
18
22
17
16
24
-37
-74
-88
-86
-48
-83
-92
-96
-98
-108
-121
-144
-154
-147
-134
-120
-123
-143
-168
-161
-152
-109
-102
-114
-107
-107
-99
-63
-61
-40
-41
-53
-22
-51
-107
-122
-121
-157
-155
-160
-183
-165
-120
-70
-63
-105
-164
-175
-178
-210
-165
-107
-101
-64
-92
-96
-90
-77
-62
-69
-77
-87
-79
-63
-31
-10
4
68
88
102
105
107
154
131
118
146
164
203
213
188
151
154
148
152
162
174
184
162
161
165
179
169
175
189
222
177
100
94
74
68
27
8
29
5
-19
1
-11
-2
-23
-59
-30
-32
-23
-21
-47
-37
-12
-6
4
3
17
20
-8
-33
-59
-55
-42
-73
-22
0
-32
-17
-41
-64
-65
-91
-115
-117
-137
-157
-130
-113
-146
-161
-183
-167
-131
-173
-162
-109
-130
-97
-93
-129
-111
-143
-146
-132
-175
-181
-196
-194
-191
-207
-185
-172
-159
-135
-157
-180
-149
-135
-140
-133
-122
-114
-127
-119
-121
-118
-81
-96
-102
-122
-142
-114
-102
-74
-80
-74
-42
-76
-87
-55
-61
-24
-8
-8
33
38
24
-7
1
35
47
59
59
35
50
62
59
64
44
35
35
52
26
13
10
-39
-61
-92
-101
-109
-107
-106
-101
-107
-114
-87
-77
-53
-35
-22
-30
-47
-40
-18
-1
4
-20
-50
-67
-49
-29
-39
-34
-32
-35
-44
-75
-79
-59
-29
-5
-8
-6
-21
-47
-52
-75
-69
-88
-85
-96
-110
-106
-123
-155
-196
-246
-277
-293
-298
-274
-249
-229
-248
-253
-245
-237
-236
-205
-177
-174
-183
-198
-169
-176
-174
-152
-149
-125
-96
-115
-116
-100
-84
-75
-87
-81
-77
-19
4
19
-19
-34
-36
-67
-83
-85
-55
-79
-96
-94
-104
-130
-141
-139
-74
-54
-69
-26
-26
-23
-10
-12
8
8
-33
-53
-50
-75
-70
-93
-87
-84
-111
-114
-87
-66
-70
-67
-37
-28
-30
-4
-29
0
9
25
62
50
56
63
54
63
70
89
137
128
105
114
127
158
178
193
192
196
208
196
165
152
141
109
58
-12
-39
-48
-63
-78
-101
-96
-111
-100
-115
-143
-115
-129
-146
-140
-122
-121
-107
-98
-128
-104
-114
-129
-127
-127
-82
-61
-31
-43
-54
-37
-11
7
-7
6
46
48
62
75
72
38
-5
-26
-15
-9
-30
-43
-73
-78
-59
-47
-13
-2
-6
15
33
62
72
46
15
12
-17
-34
-7
-16
9
71
84
42
-4
-45
-20
-2
12
41
74
78
92
125
154
163
170
156
138
150
159
173
179
161
129
139
112
82
55
15
30
40
41
21
13
22
32
14
-1
-6
9
28
-5
21
20
-18
-14
-5
34
60
82
83
111
137
168
155
123
122
114
108
91
85
87
113
116
121
154
153
87
36
3
22
41
12
14
29
49
22
-35
-67
-93
-84
-76
-80
-34
-35
-47
-57
-97
-102
-119
-128
-102
-81
-113
-121
-89
-70
-91
-88
-111
-131
-155
-170
-156
-144
-112
-137
-148
-158
-137
-131
-126
-90
-44
1
12
13
-9
-9
26
6
9
0
-53
-66
-44
-47
-46
-45
-83
-66
-58
-61
-65
-41
-28
-14
2
-22
11
71
92
92
71
86
83
83
117
135
154
157
160
200
255
281
268
236
210
199
221
238
223
200
190
159
128
143
153
155
162
176
160
137
156
157
152
176
169
143
132
111
110
138
138
128
136
111
112
111
88
62
107
115
76
42
12
13
6
-3
20
27
36
29
7
3
6
33
52
54
52
44
31
40
79
108
95
76
94
130
134
146
169
184
195
160
135
142
131
124
110
76
70
17
-7
18
18
33
38
42
5
-17
-11
5
9
-8
13
12
42
43
64
75
54
77
71
73
71
94
93
54
32
13
11
15
22
16
-17
-23
-7
24
28
-5
-22
-24
-27
-9
-8
-28
-40
-22
-32
-25
-21
-62
-94
-109
-111
-125
-138
-159
-193
-235
-251
-234
-205
-183
-151
-144
-172
-160
-139
-135
-107
-79
-31
11
4
-25
-12
-22
-38
-3
-13
-7
-5
-11
36
49
75
109
92
90
101
112
128
108
74
64
64
93
116
120
116
119
116
121
113
91
82
90
129
142
129
138
189
201
215
268
293
301
301
318
302
242
185
157
187
217
233
234
219
192
185
181
194
212
201
204
180
178
166
158
187
207
182
153
128
116
118
138
145
182
173
139
121
140
137
116
109
78
100
96
90
71
71
92
93
137
135
146
144
129
141
178
182
185
196
177
178
155
138
113
94
61
47
49
58
85
72
46
56
65
59
51
29
53
78
30
48
59
7
7
33
30
52
60
52
58
70
75
131
160
197
244
257
252
249
244
282
313
301
290
270
277
274
304
296
278
279
250
221
199
198
212
220
236
237
207
195
145
123
116
109
124
66
29
18
-3
9
-20
-40
-43
-81
-107
-98
-106
-106
-112
-130
-121
-115
-106
-140
-180
-181
-170
-141
-138
-137
-160
-161
-115
-103
-59
-62
-87
-69
-33
-21
-37
-33
2
11
-5
3
0
10
-14
-7
-24
-38
-35
-57
-48
-88
-125
-156
-137
-107
-97
-104
-165
-195
-193
-189
-225
-215
-183
-192
-221
-234
-243
-259
-260
-280
-286
-286
-242
-232
-235
-252
-258
-262
-264
-244
-236
-221
-188
-201
-218
-223
-233
-180
-166
-189
-169
-171
-165
-99
-81
-69
-48
-49
-39
-36
-22
-6
-13
-9
7
17
24
31
32
-33
-58
-77
-93
-43
-54
-86
-80
-83
-78
-62
-44
-52
-57
-71
-110
-85
-69
-43
0
27
37
41
42
73
109
134
119
97
102
120
146
160
171
205
168
152
148
110
71
36
9
2
14
21
25
-22
-33
-18
2
16
-8
-54
-52
-45
-22
-29
-19
-25
-42
-78
-136
-119
-99
-52
-24
6
22
59
40
44
34
28
68
53
64
52
61
82
59
69
103
69
64
48
-3
19
21
2
1
15
3
-11
6
7
19
8
4
13
40
59
81
117
125
132
123
144
195
206
213
227
247
238
240
237
258
259
220
222
232
275
274
247
231
208
225
250
264
264
243
233
211
188
202
195
162
145
147
133
124
147
135
115
108
74
70
54
34
49
26
14
7
5
-11
-26
-61
-112
-137
-132
-138
-135
-177
-186
-159
-187
-163
-156
-157
-182
-202
-215
-217
-212
-209
-189
-167
-156
-160
-167
-148
-139
-149
-137
-107
-74
-65
-68
-65
-85
-95
-90
-129
-125
-160
-183
-201
-224
-203
-175
-175
-186
-182
-177
-171
-162
-160
-168
-159
-202
-212
-230
-289
-303
-326
-319
-306
-307
-313
-333
-302
-290
-269
-243
-221
-216
-222
-214
-212
-223
-229
-244
-234
-179
-157
-126
-105
-122
-145
-126
-97
-86
-74
-90
-92
-70
-31
-47
-82
-94
-88
-52
-38
-49
-63
-81
-78
-35
0
-5
7
4
37
50
45
49
57
63
30
1
6
25
13
6
-26
-14
-7
-15
-17
-46
-73
-99
-106
-78
-76
-61
-41
-32
-45
-65
-80
-85
-69
-84
-92
-98
-95
-90
-73
-73
-81
-101
-107
-74
-49
-61
-118
-153
-155
-139
-126
-126
-154
-194
-202
-227
-235
-229
-218
-171
-184
-199
-205
-233
-216
-194
-217
-213
-202
-199
-173
-132
-110
-117
-132
-155
-164
-156
-132
-119
-139
-134
-133
-144
-124
-120
-151
-168
-193
-188
-156
-117
-46
-44
-42
-39
-66
-14
40
36
71
88
93
107
140
169
189
184
171
200
233
196
182
200
160
161
153
129
133
118
126
137
125
130
111
116
66
20
34
38
39
9
-21
11
5
-41
-56
-60
-11
1
-5
-3
-47
-60
-102
-110
-68
-56
-39
-8
-3
-21
-70
-82
-46
-10
8
4
24
58
88
104
85
64
60
43
46
37
34
24
13
27
-31
-16
-12
-45
-35
-69
-62
-26
-38
-36
-58
-59
-43
-31
-54
-68
-62
-62
-84
-90
-97
-81
-18
-43
-35
-14
-4
25
28
26
25
37
28
46
42
52
58
24
58
54
61
60
44
61
31
-1
-20
-41
-56
-67
-74
-42
-47
-63
-92
-106
-131
-139
-170
-181
-158
-134
-119
-105
-112
-149
-164
-172
-216
-233
-224
-254
-231
-250
-281
-269
-243
-217
-198
-210
-248
-231
-216
-216
-209
-225
-210
-172
-168
-159
-170
-184
-216
-234
-249
-268
-244
-219
-201
-172
-186
-200
-187
-151
-153
-168
-149
-133
-110
-75
-63
-22
7
28
47
41
61
64
84
97
125
149
160
166
169
149
135
129
146
185
177
170
145
155
138
134
129
121
136
118
128
126
75
34
32
10
26
36
24
7
20
65
58
74
88
65
57
57
84
66
63
76
60
83
113
126
97
55
45
62
100
96
25
-3
59
101
141
170
158
167
161
159
139
141
133
100
97
73
71
65
59
66
46
24
16
-11
-5
-7
-16
-27
20
62
27
17
25
1
39
66
64
59
29
15
12
9
15
29
44
65
65
68
90
105
68
25
-35
-45
20
43
17
25
13
-20
-16
-18
5
21
65
72
35
14
-12
-17
-40
-85
-114
-142
-113
-99
-117
-140
-161
-128
-67
-62
-93
-125
-125
-47
-6
-14
-67
-87
-65
-84
-100
-124
-134
-87
-67
-75
-78
-31
30
35
62
61
66
96
107
100
90
84
137
173
179
158
156
207
220
174
169
165
174
208
249
297
322
315
273
248
207
157
138
117
81
107
143
144
157
164
130
113
97
76
72
29
24
54
98
107
108
79
21
-32
-63
-127
-164
-146
-155
-135
-173
-220
-215
-213
-152
-146
-171
-194
-238
-217
-222
-235
-235
-244
-241
-284
-327
-297
-290
-298
-291
-265
-204
-159
-165
-182
-189
-166
-175
-179
-195
-212
-187
-197
-223
-248
-265
-253
-225
-172
-156
-128
-86
-91
-119
-141
-162
-161
-130
-132
-144
-190
-190
-117
-98
-129
-151
-123
-83
-77
-71
-82
-68
-67
-48
-5
7
10
23
41
77
92
99
125
142
179
198
218
254
238
215
229
270
291
261
257
268
260
248
241
236
238
235
227
194
162
166
126
112
82
64
46
-3
45
52
57
65
65
87
93
63
16
-6
-20
-14
-30
-11
5
1
9
5
-8
39
69
47
35
35
59
72
99
112
129
155
164
172
183
234
285
318
368
363
371
366
346
366
363
366
373
374
346
307
293
333
359
354
344
359
346
320
310
280
221
213
182
137
139
139
154
134
91
80
80
51
51
55
73
83
91
102
81
28
5
23
50
99
108
117
90
57
62
47
78
93
88
83
51
58
53
33
3
-20
-23
-36
-38
-4
-1
13
59
88
70
5
-6
12
14
20
9
-4
11
-1
-19
-9
-35
-41
-56
-74
-50
-25
-3
-19
-36
-12
16
9
5
24
45
60
45
24
20
37
66
84
80
106
129
142
131
94
55
7
-17
2
-21
-19
26
35
-9
-47
-92
-107
-72
-79
-125
-144
-189
-207
-164
-178
-199
-238
-279
-284
-305
-315
-310
-314
-321
-322
-296
-290
-291
-291
-318
-352
-349
-324
-288
-273
-291
-272
-245
-193
-154
-173
-200
-168
-122
-129
-116
-133
-143
-92
-85
-122
-122
-104
-106
-94
-98
-90
-108
-112
-116
-167
-182
-154
-127
-138
-171
-193
-195
-157
-128
-128
-133
-140
-113
-86
-60
-71
-52
-54
-58
-67
-81
-65
-53
-72
-74
-79
-85
-51
-18
-14
-39
-34
-48
-23
-14
-17
-14
-33
-24
-44
-65
-64
-67
-70
-65
-76
-131
-177
-196
-187
-187
-176
-144
-115
-92
-114
-134
-133
-71
-6
-15
-29
-30
45
103
103
57
26
48
56
108
119
114
157
182
205
240
232
243
239
200
197
203
264
303
280
233
186
193
208
211
172
160
181
199
