-12
-5
33
55
74
53
54
82
93
137
149
130
92
60
66
140
54
-13
8
-5
3
-3
2
-2
2
-1
1
-1
0
0
0
0
1
0
0
0
0
0
0
0
0
0
0
0
0
0
0
0
0
0
0
0
0
0
-1
0
0
0
0
0
0
0
0
0
0
0
0
0
1
0
0
0
0
0
0
0
1
0
0
0
1
1
0
0
0
-1
1
1
0
0
0
0
0
0
0
1
0
0
0
1
0
0
0
0
0
-1
0
0
0
0
0
0
0
0
0
0
-1
-1
-1
0
0
0
0
-1
0
0
0
0
0
0
0
0
0
1
0
1
0
0
0
0
0
0
1
-1
0
1
-1
0
0
0
0
0
0
0
-1
0
0
0
0
0
0
0
1
0
0
-1
0
0
0
1
-1
3
-3
5
-9
18
-164
-265
-222
-199
-163
-159
-127
-91
-94
-105
-98
-104
-86
-99
-55
-44
-79
-83
-76
-87
-89
-67
-55
-58
-81
-111
-116
-138
-136
-136
-144
-168
-210
-205
-183
-126
-89
-95
-130
-166
-173
-178
-175
-163
-127
-102
-112
-147
-171
-200
-204
-132
-68
-16
29
10
3
-14
-4
33
81
107
114
131
78
21
-10
16
46
72
68
80
72
20
17
-24
-62
-81
-75
-8
8
7
10
-1
6
0
1
-5
-3
8
4
5
0
-5
-10
0
2
0
-8
-8
-8
2
3
14
6
-2
3
-8
12
9
3
6
-3
-6
-1
-4
-3
-7
1
1
-4
3
1
1
0
-3
-2
-14
-12
-9
-15
-7
-9
-4
2
-3
-8
0
10
3
2
-1
-10
-1
4
0
3
4
-8
0
8
0
-3
-7
-14
-3
-8
2
1
-12
4
-4
-2
6
3
2
4
3
-1
11
8
-2
2
-12
-18
-9
-10
4
13
-5
-5
0
3
7
3
-9
3
7
-3
6
-6
-5
3
0
1
2
-1
-2
-6
-7
-3
11
9
-7
3
-4
-13
-2
-7
-11
-3
-7
3
10
-6
2
2
-12
-9
-6
-10
-6
-13
-13
7
-2
-19
-10
0
-2
-6
-2
1
8
6
-5
-3
12
13
10
3
-6
-5
-11
7
17
6
-2
-3
-13
2
7
3
6
-7
-10
-9
-6
1
2
8
9
5
19
7
9
-6
4
18
7
19
8
2
4
2
0
3
0
6
14
0
-8
-1
3
7
14
-5
-5
2
5
9
3
-4
3
-6
4
-1
-18
-10
-6
8
1
-6
-10
-3
-9
-2
-5
-1
10
2
-9
-1
-3
1
4
1
2
2
-1
-1
-1
0
-4
5
-5
7
7
3
10
-3
11
6
9
2
-5
5
4
11
11
11
-2
8
11
1
9
11
12
9
-1
-1
-2
-1
6
9
17
8
4
3
0
5
2
-1
2
5
10
9
-2
-7
-3
-5
1
4
-1
7
10
7
-1
4
-3
-8
-7
-9
-4
-7
2
3
4
2
-3
3
1
3
1
-1
7
-2
-4
2
-8
-6
2
2
4
10
2
1
-3
-2
-4
-5
4
-3
1
-7
-2
1
-4
-12
-10
3
7
4
8
7
3
6
11
7
6
6
3
1
-1
-6
-5
-1
5
4
-1
-16
-7
2
9
12
13
-4
-5
-8
-27
-11
-17
-12
0
-11
-17
-7
4
-8
11
10
-11
-20
-11
-27
-13
-5
-14
2
-15
11
6
9
10
-11
-16
-8
-13
-8
13
2
0
4
-7
-14
-47
-37
-13
-3
11
-10
-23
-11
-6
-23
-15
-7
-6
-15
-16
-14
-13
-12
-18
-14
-3
1
-1
-10
-22
-33
-11
-2
-1
1
-8
-13
-4
-3
6
15
7
4
-6
6
15
25
-5
-14
-18
5
5
-8
-10
-1
4
-8
-3
-18
-18
-31
-27
-21
-25
-20
-16
-14
-16
-18
0
9
0
3
17
-7
-25
-17
-16
-3
-2
3
-7
-5
2
-15
-5
-16
-9
2
-1
-9
-5
-13
-9
-3
-16
15
10
6
10
-12
-11
-9
-6
-15
-28
-21
-8
3
0
-2
8
3
7
22
16
4
-1
18
5
3
10
14
18
8
-2
-10
-27
-18
-5
26
18
2
11
24
16
-1
13
5
-4
11
31
25
1
-12
10
28
9
1
14
-1
-8
-23
-18
-3
0
-1
-25
-15
-1
-18
-24
-16
15
27
37
24
8
9
6
5
11
12
-1
-17
8
16
16
16
10
33
13
6
-5
-22
5
19
2
-10
-20
-10
3
-3
-14
-16
-7
-4
12
11
0
9
2
-8
-2
6
13
7
-5
-29
-6
8
28
33
7
19
20
19
13
4
-12
-9
9
25
64
43
18
-3
-18
-20
-17
-6
-4
23
52
53
54
30
-3
-5
11
16
22
22
33
35
29
34
20
25
19
-9
-11
16
29
52
43
20
7
-25
-44
-29
7
17
-7
-18
-19
5
32
41
24
7
21
23
41
39
1
7
22
15
8
20
11
17
-1
-6
-9
-36
-41
-31
-23
-6
14
6
9
7
14
16
-11
-27
-10
-15
-16
-12
-13
1
0
-30
-44
-24
-49
-46
-31
-27
0
2
-14
-28
-19
-17
1
24
48
49
20
9
4
-20
-43
-20
-13
-19
-16
-19
-25
-19
-8
16
13
-3
-10
8
21
42
69
34
41
16
-25
-34
-19
-19
-20
-21
-20
-23
-47
-48
-48
-64
-69
-58
-72
-77
-68
-55
-51
-39
-8
-5
-16
-49
-40
-31
-30
-18
-30
-41
-31
-12
-17
-36
-22
-10
26
41
30
42
48
55
56
56
25
8
12
62
80
52
23
-8
-4
23
19
6
18
4
-14
-32
-11
8
4
13
3
-24
-28
-19
-17
11
23
1
-2
2
4
11
10
3
5
-13
-23
0
-1
2
-17
-29
-39
-65
-67
-52
-32
-47
-82
-76
-53
-44
-15
22
17
2
-4
20
33
17
-1
-2
3
9
-10
-17
-18
-28
-26
0
11
16
20
2
-23
-13
-2
-19
-14
-4
-9
-6
16
43
53
29
12
2
-12
-13
-9
4
23
62
79
43
13
-23
-39
-59
-90
-90
-62
-74
-78
-59
-56
-20
-2
0
3
-21
-14
4
-9
-3
-6
-5
16
5
-27
-50
-28
14
13
16
32
51
57
35
19
47
53
11
-21
-33
-55
-64
-71
-71
-40
-40
-26
-17
-59
-83
-70
-80
-77
-76
-73
-73
-64
-46
-37
8
17
26
12
4
20
31
53
60
37
15
25
20
30
47
25
28
34
38
47
40
43
25
19
28
15
-9
-14
10
1
-13
-19
-13
7
-2
-25
24
56
31
64
82
66
45
53
47
59
95
91
109
114
106
80
75
86
67
47
13
7
1
-7
-27
-31
-57
-47
-34
-39
-9
-55
-44
-31
-24
-43
-60
-45
-29
-21
-9
-31
-51
-31
-22
-21
-4
15
35
71
63
62
62
32
53
56
34
39
37
37
35
48
85
72
37
2
-22
-3
44
75
67
35
21
-17
-26
12
36
53
73
81
47
12
35
37
44
29
12
23
11
34
16
6
5
-7
-16
-16
-13
-11
9
17
28
12
10
3
-14
-2
1
-2
35
41
22
35
26
0
14
18
0
14
-2
-40
-22
-29
-55
-16
4
-9
-51
-50
-33
-19
16
42
50
66
89
74
39
10
20
33
55
26
-6
-18
-10
8
9
-5
-19
-12
-18
-6
22
37
31
38
85
87
95
101
79
83
62
66
49
34
32
14
4
-1
-17
-23
1
-22
-44
-12
-19
-29
-31
-44
-39
-36
-43
-70
-88
-76
-67
-59
-38
-44
-50
-27
-34
0
0
-24
-28
-40
-16
-1
31
54
41
42
55
72
55
39
36
-3
-24
-25
-19
-18
-35
-18
-32
-57
-82
-122
-134
-113
-101
-91
-72
-61
-38
-34
-33
-36
-24
-7
-10
-27
-14
-26
-27
-47
-51
-26
-50
-62
-86
-80
-75
-62
-88
-105
-93
-111
-106
-128
-113
-69
-51
-40
-50
-63
-56
-76
-78
-70
-72
-92
-93
-63
-50
-44
-41
-54
-53
-52
-29
-45
-74
-68
-93
-79
-98
-113
-127
-156
-129
-90
-66
-62
-52
-54
-47
-40
-49
-45
-37
-69
-102
-128
-128
-109
-67
-36
-3
-4
-10
11
11
-9
-12
-23
-16
-18
-53
-68
-53
-51
-58
-69
-100
-102
-121
-134
-101
-50
-19
6
19
19
14
9
11
43
86
99
90
54
45
68
73
78
98
95
64
46
80
102
72
36
9
5
5
30
55
72
59
65
86
63
41
5
15
24
16
28
33
1
-7
13
33
88
136
159
160
148
92
97
85
48
-7
-47
-61
-83
-103
-92
-91
-101
-99
-80
-59
-13
13
29
24
0
-3
2
8
-1
-17
-25
-15
-20
2
26
36
41
32
33
62
78
117
128
104
97
99
111
173
230
248
257
258
268
275
276
265
249
206
157
161
178
193
198
173
170
170
140
155
195
212
231
205
142
139
131
132
139
136
118
140
167
141
132
110
123
112
112
116
122
89
81
104
147
171
161
137
86
124
154
175
160
140
133
122
111
114
117
111
90
59
64
64
75
69
102
94
78
116
124
125
112
102
101
90
83
74
61
33
30
36
63
83
95
95
113
110
109
127
109
120
75
52
52
53
35
-4
-12
-52
-58
-62
-85
-96
-102
-109
-64
-31
-18
22
10
-9
-22
-24
-41
-37
-28
-31
-34
-62
-73
-63
-70
-82
-92
-75
-29
-21
-21
5
-24
-36
-35
-47
-32
-16
-42
-75
-77
-100
-109
-118
-136
-141
-158
-186
-180
-186
-148
-108
-94
-69
-64
-66
-47
-23
2
-1
-10
23
51
58
29
27
19
-25
-58
-79
-78
-90
-92
-91
-104
-96
-106
-147
-131
-125
-113
-124
-179
-186
-184
-180
-155
-143
-165
-190
-201
-247
-240
-237
-246
-234
-255
-264
-255
-233
-194
-151
-132
-126
-108
-92
-76
-55
-56
-85
-98
-128
-155
-155
-150
-125
-90
-82
-72
-72
-83
-63
-67
-85
-109
-118
-111
-105
-120
-151
-172
-154
-157
-199
-240
-291
-259
-224
-234
-214
-199
-193
-208
-165
-138
-121
-121
-135
-120
-114
-136
-154
-146
-176
-158
-135
-126
-93
-97
-60
-11
1
19
59
87
123
131
143
140
124
149
118
88
70
66
43
21
27
21
20
5
-26
-47
-49
-51
-62
-85
-81
-98
-112
-115
-145
-161
-127
-94
-102
-117
-140
-141
-143
-123
-111
-110
-71
-61
-52
-25
1
27
76
97
120
127
108
114
123
91
70
42
40
77
92
112
96
68
45
26
-9
-44
-35
-50
-65
-36
-42
-31
25
51
112
154
163
184
198
221
247
236
191
171
170
176
188
209
207
224
189
168
201
180
196
200
171
174
195
214
222
227
166
137
141
104
70
43
57
71
123
147
141
108
77
117
117
103
103
117
159
191
222
229
212
203
219
250
276
281
257
263
286
307
331
302
275
253
228
226
226
249
260
264
262
248
267
304
314
309
307
325
330
319
277
283
297
277
295
284
282
300
279
259
240
265
289
273
256
258
276
292
321
339
365
355
309
291
261
260
256
204
164
149
125
109
99
86
70
51
52
49
47
9
-29
-16
-15
-27
-38
-56
-61
-66
-77
-87
-80
-47
-65
-59
-41
-20
1
-51
-53
-103
-87
-500
-58
307
-78
-202
-414
39
345
-63
-379
-214
95
-75
-318
-55
56
-221
-364
-48
142
-195
-373
-111
-64
-323
-403
-127
-55
-364
-458
-153
-45
-339
-470
-250
-170
-399
-561
-279
-82
-278
-407
-216
-32
-200
-345
-175
38
-84
-223
-124
-84
-197
-258
-115
-51
-180
-178
-92
-36
-133
-183
-88
-51
-122
-190
-115
-53
-100
-154
-125
-66
-121
-183
-156
-167
-230
-290
-276
-251
-282
-294
-284
-257
-278
-305
-303
-281
-278
-271
-254
-263
-241
-212
-197
-166
-176
-201
-208
-216
-214
-191
-157
-133
-117
-120
-117
-117
-117
-126
-120
-96
-93
-140
-142
-98
-72
-62
-46
-23
-31
-53
-35
-18
5
3
-11
17
30
3
-27
-55
-39
-57
-66
-78
-67
-65
-74
-16
-22
-39
-42
-33
3
21
38
31
-13
-9
-27
-24
-23
-39
-38
-87
-133
-187
-139
-63
-88
-105
-82
-32
-17
-46
-32
3
-5
-13
11
42
36
-31
-17
15
-16
-32
-36
-24
-87
-137
-125
-109
-79
-71
-43
16
2
-17
2
23
7
-16
28
56
46
-10
-45
-47
-64
-77
-52
2
-6
-46
-62
-21
-12
-38
-14
51
82
87
102
122
122
130
91
54
100
122
89
50
56
56
37
43
47
22
2
11
5
-38
-47
-24
-24
-31
-54
-51
-42
-57
-59
-25
-22
-72
-84
-24
5
-9
-13
-38
-40
-50
-62
-15
31
-26
-54
-16
35
47
37
40
6
-16
-35
-10
2
18
95
114
113
118
114
110
89
54
37
38
74
52
32
47
67
90
72
46
40
42
59
84
104
110
71
57
62
91
123
65
18
34
46
44
39
54
76
85
65
38
52
64
86
52
50
66
57
48
43
36
19
61
56
35
48
53
77
77
65
67
90
111
86
51
59
70
67
80
73
100
102
98
87
81
113
155
140
99
120
136
98
85
90
78
78
77
117
133
132
138
138
127
76
37
72
70
59
62
43
23
-4
6
17
31
28
0
42
30
21
72
89
107
84
60
52
37
-3
-30
22
-5
-19
78
91
116
142
130
245
274
220
252
222
233
291
248
266
299
297
299
267
238
236
221
195
170
202
207
186
203
217
214
172
148
171
209
192
195
204
182
230
258
235
240
262
292
291
261
275
287
298
302
263
241
228
222
198
197
204
178
187
216
192
156
142
113
117
108
74
53
77
104
123
172
178
176
174
157
162
148
170
204
190
191
221
243
264
311
314
309
302
306
327
311
294
260
229
211
191
156
106
87
39
-2
31
15
-7
29
11
-38
-52
-69
-73
-35
-24
-52
-43
-36
-9
7
-35
-58
-21
10
46
24
-20
-26
5
45
108
142
132
122
128
155
151
156
167
205
193
174
199
207
211
203
169
189
200
149
90
25
4
-1
-56
-34
0
-74
-96
-56
-20
-5
-29
-35
-53
-87
-111
-154
-154
-163
-208
-205
-191
-223
-238
-244
-257
-237
-244
-261
-224
-216
-224
-178
-157
-180
-219
-244
-191
-211
-217
-189
-189
-158
-163
-140
-136
-164
-183
-193
-140
-126
-139
-148
-127
-88
-101
-86
-57
-89
-136
-107
-85
-113
-149
-178
-156
-122
-126
-159
-172
-193
-246
-221
-171
-182
-209
-272
-288
-323
-353
-367
-369
-371
-391
-384
-346
-300
-279
-279
-272
-262
-271
-270
-262
-251
-265
-262
-223
-238
-250
-249
-253
-250
-260
-235
-201
-201
-187
-189
-170
-144
-153
-172
-166
-176
-211
-187
-184
-179
-186
-193
-172
-161
-164
-200
-245
-227
-227
-264
-212
-178
-180
-163
-166
-145
-122
-88
-53
-19
-37
-87
-74
-77
-50
-20
4
2
-1
19
-5
18
36
33
43
-6
-29
-26
-23
12
31
22
25
16
3
16
23
5
-1
-18
-18
8
-2
2
22
35
55
62
91
112
147
136
165
199
207
243
266
246
243
289
298
292
269
271
308
337
354
371
412
433
452
506
496
491
509
490
510
534
496
469
468
475
486
498
475
471
491
468
508
514
517
540
547
518
522
518
480
451
378
348
362
349
341
326
293
315
342
363
347
295
302
334
359
367
396
411
422
382
340
318
328
355
369
367
346
318
329
369
385
390
378
390
383
340
319
345
336
328
330
308
326
308
282
288
259
251
251
246
228
181
87
35
9
-37
-84
-129
-119
-106
-105
-101
-126
-167
-159
-150
-142
-146
-143
-131
-122
-125
-116
-147
-149
-119
-102
-81
-88
-121
-140
-167
-172
-162
-194
-247
-267
-266
-268
-235
-210
-208
-202
-165
-139
-141
-152
-129
-124
-153
-157
-152
-145
-137
-109
-86
-69
-47
-48
-47
-63
-80
-81
-87
-62
-48
-71
-102
-95
-106
-123
-115
-137
-136
-162
-206
-223
-227
-228
-195
-170
-208
-241
-273
-272
-235
-218
-226
-207
-236
-267
-246
-235
-272
-289
-326
-349
-335
-372
-401
-439
-446
-461
-465
-458
-503
-518
-559
-554
-536
-575
-582
-585
-622
-623
-610
-553
-525
-525
-499
-496
-491
-477
-470
-476
-486
-495
-463
-430
-426
-445
-436
-424
-434
-436
-408
-368
-371
-395
-374
-351
-355
-348
-347
-323
-324
-337
-322
-328
-304
-305
-301
-268
-228
-221
-239
-248
-253
-279
-295
-285
-276
-257
-242
-245
-292
-316
-293
-267
-279
-326
-346
-356
-386
-383
-345
-353
-364
-335
-302
-291
-331
-309
-268
-279
-267
-258
-241
-249
-257
-243
-223
-221
-221
-181
-134
-100
-106
-83
-10
27
16
11
3
32
73
84
102
103
68
93
122
49
14
10
16
76
113
97
89
84
74
107
112
79
72
77
94
121
96
81
77
56
60
58
47
26
31
50
52
33
15
22
29
35
71
111
146
131
140
174
191
211
273
355
397
359
340
321
304
294
279
303
296
254
212
244
262
240
229
220
195
156
142
169
191
202
222
255
267
209
184
192
238
269
283
295
278
292
299
319
323
320
309
324
332
344
362
343
322
286
251
252
234
231
260
261
278
249
250
268
258
233
195
193
197
196
213
223
229
239
203
200
212
210
210
196
189
152
128
152
163
108
44
39
50
55
42
19
-44
-118
-153
-122
-97
-112
-131
-156
-193
-200
-145
-125
-120
-147
-146
-98
-96
-109
-106
-118
-142
-156
-172
-153
-147
-135
-140
-124
-77
-65
-79
-100
-115
-128
-93
-62
-56
-69
-98
-110
-72
-92
-94
-90
-116
-125
-130
-107
-120
-138
-142
-139
-110
-123
-175
-211
-243
-235
-205
-222
-248
-250
-260
-254
-240
-228
-180
-153
-183
-214
-204
-194
-207
-213
-222
-227
-240
-257
-300
-292
-283
-268
-269
-306
-344
-358
-299
-245
-218
-224
-228
-202
-173
-136
-109
-159
-225
-234
-216
-166
-149
-144
-133
-159
-118
-142
-141
-118
-226
-178
-213
-239
-112
-103
-66
-158
-247
-241
-101
-79
-161
-258
-299
-173
-83
-109
-203
-210
-162
-87
-192
-255
-233
-208
-183
-246
-310
-304
-241
-249
-253
-305
-382
-394
-360
-257
-280
-250
-242
-252
-280
-325
-285
-294
-256
-305
-285
-269
-311
-318
-326
-353
-333
-385
-379
-377
-279
-469
-342
-95
-83
-71
-295
-249
-150
-80
-260
-264
-157
-72
-130
-41
52
125
45
-8
159
150
145
122
118
204
190
174
192
200
212
216
192
160
182
181
155
141
88
124
176
184
159
102
103
113
119
76
123
157
119
109
120
147
140
120
107
79
109
172
273
266
241
235
182
200
160
148
116
108
153
165
181
181
174
159
154
112
111
106
150
185
206
210
227
226
236
225
188
316
356
419
343
256
243
377
351
228
121
152
250
293
237
82
2
0
86
73
15
22
80
147
160
132
110
97
87
113
112
90
112
136
164
172
164
148
179
143
102
113
132
105
117
131
120
105
104
128
132
122
106
99
56
19
-8
-34
-19
22
-4
-26
1
34
111
138
120
134
165
168
142
129
125
102
74
53
93
147
121
115
103
105
73
50
36
40
66
40
49
93
103
127
121
94
95
51
71
93
123
136
120
115
94
101
87
77
73
32
-5
29
-36
-78
-21
-74
-23
-54
-163
-96
-166
-147
-79
-72
-37
-118
-134
-51
56
68
20
-11
21
102
85
66
81
91
203
247
241
250
190
216
261
200
174
169
148
138
124
122
93
27
-13
-26
-22
-3
12
14
-7
-3
50
11
-22
-40
-16
24
24
19
-13
-28
-1
-3
-21
-25
-3
18
34
47
49
93
110
97
80
70
56
44
44
55
50
28
43
87
91
117
155
170
165
163
182
173
183
168
147
117
81
78
84
105
111
126
112
105
90
63
80
100
76
48
19
5
68
91
39
21
12
24
51
61
18
-18
-44
-27
8
-5
-46
-54
-20
-14
-2
-19
-35
-13
3
-1
28
27
41
76
52
41
36
42
57
115
162
138
188
176
216
229
182
189
151
171
179
192
191
165
170
160
172
156
136
123
107
67
46
118
197
202
82
4
33
94
113
11
-34
-13
1
39
66
48
12
80
116
113
142
123
123
117
90
117
145
137
145
136
112
130
142
135
174
160
119
111
118
134
137
133
113
110
101
140
139
113
111
53
49
49
13
4
-14
-28
-53
-63
-52
-68
-43
-28
-15
17
48
49
55
25
-7
8
47
41
11
22
73
72
30
-12
2
-2
-28
-22
-38
-17
-41
-50
-51
-105
-138
-153
-156
-169
-186
-166
-184
-162
-150
-165
-132
-139
-149
-118
-115
-97
-113
-170
-176
-176
-154
-153
-164
-136
-129
-80
-82
-117
-156
-193
-169
-152
-157
-182
-155
-128
-111
-79
-89
-114
-119
-161
-164
-111
-78
-54
-22
-5
12
3
47
74
46
35
-1
10
67
117
98
38
20
19
31
48
39
33
10
16
53
38
1
-11
-31
-28
-20
-24
6
32
45
35
21
5
27
25
4
1
-13
-20
14
38
-4
26
25
26
38
-10
-27
-5
60
103
124
128
121
131
156
139
146
133
113
110
83
108
93
88
111
140
125
105
118
116
125
161
184
212
201
147
130
129
133
109
95
75
66
103
130
138
119
112
139
180
188
168
156
145
170
176
149
156
169
157
131
98
76
95
105
73
87
118
119
140
157
155
138
128
111
127
137
139
127
110
117
126
114
91
76
44
9
-13
-3
-2
11
33
36
88
138
115
80
54
46
104
110
86
91
97
73
84
50
21
67
54
25
21
40
87
108
109
85
75
55
78
120
117
88
70
73
84
77
44
24
16
33
38
24
-34
-64
-82
-97
-92
-128
-122
-114
-111
-89
-98
-88
-54
-41
-37
-41
-60
-94
-96
-64
-62
-66
-78
-87
-92
-58
-24
-18
3
-1
-2
-17
-25
-22
-29
-66
-87
-75
-114
-137
-195
-254
-245
-240
-199
-208
-258
-261
-254
-261
-256
-268
-271
-241
-224
-216
-228
-272
-288
-286
-310
-310
-330
-323
-292
-289
-294
-265
-260
-270
-233
-244
-251
-233
-211
-185
-194
-175
-145
-103
-81
-107
-146
-165
-157
-121
-117
-155
-220
-243
-219
-221
-247
-274
-280
-301
-271
-265
-281
-290
-293
-289
-297
-277
-277
-271
-288
-303
-294
-261
-258
-257
-254
-252
-265
-296
-285
-308
-351
-397
-393
-364
-330
-339
-374
-393
-378
-367
-373
-368
-376
-347
-335
-289
-268
-321
-320
-303
-275
-269
-268
-247
-209
-161
-134
-132
-135
-87
-60
-76
-109
-124
-109
-64
-44
-56
-58
-67
-73
-70
-92
-110
-76
-83
-103
-66
-52
-76
-61
-31
-44
-43
-32
-27
8
11
43
75
87
109
103
76
85
105
119
141
159
129
140
150
142
168
158
144
139
144
133
128
121
129
135
103
66
53
47
68
82
97
112
140
113
88
108
122
178
145
132
181
198
201
159
156
146
163
208
250
311
311
289
271
259
206
188
216
196
170
126
143
158
141
167
143
83
15
-2
55
63
62
63
52
35
22
38
50
62
5
26
61
41
43
-17
42
128
151
197
192
165
131
84
102
124
95
56
103
171
181
183
201
241
175
133
128
122
96
50
48
47
43
13
-22
-60
-93
-75
-76
-80
-90
-76
-7
61
68
19
26
86
103
132
144
150
166
161
198
194
148
171
192
199
194
171
148
127
97
51
22
47
71
57
46
23
-18
-37
-26
17
39
39
-5
9
16
-10
-57
-85
-107
-111
-118
-159
-128
-146
-149
-169
-218
-257
-270
-283
-305
-337
-367
-333
-293
-284
-281
-312
-336
-318
-286
-292
-309
-297
-271
-244
-241
-276
-301
-317
-302
-274
-256
-238
-231
-236
-219
-208
-233
-252
-261
-263
-234
-200
-218
-209
-214
-200
-168
-206
-229
-213
-194
-211
-255
-273
-255
-212
-256
-299
-270
-257
-267
-252
-281
-287
-300
-284
-199
-203
-225
-222
-231
-203
-178
-133
-55
-129
-195
-194
-160
-121
-142
-107
-73
-88
-79
-86
-86
-23
3
17
18
-15
-40
-45
-63
-115
-116
-105
-69
-93
-100
-62
-47
-66
-92
-119
-125
-105
-114
-118
-107
-69
-47
-30
-4
-8
-7
2
34
71
69
79
70
65
50
41
20
21
51
37
26
49
32
-5
-25
-16
-16
-14
-18
-21
-6
-26
-28
-11
18
-3
15
40
22
22
21
21
48
110
145
164
172
195
218
225
207
212
210
232
296
311
322
346
316
309
299
281
291
231
241
277
296
283
233
203
195
175
144
121
114
124
136
190
188
177
165
142
124
144
150
137
140
134
126
103
104
98
108
130
124
156
157
147
171
166
170
191
190
192
192
197
218
223
210
173
141
122
91
107
48
-10
-14
-66
-112
-144
-152
-148
-143
-192
-204
-176
-143
-131
-157
-157
-123
-93
-94
-92
-91
-72
-52
-70
-74
-53
-56
-57
-33
4
-25
-69
-102
-129
-117
-118
-116
-107
-131
-138
-122
-74
-94
-195
-152
-126
-30
-17
-69
-61
-56
-24
-38
-62
-45
-27
15
70
76
70
65
57
90
112
125
166
188
185
137
86
79
84
72
50
60
52
36
77
110
126
124
103
101
136
151
129
128
126
134
137
110
65
100
95
-21
56
92
154
134
23
7
43
111
99
102
149
161
150
176
165
121
84
85
112
67
58
118
116
115
86
101
108
94
96
108
88
51
25
9
38
88
55
66
92
96
108
99
113
179
197
189
199
193
190
222
226
221
223
216
218
172
166
155
161
175
147
115
80
73
75
85
61
20
-9
-4
30
21
15
-2
-33
-9
3
16
21
1
10
22
18
15
24
58
71
80
103
127
158
142
120
161
195
191
172
183
198
218
245
218
201
190
162
173
145
142
123
113
116
110
113
116
110
98
64
41
20
0
0
-10
22
38
34
33
4
-44
-66
-66
-48
-33
-24
0
22
80
93
47
42
39
-1
-21
-22
5
9
4
7
7
11
7
-22
-54
-78
-59
-31
-48
-51
-85
-91
-59
-57
-57
-57
-49
-46
-8
21
55
41
23
-1
-21
-34
-46
-27
-9
12
-3
-46
-35
-31
-32
-39
-36
-42
-41
-21
11
20
-41
-50
-29
-9
4
-19
-6
21
-9
-30
-53
-81
-101
-115
-56
-44
-117
-173
-199
-201
-216
-235
-213
-203
-192
-182
-169
-146
-169
-191
-187
-216
-201
-154
-149
-124
-157
-174
-154
-155
-162
-175
-171
-169
-153
-109
-77
-52
-34
-21
-17
0
12
17
16
-8
-9
-34
-58
-98
-106
-100
-95
-85
-79
-90
-105
-112
-152
-175
-168
-171
-191
-214
-289
-306
-303
-310
-294
-326
-316
-304
-318
-287
-265
-238
-208
-218
-210
-170
-127
-69
-43
-45
-50
-41
-24
-5
-1
-24
-36
-50
-34
-45
-76
-90
-104
-65
-29
6
23
41
0
-15
23
44
90
95
63
65
97
100
132
151
148
119
119
146
131
103
125
133
122
122
99
95
82
95
116
133
153
144
179
219
247
252
265
286
300
281
244
263
278
276
297
321
332
361
383
390
364
341
338
336
336
303
316
311
284
272
255
235
230
245
255
271
246
239
241
219
195
190
170
148
111
69
62
101
131
149
152
129
61
38
10
-33
-30
-61
-42
-44
-52
-80
-82
-69
-62
-38
-23
13
26
47
73
84
86
95
94
90
111
108
139
158
164
193
200
179
188
196
185
177
171
149
102
74
54
17
38
33
34
32
26
10
2
7
1
11
-3
-1
-4
5
-1
-13
-3
13
42
10
6
48
58
47
41
33
49
53
41
38
36
24
22
3
-34
-47
-65
-78
-113
-109
-101
-86
-51
-51
-62
-69
-78
-94
-92
-103
-75
-25
-2
14
-14
-34
-30
-38
-53
-105
-135
-131
-138
-159
-161
-165
-155
-171
-166
-179
-208
-211
-204
-188
-163
-181
-232
-254
-253
-235
-241
-258
-295
-329
-357
-368
-359
-374
-409
-391
-383
-398
-415
-453
-493
-499
-505
-501
-460
-434
-401
-320
-282
-293
-298
-291
-265
-235
-205
-234
-279
-283
-294
-283
-300
-349
-352
-350
-341
-306
-301
-300
-286
-266
-221
-211
-248
-269
-300
-280
-259
-263
-249
-258
-250
-263
-282
-281
-264
-221
-212
-199
-175
-134
-93
-64
-74
-67
-42
-66
-87
-135
-166
-196
-203
-236
-255
-253
-254
-273
-270
-247
-250
-259
-220
-219
-259
-254
-216
-159
-147
-176
-187
-151
-133
-111
-79
-76
-47
12
20
13
9
43
110
148
137
118
159
216
208
153
110
61
48
52
35
31
3
-1
12
34
31
7
-5
-25
-32
-28
16
33
42
28
-1
13
19
20
41
51
67
86
85
110
115
74
81
85
103
129
165
205
176
176
228
254
290
281
278
287
265
265
264
263
249
249
255
268
281
273
254
230
241
222
224
231
234
225
196
176
166
180
162
141
138
149
154
149
157
134
113
104
94
86
93
105
127
152
215
240
215
173
144
113
119
174
228
243
198
196
165
144
142
116
93
91
67
54
24
-42
-41
-53
-51
-54
-29
-25
-18
1
-35
-39
-50
-44
-17
-26
-31
13
37
23
17
12
25
14
10
26
4
-26
-37
-37
-52
-17
6
26
58
63
58
69
71
58
60
74
103
102
100
81
79
75
46
11
-25
-65
-71
-80
-114
-116
-74
-37
-54
-35
-43
-51
-62
-76
-57
-35
-22
-28
-22
-18
-26
-26
-56
-34
-5
-22
-26
-57
-58
-24
-9
-44
-45
-65
-103
-108
-93
-75
-54
-35
-51
-46
-45
-48
-32
-35
-48
-61
-70
-94
-104
-89
-49
-27
-14
-12
-30
-20
-17
-30
-11
0
-3
-8
-35
-62
-46
-68
-69
-61
-82
-79
-105
-124
-152
-147
-158
-196
-222
-263
-271
-260
-256
-248
-238
-238
-204
-172
-161
-173
-215
-205
-143
-59
-40
-26
-40
-61
-63
-86
-61
-57
-56
-32
-20
-23
17
23
12
18
-7
2
9
29
63
82
83
78
79
59
27
1
-15
15
30
-1
-7
-35
-54
-47
-47
-24
-36
-94
-158
-175
-166
-174
-166
-157
-173
-178
-186
-195
-177
-141
-152
-143
-129
-110
-63
-27
16
60
77
75
75
103
143
183
180
183
179
143
146
146
120
124
117
72
56
57
32
32
30
34
41
-12
-56
-48
-12
32
38
2
19
6
25
62
77
94
146
180
158
129
135
116
114
136
108
150
143
159
188
173
159
150
167
216
250
204
167
149
133
119
98
77
39
8
10
44
70
50
54
40
48
75
87
100
91
90
54
39
3
-39
-61
-64
-68
-82
-43
-28
-20
-5
-13
7
41
32
52
108
99
111
115
116
115
116
98
76
93
109
110
105
115
141
152
130
141
158
129
98
58
50
46
47
50
23
41
61
48
41
29
26
8
19
13
14
20
13
30
26
24
22
39
35
38
39
39
73
91
69
72
56
39
70
79
105
126
118
125
127
107
116
119
100
139
155
126
130
119
122
133
126
131
122
93
106
135
149
139
118
95
68
53
35
25
21
17
27
31
29
25
42
33
44
59
85
131
131
115
59
11
-19
-19
-45
-90
-100
-125
-121
-114
-117
-70
-72
-102
-94
-77
-51
-50
-41
-13
6
34
69
97
132
170
212
239
214
206
255
270
251
230
206
231
267
250
237
222
214
207
174
161
151
147
158
160
153
159
151
127
105
94
111
150
149
110
79
87
104
85
74
82
86
92
61
62
31
3
24
23
32
35
44
80
109
89
63
52
39
21
11
19
25
17
10
2
-11
-7
-5
11
33
41
40
57
67
39
33
12
3
-40
-81
-104
-118
-101
-100
-99
-133
-151
-155
-133
-115
-142
-156
-143
-128
-141
-144
-132
-127
-91
-57
-5
6
29
75
78
90
83
83
105
141
173
194
174
155
129
92
68
80
96
104
124
111
130
136
143
170
191
205
176
176
173
186
201
169
177
176
164
160
138
112
105
83
68
79
58
72
96
127
127
102
70
16
-17
-37
-23
10
35
-23
-67
-71
-66
-45
-61
-82
-118
-148
-140
-106
-82
-95
-87
-85
-74
-39
-31
-22
-36
-42
-26
-26
-32
-20
-4
-29
-66
-94
-64
-45
-46
-78
-89
-84
-108
-125
-147
-148
-146
-147
-155
-134
-143
-152
-155
-177
-180
-192
-163
-114
-99
-137
-159
-187
-196
-169
-177
-156
-117
-110
-112
-109
-89
-73
-71
-59
-33
-4
0
-12
-36
-41
-19
-30
-38
-52
-56
-72
-105
-94
-94
-100
-131
-160
-176
-153
-121
-88
-110
-147
-182
-259
-269
-278
-247
-234
-237
-234
-227
-191
-194
-179
-159
-145
-162
-169
-128
-100
-99
-110
-91
-55
-51
-61
-55
-21
5
26
38
19
-5
30
45
75
83
87
142
136
139
113
90
125
152
157
164
164
168
116
65
34
25
7
9
4
-41
-20
11
4
26
41
34
70
57
51
31
-1
17
50
59
59
57
36
83
130
111
136
171
148
173
178
174
174
168
175
184
210
221
229
216
203
172
168
171
212
218
206
213
190
172
163
173
192
212
195
180
194
176
201
197
160
166
136
116
136
103
81
50
-1
18
39
11
8
-7
-41
-48
-64
-83
-69
-55
-53
-40
-35
-25
-12
-46
-71
-78
-95
-108
-92
-88
-93
-89
-52
-15
17
37
40
47
55
54
43
46
43
50
45
18
5
-16
-21
-13
23
44
69
95
93
96
102
75
70
98
89
62
56
57
80
96
83
65
28
9
6
14
3
-21
-62
-86
-109
-156
-192
-176
-155
-144
-160
-181
-182
-197
-194
-224
-248
-251
-278
-276
-267
-269
-239
-218
-180
-131
-117
-73
-40
-40
-42
-30
-14
0
15
-2
-15
-17
-26
-27
-43
-22
29
95
132
137
155
140
99
95
117
119
92
71
52
39
24
6
1
-5
-26
-48
-41
-56
-55
-33
-57
-61
-86
-126
-153
-192
-215
-222
-241
-269
-262
-236
-216
-198
-212
-231
-238
-252
-194
-154
-151
-166
-233
-258
-226
-225
-233
-215
-221
-233
-248
-251
-236
-243
-225
-226
-218
-216
-216
-215
-237
-226
-234
-225
-193
-183
-164
-139
-140
-93
-80
-103
-100
-122
-130
-127
-119
-127
-146
-147
-137
-144
-163
-178
-191
-188
-175
-154
-142
-138
-144
-141
-97
-108
-123
-94
-66
-17
2
-21
-35
-55
-72
-49
-56
-59
-57
-63
-62
-51
-28
-52
-46
-77
-94
-56
-32
-7
-13
-17
-25
-29
-37
-69
-33
-41
-51
-53
-61
-56
-68
-78
-105
-63
-19
-17
-18
-29
-17
-4
8
3
51
108
89
97
119
107
60
26
5
1
12
18
1
-3
19
57
26
4
4
-12
14
45
70
94
87
74
86
88
77
67
42
36
85
99
88
77
60
50
53
35
40
72
90
105
92
85
90
53
11
0
-17
-22
-30
-61
-66
-73
-84
-74
-44
-8
-2
-18
-33
-31
-22
-28
-41
-44
-53
-63
-70
-51
-56
-46
-18
27
33
19
1
-14
33
72
115
154
152
124
129
122
140
162
141
127
112
102
115
110
100
119
99
110
100
43
14
32
38
8
-45
-73
-54
-46
-42
-76
-134
-160
-165
-183
-179
-153
-140
-115
-82
-64
-30
-37
-44
-69
-66
-59
-51
-24
-20
-12
0
7
-5
10
28
25
30
38
42
28
10
36
57
56
81
118
149
157
180
164
177
215
200
191
175
145
126
153
153
146
150
127
121
124
111
103
141
123
143
138
132
160
147
126
104
79
31
-15
-24
-11
-21
-45
-80
-46
-29
0
10
24
42
45
50
94
110
93
120
113
142
147
101
91
104
99
119
133
117
91
76
69
64
57
9
5
13
29
29
16
20
26
21
-10
-34
-38
-24
-13
-3
-24
-28
-19
-17
-20
-31
-18
-16
-18
-9
13
25
27
18
18
35
40
78
86
50
57
47
30
7
-19
-6
-22
-65
-68
-53
-28
-21
-25
-31
-32
-16
-9
-7
-6
6
4
19
-1
-29
-60
-102
-96
-79
-81
-86
-110
-121
-119
-115
-105
-94
-70
-77
-69
-66
-55
-52
-61
-46
-35
-34
-21
-10
-1
-7
-15
-17
-29
-19
1
39
51
45
28
29
48
80
73
17
20
17
9
24
19
61
104
118
114
95
68
49
61
57
51
73
68
60
52
51
64
89
98
76
64
43
42
45
43
39
52
37
16
-3
-47
-57
-35
-59
-60
-43
-41
-33
-34
-21
6
-17
-58
-62
-40
-27
-56
-98
-80
-70
-47
-8
-13
-1
0
-1
27
34
12
21
16
14
45
74
86
84
84
75
69
103
112
102
90
57
35
62
60
44
52
19
6
-30
-70
-44
-34
-26
-14
-33
-35
-43
-74
-73
-61
-43
-23
-20
-16
-7
18
-4
4
11
11
12
9
10
6
36
63
54
52
45
30
25
58
69
72
73
59
91
118
144
186
220
221
217
197
192
204
215
242
305
349
327
290
273
259
251
251
235
205
169
130
89
78
66
45
25
-8
-11
7
1
14
5
-14
-26
-45
-56
-70
-67
-47
-37
-45
-33
-39
-43
-34
-45
-48
-23
17
64
102
99
79
104
111
114
100
84
100
105
146
184
218
239
302
339
471
616
824
874
779
365
-65
213
113
315
191
-38
146
130
147
140
39
-41
-154
-66
-14
1
-246
-331
-206
-112
19
27
87
174
490
1135
1983
-27
-684
-251
-50
1244
54
52
1601
370
157
-355
-43
1147
-127
-621
217
111
87
868
1687
2038
-583
-1092
-316
209
1501
964
445
448
1254
1385
1502
-787
-2031
-1169
-749
1550
391
-338
734
-173
1749
427
-712
-413
-945
-393
-36
-424
-787
-2009
-1633
-1073
-1590
-1132
-923
-944
-686
-373
-1755
-269
-653
-1353
226
-726
-604
132
-84
704
396
99
28
341
488
1064
-200
183
424
-428
60
-357
281
-302
-142
-57
257
-46
-199
-125
56
-262
-741
-370
-53
-775
-75
-512
-363
-76
-878
239
37
763
830
889
197
127
-285
-177
1123
1107
203
-1035
-1191
-205
-69
1005
-824
-956
-719
-666
-137
-1196
-1314
-1500
-839
-161
956
558
1032
-55
-396
-385
-595
119
263
762
4
-89
390
-529
-379
65
-15
603
275
737
1082
-79
-1041
-399
640
78
224
-606
238
735
308
-895
-685
502
-20
573
-1621
-1103
-1567
-792
-910
-1642
-2073
-2897
-745
-85
-155
-937
-1128
-299
434
1168
1667
-1010
1413
244
422
1792
863
2416
1381
625
127
286
795
97
453
-310
-1515
-1609
-1008
-1087
-2309
-1920
-1620
-254
-1017
-1738
783
-278
-1220
-67
-2878
1043
-942
-774
1302
-128
-407
-1248
-732
-654
-1020
-1676
-439
-1083
-1340
-1185
-1160
-297
-1184
-1542
476
-375
149
-1303
-456
291
-45
335
-1487
329
1016
282
603
605
-723
-690
-56
-720
457
-985
-357
-479
-775
-573
-900
-1421
201
-891
-374
280
-1168
133
-1514
-456
320
332
-1189
-1857
425
265
-276
414
25
-359
137
-280
367
607
-349
42
224
1329
154
464
-91
668
-7
-1574
-626
754
16
-362
-999
136
326
-296
353
-327
-1065
-1729
422
-228
1301
-675
-1132
76
-120
-313
-173
-132
-368
-834
-1024
277
-723
-460
-1408
-248
-228
-792
-350
-222
664
-319
-895
-392
-393
165
-243
-46
289
-1396
-351
-448
490
670
-484
626
773
636
-63
-3
830
745
-871
-864
-116
94
1042
-293
700
-235
-738
687
-430
1041
46
-1054
-793
226
1112
1389
-149
-205
-670
-1145
741
-649
-192
323
-1728
-897
-325
-1238
117
-482
-1136
249
-684
619
514
-553
-390
-888
-584
1145
-304
-70
1800
144
174
-114
-503
543
925
-682
315
957
896
971
453
1
269
243
140
1095
1457
-120
-205
1069
808
-98
-178
466
656
-722
995
1647
-55
-350
-172
709
1312
335
82
1135
678
293
-745
569
1546
1322
823
-403
341
889
34
-111
-149
486
-209
242
700
895
1455
28
743
174
-485
-956
-826
1169
368
-1016
-1308
-270
197
141
105
116
-231
-681
48
515
641
640
-74
173
635
900
240
237
-106
-607
-62
35
360
981
617
11
-130
-410
-360
-436
209
292
231
589
-130
-145
794
155
-10
-160
-355
-89
541
-668
464
591
520
1292
573
758
546
572
41
-52
-245
327
822
1277
1512
1059
831
204
336
538
1153
891
906
851
1344
1810
1990
1565
782
492
333
1137
1825
1832
1368
1972
1330
1143
1619
1245
2029
928
-441
125
200
1107
860
354
42
-517
409
-564
-24
90
-911
-1444
-2360
-851
-712
-1083
-818
-1698
-1311
-1641
-1209
-1126
-1180
-715
-1971
-1493
-943
-1430
-1144
-1146
-1382
-1821
-2122
-1597
-1822
-1329
-1410
-798
-1179
-2133
-1285
-2057
-1104
-1727
-2775
-2074
-2000
-1964
-2377
-2037
-1526
-2198
-2312
-2280
-2055
-1377
-969
-915
-1154
-1780
-1435
-629
-249
40
557
967
959
1076
1497
1999
2439
2214
2933
3175
3464
3689
4218
4985
4840
4869
4407
4492
5260
5220
5622
5799
5002
4931
4701
4741
5404
4717
4302
4211
3317
2563
2125
1923
1723
1528
1134
1272
750
476
281
276
-527
-1203
-1568
-1192
474
1015
125
-567
-2174
-1619
-855
-1336
-581
-1783
-1310
63
-190
-751
-1702
-1929
-1166
-1873
-2178
-2542
-2153
-696
-1131
-1785
-2489
-3107
-1900
-1928
-2024
-4143
-4025
-3117
-1727
-927
-2368
-2318
-2885
-2473
-2996
-2923
-2825
-2562
-2280
-2175
-1394
-1162
-1437
-1673
-2751
-2623
-1599
-1043
-581
-744
-1263
178
330
620
-232
-109
1495
1704
1644
698
1085
2651
3033
2996
2590
2047
2605
3212
3711
2872
2281
1566
1979
3363
2653
2389
1746
1109
1792
1894
1462
1577
874
1461
2061
1415
1474
1484
2498
2571
1134
781
1382
2859
3002
2186
1345
1253
2562
3051
2638
2259
1264
1712
2141
2341
2385
1549
2009
2099
2596
2305
1540
1582
1456
1939
1986
2069
1953
1230
1487
1945
2003
1466
1335
1115
1025
808
453
843
847
343
-184
-133
-97
-80
-433
-931
-881
-975
-802
-812
-1002
-1023
-1273
-1009
-840
-1000
-1039
-1084
-1059
-886
-1138
-1060
-975
-1179
-1194
-1125
-1079
-1110
-1190
-1185
-1562
-1638
-1421
-1306
-1440
-1858
-1763
-1618
-1354
-1458
-1797
-2420
-2775
-2618
-2554
-2209
-2639
-3072
-3003
-2575
-2316
-2815
-3038
-2641
-2332
-2047
-1953
-2250
-2065
-1510
-1243
-1131
-886
-849
-621
-364
38
161
89
410
622
1050
881
838
894
1344
1363
1134
1104
1217
1786
1729
1034
538
1188
1414
1769
1182
1021
1369
1182
1362
795
850
606
357
944
988
1228
1116
240
471
696
935
436
943
1100
773
401
104
844
357
863
1119
-576
-1512
-710
1151
1204
-454
-1452
-356
1761
542
-537
-637
679
844
-1087
-1102
-161
883
314
-1314
-1203
-1221
-718
85
-1283
-1116
-1182
-901
-147
-1482
-1283
-1476
-2122
-2390
-3112
-2010
-1128
-1859
-2754
-3336
-2089
-1120
-2746
-3462
-2885
-1880
-2236
-2956
-3264
-2898
-2394
-2338
-2446
-3162
-2578
-2001
-1949
-1656
-2260
-2183
-1088
-585
-279
-278
-84
561
1177
976
1146
1349
1435
2108
2100
2380
2168
1760
1833
1909
2022
1668
1393
1555
1203
1471
1062
541
646
693
304
-255
-549
-271
618
191
-742
-755
-355
421
454
4
1036
1671
2341
2197
1772
1797
2910
2907
2254
2462
2796
3631
3304
1758
2151
2407
2232
1492
563
1140
1798
1444
382
556
350
1248
653
-993
-690
-877
27
176
-609
-609
-282
-733
-1519
-2653
-1722
-1011
-1795
-2170
-2408
-351
112
-1452
-2916
-3134
-3100
-1861
-1913
-2147
-2626
-2849
-1097
-2245
-2788
-2359
-3264
-2752
-2651
-2070
-1604
-2997
-3786
-3153
-1673
-2246
-4072
-5114
-4557
-2543
-2085
-3356
-3352
-2191
-411
-335
-1526
-1673
-933
568
939
509
1308
2373
3976
4158
3084
2831
3331
4191
4163
3557
3674
4288
4394
3703
2540
1787
2455
2556
1494
387
52
431
421
-659
-604
-779
-1054
-806
-1539
-1048
-836
-893
-440
-133
-152
372
622
931
1108
1393
2545
2760
3335
3856
3807
3932
3654
3235
3300
3747
3805
3645
3274
3339
3503
3004
2873
2332
1708
1838
1405
1747
1316
1081
797
-69
184
74
-609
-335
-1045
-1501
-1098
-765
-772
-868
-1815
-1489
-1096
-2222
-2164
-2540
-2012
-1770
-3418
-2545
-1186
-1434
-2389
-2904
-3592
-2424
-1011
-1743
-2412
-3862
-2596
-309
-915
-2481
-3813
-3111
-1501
-1958
-2661
-3386
-3631
-2107
-2045
-2570
-3361
-3007
-1074
-1043
-2135
-2585
-2314
-763
414
-239
-910
-922
412
1808
2008
1800
1299
1437
2398
3145
2770
2016
2302
2862
2816
1910
1240
1180
1388
1459
901
93
-554
-176
409
219
-369
-934
-573
-497
-452
45
-53
374
446
683
1225
1028
1115
1215
1756
2330
2205
2477
3124
4285
4355
3653
2945
2459
2804
3161
3369
2903
2319
2363
2155
1663
1243
1558
2034
1590
345
341
430
1059
592
-504
-720
-951
-679
-556
-294
-1926
-1086
-1120
-776
-1372
-2135
-1342
-1444
-1063
-1726
-2361
-2289
-2190
-1132
-1325
-2193
-2666
-2691
-2619
-2373
-2945
-3000
-2261
-3165
-2867
-2994
-3109
-2832
-3228
-3172
-3604
-4372
-5027
-4988
-4474
-5138
-5482
-5045
-3881
-2688
-2614
-3055
-3305
-2987
-1903
-1010
-740
-142
979
2178
3105
2911
3317
3966
3960
4062
3859
4102
4369
4427
4044
3463
3119
2559
1953
1128
560
336
72
-805
-1466
-1535
-1499
-1798
-2567
-2903
-2865
-2218
-1676
-1657
-1546
-1324
-667
-202
-71
251
466
987
1565
1940
2001
2775
3687
4935
5219
5020
4811
4642
5015
5386
5566
4954
4550
4440
4086
4084
3543
2752
2652
2339
1517
1355
1114
1546
1878
475
-221
-682
-673
-452
-757
-1453
-1938
-1732
-1234
-1617
-2046
-2109
-1946
-1808
-2653
-3625
-3686
-2468
-2224
-3347
-3462
-3811
-3453
-3361
-3928
-4603
-4514
-3591
-3814
-4032
-4344
-4835
-4094
-4526
-5155
-5575
-5910
-5381
-4538
-2792
-1960
-2055
-2039
-2326
-1888
-909
-199
413
1195
2447
3385
3855
4213
4829
4997
4987
4913
5314
5595
5672
5506
4663
3683
2628
1840
1382
1084
667
-255
-1205
-2240
-2749
-3106
-3359
-3418
-3547
-3317
-3279
-3636
-3559
-2893
-2290
-1602
-972
-549
-69
484
916
1571
2243
2928
3287
3535
3946
4588
5331
5885
6857
7182
6844
6297
5839
6242
6628
6415
5486
4300
3784
3802
3978
3383
2481
1466
385
-68
133
200
101
-265
-1359
-1641
-2268
-2576
-2282
-2560
-2998
-3605
-3957
-2967
-2297
-2621
-3265
-4060
-3678
-4330
-4168
-2792
-2663
-2922
-3684
-4512
-3913
-4190
-4210
-3934
-3881
-4248
-5182
-5245
-4791
-5143
-5778
-6188
-6769
-6306
-4695
-2296
-1124
-1944
-3072
-3648
-2652
-1061
559
2000
2849
3101
3213
3913
4725
5119
5495
5678
5589
5470
5389
5599
5798
5098
3606
2052
1335
1302
599
201
-958
-2316
-3123
-3703
-4082
-4447
-4526
-4482
-5134
-5610
-5689
-4821
-3357
-2736
-2510
-2461
-2184
-1559
-783
368
1382
2255
2910
3290
3575
3759
4248
5194
6258
7494
8021
7803
7696
7120
7015
6881
6507
5977
5252
4800
4782
4506
3786
2626
1420
329
-346
-196
-279
-619
-1730
-2858
-3303
-3888
-4026
-3946
-3692
-4195
-4782
-4866
-4855
-4369
-3598
-3971
-4265
-4164
-3828
-2794
-2724
-2934
-2822
-2388
-2441
-3057
-2828
-2803
-2835
-3195
-3201
-3325
-3334
-3740
-4297
-5087
-5918
-5514
-3750
-687
468
-166
-1904
-2897
-2315
-452
1536
2791
3257
3674
4174
4939
5558
5588
6032
5597
5738
5849
5684
5924
5583
4652
3379
1581
1238
1145
648
-340
-2035
-3050
-4064
-4292
-4206
-4219
-4574
-5292
-6279
-6879
-6661
-5429
-3881
-2829
-2621
-2716
-2662
-2536
-1535
-47
1516
2525
2878
3397
3932
4290
4914
5525
6650
7817
8853
8753
8419
8332
8398
8397
7945
7328
6567
6205
5905
5340
4443
2869
1664
1076
588
365
-346
-1419
-2442
-3233
-3881
-3869
-3660
-3676
-4179
-4924
-5495
-5703
-5092
-3987
-3127
-3030
-2798
-3101
-2910
-2565
-2303
-1695
-1203
-1188
-1515
-1563
-1337
-1353
-1664
-1937
-2125
-2439
-2893
-3458
-4435
-4834
-3972
-1528
869
740
-1480
-4119
-3752
-1038
1672
2772
2297
2007
2520
3261
4733
5469
5838
5630
4763
4528
4408
4882
5248
4636
3321
1356
320
594
839
-10
-2068
-3881
-5071
-5194
-4661
-4375
-4345
-5569
-7333
-8204
-8174
-6945
-5104
-3757
-3618
-4487
-4908
-4408
-2949
-1286
72
831
1089
1073
1468
2316
3648
4403
5329
6301
7061
7986
8069
8192
8160
7996
7959
7968
7993
7699
6950
6454
5770
4944
3852
2907
1965
1169
110
-993
-1774
-2421
-2994
-3684
-4586
-5275
-5986
-6499
-6619
-6753
-6410
-5964
-5407
-5304
-5244
-5156
-4641
-4277
-3817
-3259
-2421
-1990
-1809
-1846
-1674
-1799
-1783
-1340
-1439
-1344
-1934
-2592
-3507
-3183
-900
2350
3913
1175
-3105
-4251
-1353
2811
4796
4498
3514
2810
2712
3154
5256
7374
7879
6124
4489
4159
4573
5002
5189
4697
2860
646
-116
-20
-343
-1609
-3160
-4027
-4924
-5401
-5395
-5159
-5712
-7280
-8614
-8408
-7074
-5378
-4509
-4711
-5599
-6195
-5417
-3508
-1453
236
999
977
607
608
2103
4085
5812
6135
6368
6764
7313
8015
8401
9299
10218
10173
9300
8041
7465
7315
7335
7306
6726
5663
4351
3053
1739
833
-16
-890
-1793
-2759
-3823
-4443
-5162
-5839
-6687
-7437
-7594
-7514
-7068
-6898
-6863
-6593
-6264
-5677
-4952
-4496
-3784
-3404
-2832
-2374
-1729
-1298
-920
-1024
-871
-759
-692
-677
-1002
-1295
-1823
-172
2422
5068
3911
25
-2972
-1050
3786
6507
5588
3872
3155
3331
3312
5196
8336
9169
6931
3688
2971
4129
5307
5508
5308
3712
1487
-508
-462
-36
-680
-2310
-3391
-4209
-5003
-5352
-5029
-5211
-6742
-8189
-7940
-6386
-5139
-4859
-5237
-5470
-5664
-5326
-3794
-1630
-67
544
36
-279
271
2209
4274
5375
5047
4986
5497
6437
7194
8308
9200
9392
8714
7913
7891
7766
7715
7420
7076
6396
5106
3695
2863
2106
1282
438
-754
-2105
-3374
-4499
-5202
-5785
-6015
-6336
-7238
-8363
-8878
-8787
-8319
-8130
-7946
-7083
-6433
-6045
-5949
-5420
-5004
-4299
-3256
-2155
-1503
-1328
-1436
-1542
-1435
-1095
-544
-53
-224
-789
-1604
-578
2232
4870
4393
613
-2127
-790
3952
6437
5490
3364
2808
2944
3268
5027
8249
9159
6538
2923
2386
4272
5905
5910
5001
3477
1210
-807
-403
647
-38
-2186
-4152
-4681
-5214
-5570
-4957
-4460
-5800
-7816
-8261
-6541
-5265
-5086
-5507
-5363
-5226
-4883
-3863
-2233
-676
-477
-986
-1082
117
1950
3634
4237
3878
3638
4436
5595
6859
7964
8290
7492
6335
6470
7789
8738
8114
6811
5976
5333
4797
4228
3662
3164
2287
1043
-291
-1124
-2092
-3444
-4752
-5557
-5725
-5745
-6599
-7689
-8523
-8749
-8667
-8579
-7849
-6990
-6706
-6987
-6925
-6080
-4889
-3894
-3213
-2478
-1901
-1865
-1789
-1640
-1106
35
390
316
120
-207
-759
-958
1801
4949
5941
2419
-1765
-1284
3486
7483
6992
4569
3792
3510
3399
4818
8630
10897
8075
3975
2726
5038
6847
6242
5404
4743
2444
-26
-336
1772
1923
-591
-3240
-3958
-4046
-4820
-5132
-4407
-4890
-6516
-7633
-6707
-5559
-5879
-6444
-6120
-5077
-4331
-3637
-2714
-1913
-1905
-1691
-896
927
2308
2983
3014
2927
3491
4622
5779
6956
7593
7602
6436
5755
6715
8584
9606
8396
6735
5491
5185
5362
5416
4962
3885
2253
769
-120
-178
-445
-1789
-3829
-5354
-5621
-5444
-5713
-6618
-7528
-8198
-8779
-8971
-8229
-7073
-6672
-7265
-7385
-6548
-5191
-4516
-3937
-2903
-2103
-1947
-2006
-1784
-954
71
551
581
388
212
-68
-331
-787
1444
4486
5809
2680
-2260
-2143
2413
6938
6352
3402
2282
2361
2563
4056
7389
10039
7169
2842
1848
4544
6977
6111
4513
3842
2113
289
182
2102
1857
-1184
-3312
-3559
-3095
-4175
-4961
-4320
-4406
-5930
-6636
-5535
-4305
-5802
-7222
-6251
-4264
-3540
-3918
-3735
-2938
-2699
-2476
-1267
1063
2259
1487
725
1070
2737
4468
5400
5767
6238
5864
5305
4954
6302
8065
8732
7635
5651
5108
5273
5506
5791
5746
4925
2759
669
41
357
360
-924
-2600
-3877
-4622
-5372
-6062
-6359
-6651
-7681
-8566
-8844
-8213
-7588
-7839
-8461
-8295
-7289
-6418
-5541
-4490
-3859
-4005
-4559
-4032
-2138
-450
-65
-432
-883
-862
-853
-550
-93
22
-726
369
2918
3810
1767
-2369
-1916
2637
6255
5140
1939
909
2029
2797
4533
7138
9025
6049
1794
1965
5204
7438
6176
4064
4204
3399
1490
922
2023
2509
256
-1603
-2091
-1912
-2749
-3948
-3710
-3612
-4773
-5066
-4860
-4484
-5404
-5838
-4025
-2621
-3073
-3961
-3548
-2082
-1211
-518
536
1236
1029
326
1056
2751
3997
4402
4295
4269
4497
4792
5798
6424
6797
6587
6227
6116
5805
5756
6065
6255
5864
4732
3526
2441
1397
1142
1422
1366
120
-1769
-3320
-4239
-4665
-4577
-4264
-4592
-6126
-7673
-8340
-7957
-7243
-6776
-6426
-6291
-6321
-6441
-5952
-4834
-3821
-3159
-2719
-1954
-1125
-1271
-1159
-840
286
989
725
299
-287
-474
-875
-1088
1497
4347
3946
368
-3997
-2230
2646
5612
3969
763
390
1120
1803
3993
6587
7281
3362
295
2282
5905
7141
4851
3051
3559
2582
1293
1980
3425
2746
-829
-2353
-1237
-209
-1592
-3287
-2765
-2456
-4297
-5056
-4077
-2665
-3547
-4600
-3374
-2044
-2469
-3686
-3097
-901
269
-83
-251
366
835
421
631
1797
3295
3804
3173
2415
2635
3399
4197
4955
4832
4733
4363
4014
4422
4983
5413
4981
4028
3292
2813
2651
2305
2385
2523
1869
166
-1677
-1946
-1155
-1068
-1730
-2929
-4057
-5015
-5704
-5279
-4487
-4345
-5204
-6037
-6210
-5734
-5020
-4041
-3587
-3427
-3778
-3811
-3230
-2442
-1524
-1192
-1084
-1505
-1749
-1590
-1269
-1103
-1005
-1492
-2321
-3268
-1547
1767
1534
-1572
-5722
-3818
1298
3486
1517
-1637
-1593
-72
360
2449
4740
5576
2458
-146
2523
5993
6832
4393
2537
3388
2814
1591
2258
3762
3727
493
-774
156
369
-1473
-2917
-1525
-18
-1549
-3249
-3512
-2008
-1984
-2849
-2059
-862
-1129
-2957
-3646
-1730
596
1116
243
-665
-484
-627
-121
1274
2730
2989
1640
282
709
2281
3736
3774
3260
3066
3230
3156
3465
4260
4887
4284
3363
3230
3922
4245
3267
2662
3023
3157
2250
1158
872
883
-100
-1198
-1409
-1264
-2066
-3269
-3477
-3058
-3276
-4332
-4890
-4233
-3658
-3845
-4221
-4184
-3798
-3679
-3844
-3178
-2161
-1916
-2283
-3023
-2645
-1760
-1618
-1687
-1940
-1964
-2213
-3289
-3459
-3485
-800
1343
-204
-3348
-6393
-3657
1192
2797
726
-2818
-3000
-816
1207
4203
5324
4486
1326
-41
3256
6221
6487
4498
2995
4142
3838
3180
3799
4201
3557
1455
1224
1923
1229
-331
-922
777
1673
-73
-1386
-1957
-1918
-2315
-1647
552
867
-1433
-3315
-2728
-547
476
218
-115
-543
-1271
-1527
-41
1938
2047
446
-774
-492
750
1196
1471
2295
2731
2405
1791
2101
3358
4307
4113
3622
3650
4052
4272
4103
3815
3932
4113
3624
2692
1828
1775
2061
1821
934
173
-744
-1479
-2057
-1978
-1602
-2070
-3315
-4182
-4056
-3526
-3451
-3782
-4149
-4123
-3956
-3757
-3369
-3116
-2985
-2943
-2744
-2261
-2142
-2447
-2838
-3263
-2941
-2749
-2297
-2803
-3935
-5220
-4443
-1171
-580
-2990
-6583
-6388
-1607
1277
196
-2426
-2929
-1128
-270
1259
3215
3636
2009
245
2549
5697
6023
4267
2704
3641
4368
3612
4372
5066
4346
2094
1287
2620
2925
1598
403
857
1200
-670
-1568
-530
419
-313
-1741
-1212
-599
-1703
-2921
-2251
-348
151
-972
-1782
-1834
-1382
-1191
-687
-108
-286
-1001
-1319
-653
505
1034
905
977
1206
1612
1536
1940
2819
3994
4287
3464
2898
3112
3813
4493
4815
5379
5199
3681
2135
2219
3687
4230
2992
1340
489
13
-531
-337
396
285
-1360
-3376
-3788
-2861
-2120
-2468
-2833
-2740
-2855
-3619
-3973
-3014
-1734
-1765
-2831
-3656
-3683
-3194
-2570
-2234
-2185
-2871
-4341
-5095
-4850
-4121
-4126
-5101
-6168
-5088
-2778
-3035
-5116
-7549
-6248
-2293
-629
-1749
-3853
-3807
-2043
-381
1619
2875
2541
887
433
3332
5664
5959
4816
4272
5267
5224
4625
5412
5848
5148
3697
3664
4348
3819
2604
2064
3030
2988
842
-139
526
1452
1161
186
307
-78
-1541
-2317
-1187
268
80
-1618
-2730
-2384
-1611
-1216
-733
-592
-1179
-2146
-2484
-1684
-396
348
165
133
4
-359
72
942
2469
3672
3562
3136
2297
2241
3125
4671
6137
6156
4890
3090
2578
3742
5211
6284
5517
3645
2020
992
1527
2777
3191
2244
334
-981
-1477
-1121
-547
-445
-755
-2052
-3080
-3221
-2992
-2710
-2700
-2943
-3326
-4169
-4588
-4463
-3985
-4046
-4277
-4784
-5356
-5715
-6270
-6079
-5600
-5542
-6321
-7420
-7691
-5398
-3868
-4507
-6773
-7691
-4900
-1630
-878
-2672
-3575
-1763
175
1924
3222
3728
3276
2132
3848
7073
8296
7227
5659
5729
6807
7000
7527
7957
7321
5294
4456
5566
5785
4292
2791
3016
3700
1949
-213
-239
673
366
-1036
-1046
-640
-1902
-3855
-4002
-2337
-1740
-3057
-3920
-3690
-3268
-3977
-4375
-3489
-2654
-3159
-4096
-3562
-2457
-1919
-1965
-1757
-1134
-659
-476
432
1598
2016
2454
2745
3519
3745
3693
4535
5857
6811
6453
5542
5406
5710
6459
7095
7354
6603
4615
3279
3410
4263
4657
3536
1882
381
-651
-881
-556
-249
-1133
-2953
-4398
-4651
-4091
-3854
-4316
-4882
-5778
-6288
-6714
-6681
-6205
-5914
-5942
-6621
-7065
-7216
-7437
-7562
-7201
-6707
-6527
-7388
-8170
-8252
-7254
-5153
-3572
-4033
-5899
-7132
-4922
-677
1469
330
-1610
-780
1613
3378
4511
5300
5892
5686
5643
7331
8847
8980
7777
7172
8165
8693
8061
7103
6187
5709
5142
5071
4877
3522
1894
810
839
628
-271
-815
-1172
-1874
-2929
-3444
-3270
-3756
-4489
-4830
-4449
-4178
-4789
-5554
-5962
-5908
-5456
-4666
-3811
-3757
-4415
-4686
-3911
-2384
-1116
-473
-287
-315
-37
934
2642
4093
4576
4705
5069
5868
6432
6743
7520
8432
9005
8740
8292
8087
7934
7999
8067
7880
7012
5454
4442
3972
3930
3818
2757
1109
-739
-1751
-1798
-1804
-2119
-3294
-4713
-5848
-6462
-6114
-5669
-5754
-6583
-7855
-8454
-8606
-8046
-7101
-6630
-6890
-7833
-8370
-7956
-6953
-6058
-5751
-5863
-6054
-5959
-5723
-5180
-4389
-3842
-3578
-2614
-1330
-828
-1501
-2029
-262
3034
4892
3726
1678
1892
4260
6685
8163
8414
7574
6050
5878
7769
9745
9599
7567
5645
5365
5658
5884
5777
5125
3631
1838
895
773
773
485
-105
-828
-2040
-3389
-3749
-3364
-3064
-3373
-3791
-4445
-5539
-6091
-5420
-3944
-3302
-3738
-4375
-4711
-4285
-3463
-2341
-1190
-980
-1250
-1093
-150
679
1020
1604
2637
3583
3819
3871
4564
5603
6075
5967
6493
7120
7513
7348
6980
7162
7219
7123
6830
6558
6134
5234
4408
3913
3687
3023
1947
1320
499
-514
-1531
-2187
-2507
-3248
-4490
-5348
-5564
-5686
-6266
-6786
-7193
-7284
-7305
-7448
-7192
-6947
-7128
-7330
-7003
-6102
-5263
-5240
-5603
-5434
-4820
-4210
-3700
-3109
-2806
-2750
-2895
-2428
-1329
-688
-886
-1357
-1254
-654
762
2104
2613
1200
-510
-33
2576
4729
4211
2260
1458
1973
3180
4204
4856
4204
2312
1502
2883
4719
4551
2535
1111
1292
1698
1746
1507
1383
393
-847
-1347
-616
-5
-390
-1114
-1383
-1681
-2228
-2383
-1766
-1164
-1185
-1534
-1771
-1860
-2100
-1639
-819
-247
-407
-934
-997
-655
-201
439
1090
1475
1233
847
849
1398
2282
3004
3287
3110
2458
2264
2743
3444
3949
4353
4204
3207
2595
2739
3799
4257
3677
2900
2452
2378
2210
2086
2198
1734
875
172
193
135
-516
-993
-1255
-1669
-2317
-2794
-2749
-2769
-3290
-4014
-4318
-4200
-4143
-3992
-3905
-4031
-4333
-4393
-3905
-3321
-3112
-3000
-2724
-2219
-2022
-1970
-1403
-645
-413
-524
-603
32
324
101
-53
203
669
406
-241
-787
-909
-1163
-1596
-1254
-532
-343
-1700
-3559
-3445
-1682
-85
-621
-2154
-3049
-2685
-1460
-11
993
1066
-243
-758
376
2469
3651
3072
2288
2211
2586
3177
3753
4331
4098
3273
3018
3290
3521
2941
2569
2974
3036
2295
1383
1119
1544
1437
1254
1138
968
191
-862
-874
-155
410
4
-1138
-1864
-1982
-1468
-699
-443
-837
-1758
-2271
-1720
-751
-40
-30
-499
-998
-933
59
1084
1723
1368
1163
1464
1561
1844
2189
3040
3664
3252
2764
2599
2870
3195
3265
3488
3076
2237
1516
1527
2032
1753
901
112
-249
-299
-704
-986
-1353
-1799
-1999
-1927
-1726
-1939
-2549
-2729
-2499
-2002
-1739
-1831
-1764
-1930
-2068
-1811
-1249
-820
-1000
-1422
-1472
-1292
-1073
-1336
-1597
-1767
-1961
-2185
-2463
-2562
-2664
-3066
-3361
-3449
-3584
-3730
-4089
-4217
-3935
-3318
-2562
-2315
-3153
-3488
-2782
-876
104
-167
-540
-219
857
1826
2537
3071
2860
2684
3165
4448
5496
4907
4002
3788
4513
5043
4828
4339
4001
3482
3245
3329
3613
3068
1926
1153
1146
1221
917
281
-48
-342
-789
-1136
-1188
-1233
-1738
-2276
-2441
-2218
-2301
-2598
-2897
-2862
-2714
-2598
-2474
-2186
-2010
-1925
-2003
-1655
-1035
-533
-360
-334
145
1034
1429
1259
1173
1972
3027
3300
3024
2714
3079
3305
3470
3767
4096
3981
3251
2692
3060
3325
3050
2356
2175
2164
1815
942
234
211
177
-323
-669
-776
-1073
-1916
-2693
-2610
-1977
-1911
-2659
-3309
-3322
-3149
-3093
-3035
-3039
-3166
-3675
-3758
-3349
-2850
-2677
-2640
-2584
-2460
-2532
-2607
-2174
-1590
-1454
-1567
-1515
-1160
-812
-942
-877
-625
-367
-465
-771
-843
-859
-782
-737
-135
157
-131
-799
-1373
-903
7
834
884
277
-378
-389
772
2110
2613
2342
1704
1794
2458
3268
3985
4147
3812
3163
2808
3271
3889
4153
3691
3007
2583
2209
2076
2017
1753
1407
790
457
393
93
-295
-812
-897
-839
-1073
-1562
-1846
-1712
-1462
-1411
-1313
-1376
-1451
-1470
-1102
-353
-8
-180
-578
-546
132
863
1151
970
791
834
1215
1735
2209
2376
2109
1879
2271
2562
2469
2436
2245
2816
2522
1907
1620
1835
2290
2060
1573
1184
752
468
250
717
720
-193
-1136
-1859
-1513
-1141
-1352
-1898
-2675
-3149
-3197
-2899
-2503
-2681
-3013
-3400
-3410
-3114
-2863
-2423
-2103
-2165
-2116
-2066
-1715
-1407
-1125
-568
-68
76
-293
-476
-245
218
773
934
762
335
-202
-381
-130
370
415
-77
-798
-1325
-1217
-949
-921
-1274
-1925
-1772
-1439
-1276
-1352
-1777
-1798
-1586
-1287
-711
-646
-737
-1026
-763
315
747
639
83
136
1024
1651
2033
2040
1732
1724
1595
2035
2468
2477
2245
1885
1978
2075
2165
2393
2427
2337
1895
1532
1789
1916
1858
1561
1421
1625
1515
1092
665
560
697
435
100
-113
-175
-423
-996
-1181
-878
-779
-1241
-1778
-1753
-1383
-1416
-1793
-2012
-1750
-1554
-1552
-1546
-1365
-1226
-1190
-1038
-529
93
219
112
33
107
462
867
1197
1475
1307
985
709
932
1317
1495
1230
697
486
248
5
87
124
-11
-542
-1140
-1127
-1021
-1161
-1461
-1547
-1440
-1562
-1778
-1724
-1407
-1126
-1129
-1075
-884
-659
-423
-114
389
708
727
700
910
1357
1541
1498
1373
1441
1568
1445
1146
867
772
516
184
-50
-135
-406
-987
-1517
-1669
-1669
-1842
-2266
-2890
-3113
-3379
-3293
-3032
-2761
-2546
-2985
-3276
-3147
-2348
-1196
-895
-1052
-1046
-492
458
997
1430
1988
2389
2674
2849
3504
4175
4254
4116
4189
4890
5147
4686
4336
4299
4497
4373
4059
4007
3543
2763
2090
2007
2281
1752
784
20
-216
-310
-799
-1298
-1663
-2225
-2835
-3180
-2982
-2871
-3203
-3754
-4084
-3991
-3827
-3676
-3535
-3410
-3371
-3385
-3166
-2560
-1934
-1640
-1608
-1470
-1088
-424
34
162
352
893
1595
1883
1740
1802
2206
2749
3046
3131
3166
2984
2737
2755
3060
3192
2671
2098
2081
2294
2220
1662
1196
993
809
582
357
118
-411
-943
-1037
-911
-891
-1222
-1652
-1758
-1825
-1814
-1747
-1809
-1934
-2059
-1813
-1312
-972
-1130
-1507
-1632
-1347
-792
-281
-77
-340
-780
-945
-513
155
451
329
-98
-464
-481
-309
185
399
159
-310
-676
-665
-800
-845
-859
-889
-965
-1285
-1563
-1496
-1559
-1559
-1431
-1275
-1104
-1287
-1236
-858
-595
-509
-798
-639
-154
236
567
421
365
360
616
1136
1434
1347
1162
977
1127
1140
1195
1327
1193
754
262
203
371
55
-461
-860
-1024
-1102
-1442
-1603
-1741
-1929
-2233
-2491
-2302
-2001
-2004
-1957
-1947
-1819
-1758
-1593
-1167
-710
-489
-463
-358
17
404
775
1157
1370
1416
1436
1599
2059
2436
2535
2580
2248
2279
2329
2771
3118
2707
2056
1585
1851
2537
2722
2531
1730
1115
1046
1289
1653
1306
720
166
-163
-186
-240
-336
-527
-1085
-1307
-1492
-1454
-1585
-1808
-1809
-1673
-1544
-1526
-1670
-1492
-1341
-1034
-643
-190
214
308
286
395
749
1253
1718
2003
2036
1917
2040
2224
2412
2453
2407
2200
1890
1562
1503
1493
1212
762
272
-171
-413
-886
-1202
-1498
-1817
-2262
-2824
-3245
-3528
-3586
-3745
-3966
-4309
-4735
-4949
-5028
-4769
-4425
-4474
-4449
-4541
-4424
-4032
-3702
-3028
-2530
-2169
-1969
-1749
-1014
-439
119
645
998
1513
1863
2338
2940
3227
3618
3745
3949
4261
4238
4155
3955
3822
3909
3972
3998
3587
2819
2189
1976
2113
2088
1595
988
569
289
19
-145
-116
-201
-615
-1122
-1398
-1246
-961
-893
-931
-1049
-1110
-1085
-984
-694
-363
-170
-188
-263
-128
150
638
1053
838
858
822
1300
1753
1658
1635
1477
1528
1695
1807
2038
1673
1395
1387
1604
1906
1472
1249
1132
857
895
986
988
704
23
-51
221
482
177
-325
-451
-437
-327
-162
-184
-174
-423
-471
-232
-28
-27
-453
-798
-863
-684
-455
-522
-797
-1164
-1385
-1354
-1289
-1149
-1321
-1735
-2216
-2429
-2257
-2086
-2244
-2712
-3063
-3065
-3037
-3064
-3084
-3033
-2961
-3093
-3325
-3389
-3155
-2961
-2832
-2793
-2669
-2606
-2523
-2298
-2071
-1778
-1610
-1491
-1312
-1259
-1061
-611
-312
1
125
299
507
649
1085
1400
1652
1611
1548
1979
2265
2462
2460
2335
2390
2236
2444
2738
2836
2536
2070
1989
2168
2351
2337
1997
1716
1351
1224
1468
1711
1732
1240
847
664
722
830
878
838
748
422
232
146
335
477
455
249
-112
-226
-115
32
136
101
17
-99
-237
-132
56
271
380
319
219
206
238
302
256
330
373
325
205
145
226
273
149
87
-8
-117
-178
-231
-189
-266
-347
-433
-446
-328
-301
-311
-341
-498
-546
-459
-284
-135
-235
-387
-415
-333
-194
-185
-274
-404
-479
-427
-420
-487
-613
-729
-817
-893
-880
-785
-783
-954
-1201
-1188
-988
-911
-983
-1077
-1110
-1210
-1237
-1053
-868
-893
-1052
-1151
-989
-782
-710
-646
-559
-533
-727
-686
-255
197
166
-291
-551
-370
20
451
587
479
98
-225
36
621
984
870
418
84
121
467
829
932
745
439
344
451
729
882
856
644
613
732
960
1112
1155
1076
1035
1070
1378
1654
1692
1607
1546
1648
1751
1799
1803
1801
1754
1587
1447
1438
1358
1213
984
958
930
817
549
318
131
18
-157
-252
-340
-527
-838
-1147
-1211
-1060
-1027
-1161
-1296
-1403
-1452
-1589
-1489
-1235
-1067
-1130
-1330
-1312
-1058
-824
-598
-512
-511
-501
-502
-305
31
171
102
-35
76
328
549
626
576
597
647
783
997
1077
1062
953
863
1071
1220
1192
1046
866
836
836
832
822
670
418
145
71
144
80
-140
-445
-714
-844
-912
-868
-859
-1001
-1261
-1462
-1459
-1310
-1215
-1197
-1208
-1205
-1206
-1145
-1005
-861
-693
-565
-513
-414
-251
-116
53
193
273
345
340
362
479
619
751
739
664
639
583
613
664
512
333
75
5
19
-172
-456
-748
-794
-713
-858
-1162
-1423
-1487
-1445
-1341
-1161
-1047
-1170
-1398
-1516
-1215
-779
-522
-508
-429
-213
39
289
575
858
993
986
1102
1411
1709
1865
1838
1884
1863
1792
1752
1791
1779
1556
1347
1297
1227
1033
719
559
488
264
3
-170
-220
-324
-646
-905
-951
-907
-838
-957
-1116
-1187
-1189
-954
-700
-514
-461
-562
-655
-550
-202
237
520
563
505
583
846
1100
1306
1451
1511
1520
1494
1538
1669
1897
2062
2005
1863
1708
1641
1683
1772
1788
1553
1172
856
760
933
929
644
304
11
-147
-245
-287
-314
-586
-830
-983
-1016
-1023
-1024
-1002
-1070
-1165
-1197
-1159
-981
-849
-760
-677
-667
-715
-599
-353
-192
-188
-276
-207
-137
-136
-192
-127
16
-79
-358
-482
-408
-322
-448
-570
-605
-706
-880
-948
-834
-699
-795
-1147
-1298
-1249
-1213
-1184
-1224
-1217
-1286
-1413
-1429
-1296
-1065
-1000
-1119
-1214
-1223
-1014
-715
-475
-223
-292
-279
-211
-14
391
627
812
829
750
932
1179
1499
1648
1604
1727
1748
1842
1846
1814
1875
1771
1638
1566
1492
1402
1134
996
890
828
639
378
198
142
152
24
-77
-170
-275
-330
-377
-337
-245
-383
-439
-501
-423
-346
-354
-306
-308
-245
-214
-186
59
275
317
232
241
520
756
818
777
830
971
1105
1198
1363
1524
1509
1342
1381
1527
1532
1386
1228
1221
1159
1015
824
675
535
270
46
-96
-228
-484
-749
-947
-1049
-1137
-1291
-1362
-1439
-1524
-1572
-1624
-1674
-1767
-1778
-1636
-1519
-1488
-1534
-1464
-1337
-1242
-1140
-1098
-1034
-981
-973
-877
-805
-783
-685
-596
-513
-506
-544
-511
-394
-265
-205
-156
-117
-113
-78
-69
-28
74
219
327
355
332
290
315
413
457
379
312
220
225
254
281
257
83
-95
-239
-275
-154
-110
-205
-402
-503
-466
-406
-236
-46
-95
-220
-375
-293
109
268
406
457
376
330
326
607
1074
1032
826
659
807
1037
1068
1068
1107
989
888
865
1033
1202
1123
1074
1022
914
719
689
833
986
829
520
296
247
275
444
519
375
-21
-372
-272
-5
86
-37
-289
-425
-474
-547
-482
-343
-256
-277
-326
-291
-222
-191
-103
-28
140
133
4
-61
-94
-66
29
105
110
-106
-443
-525
-369
-195
-209
-380
-590
-717
-859
-811
-608
-440
-555
-792
-919
-881
-720
-549
-394
-283
-320
-403
-374
-321
-195
-37
75
91
37
-4
39
170
251
290
273
161
84
92
163
194
127
23
4
7
-129
-279
-300
-161
-71
-146
-290
-340
-376
-379
-235
-26
-60
-268
-419
-350
-78
-11
-52
-62
-72
-118
-195
-85
136
275
153
-106
-228
-247
-177
-88
-77
-134
-348
-518
-475
-337
-189
-289
-467
-587
-604
-432
-394
-305
-323
-384
-318
-310
-225
-143
-42
162
296
325
279
272
337
522
727
854
845
716
644
674
848
973
1004
854
653
501
514
572
586
518
325
107
-2
-10
40
-28
-164
-263
-345
-410
-544
-597
-537
-439
-429
-521
-596
-492
-399
-421
-337
-206
-177
-238
-232
31
322
365
262
279
474
617
630
594
688
808
838
907
986
1016
914
830
917
989
915
767
719
725
649
474
398
342
253
64
-81
-111
-230
-367
-478
-527
-545
-680
-759
-801
-849
-876
-919
-877
-861
-908
-951
-1000
-973
-864
-808
-749
-714
-718
-692
-602
-470
-416
-383
-320
-228
-174
-155
-173
-174
-83
48
92
69
6
-78
-53
-59
-4
28
-47
-162
-255
-235
-201
-236
-485
-710
-777
-833
-870
-945
-1080
-1188
-1393
-1384
-1317
-1229
-1248
-1437
-1417
-1310
-1099
-925
-943
-921
-964
-806
-568
-290
-43
37
62
53
257
522
801
951
958
895
829
979
1272
1440
1464
1306
1201
1138
1093
1111
1133
1097
931
668
432
262
223
242
197
41
-212
-333
-333
-273
-235
-251
-275
-367
-474
-456
-254
55
147
83
152
243
344
408
555
781
854
837
852
1005
1121
1128
1194
1299
1397
1323
1203
1157
1168
1117
1010
962
923
828
639
466
423
380
192
7
-87
-156
-306
-470
-547
-571
-660
-822
-922
-935
-961
-1082
-1090
-995
-951
-967
-989
-983
-891
-867
-821
-687
-569
-443
-359
-303
-266
-254
-155
30
208
276
203
117
101
112
195
294
278
77
-151
-293
-262
-195
-314
-483
-646
-760
-869
-887
-866
-879
-940
-1045
-1029
-997
-966
-984
-1062
-1007
-1022
-945
-835
-776
-746
-750
-646
-553
-478
-459
-387
-264
-121
-52
34
95
110
148
293
503
615
636
633
722
776
847
955
1063
1063
921
894
1008
1049
1018
933
906
907
807
695
695
698
661
587
464
326
186
112
194
318
280
149
47
6
24
143
265
299
201
68
42
116
179
260
373
375
252
160
234
457
683
710
606
478
341
345
520
677
701
443
210
188
252
346
345
261
102
-116
-252
-235
-123
-153
-298
-417
-510
-622
-733
-778
-715
-674
-776
-918
-1004
-1053
-1072
-1040
-954
-851
-878
-983
-958
-789
-642
-557
-518
-451
-429
-468
-393
-247
-109
-62
-83
-79
-90
-54
-34
-24
-8
-71
-125
-207
-281
-322
-371
-375
-406
-460
-499
-534
-558
-589
-634
-659
-671
-615
-660
-625
-557
-558
-564
-562
-414
-269
-284
-337
-322
-163
-59
-97
-156
-104
25
92
76
122
181
145
129
174
345
417
385
327
334
452
600
684
713
679
748
742
784
879
920
946
928
930
951
913
918
986
996
992
916
852
862
841
793
756
677
602
475
364
331
363
341
200
70
-10
-11
-42
-129
-139
-101
-75
-61
-110
-128
-165
-229
-197
-156
-83
-107
-116
-63
-95
-136
-161
-105
-115
-208
-281
-197
-102
-101
-189
-221
-195
-156
-145
-186
-197
-210
-220
-152
-76
-126
-220
-267
-234
-190
-198
-198
-154
-147
-209
-229
-89
-24
-68
-182
-250
-187
-143
-136
-108
-117
-185
-309
-339
-226
-193
-278
-369
-385
-319
-356
-376
-334
-309
-343
-439
-423
-326
-273
-339
-399
-338
-294
-248
-205
-251
-247
-288
-269
-151
-62
-3
-61
-33
70
200
282
230
228
281
366
454
540
579
608
610
530
477
516
536
487
455
485
503
453
339
299
393
397
291
187
204
268
274
288
260
150
82
100
183
166
92
3
-83
-81
-3
78
91
27
-26
-16
38
134
220
308
325
342
333
325
383
470
567
561
520
490
466
497
536
521
502
438
312
211
142
124
177
148
14
-94
-149
-183
-203
-194
-184
-203
-226
-304
-301
-271
-257
-216
-214
-209
-175
-177
-156
-126
-97
-79
-105
-160
-205
-216
-199
-181
-162
-161
-237
-313
-294
-162
-85
-17
-9
41
17
-148
-301
-291
-248
-215
-275
-375
-304
-293
-253
-202
-137
-151
-244
-344
-353
-261
-137
-89
-133
-135
-46
71
130
150
144
127
186
248
270
253
187
88
82
121
203
220
129
50
-99
-81
-26
-18
-52
-109
-204
-296
-327
-297
-249
-270
-370
-450
-506
-549
-507
-469
-451
-508
-536
-489
-396
-328
-260
-175
-65
4
61
161
257
346
406
480
501
553
619
667
716
738
724
677
633
654
688
723
715
624
531
518
539
515
532
500
466
367
211
188
193
173
178
130
52
-46
-157
-187
-141
-98
-133
-181
-194
-130
-40
50
94
90
27
41
130
241
299
323
404
466
471
473
562
635
665
602
540
539
547
539
498
441
367
251
140
115
99
70
14
-29
-76
-221
-398
-475
-438
-438
-494
-588
-681
-803
-897
-883
-854
-845
-881
-942
-955
-944
-878
-768
-645
-606
-598
-561
-495
-395
-323
-233
-155
-126
-97
-30
56
113
153
180
208
216
221
254
216
202
174
181
173
52
-86
-170
-220
-326
-388
-441
-452
-506
-599
-626
-645
-729
-772
-780
-761
-711
-719
-703
-615
-540
-519
-486
-412
-323
-273
-241
-150
-4
68
136
199
253
399
555
678
716
674
687
797
925
1028
1029
977
944
930
962
998
1051
978
858
805
780
791
707
610
553
540
517
461
419
352
296
240
244
302
269
201
144
135
172
202
171
106
-1
-77
-39
42
104
106
34
-81
-92
-22
31
24
-33
-35
-29
-33
-22
27
111
140
74
-16
-98
-106
-29
26
48
10
-139
-308
-334
-295
-259
-296
-408
-521
-599
-606
-570
-510
-493
-589
-686
-678
-575
-484
-457
-443
-434
-399
-352
-311
-227
-144
-33
-6
-33
32
72
95
72
52
60
64
24
-54
-87
-94
-83
-114
-133
-165
-211
-288
-371
-371
-352
-282
-275
-304
-345
-349
-330
-298
-220
-191
-170
-97
-44
55
151
210
275
287
274
309
366
413
461
487
454
460
451
430
511
524
588
644
582
591
608
670
725
729
763
765
752
716
767
815
832
818
714
689
679
676
660
607
607
557
509
456
366
300
238
197
143
86
46
25
3
-14
-14
-53
-161
-295
-403
-393
-393
-443
-456
-510
-556
-563
-579
-542
-520
-542
-562
-588
-582
-560
-560
-532
-462
-442
-473
-500
-504
-452
-423
-388
-317
-269
-302
-363
-361
-294
-244
-256
-321
-394
-405
-381
-374
-376
-396
-430
-450
-497
-507
-502
-532
-571
-610
-585
-499
-449
-471
-553
-587
-550
-476
-371
-298
-286
-307
-325
-300
-224
-140
-96
-118
-127
-142
-140
-93
-6
28
-23
-87
-113
-77
10
73
96
85
12
-13
55
168
224
188
223
312
348
352
288
304
341
308
368
399
421
434
401
420
461
471
479
460
413
399
442
505
564
565
461
369
302
269
302
289
265
213
147
128
90
115
163
173
127
60
60
92
102
89
77
114
143
127
92
100
91
63
103
146
186
201
125
62
110
167
181
124
72
47
-39
-85
-46
-2
-26
-119
-184
-175
-153
-166
-141
-110
-122
-113
-129
-127
-109
-146
-158
-144
-111
-161
-249
-276
-258
-250
-282
-350
-412
-441
-459
-442
-380
-348
-409
-489
-529
-520
-455
-397
-350
-347
-375
-385
-348
-267
-250
-205
-192
-194
-195
-216
-157
-34
48
50
30
34
85
139
196
290
385
370
303
273
304
422
446
412
393
384
392
414
462
519
537
425
377
405
392
397
378
324
259
174
162
204
192
109
51
38
20
4
-33
-36
-23
-74
-147
-196
-157
-137
-171
-209
-227
-223
-253
-267
-190
-109
-74
-84
-86
-44
-22
-25
-34
-2
41
35
47
50
74
155
169
148
153
156
151
133
119
182
230
211
188
210
238
277
343
366
335
282
270
323
339
303
306
299
283
253
233
240
220
168
99
50
32
4
-71
-95
-114
-175
-305
-412
-442
-469
-486
-522
-555
-601
-657
-714
-646
-513
-499
-491
-495
-477
-419
-378
-288
-221
-183
-143
-95
27
154
244
273
315
350
364
381
388
418
474
485
427
381
342
319
259
204
188
112
5
-91
-99
-77
-137
-268
-381
-422
-408
-421
-444
-464
-478
-451
-417
-399
-432
-488
-482
-401
-289
-272
-351
-389
-370
-344
-284
-199
-140
-132
-173
-167
-71
37
74
87
72
57
105
143
211
318
371
323
279
259
299
363
391
391
329
276
203
189
202
179
195
141
67
55
24
-10
-10
-26
-59
-83
-104
-81
-59
-55
-31
-23
-33
5
65
109
115
103
121
167
183
192
223
251
278
256
259
290
341
405
414
414
399
331
319
304
306
342
322
295
239
205
222
222
236
231
153
93
87
124
169
174
115
33
-33
-50
-44
-56
-84
-125
-210
-234
-229
-225
-189
-199
-263
-285
-280
-266
-278
-284
-243
-235
-213
-177
-109
-86
-85
-97
-74
-6
50
11
-19
1
16
45
38
38
30
6
-15
-10
-2
-11
-66
-120
-108
-85
-89
-115
-169
-224
-250
-240
-223
-227
-233
-232
-200
-197
-222
-265
-290
-317
-349
-322
-272
-229
-181
-175
-182
-167
-129
-71
-23
-13
-7
16
29
34
24
18
74
74
31
73
57
11
8
47
119
139
78
14
32
81
95
110
130
150
112
33
59
102
90
84
67
90
91
86
133
199
199
142
74
99
148
111
90
92
114
104
67
92
127
104
22
-42
-4
56
67
23
-6
-16
-25
14
48
68
92
54
-7
-42
-85
-90
-43
-19
-55
-116
-123
-99
-61
-76
-92
-73
-137
-206
-222
-174
-105
-99
-136
-155
-159
-173
-146
-123
-120
-60
-14
5
53
89
121
127
118
144
129
122
170
203
201
196
215
221
221
196
201
150
76
16
-16
14
15
-65
-140
-150
-137
-96
-106
-107
-122
-196
-282
-280
-223
-191
-165
-202
-195
-178
-205
-153
-92
8
58
25
-22
-53
-7
60
163
204
154
65
-3
56
164
234
242
194
120
125
151
189
234
276
296
242
189
180
231
264
282
300
295
248
178
184
245
263
234
181
124
83
45
27
70
94
9
-45
-60
-40
22
71
75
60
18
-36
-80
-81
-56
-47
-23
-17
-17
-41
-36
-8
11
24
-1
-30
-50
-23
10
61
104
120
98
66
53
95
121
149
195
223
187
138
90
83
99
67
90
81
60
72
90
87
76
48
1
-58
-60
-44
-42
-59
-121
-175
-185
-179
-138
-132
-188
-236
-261
-259
-234
-210
-227
-264
-282
-267
-239
-204
-194
-202
-230
-208
-143
-119
-91
-89
-97
-67
-36
-23
-29
-16
-5
6
48
73
101
83
63
83
125
124
101
65
47
78
88
91
81
25
-34
-67
-72
-74
-71
-116
-145
-124
-147
-160
-156
-186
-229
-262
-215
-147
-163
-198
-246
-262
-265
-255
-258
-266
-274
-267
-247
-175
-132
-151
-142
-118
-57
2
26
60
73
93
84
86
97
61
82
106
123
134
65
12
17
24
31
33
18
25
0
12
17
24
28
8
3
-40
-90
-79
-79
-94
-99
-89
-67
-50
-39
-56
-65
-60
-61
-58
-43
-32
-35
-27
3
30
31
13
25
45
29
23
19
39
42
35
28
42
79
46
16
17
44
40
18
10
15
5
-12
-20
-54
-85
-120
-120
-53
-45
-84
-98
-130
-113
-77
-79
-94
-130
-140
-110
-82
-91
-117
-141
-159
-149
-181
-153
-141
-139
-93
-55
-42
-56
-69
-63
18
53
69
41
0
-10
-41
-55
17
61
21
10
6
24
19
-16
-25
2
40
27
-30
-29
0
16
-17
-23
0
-23
-46
-44
-9
9
-13
-34
-24
-12
-19
-62
-117
-96
-63
-77
-62
-60
-65
-54
-83
-84
-23
0
20
21
14
12
5
-17
-19
-11
-49
-39
-45
-55
-38
-27
-29
-34
-16
-9
-1
8
-20
-11
31
57
68
60
25
57
74
50
79
70
52
50
49
72
111
120
87
98
134
149
132
127
161
165
168
181
178
182
173
132
99
109
114
91
70
52
58
32
2
7
21
25
6
-22
-36
-52
-101
-79
-84
-140
-193
-246
-213
-149
-115
-104
-101
-105
-94
-25
4
-8
-16
-19
-27
38
69
67
52
4
-43
-20
16
36
54
-21
-81
-120
-142
-140
-119
-129
-167
-178
-198
-149
-136
-149
-133
-176
-192
-180
-207
-217
-193
-224
-260
-248
-256
-252
-229
-241
-246
-186
-177
-167
-136
-143
-153
-176
-156
-114
-71
-21
37
71
45
-7
-43
-17
25
44
-16
-18
5
-7
9
12
50
68
47
-7
-6
23
26
35
34
38
47
18
-2
26
47
54
58
25
17
22
3
12
5
-2
-3
-21
-25
-28
-80
-73
-68
-95
-108
-99
-96
-77
-57
-51
-22
-11
-23
-29
-34
21
76
92
124
159
171
155
153
166
212
243
256
291
282
304
329
345
348
314
293
275
313
357
347
306
241
201
204
211
216
203
180
141
106
93
86
88
119
138
121
88
50
43
24
30
-6
-35
-36
-66
-94
-127
-157
-174
-194
-205
-187
-253
-305
-328
-321
-283
-276
-302
-318
-329
-336
-320
-264
-252
-272
-268
-280
-273
-243
-205
-172
-160
-148
-124
-75
6
48
59
60
67
86
126
145
143
137
136
122
82
64
71
42
1
-8
-7
-18
-28
-55
-68
-73
-81
-82
-113
-145
-148
-147
-124
-114
-100
-75
-43
6
35
64
69
56
35
27
46
72
106
123
89
58
55
63
100
172
223
205
185
233
238
240
255
283
254
244
258
294
355
305
269
257
277
289
268
215
167
128
99
110
124
106
97
108
101
111
100
96
100
65
22
2
47
79
103
111
108
96
97
122
164
203
211
214
191
186
173
152
139
124
127
99
96
101
105
103
75
93
90
74
38
-13
-58
-99
-99
-69
-63
-92
-132
-134
-105
-77
-77
-93
-100
-116
-97
-74
-64
-89
-134
-124
-86
-30
3
-39
-79
-75
-60
-15
26
57
24
24
31
28
23
9
-17
-25
-8
-14
1
-16
-10
-7
-30
-44
-71
-79
-87
-86
-65
-68
-58
-45
-36
-26
-19
-56
-48
-18
-33
-28
-44
-37
-23
-33
-17
15
11
-1
28
71
159
243
275
243
183
208
235
233
220
137
125
132
151
186
165
144
138
138
133
138
142
133
168
163
133
102
56
58
83
77
68
13
-5
-7
-47
-70
-64
-44
-47
-53
-80
-100
-105
-50
-39
-71
-116
-138
-143
-111
-80
-78
-80
-118
-119
-91
-83
-40
-18
-61
-86
-98
-113
-132
-124
-116
-125
-144
-197
-232
-254
-258
-216
-180
-162
-139
-119
-115
-134
-131
-131
-177
-189
-205
-183
-167
-188
-177
-169
-183
-189
-176
-178
-180
-157
-142
-156
-168
-188
-171
-115
-83
-55
-71
-72
-34
-5
14
0
17
17
-15
-11
-3
-19
-20
-32
-77
-91
-113
-79
-38
-48
-48
-13
30
87
145
127
97
106
151
151
147
153
172
200
202
172
164
158
175
159
161
155
131
134
122
110
83
80
87
75
83
92
103
116
117
123
139
132
146
181
208
210
197
203
206
200
184
178
208
218
206
226
219
161
143
123
148
158
137
160
148
145
157
181
190
191
146
70
2
13
61
78
78
41
44
33
43
93
139
127
86
70
74
76
92
76
64
72
82
82
63
85
67
46
53
9
-22
-51
-45
-36
-29
-56
-89
-81
-77
-91
-126
-131
-165
-203
-245
-223
-199
-182
-167
-179
-168
-152
-138
-139
-145
-153
-150
-157
-142
-135
-140
-158
-200
-197
-193
-160
-160
-204
-197
-175
-152
-92
-73
-82
-91
-118
-119
-119
-106
-73
-9
-1
-23
-36
-9
57
115
120
91
76
99
137
144
153
125
85
60
63
95
80
25
-14
-73
-129
-137
-129
-126
-154
-183
-198
-208
-224
-228
-230
-260
-285
-321
-330
-295
-297
-309
-304
-292
-292
-296
-260
-259
-234
-212
-209
-162
-156
-136
-129
-124
-121
-91
-56
-57
-16
10
65
85
77
66
56
102
142
163
145
147
138
127
113
69
78
102
88
51
26
56
109
98
122
133
113
124
88
82
117
112
100
84
69
81
94
69
60
27
27
75
89
91
75
44
50
61
78
124
133
150
138
138
174
196
220
208
182
130
119
150
122
127
100
54
39
43
57
65
80
39
7
-65
-109
-71
-47
-18
-12
-33
-69
-61
-91
-118
-75
-51
-71
-125
-140
-129
-92
-81
-90
-110
-132
-115
-109
-71
-50
-51
-24
-18
-43
-54
-33
-10
21
14
-11
-15
-21
5
31
62
52
28
4
5
29
35
43
0
-23
-32
-54
-38
-37
-39
-50
-87
-87
-58
-56
-42
-17
-10
-14
-11
20
79
133
152
143
164
167
177
218
212
186
172
160
153
180
172
141
155
160
184
226
236
232
233
231
236
234
211
207
199
185
168
126
88
79
54
44
75
82
68
36
0
-49
-32
10
9
28
11
48
69
74
92
98
118
145
164
164
176
155
139
134
148
147
149
184
171
172
171
131
102
87
47
4
-33
-60
-86
-147
-205
-252
-298
-271
-290
-382
-419
-424
-438
-448
-462
-478
-468
-441
-472
-447
-412
-383
-314
-316
-310
-295
-286
-311
-324
-306
-282
-253
-232
-239
-239
-213
-195
-176
-163
-173
-182
-167
-149
-169
-178
-165
-126
-107
-146
-179
-176
-207
-179
-155
-183
-174
-184
-192
-192
-173
-153
-155
-135
-130
-125
-147
-149
-143
-163
-158
-156
-145
-111
-89
-74
-79
-64
-18
-14
-10
25
45
28
16
2
-13
-34
-16
53
126
157
160
177
167
204
251
245
197
186
186
178
190
204
215
194
154
119
42
-18
-45
-58
-87
-137
-145
-146
-136
-100
-68
-47
6
3
-11
-20
-33
-40
-21
-20
-62
-75
-29
3
32
48
24
57
66
84
74
36
35
30
41
63
79
89
61
41
29
11
-4
-50
-55
-66
-55
-16
-22
-56
-58
-42
-55
-87
-102
-93
-120
-142
-101
-44
-13
19
20
34
92
143
170
195
192
199
222
197
167
145
143
132
117
111
165
193
163
155
131
136
145
118
85
66
45
18
7
39
63
52
36
-6
-22
-3
-4
-33
-32
-32
-52
-88
-95
-37
15
41
55
92
76
74
101
119
126
90
61
49
41
93
122
133
167
190
181
194
200
177
163
151
111
111
99
84
83
52
39
14
44
68
58
17
-51
-52
-41
-19
-35
-77
-82
-69
-45
-45
-28
-26
-51
-50
-54
-42
-15
-46
-100
-115
-119
-109
-52
-21
-24
-1
