91
166
154
201
189
169
138
142
141
156
165
155
181
212
248
297
88
-22
13
-9
6
-5
3
-3
3
-2
1
-1
0
-1
0
0
1
0
0
0
0
0
0
0
0
0
0
0
0
0
0
0
0
0
0
0
0
0
-1
0
0
0
0
0
0
0
0
0
0
0
0
0
1
0
0
0
0
0
0
0
1
0
0
0
1
1
0
0
0
-1
1
1
0
0
0
0
0
0
0
1
0
0
0
1
0
0
0
0
0
-1
0
0
0
0
0
0
0
0
0
0
-1
-1
-1
0
0
0
0
-1
0
0
0
0
0
0
0
0
0
1
0
1
0
0
0
0
0
0
1
-1
0
1
-1
0
0
0
0
0
0
0
-1
0
0
0
-1
0
0
0
1
0
0
-1
0
0
0
0
0
0
0
0
-2
6
-75
-86
-78
-107
-100
-97
-75
-45
-35
-15
3
-48
-102
-133
-133
-93
-97
-94
-113
-142
-123
-101
-81
-67
-60
-97
-119
-134
-151
-122
-98
-105
-143
-168
-187
-168
-140
-152
-155
-149
-151
-112
-99
-121
-89
-60
-40
18
33
81
109
111
145
118
86
92
103
124
132
64
46
51
60
67
82
86
85
125
137
122
66
29
41
60
82
107
135
108
81
28
-2
9
-1
3
0
19
11
5
8
-4
-7
3
3
10
6
-3
5
-6
-7
-3
6
6
3
-1
1
11
2
-3
6
-18
-10
-2
-12
-1
-1
1
0
6
9
1
9
11
13
16
5
9
12
4
4
10
11
4
-15
-9
-11
5
11
0
21
13
9
10
17
16
9
4
-3
-5
6
2
14
13
6
7
-6
-6
-4
-5
9
15
7
9
16
11
14
5
-9
-22
-17
0
-2
0
7
9
-2
-11
3
10
11
9
3
4
8
4
3
0
-1
-3
-1
0
-3
-3
-13
-6
6
-1
6
12
11
11
2
5
1
11
6
1
-2
-1
8
4
7
8
1
-10
-14
-4
11
12
9
9
-3
8
11
-9
-7
-20
-21
-6
-6
-8
-5
-6
-11
-1
-6
3
23
7
10
7
-6
-9
7
7
3
0
-10
-4
8
-8
-2
3
-15
-11
-7
-7
4
8
-3
7
-1
-6
0
-6
0
1
-5
-8
-10
-4
-18
-5
-5
-16
5
-10
-3
1
3
17
4
-2
1
-16
-15
-5
-10
-2
1
-10
-7
-3
-1
18
4
3
-3
-1
12
12
6
-5
-3
-10
2
6
-1
-4
6
-3
-13
-14
-7
8
19
11
-5
-9
4
17
7
-6
-4
-10
-11
3
4
0
-6
-20
-3
-3
-5
0
7
0
-3
1
-3
8
14
4
4
-1
1
1
-3
-3
-5
-7
-7
-5
0
4
2
-6
2
9
-5
2
1
-1
0
-10
-4
-2
-8
-2
-5
-14
-9
-5
-5
-12
-8
4
7
5
-11
-2
6
5
11
-4
-8
-5
4
7
0
-1
-10
-2
-3
-9
-11
-12
6
5
6
8
7
-1
1
-5
2
8
5
6
-11
-12
2
10
13
-1
-1
5
1
4
1
-1
-4
-7
-6
-1
2
3
5
-2
0
-1
4
3
4
8
-3
-4
14
15
3
1
-2
3
-1
10
13
2
-19
-25
-12
5
3
-3
-8
-6
-2
-5
3
-3
-3
9
-1
-1
-3
-18
-10
-16
-10
2
30
29
7
13
20
36
23
16
34
14
-5
-14
10
18
13
-1
-22
-9
-11
-8
2
4
-18
-22
-4
17
16
0
-5
11
18
17
-3
-24
-20
-13
-24
-14
-8
-23
-7
-9
-22
5
14
-26
-31
-10
8
24
9
-10
12
-18
-26
-33
-51
-35
-21
5
9
22
27
30
31
15
3
12
19
-1
30
51
8
-2
6
-21
-21
-27
-14
26
17
16
2
12
12
23
15
-11
-11
-17
4
13
-1
-13
-23
-64
-39
-15
6
-3
-28
-30
-2
20
9
18
6
25
24
20
27
21
19
1
-12
-23
-9
-2
17
16
3
12
0
22
41
29
-17
-31
-14
11
15
-1
5
-6
-28
-33
-29
-10
-12
-3
-12
19
14
18
28
-6
-2
-169
106
100
31
-12
-175
-39
61
68
1
-14
1
9
2
96
47
-36
-29
27
15
-15
19
54
13
-52
-53
-31
-24
-22
20
46
27
21
25
7
16
37
32
22
-7
-31
-24
-3
-7
8
-8
-19
-17
-42
-1
19
-5
-29
-17
7
17
-6
-1
-15
-10
0
-1
-2
-20
-23
-22
7
33
53
46
30
13
-6
6
37
65
44
19
7
19
23
10
-21
-42
-34
-16
-8
9
23
17
20
30
47
23
18
3
-20
-20
10
0
-18
-24
-57
-62
-56
-45
-41
-59
-112
-118
-60
-7
-9
-35
-19
-24
0
7
9
15
7
-7
2
3
5
30
22
24
-1
13
18
23
44
41
45
56
54
40
-6
-22
-34
-44
-35
-42
-60
-33
-26
-9
6
-10
-23
-30
-24
-10
-17
-15
-12
-32
-39
-40
-34
-17
-23
-1
49
29
-5
-21
-31
-14
26
39
39
11
-18
-23
2
-6
-40
-84
-88
-36
-4
-6
1
11
11
28
47
65
96
90
51
52
62
43
11
-24
-66
-64
-60
-86
-77
-54
-52
-46
-29
-3
41
39
3
14
-16
-30
11
-49
-70
-50
-69
-74
-54
-23
-15
-9
-28
-21
2
-30
-20
28
38
55
65
50
44
10
-48
-62
-90
-86
-44
-40
-41
-11
14
9
28
33
43
69
49
22
-31
-39
-10
-32
-54
-34
-12
-12
0
7
27
25
11
22
30
19
0
6
-6
-22
-37
-50
-55
-68
-107
-106
-114
-79
-47
-45
-79
-102
140
74
-89
-13
-66
-45
66
17
-5
130
28
-135
-23
89
-69
-113
-69
57
152
147
226
120
48
-22
-29
53
26
-29
-69
-46
-5
22
123
134
29
43
50
55
72
3
-92
113
68
-9
123
-44
153
68
-75
-31
-90
-19
-107
-51
-2
65
154
-53
45
58
-55
126
73
11
-19
-79
-27
64
66
-76
-17
15
27
106
-28
2
48
41
125
117
97
89
93
96
81
113
109
71
18
10
28
-19
-43
-56
-58
-15
12
13
-3
28
48
48
26
-19
-27
-46
-94
-99
-122
-138
-103
-68
-64
-62
-37
-20
9
4
2
-14
-54
-39
-17
0
-3
-22
-18
4
12
7
47
79
73
70
43
47
61
113
173
201
184
150
96
65
57
68
13
-42
-51
-62
-37
0
5
-11
-31
-44
-24
-26
-36
-20
-50
-48
-59
-92
-91
-106
-106
-82
-38
-3
-3
32
67
101
120
74
118
102
115
90
-17
45
44
18
-9
-120
0
-48
-87
61
-114
-9
12
-151
14
-2
-32
24
-75
-62
-84
-138
-22
-53
-84
-57
-79
-94
-118
-55
7
11
7
39
78
68
56
79
77
46
-21
-33
-26
-10
-10
-27
-7
-13
-9
-16
-82
-114
-116
-82
-33
-1
-7
-46
-25
21
54
38
-2
-56
-87
-64
-68
-52
-50
-23
-5
-12
-1
-39
-39
-35
-49
-48
-61
-43
-26
-32
-34
-76
-33
-19
-32
1
-10
26
16
4
28
18
36
52
27
-3
-35
-56
-58
-12
18
5
-30
-66
-65
-35
-24
-39
-34
-18
-17
-13
-10
0
18
8
-22
-22
-26
-50
-38
-27
-27
-29
-16
-36
-37
-45
-18
1
-11
-11
-49
-30
16
7
-3
2
10
16
40
40
39
76
86
89
81
79
86
67
86
151
158
131
93
64
68
101
74
23
22
1
-27
-54
-24
10
11
19
24
27
20
-17
-49
-47
-41
-31
-15
26
17
-6
-17
-14
-6
-1
20
13
-9
-31
-53
-12
24
35
0
-13
-14
-7
4
13
-9
-4
-17
-33
-53
-77
-84
-93
-56
-15
13
20
22
33
51
90
98
42
-3
-45
-69
-9
61
112
126
137
146
169
181
180
167
111
69
40
15
11
-13
-79
-116
-76
-65
-118
-127
-110
-69
-80
-53
-11
7
30
43
74
93
100
88
65
43
66
33
49
52
33
68
78
74
23
26
50
48
53
47
32
21
32
89
58
45
62
62
66
57
26
21
50
40
56
15
-2
-9
-32
-47
-64
-53
-85
-93
-97
-87
-71
-55
-18
46
23
3
24
23
41
41
112
122
111
74
11
-7
-24
-27
-25
-11
-32
-87
-97
-71
-53
-17
22
42
50
16
5
-4
2
-4
-29
-48
-70
-76
-43
15
17
22
49
64
63
46
1
-8
29
63
75
55
-3
4
7
4
26
-1
4
25
29
36
50
32
63
95
53
13
0
-7
10
13
-17
-5
29
-4
-21
-5
-26
-11
-6
-21
-19
-41
-37
-29
-39
-46
-61
-59
-86
-64
-59
-88
-19
22
39
52
12
6
37
42
44
51
46
37
37
45
32
23
-32
-85
-84
-94
-97
-105
-133
-131
-81
-43
-15
9
-9
-7
16
29
43
21
5
8
-4
-7
-21
-55
-79
-61
-22
-20
-13
-10
36
65
83
112
107
135
108
99
70
22
2
0
16
2
5
-12
-34
-42
-62
-75
-106
-146
-171
-196
-201
-184
-194
-165
-144
-147
-103
-88
-101
-107
-109
-100
-45
12
37
64
68
65
85
86
109
124
112
90
79
56
32
107
113
22
69
79
53
86
90
115
62
-4
70
150
132
127
88
8
92
155
74
140
225
136
88
126
121
76
79
79
40
34
17
12
25
24
52
50
68
38
25
33
-5
-30
-42
-51
-74
-91
-130
-144
-110
-104
-160
-183
-198
-230
-182
-166
-172
-156
-155
-140
-132
-147
-121
-50
-13
3
-4
-39
-12
43
47
54
52
33
-20
-10
30
31
30
37
-86
-92
-108
-111
-19
-83
-63
-39
-17
5
-3
-60
-105
-104
-78
-36
-12
-37
-57
-25
-34
-15
13
6
20
7
11
7
-3
-27
-31
-6
-28
-58
-93
-129
-85
-42
-43
-57
-101
-119
-99
-134
-181
-163
-113
-93
-22
6
-34
-40
-68
-50
-24
-55
-89
-110
-140
-171
-147
-109
-69
-45
-34
-66
-81
-110
-142
-80
-77
-88
-70
-74
-68
-40
-60
-48
-73
-110
-100
-136
-147
-151
-149
-123
-106
-92
-66
-17
-3
4
57
111
127
133
84
56
55
38
71
81
47
27
21
54
103
110
104
100
77
49
50
49
4
-49
-50
-14
28
61
61
35
40
49
107
121
72
49
38
47
60
72
69
63
44
-4
-26
-7
28
56
53
20
28
45
101
130
79
48
0
11
34
23
54
82
77
96
119
147
160
131
140
155
193
181
123
58
22
68
121
150
134
96
123
142
128
137
128
138
144
118
166
146
126
149
121
110
111
97
92
93
101
122
117
101
56
43
-10
-63
-90
-97
-67
-43
-33
-50
-77
-42
-10
-46
-28
-15
2
-11
-28
-21
-53
-36
-32
-9
0
-34
-39
-31
-69
-51
-13
-3
41
67
88
90
100
100
61
46
62
57
60
31
36
54
51
90
47
18
39
10
42
62
44
74
88
63
58
76
66
103
153
165
188
167
145
173
166
131
116
111
118
118
81
47
50
76
76
78
62
46
52
47
89
119
113
110
60
80
103
79
74
75
74
47
33
33
27
31
29
40
32
5
19
-46
-76
-49
-94
-111
-124
-144
-113
-87
-73
-72
-65
-45
-42
-59
-96
-88
-53
-39
-31
-49
-76
-81
-90
-92
-60
-49
-42
-28
-55
-73
-81
-76
-56
-44
-47
-65
-53
-15
16
37
21
19
6
-19
34
62
46
47
23
-7
-23
-29
-23
-7
-1
4
27
14
-16
-36
-52
-53
-66
-67
-55
-83
-100
-142
-168
-147
-143
-131
-146
-165
-118
-112
-110
-84
-71
-56
-54
-56
-62
-77
-90
-80
-54
-48
-24
-5
-13
-19
21
70
62
62
11
-44
-53
-71
-63
-56
-32
-34
-33
-33
-74
-60
-46
-58
-73
-79
-64
-78
-60
-44
-58
-49
-46
-60
-60
-52
-22
-15
-25
-20
-36
-16
-19
-25
-32
-44
-45
-37
-51
-49
-44
-45
-51
-51
-40
-47
-40
-35
-46
-53
-49
-57
-19
-15
9
10
39
76
89
138
150
153
86
28
41
19
17
41
56
66
36
16
12
17
27
-9
-53
-93
-135
-142
-150
-127
-149
-193
-144
-109
-121
-175
-224
-243
-223
-185
-158
-163
-194
-226
-220
-186
-138
-130
-144
-162
-187
-194
-144
-109
-85
-41
-50
-83
-90
-73
-50
-35
-49
-40
-52
-80
-86
-67
-85
-81
-33
-34
-7
3
0
27
51
79
122
159
164
131
136
128
124
142
131
110
82
74
72
92
60
19
-45
-37
-30
-73
-72
-91
-88
-119
-175
-191
-188
-157
-134
-146
-140
-140
-98
-57
-48
-48
-27
-20
-16
12
-18
-25
-4
-4
9
-7
-35
-55
-79
-70
-22
18
-7
-36
-20
-3
18
8
-7
1
13
6
10
19
2
6
8
14
51
74
90
78
83
106
104
130
171
207
212
186
199
215
261
261
204
223
244
276
289
261
285
318
314
350
366
395
413
409
379
385
426
437
445
424
395
419
387
380
417
402
379
367
347
336
338
321
291
264
251
219
216
224
208
192
166
138
120
130
128
80
88
88
70
105
80
76
84
54
91
107
72
35
-28
-57
-69
-80
-77
-97
-96
-127
-128
-94
-106
-69
-38
-69
-88
-79
-63
-34
-14
18
28
20
15
33
79
118
121
118
98
82
88
131
169
159
165
170
180
177
158
141
123
62
45
83
116
133
85
42
59
100
118
111
99
81
73
64
91
82
41
41
35
44
49
14
18
22
15
58
46
11
23
26
59
80
63
47
1
-5
30
53
59
45
55
71
81
85
72
86
104
86
100
76
57
49
18
33
-3
-46
-48
-42
-45
-60
-55
-29
-10
54
83
89
77
85
109
86
80
59
57
73
63
58
87
80
82
49
35
32
-33
-44
-47
-59
-64
-75
-71
-66
-98
-93
-25
15
19
11
-27
-13
19
-14
-30
-27
-4
7
-2
28
77
106
131
122
83
68
1
-35
-51
-47
-22
-37
-2
70
119
155
184
178
180
153
153
179
139
115
80
18
1
-17
-38
-66
-102
-120
-176
-183
-227
-250
-235
-227
-168
-181
-144
-117
-137
-132
-144
-142
-140
-100
-98
-86
-63
-49
-49
-16
24
31
28
52
69
48
30
35
73
88
103
108
108
138
155
143
162
139
140
150
113
122
86
54
58
36
50
7
-64
-95
-110
-117
-111
-138
-181
-173
-130
-114
-93
-67
-49
-31
-47
-30
-37
-115
-123
-91
-100
-110
-142
-167
-178
-155
-153
-139
-130
-117
-97
-93
-72
-46
-20
3
46
83
101
73
40
62
88
76
65
77
96
92
89
73
81
83
86
67
50
40
41
73
34
29
62
45
39
44
40
61
56
66
93
77
59
53
45
46
62
54
34
19
-2
-28
-51
-43
-15
18
10
-25
-29
40
128
173
172
167
171
163
168
160
136
121
80
27
-11
-46
-115
-123
-99
-147
-155
-170
-198
-184
-204
-196
-131
-101
-78
-78
-103
-97
-70
-81
-86
-61
-51
-17
-3
-44
-44
-35
-19
-32
-36
-40
-23
-34
-49
-71
-90
-83
-87
-69
-90
-116
-149
-125
-88
-111
-100
-89
-108
-108
-91
-77
-20
15
28
75
72
79
91
100
109
87
61
50
61
87
86
68
62
82
69
40
23
-10
-49
-66
-47
-56
-55
-61
-45
-18
-58
-81
-50
-29
-41
-54
-28
0
-28
-49
-68
-73
-64
-80
-80
-65
-61
-74
-64
-60
-62
-68
-38
-51
-80
-42
-15
19
52
95
106
135
125
105
97
124
185
160
175
179
170
182
178
167
166
186
173
156
129
88
64
40
33
49
58
17
-22
-76
-90
-97
-108
-111
-117
-65
-38
-48
-74
-90
-93
-86
-95
-96
-127
-143
-107
-112
-130
-148
-150
-171
-186
-180
-157
-125
-130
-119
-105
-99
-117
-110
-118
-122
-117
-154
-161
-166
-161
-174
-174
-157
-135
-96
-111
-77
-83
-83
-36
-37
-38
-48
-59
-61
-60
-94
-97
-94
-110
-139
-141
-149
-145
-104
-71
-27
8
44
44
29
5
10
11
40
69
42
10
-50
-60
-34
-4
16
40
63
35
8
-7
-1
28
29
22
37
32
20
33
14
-5
-11
-18
-17
-21
-9
1
26
43
60
73
57
25
0
-4
-18
-23
-31
-66
-72
-58
-82
-102
-118
-137
-144
-155
-148
-122
-144
-160
-148
-137
-107
-115
-144
-149
-157
-139
-95
-43
1
7
-22
-1
14
15
57
82
79
82
76
101
118
126
123
59
26
-25
-46
-28
-42
-52
-50
-23
-45
-42
-1
3
-19
-76
-110
-119
-159
-210
-220
-226
-229
-255
-267
-276
-276
-255
-247
-215
-185
-167
-165
-189
-181
-147
-171
-145
-135
-161
-157
-164
-168
-195
-236
-217
-181
-170
-116
-70
-50
-26
-35
-20
-5
-35
-68
-54
-38
-12
-4
-12
-15
-49
-54
-72
-86
-111
-142
-143
-137
-117
-143
-173
-175
-180
-189
-190
-185
-158
-145
-145
-118
-80
-52
-29
-30
-45
-15
3
0
-3
0
-7
-43
-85
-101
-118
-117
-106
-100
-101
-95
-78
-86
-70
-35
-32
-24
-56
-60
-19
-6
-7
-16
-23
-7
28
53
97
122
148
169
179
175
158
176
203
207
229
230
236
231
180
136
122
71
38
36
7
-22
-44
-33
-53
-74
-98
-124
-99
-87
-105
-130
-117
-84
-72
-81
-74
-49
-35
-21
-35
-16
-25
-30
19
60
89
106
105
88
92
61
44
59
68
41
21
11
22
-7
-58
-52
-29
-28
-26
-13
-25
-26
-21
-1
-2
-4
7
4
56
96
98
115
130
106
122
162
193
202
187
209
210
186
128
101
74
60
38
56
76
77
79
55
71
74
83
56
59
77
106
150
142
140
137
151
128
113
103
61
42
4
-45
-53
-34
-20
13
11
21
17
9
14
-6
-13
-10
-11
-6
25
40
44
37
8
39
66
81
71
45
82
129
139
144
161
169
180
210
245
246
215
182
171
184
181
182
180
127
117
107
123
132
115
137
125
109
138
133
130
93
63
76
77
111
136
135
120
98
91
109
107
102
78
53
33
36
49
56
70
72
54
56
57
74
60
42
50
73
128
138
134
135
147
172
143
101
46
-43
-46
-50
-57
-13
-33
-53
-67
-73
-75
-77
-71
-41
-13
-44
-59
-57
-40
-32
-78
-90
-42
-2
9
-16
-41
-63
-57
-32
-2
51
81
65
79
108
137
178
242
272
276
257
221
170
148
127
112
115
122
110
74
95
61
54
32
-33
-67
-107
-136
-113
-103
-103
-115
-145
-141
-112
-127
-131
-140
-148
-118
-105
-99
-110
-92
-127
-150
-127
-115
-106
-127
-117
-94
-112
-162
-193
-201
-158
-139
-102
-100
-104
-90
-84
-72
-94
-81
-62
-84
-74
-48
-52
-34
-53
-55
-36
-16
-34
-65
-86
-102
-115
-108
-118
-113
-134
-175
-185
-194
-180
-238
-246
-280
-333
-346
-389
-427
-436
-465
-453
-441
-443
-411
-411
-391
-334
-289
-279
-301
-303
-279
-275
-241
-235
-188
-155
-126
-105
-128
-89
-73
-69
-83
-109
-92
-73
-79
-56
-52
-73
-67
-52
-14
-7
-31
-48
-49
14
26
16
24
22
26
35
49
76
97
99
97
74
56
69
92
75
55
36
12
28
21
29
56
53
19
-5
-21
-31
-55
-104
-86
-33
-2
-3
15
4
30
118
154
159
154
144
172
212
200
254
265
214
253
266
281
334
315
298
305
313
339
354
344
312
303
337
336
374
387
363
345
315
280
278
264
236
170
114
109
130
137
124
137
114
100
135
126
107
107
92
97
100
107
153
192
209
227
268
289
312
328
331
362
356
386
411
427
447
484
506
539
595
577
585
565
520
486
471
471
467
455
413
426
448
432
431
417
377
360
340
302
274
237
189
201
196
177
183
190
239
291
273
255
242
228
247
251
256
264
255
246
263
307
311
292
252
173
169
176
184
189
125
82
86
70
70
40
3
10
-11
-24
-54
-83
-90
-131
-148
-125
-110
-113
-101
-103
-136
-156
-141
-144
-141
-144
-189
-219
-248
-263
-227
-210
-182
-165
-152
-113
-97
-112
-126
-153
-140
-142
-90
-36
-22
-8
-11
15
36
38
27
-17
-61
-39
-64
-58
-34
-32
-13
-26
-44
-63
-55
-84
-98
-119
-150
-172
-184
-195
-194
-139
-113
-100
-116
-147
-139
-160
-178
-184
-247
-251
-246
-224
-190
-194
-156
-115
-107
-106
-113
-109
-120
-138
-138
-157
-141
-125
-99
-64
-25
4
1
-4
-24
-24
-82
-129
-157
-190
-199
-250
-267
-245
-211
-176
-174
-160
-161
-155
-123
-153
-192
-193
-198
-169
-120
-65
-11
21
34
-1
-2
28
18
-8
-47
-71
-40
-50
-34
-5
-16
9
-34
-43
-25
-56
-53
-115
-132
-114
-131
-79
-80
-78
-103
-119
-107
-88
-66
-85
-135
-155
-142
-120
-79
-75
-49
-55
-30
0
22
43
37
30
9
-13
-4
24
21
19
6
3
25
44
54
42
61
72
55
26
-15
-44
-29
-30
-5
36
3
-34
-40
-49
-42
-20
-37
-60
-26
-1
17
31
38
77
91
61
27
-6
8
31
40
34
66
111
162
221
208
214
283
322
330
323
300
315
306
279
263
245
260
272
276
286
282
278
291
286
277
256
249
241
235
248
237
258
257
242
260
250
225
188
151
153
128
100
86
47
11
-35
-91
-116
-98
-62
-47
-69
-93
-133
-145
-142
-137
-142
-170
-147
-124
-94
-48
-15
-8
-18
-25
-3
-18
-59
-66
-43
-16
-14
18
54
33
9
7
26
56
62
61
44
33
84
106
127
142
132
117
93
95
76
25
-1
-16
-44
-38
-6
17
16
4
40
16
27
42
27
-4
-63
-83
-131
-144
-172
-232
-255
-252
-255
-269
-262
-253
-289
-289
-241
-230
-253
-235
-228
-243
-230
-197
-210
-194
-181
-202
-223
-269
-261
-295
-323
-340
-375
-378
-367
-360
-357
-379
-392
-360
-351
-318
-313
-300
-250
-209
-170
-148
-127
-83
-51
-18
3
-10
-34
-40
0
-2
-8
1
10
42
53
78
91
90
99
86
73
62
9
-33
-38
-47
-32
-26
-29
-16
-8
11
24
50
48
22
30
33
85
110
140
140
114
148
158
165
163
106
59
8
-6
-2
-14
-4
1
33
35
21
40
47
74
89
86
104
102
123
127
105
92
81
93
83
55
79
74
53
67
92
87
72
86
102
116
110
115
138
148
129
103
115
116
138
175
188
191
201
248
283
268
259
265
298
316
291
257
233
237
264
238
243
261
221
203
160
123
95
88
57
22
6
-20
-34
-45
-89
-94
-100
-123
-137
-132
-89
-101
-133
-121
-101
-55
-16
-3
13
22
55
35
13
25
0
-30
-44
-63
-38
-14
-8
5
11
48
74
109
111
95
107
117
139
109
92
110
92
68
60
27
47
88
107
91
69
67
29
31
35
49
63
40
38
30
-3
-2
8
-12
-11
-44
-67
-16
11
31
46
34
17
21
48
55
49
16
35
57
55
32
-17
-9
48
92
144
186
166
183
207
182
233
216
142
114
49
22
13
8
-35
-132
-162
-183
-183
-173
-194
-180
-189
-188
-170
-160
-146
-156
-196
-195
-217
-237
-294
-356
-382
-427
-420
-424
-445
-425
-405
-365
-343
-340
-311
-292
-267
-257
-280
-263
-263
-280
-272
-402
-285
-329
-281
-221
-268
-216
-193
-197
-183
-165
-186
-212
-192
-158
-157
-159
-203
-213
-222
-239
-227
-203
-181
-183
-186
-116
-153
-98
-90
-117
-52
-89
-73
-71
-63
-66
-98
-114
-135
-106
-58
-47
-42
-32
-34
-31
-31
-46
-74
-115
-140
-137
-140
-159
-147
-151
-108
-87
-93
-32
-7
19
45
34
85
80
130
163
203
203
224
242
300
370
517
725
1092
1673
2360
2491
2315
1801
419
-149
-1240
-935
-5077
954
4165
1884
4013
-1615
281
2201
501
-205
-2468
-941
-968
-808
1898
1837
-900
-1158
-37
-568
-987
-905
1028
444
-1856
-2100
-1886
-1118
-2063
-1700
-943
-1308
-1012
-833
985
484
2184
276
923
953
128
607
321
2611
1817
1391
445
1996
1423
1248
970
-82
-1131
-1900
-2963
-867
-2004
-2043
-1426
-2242
-252
-686
-386
655
-299
-779
-198
-1000
813
554
-208
940
7
242
1234
211
-734
-2174
-3233
-2202
285
-398
-536
-2008
-2728
-1030
-1280
-1931
-2519
-2788
30
252
328
1689
250
-616
893
-766
782
1698
777
2305
1767
806
966
87
1083
-327
-137
337
-276
260
-661
-130
-322
232
-1410
292
388
33
-429
-2031
-501
348
1165
1014
2120
-5
978
-252
-411
24
-294
375
695
716
662
464
38
35
-1227
-1165
-1509
-393
-663
-897
-736
-720
-1110
-106
797
-302
-217
-1680
-466
898
753
468
264
-267
654
156
-108
489
-893
-522
-73
-137
1120
1337
45
649
-763
-2052
-1331
-909
-483
273
260
-1345
390
943
-313
348
-853
-1152
-1286
-76
1805
1642
1522
740
-457
-122
56
228
892
141
-1241
-903
102
320
-1781
-161
-844
-1190
-309
-851
-134
-278
-1461
-1323
-1749
-1060
-1395
-1523
101
-136
218
-692
896
-297
259
367
-281
1351
506
523
789
14
-94
243
-27
590
892
-622
-459
190
-206
-913
-408
-1409
-893
-851
-1150
127
-979
-320
-882
-2056
-1134
-298
-1077
262
735
-688
-603
-224
-132
1296
491
-347
-540
-1183
142
681
939
669
661
-258
1034
301
-276
938
368
-1243
-766
-418
469
689
542
582
-1382
-931
388
747
508
48
-32
-168
293
386
-122
142
46
-1240
-588
1876
1425
248
123
-426
114
928
11
236
902
638
-101
113
-428
77
625
519
594
-807
-269
1312
810
1060
572
-447
412
-30
-126
720
-198
-448
-3
46
539
228
84
-391
-1048
-57
407
72
-138
348
1361
1002
150
834
140
289
844
256
883
1055
-236
524
825
1063
1475
518
910
-324
-1447
-430
-86
-215
-257
-39
1241
624
-833
-144
8
511
689
57
708
-478
-210
1355
1445
650
206
-986
300
2025
968
1733
170
-383
-32
-489
590
778
149
-350
-398
-414
-191
-708
-828
-248
-1424
-1883
-1077
108
802
-335
-2112
-2232
-1565
-239
609
701
1090
-395
-1018
-538
213
19
-517
-1282
-63
536
-267
-60
-718
-214
-793
-986
-419
150
91
-424
-958
-899
-193
-685
-556
385
320
322
372
1065
1181
-627
-588
-127
91
342
150
39
539
190
-223
558
232
46
-25
-189
734
989
1059
1705
1160
1228
1811
1515
2079
1693
1747
2082
1758
1470
1797
1986
1959
2058
1838
2326
2085
1922
1415
1567
1620
825
703
972
1443
1440
1382
935
598
595
89
143
272
261
65
-323
-475
-28
-733
-319
-1051
-1806
-1487
-1869
-1862
-2061
-1620
-1152
-946
-1292
-1376
-2128
-2210
-1535
-1840
-1482
-1573
-2122
-1783
-2146
-1844
-1260
-1704
-1431
-1481
-1964
-2062
-1934
-2146
-2238
-1755
-1877
-1304
-1060
-1043
-1356
-1725
-1501
-2217
-2155
-2109
-1936
-1334
-1593
-1635
-1405
-1343
-905
-256
525
633
534
359
1355
1614
2101
3057
2767
3473
3595
3980
4346
3873
4001
3818
3566
3842
4184
4722
4739
4217
3403
2767
2354
2239
2302
2284
2078
2284
2314
2593
2667
2237
1872
1559
1420
1345
1766
2214
2659
2275
2013
1897
2001
1555
1149
1141
1094
1457
1729
987
188
-273
-110
4
-545
-247
-271
-441
-924
-1501
-1276
-1639
-1484
-1690
-1433
-1723
-2051
-1676
-2095
-1632
-2565
-3190
-2049
-1868
-1715
-1657
-1937
-2090
-2345
-2317
-1750
-2321
-2288
-2008
-1899
-1771
-2626
-3101
-2505
-1655
-1625
-3010
-2357
-1660
-942
-960
-1799
-1276
-1826
-1935
-1291
-1318
-447
-348
-307
-241
128
732
629
908
-93
242
1050
1456
1353
878
1335
1931
2212
1683
1184
1223
1361
2065
2018
1375
1357
1873
2515
2723
2062
1460
1320
1617
1628
1269
1438
1439
1880
1793
1197
980
652
1272
1752
961
640
599
1206
1592
1423
1230
1139
1729
1695
1499
1609
1889
1886
1706
1408
1404
1849
2402
2237
1768
1675
1714
1737
1955
1785
1626
1288
1318
1321
1028
1043
987
574
412
743
812
571
509
673
639
549
460
349
-199
-139
-73
-346
-537
-402
-623
-515
-794
-1293
-1468
-1601
-1441
-1612
-1676
-1694
-1762
-1797
-2038
-2063
-2271
-2005
-1963
-2183
-2127
-1820
-1604
-1722
-1790
-2194
-2198
-1869
-1642
-1579
-1755
-2012
-2229
-2250
-2132
-2267
-2558
-2896
-2712
-2658
-2450
-2691
-3116
-3039
-2980
-2620
-2403
-2334
-2296
-2339
-2326
-2024
-1681
-1312
-957
-681
-128
1
-6
314
380
703
739
682
1031
1232
1313
1428
1345
1373
1424
932
960
1240
1013
1064
1159
785
834
661
674
648
302
466
580
497
905
1339
1144
1074
872
1238
1323
1249
1179
681
1233
1499
1311
1208
987
1521
1291
1111
792
859
1093
1014
1069
565
252
833
534
870
31
88
724
337
894
4
64
575
104
-629
-495
-611
111
87
-214
-793
-669
6
-234
-682
-1679
-1337
-1190
-631
-1252
-1033
123
-847
-1574
-2095
-2190
-735
-934
-1622
-2374
-2702
-1860
-1526
-1958
-3426
-3533
-2990
-2100
-2278
-3064
-3000
-2802
-2729
-2936
-3208
-2852
-2318
-1983
-1942
-1977
-1655
-1072
-1122
-887
-583
-194
474
687
826
963
1474
2004
2101
1881
2043
2238
2127
2164
2383
2401
2266
1895
1433
1077
901
1087
1248
813
491
211
494
620
-33
-374
-191
493
546
-146
-70
534
929
700
-124
-61
768
1490
930
449
165
526
1534
1833
2052
1059
1078
1798
2226
2003
1407
1270
2050
2347
1621
1535
1717
2266
2188
1809
1247
1621
2455
2235
1423
705
564
1265
874
137
34
-216
1353
733
-727
-613
-910
-547
-792
-2213
-2324
-1626
-914
67
-1368
-2631
-1846
-1881
-1926
-3156
-3678
-2131
-2497
-1879
-2267
-2966
-2323
-3222
-2656
-2524
-3457
-3107
-2520
-2192
-2488
-3127
-3595
-2870
-2781
-3277
-3381
-3560
-2264
-1832
-2540
-2249
-1933
-1699
-1397
-1177
-965
-726
-397
368
1029
1116
1351
1603
1841
2293
2207
2495
2889
2652
2631
2399
2276
2327
2000
1725
1617
1437
1175
808
481
546
309
-30
-102
-470
-282
-246
-180
103
-31
-109
-236
-216
373
418
395
451
752
566
618
621
789
1380
1322
1243
1061
598
1016
2276
2564
2138
1612
2098
3210
3278
2745
2140
2515
3122
2788
2322
2259
2698
3006
2412
1722
1700
1556
1768
655
-42
478
398
162
-633
-578
-610
-1409
-2371
-3134
-2183
-1442
-1550
-2273
-2774
-2144
-2051
-2541
-2826
-2994
-2178
-1870
-1410
-2239
-2615
-1336
-1884
-2286
-3408
-3001
-1668
-1164
-1645
-3116
-3215
-3113
-3061
-3347
-3965
-3787
-4097
-4025
-3280
-3873
-3358
-2944
-2496
-1906
-2488
-2288
-1424
-850
-83
49
191
899
1281
2162
2598
2394
2561
3111
3761
4094
4157
4128
4316
3917
3470
3038
2742
2896
2753
2396
1888
1506
908
522
95
-65
-67
-185
-211
-215
-127
-217
-268
-487
-358
-290
-280
5
193
572
835
885
909
759
878
1000
1007
1398
1598
1561
1361
1642
2392
2821
3125
3060
2814
3097
3560
3426
3524
3589
3471
3441
3303
3343
3416
3270
2942
2616
2110
2154
1790
1820
1502
694
188
-345
-468
-1047
-1496
-1275
-2098
-2015
-2380
-3215
-3242
-3102
-2730
-3589
-3538
-3157
-3196
-2962
-3456
-4271
-3848
-4350
-3511
-3242
-3482
-3527
-3838
-3656
-3410
-3866
-4287
-3929
-4086
-4267
-4331
-4795
-5053
-5045
-4092
-2591
-2067
-1605
-1554
-1603
-1795
-1968
-1147
165
1452
2403
2811
3206
3553
4011
4588
4816
4750
5030
5457
5892
6144
5409
4772
4171
3506
3049
3010
3231
3187
2437
1176
246
-146
-291
-197
-208
-814
-1193
-1337
-1365
-1618
-1564
-1044
-914
-1026
-932
-519
137
549
469
179
154
616
1013
1556
2075
2424
2504
2613
2751
2708
3030
3403
3540
3754
4342
5139
5575
5566
5187
4681
4228
4051
3998
3853
3678
3536
2916
2383
1695
1025
707
329
-76
-592
-993
-1253
-1409
-2345
-2850
-3373
-3711
-3881
-4562
-4858
-4917
-5088
-4939
-5478
-5680
-5354
-5244
-4941
-5218
-5338
-5316
-5273
-4771
-5007
-5005
-4463
-4926
-5072
-5372
-5217
-4718
-5301
-5787
-6007
-6068
-5917
-5335
-4099
-2094
-753
-1272
-2809
-3553
-2456
-218
1749
2475
2470
2703
3486
4470
5225
5451
5846
6171
6383
6854
7378
7914
7377
5979
4544
3647
3459
3834
3909
3211
1540
-115
-1200
-1633
-1377
-1395
-2143
-2975
-3623
-3870
-3440
-2957
-2615
-2768
-3213
-3247
-2835
-2196
-1334
-589
-350
-123
111
708
1304
1825
2410
2700
2872
3321
3868
4373
4788
4760
4724
4956
5586
6317
6724
6987
6441
5577
4885
4705
5102
5228
4683
3921
3131
2650
2371
1896
1153
203
-685
-1317
-1569
-2090
-2694
-3607
-4446
-4980
-5342
-5758
-5819
-5833
-5917
-6212
-6795
-6529
-6020
-5600
-5513
-6062
-6176
-5988
-5620
-4855
-4988
-5459
-5613
-5880
-5599
-5222
-5343
-5285
-5542
-5968
-6290
-6400
-4950
-2237
125
307
-2230
-4598
-3952
-549
3030
4384
3694
2959
3276
4758
6115
7658
8341
8042
7123
6589
7592
8967
9330
7824
5656
4068
3717
4199
4604
3736
1988
-284
-1702
-1893
-1627
-1328
-1864
-3430
-4962
-5629
-4895
-3627
-3147
-3543
-4512
-5151
-4699
-3494
-2254
-1108
-681
-1067
-1516
-964
381
2078
2948
2694
2385
2865
4035
5062
5479
5510
5262
5238
5978
7532
8904
9034
8061
7017
6678
7116
7975
8227
7474
5897
4722
4497
4865
4759
3560
1778
351
-388
-768
-889
-1154
-2171
-3899
-5460
-6057
-5795
-5385
-5624
-6624
-7300
-7366
-7014
-6765
-6546
-6635
-6905
-6889
-6588
-6037
-5510
-5807
-6321
-6680
-6939
-6277
-5733
-5700
-6068
-6582
-7174
-7764
-7231
-4730
-1337
429
-1349
-5186
-6338
-2873
2374
4628
3285
1560
1592
3150
5229
7452
8889
8310
6391
5114
6081
8289
9410
8218
5976
4128
3497
3951
4449
3903
2345
288
-1159
-1505
-1323
-1497
-2274
-3321
-4753
-5436
-4910
-3564
-3217
-4326
-5419
-5416
-4217
-3004
-2352
-2103
-1777
-1403
-1248
-853
294
1594
2284
2399
2497
3179
3844
4342
4762
5182
5796
6301
6830
7790
8796
9314
8625
7550
7280
8056
8939
8684
7668
6566
5811
5388
5340
5195
4354
2660
1129
307
186
14
-929
-2361
-3702
-4588
-5160
-5611
-5758
-6090
-6916
-7629
-7651
-7325
-7055
-7016
-7529
-7602
-7137
-6779
-6398
-6453
-6490
-6534
-6812
-6596
-6257
-6070
-6105
-6745
-7306
-7627
-7750
-7634
-5280
-1654
-230
-2971
-7428
-7655
-2671
2462
3354
1115
-293
563
2071
4331
7123
8799
7769
5138
4634
6885
9572
10129
8205
6274
5318
4667
4707
4793
4741
3115
777
-485
-533
-796
-1970
-3459
-3857
-3794
-4158
-4387
-4342
-4466
-5477
-5819
-4555
-2988
-2647
-3441
-3658
-2506
-1297
-748
-267
892
1492
840
573
1923
4066
4855
4153
3769
4048
5023
5484
5642
6941
8535
8660
7488
6439
6618
7621
7967
7632
7181
6744
5956
5151
4988
5463
4815
3136
1706
1311
1270
425
-632
-1196
-1763
-2830
-4233
-5065
-5140
-5417
-5847
-6070
-5837
-5674
-6058
-7059
-7311
-6401
-5505
-5435
-5643
-5626
-5845
-6020
-6126
-5722
-5237
-5503
-6282
-6763
-6574
-6139
-6692
-7747
-6864
-3978
-1693
-3009
-6461
-7863
-4545
171
1903
396
-1322
-937
674
2935
5648
7554
7102
5109
4254
6032
8442
9289
8373
7133
6293
5714
5263
5198
5103
4069
2393
1312
874
221
-1245
-2695
-2840
-2795
-3444
-4326
-4835
-5168
-5893
-5852
-4317
-3056
-3709
-5357
-5459
-3649
-1950
-1474
-1231
-664
-391
-894
-488
1157
2679
2750
2270
2867
3998
4493
4212
4201
5620
7862
8555
7675
6412
6229
7201
8257
8799
8577
7517
5785
4625
5473
7265
7233
4851
2457
1770
1903
1684
1328
1119
232
-1653
-3352
-3662
-3258
-3502
-4469
-5161
-5031
-4721
-5059
-6005
-6305
-5622
-4831
-4800
-5154
-5089
-5176
-5704
-5991
-5160
-4319
-4575
-5423
-6103
-6007
-5995
-6445
-6802
-7149
-5665
-2675
-1867
-4047
-7622
-7818
-3237
1245
1621
-1343
-3494
-2210
564
3700
5794
5793
4452
2741
3412
6147
8443
8631
6685
5088
5249
5825
5984
5109
4226
3345
2248
1733
1254
392
-856
-1824
-1729
-1736
-2564
-3577
-4599
-4976
-4991
-3938
-2532
-2911
-4830
-6057
-5075
-3115
-2166
-2233
-2483
-2379
-2343
-2147
-951
681
1349
965
729
1233
2172
2625
3160
4215
5299
6671
6642
5719
5489
6012
7741
9357
9639
8827
6920
5715
6163
8195
9820
8679
6048
3914
3572
3924
4201
4536
3800
1563
-774
-1931
-1360
-862
-1460
-2550
-3553
-4070
-4744
-5399
-5471
-4763
-3963
-3822
-4859
-5817
-5579
-5504
-5544
-5039
-4140
-4140
-5473
-6371
-6125
-5597
-5361
-5424
-5711
-6512
-7750
-7255
-4064
-1606
-3014
-6926
-8559
-4801
87
1049
-1674
-3726
-2463
269
2534
4426
5461
4637
2757
2916
6032
8584
8356
6123
5340
6698
7365
6099
4828
4832
4833
3617
2573
2350
1753
-49
-1478
-729
76
-1314
-3835
-4962
-4054
-3386
-4004
-4268
-4160
-4729
-5641
-5410
-3814
-2772
-3533
-4867
-4628
-2848
-1526
-1434
-1729
-1348
-927
-822
-290
1104
2149
2320
2353
3004
4489
5767
6009
6060
6321
6918
7476
7886
8426
8492
7988
7539
7965
8968
8877
7437
5948
5686
6371
6416
5707
4451
2909
1461
412
148
164
-328
-1430
-2954
-4230
-4919
-5223
-5088
-4711
-4738
-5500
-6702
-7478
-7360
-6169
-5490
-5468
-5649
-6435
-7140
-7421
-6823
-5680
-5248
-5853
-6606
-7290
-7514
-7640
-7341
-5185
-2284
-2676
-6021
-9018
-7265
-1571
1567
71
-3168
-3443
-543
2177
3834
4952
4951
4218
3543
5220
7805
8567
7078
5743
6217
7545
7197
5612
4787
5129
4975
3589
2703
2029
869
-825
-1308
-267
-193
-2197
-4240
-4835
-4163
-4060
-4146
-4116
-4607
-5531
-6160
-5449
-3854
-3184
-3731
-4349
-3965
-3269
-3214
-3008
-1748
-195
-20
-938
-1045
-16
1170
2086
2860
3862
4237
4244
4698
6219
7573
7707
7417
7830
9139
9440
8535
7899
8727
10094
10246
9056
8068
7467
6977
6358
6343
6333
5003
2677
772
602
928
276
-1242
-2768
-3409
-3652
-4308
-5145
-5938
-6358
-6694
-6911
-6809
-6749
-6885
-7278
-7599
-7484
-7206
-7234
-7194
-6885
-6486
-6680
-6895
-6837
-6440
-5752
-5934
-6471
-7012
-5868
-3113
-1752
-3410
-6008
-5991
-1817
2012
1665
-1197
-2338
88
3298
5550
6314
5766
4636
4199
5253
7793
8871
8110
6446
6028
6815
6623
5339
4598
5110
5197
3442
1316
262
-90
-145
-395
-269
-1133
-3156
-4792
-4834
-3845
-3239
-3569
-4051
-4800
-5547
-5614
-4887
-3493
-2692
-2945
-3509
-3506
-3256
-2969
-1970
-477
492
409
-100
266
1146
1818
2758
3965
4758
4604
4056
5208
7458
8852
8465
7036
7608
9105
10168
10106
9514
9628
9754
9378
9042
8978
8751
7377
6053
5763
5781
4907
2782
1166
677
631
-139
-1934
-3641
-4402
-4815
-5228
-5808
-6186
-6740
-7630
-8324
-8505
-8175
-7871
-8029
-8108
-8423
-8521
-8552
-8410
-7615
-7100
-6586
-6743
-7279
-7012
-6632
-6097
-5985
-6226
-6343
-5624
-3324
-1609
-2404
-4824
-5384
-2345
1992
2928
595
-1458
-388
3074
5618
6337
5863
4909
4749
5462
6823
7797
7448
6459
5583
5793
5873
4759
3303
2802
3176
3074
1632
-148
-1360
-1673
-1274
-1049
-1638
-3100
-4474
-4900
-4575
-3767
-3183
-3475
-4540
-5451
-5185
-4020
-3058
-2823
-3167
-3363
-3259
-2743
-1793
-980
-353
-308
-412
22
1008
2033
2512
2884
3696
4083
4018
4156
5286
7087
7951
8109
7626
7753
8277
8672
9271
9623
9583
8964
8048
7719
7612
7448
6873
5972
5437
4351
3000
2023
1747
1394
115
-1650
-2763
-3323
-3705
-4491
-5214
-5895
-6736
-7433
-7767
-7727
-7665
-7999
-8566
-8654
-8204
-7752
-7589
-7534
-7483
-7403
-7232
-6408
-5614
-5209
-5599
-5611
-5388
-5095
-4703
-4418
-3848
-3673
-2775
-1228
61
-789
-2831
-2764
358
3863
4007
1213
-246
1321
4054
5500
5434
5161
4425
3628
3577
4843
6254
6029
4360
3177
3200
3281
2386
1616
2056
2337
1192
-851
-1828
-1542
-953
-848
-1192
-1978
-3040
-3668
-3250
-2216
-1647
-2084
-2922
-3353
-3321
-2737
-1809
-776
-434
-1218
-2187
-1904
-621
556
1088
1421
1579
1506
1336
1636
2623
3802
4514
4534
4491
4490
4910
5612
6776
8271
8494
7465
6136
6151
7632
8518
8481
7480
6587
6173
5905
5989
5764
5037
4167
3372
3086
2229
1000
62
-425
-599
-1257
-2349
-3675
-4949
-5399
-5306
-5295
-5685
-6543
-7322
-7719
-7435
-7063
-6931
-6924
-6880
-6754
-6638
-6385
-5912
-5496
-5516
-5210
-4636
-3996
-4182
-4648
-4046
-3296
-2578
-2845
-3438
-3543
-3437
-1906
-411
8
-878
-2869
-2426
-275
1947
1721
-550
-1464
-167
1966
3024
2392
1895
1711
1850
2532
3051
3613
3152
2212
2040
2503
2909
2655
1855
1760
1638
1835
1405
830
472
359
673
585
-12
-515
-614
-153
34
-478
-905
-1200
-1082
-863
-267
345
152
-639
-1195
-628
551
965
575
416
870
1289
1191
1315
1940
2604
3010
2931
2727
2745
2807
3323
4171
5130
5718
4479
3178
3083
4314
5977
6141
5131
3888
3315
3930
4743
5235
4687
3273
2224
1862
2222
2150
1687
882
-407
-1285
-1492
-1676
-2289
-3047
-3264
-3662
-4482
-5154
-5415
-5247
-5112
-5398
-6035
-6363
-6015
-5669
-5753
-5488
-4989
-4619
-4925
-5203
-4611
-3940
-3680
-3815
-3575
-2965
-2968
-3297
-3574
-3343
-2923
-3079
-3288
-3844
-3143
-2468
-2369
-3007
-4322
-3828
-2552
-1108
-1131
-2740
-3388
-2285
-270
1213
1000
653
402
1012
2193
3313
4145
3899
3214
3171
3859
4770
5146
4735
4567
4356
4326
3707
3280
3520
3972
3976
3220
2358
1892
1666
1748
1730
1482
1258
812
418
142
366
774
708
185
-143
-27
235
217
5
-109
-102
116
432
677
667
208
-172
104
796
1408
1286
991
1088
1700
2404
2895
3206
3168
3043
3071
3620
4378
4631
4250
4043
4258
4582
4453
4033
3829
3667
3306
2873
2561
2284
1657
722
-190
-751
-1016
-1429
-1995
-2638
-3288
-4039
-4503
-4539
-4402
-4702
-5476
-5910
-5910
-5658
-5258
-4919
-4837
-5157
-5556
-5535
-4950
-4251
-3832
-4253
-4428
-4732
-4914
-4572
-4747
-4034
-4016
-4567
-5260
-6078
-5746
-5336
-4238
-3327
-3506
-4433
-5645
-4833
-2377
-354
-179
-1655
-2405
-1356
777
2870
3698
3707
3539
3557
4200
5133
6071
6572
6476
6436
6325
6114
5992
6120
6496
6295
5696
4724
3888
3550
3688
4171
4157
3091
1827
1108
1164
1516
1487
1078
389
-155
-655
-800
-483
-399
-979
-1910
-2345
-2055
-1643
-1768
-2117
-2300
-2372
-2225
-1922
-1371
-1071
-1186
-1324
-1076
-324
327
691
1021
1254
1737
2283
3527
3977
3488
3762
4045
5448
5930
5152
4350
4052
5164
5781
5407
4403
2752
2245
2403
3004
2993
1388
-234
-1785
-2063
-1522
-1534
-2393
-3895
-4980
-5452
-5796
-5396
-5258
-5491
-6082
-6894
-7070
-6930
-6472
-5913
-5808
-5940
-6260
-6384
-6117
-5781
-5016
-4624
-4887
-5275
-5127
-4552
-4022
-3730
-3437
-3333
-3715
-3614
-3347
-2756
-2247
-1325
-455
-475
-764
-1788
-1053
908
2681
3008
1910
1183
1733
3167
4916
5571
5569
4862
4122
4594
5600
6896
7132
6432
5441
4962
4942
5446
5649
5722
5036
4129
3182
2708
2918
3000
2846
2156
1027
2
-265
160
588
281
-468
-1603
-2299
-2437
-1857
-981
-1060
-2065
-3013
-2988
-2160
-1498
-1275
-1437
-1705
-1818
-1778
-1095
31
959
1069
702
734
1534
2286
2790
3079
3447
3532
3401
3703
4561
5551
4500
4138
4074
4810
5384
4303
3543
2787
3127
3674
3334
2806
1357
19
-499
-361
510
-473
-1862
-3542
-4363
-3979
-3550
-3517
-4243
-5432
-5818
-6112
-5875
-5619
-5754
-5673
-6099
-6249
-6148
-5775
-4999
-4776
-4951
-4990
-4903
-4132
-3702
-3208
-2729
-2607
-2770
-2574
-1774
-1012
-828
-948
-929
-864
-341
322
532
153
-467
-408
681
1389
1787
502
-168
543
1435
2425
1837
1450
1335
1690
2659
3093
3234
3214
2821
3506
4107
4585
4164
3331
3408
3756
4044
3758
3173
3130
2946
2541
2514
2292
2152
1244
769
807
838
768
179
-343
-501
-669
-763
-1060
-1158
-930
-1125
-1268
-1355
-1259
-1040
-845
-696
-674
-675
-413
-144
2
43
141
442
681
707
783
933
998
963
1032
1469
1811
1645
1067
978
1894
1855
1235
970
957
1620
913
-143
-529
-109
738
513
87
-724
-1775
-1959
-1522
-353
-420
-1952
-3078
-3684
-2943
-1993
-1917
-2516
-3537
-3970
-3925
-3708
-3004
-2740
-3002
-3460
-3734
-3414
-3226
-2733
-2103
-1787
-1829
-2102
-1883
-1360
-972
-389
-211
-324
-382
-94
315
307
552
827
883
578
663
1064
1375
966
383
304
350
564
627
621
421
197
-457
-603
-51
605
881
97
-700
-506
285
1384
1674
1342
988
867
1638
2533
3277
3086
2305
2077
2365
2972
3384
3269
3162
2877
2507
2758
3032
3142
2717
2114
1934
2049
2187
1883
1495
1428
1522
1488
1080
592
383
282
492
761
752
249
-495
-717
-411
-158
-76
-262
-712
-1287
-1682
-1545
-1227
-1314
-1656
-1977
-2085
-2154
-2424
-2411
-2181
-1903
-2004
-2271
-2012
-2151
-2100
-1850
-1295
-308
-486
-1057
-1500
-772
617
710
496
161
172
646
670
1131
1210
1010
956
683
936
1114
1080
960
365
346
398
362
498
168
-29
-372
-607
-348
-163
-243
-502
-734
-709
-625
-208
119
92
-147
-470
-375
-81
162
468
285
61
43
-147
-64
-138
-101
-128
-403
-693
-975
-1113
-968
-1232
-1560
-1828
-1862
-1629
-1701
-1667
-2138
-2213
-1790
-1202
-713
-918
-1397
-1291
-534
855
1503
1502
1240
1180
1868
2684
3625
4074
3776
3315
3284
3654
4343
4461
4322
4040
3660
3298
2951
3085
3179
2969
2656
2165
1613
974
457
521
615
403
-373
-1335
-1840
-2063
-2172
-2157
-2137
-2557
-3448
-4221
-4299
-3901
-3692
-4051
-4471
-4627
-4643
-4718
-4593
-4262
-3829
-3719
-3861
-3783
-3446
-2864
-2391
-2056
-1609
-782
-37
217
-31
399
1345
2424
3109
2848
2622
2753
3468
4319
4677
4785
4361
3850
4002
4353
4645
4150
3530
3210
3020
3037
2652
2083
1566
1095
1004
880
556
185
-458
-777
-834
-869
-891
-999
-1155
-1444
-1646
-1491
-1123
-907
-1124
-1593
-1696
-1512
-1282
-1098
-1049
-1079
-1001
-957
-985
-937
-849
-751
-830
-869
-620
-715
-928
-1135
-1110
-802
-912
-1022
-1217
-1135
-668
-672
-674
-780
-631
-188
-105
267
437
341
232
87
807
1517
1604
1491
1024
1126
1436
1709
2171
2015
1745
1443
1253
1641
1745
1750
1386
818
699
450
386
335
-51
-481
-943
-1064
-935
-1145
-1492
-1789
-1933
-1961
-2192
-2204
-2100
-2194
-2348
-2598
-2616
-2568
-2533
-2513
-2596
-2527
-2414
-2299
-2092
-1861
-1635
-1386
-1125
-731
-270
-7
335
700
1016
1331
1718
2350
2723
2735
2824
2968
3490
3918
4084
4220
3854
3673
3653
3833
4145
4056
3761
3183
2648
2516
2365
2449
2353
1816
1191
536
418
435
311
-48
-541
-815
-1066
-1269
-1229
-1281
-1386
-1789
-1961
-1629
-1447
-1469
-1747
-1912
-1824
-1576
-1145
-910
-953
-1195
-1447
-1277
-835
-207
164
20
-312
-508
-271
6
366
648
658
378
-154
-371
-284
-114
-40
-471
-887
-1435
-1745
-1884
-2005
-1727
-1974
-2605
-3314
-3421
-3183
-3007
-3229
-3403
-3277
-3006
-3017
-3239
-2957
-2392
-1815
-1434
-1328
-1243
-1080
-743
25
581
929
767
670
876
1261
1681
1847
1898
1750
1429
1218
1540
1844
1850
1555
1306
1214
1100
1051
1204
1312
1353
1018
664
630
726
834
739
750
736
677
532
407
457
664
812
733
462
306
222
390
630
776
765
636
631
633
756
979
1147
1308
1339
1362
1577
1685
1820
1855
1957
2218
2221
2328
2485
2594
2650
2311
2137
2101
2264
2422
1994
1657
1307
1075
1036
915
886
659
143
-290
-549
-530
-497
-643
-745
-911
-1242
-1556
-1590
-1273
-1031
-1107
-1368
-1634
-1755
-1780
-1456
-925
-737
-1056
-1563
-1721
-1272
-782
-719
-1041
-1339
-1445
-1479
-1379
-1140
-1075
-1405
-1863
-1894
-1691
-1576
-1798
-2188
-2286
-2421
-2507
-2717
-2954
-3051
-3252
-3354
-3513
-3660
-3467
-3638
-3646
-3636
-3489
-3132
-3210
-2929
-2625
-2228
-1823
-1707
-1308
-920
-328
397
859
1098
1208
1675
2433
3046
3342
3560
3655
3717
3860
4132
4442
4405
3940
3505
3487
3796
3869
3338
2753
2577
2383
2070
1656
1428
1294
951
694
613
493
181
-104
-110
-10
-237
-567
-869
-823
-576
-478
-514
-609
-661
-683
-637
-379
-132
-144
-152
-46
346
521
470
465
643
876
967
900
956
1050
1056
1039
972
1158
1103
967
734
650
863
819
579
496
306
89
-171
-260
-232
-380
-563
-935
-1230
-1304
-1220
-1283
-1368
-1465
-1482
-1667
-1755
-1467
-1208
-1181
-1368
-1466
-1279
-1044
-779
-665
-743
-844
-990
-879
-656
-467
-442
-611
-936
-1081
-984
-863
-878
-984
-1180
-1489
-1744
-1797
-1638
-1592
-1705
-1965
-2123
-2138
-2025
-1974
-1996
-2019
-1913
-1916
-2108
-2148
-2081
-1783
-1795
-1919
-1958
-1846
-1580
-1447
-1201
-873
-765
-642
-705
-338
228
464
819
841
1255
1660
1876
2326
2546
2728
2910
2860
3270
3503
3653
3709
3562
3690
3696
3765
3733
3571
3256
2904
2813
2894
2818
2589
2130
1808
1521
1399
1369
1319
1153
656
291
118
127
100
-42
-182
-424
-838
-1052
-1041
-797
-728
-988
-1349
-1618
-1560
-1451
-1311
-1204
-1228
-1358
-1533
-1533
-1254
-996
-827
-767
-691
-655
-565
-385
-319
-10
220
270
240
12
114
331
610
885
733
591
427
389
674
782
922
902
643
501
409
626
828
596
328
226
346
350
100
43
85
180
93
-126
-218
-210
-229
-399
-469
-397
-366
-499
-838
-1021
-984
-830
-812
-917
-1050
-1184
-1184
-1053
-1020
-1056
-1131
-1183
-1109
-1180
-1194
-1155
-1134
-1179
-1264
-1247
-1210
-1000
-1036
-951
-880
-918
-708
-741
-618
-591
-617
-467
-574
-352
-159
-18
90
-196
-140
45
295
503
500
448
672
745
771
871
949
1213
1153
1156
1312
1392
1421
1318
1284
1463
1334
1119
1034
1026
1100
1057
988
932
731
444
338
456
627
456
133
-73
-95
-139
-191
-227
-378
-532
-700
-667
-651
-794
-897
-921
-814
-871
-1184
-1383
-1348
-1105
-900
-989
-1104
-1236
-1295
-1073
-772
-486
-441
-684
-812
-664
-340
62
293
219
114
6
253
662
830
845
695
789
903
901
1023
1084
1183
1162
1111
1231
1325
1308
1163
1090
1190
1377
1479
1430
1274
1132
1028
1090
1174
1319
1260
871
538
357
349
333
210
47
-212
-552
-847
-946
-900
-865
-1058
-1435
-1679
-1590
-1504
-1519
-1500
-1609
-1669
-1626
-1484
-1299
-1237
-1307
-1336
-1256
-1027
-827
-806
-885
-810
-710
-673
-559
-459
-508
-591
-608
-451
-393
-504
-510
-584
-467
-625
-900
-772
-783
-819
-957
-1268
-1078
-1105
-1225
-1214
-1264
-1068
-1106
-1202
-1085
-1003
-916
-832
-609
-336
-153
-125
-50
295
570
957
1169
1307
1460
1356
1619
2063
2335
2477
2278
2214
2309
2449
2570
2567
2441
2402
2227
1977
1811
1694
1625
1603
1448
1073
644
285
260
185
-20
-247
-608
-930
-1120
-1135
-991
-1106
-1247
-1250
-1323
-1454
-1488
-1271
-959
-773
-818
-817
-668
-395
45
241
264
362
481
839
1041
1207
1399
1340
1501
1611
1838
2083
1996
2041
2151
2191
2265
2125
2131
2131
1963
1896
1862
1764
1533
1339
1147
1003
813
567
346
59
-224
-499
-821
-957
-1113
-1383
-1645
-1855
-1907
-2048
-2262
-2369
-2433
-2422
-2482
-2479
-2316
-2271
-2268
-2176
-2008
-1801
-1644
-1600
-1601
-1553
-1437
-1187
-983
-968
-1024
-1064
-1056
-912
-768
-667
-629
-756
-785
-778
-748
-693
-796
-889
-760
-711
-684
-900
-913
-781
-727
-822
-1010
-940
-892
-684
-632
-454
-301
-338
-190
-129
38
344
384
554
633
792
1066
1064
1232
1341
1488
1676
1753
1807
1850
2011
2036
1939
1964
1981
1989
1834
1628
1697
1617
1516
1449
1343
1172
838
777
949
930
738
439
264
287
185
31
-86
-157
-280
-486
-612
-542
-485
-568
-649
-670
-667
-610
-418
-169
-125
-251
-236
-91
92
217
335
537
483
468
550
798
1139
1244
1235
1090
1010
1223
1429
1688
1718
1327
1079
990
1318
1524
1411
1065
622
278
218
435
578
281
-332
-899
-1033
-894
-764
-738
-1147
-1591
-1952
-2001
-1767
-1686
-1822
-2031
-2232
-2237
-2114
-1975
-1833
-1828
-1884
-1905
-1677
-1408
-1275
-1193
-1055
-831
-716
-708
-608
-426
-210
-121
7
158
214
202
190
350
643
689
571
429
505
732
663
610
559
514
360
297
375
485
375
134
70
59
13
-56
-47
-57
-89
-250
-270
-244
-286
-368
-466
-480
-197
-173
-205
-201
-263
90
62
206
454
434
535
478
657
947
976
1079
1011
1085
1066
953
988
1026
1188
1145
1054
1022
927
884
792
877
1089
944
647
449
377
456
346
246
289
138
-59
-336
-368
-226
-279
-468
-614
-579
-633
-780
-813
-792
-784
-876
-937
-793
-739
-756
-716
-532
-268
-271
-240
-194
-9
176
203
296
402
512
603
712
827
878
795
777
857
928
898
795
634
579
592
575
503
277
78
-105
-217
-171
-173
-254
-402
-566
-575
-580
-498
-441
-442
-506
-588
-546
-508
-354
-201
-198
-271
-350
-259
-80
17
71
18
-48
-89
-19
130
216
174
96
123
241
330
304
306
317
325
388
373
363
298
269
351
388
416
399
213
78
30
68
95
1
-108
-316
-543
-606
-571
-526
-594
-784
-915
-1004
-1054
-1100
-1050
-1014
-1066
-1082
-1145
-1088
-948
-897
-886
-823
-633
-523
-583
-596
-378
-144
-109
-188
-105
83
311
285
295
435
562
668
675
878
1009
985
955
968
1010
1027
1015
1113
1101
968
788
705
800
822
765
677
540
399
270
241
251
197
104
-86
-217
-214
-231
-173
-231
-336
-357
-417
-313
-174
-138
-53
-10
53
181
282
399
483
663
857
936
942
983
1109
1199
1292
1325
1268
1215
1215
1202
1285
1309
1244
1023
742
643
703
763
742
535
227
28
-81
-39
12
-18
-170
-414
-638
-712
-596
-448
-453
-615
-787
-891
-966
-970
-845
-763
-758
-888
-1012
-1063
-1010
-789
-636
-585
-669
-762
-772
-621
-400
-310
-381
-539
-613
-555
-441
-402
-435
-433
-465
-523
-531
-457
-380
-403
-454
-426
-449
-590
-633
-726
-754
-778
-893
-959
-1028
-1120
-1135
-1139
-1113
-1068
-1219
-1291
-1280
-1149
-983
-963
-877
-802
-702
-641
-553
-316
-185
-108
11
145
267
389
564
733
917
1039
1124
1174
1189
1373
1544
1578
1609
1597
1650
1713
1632
1580
1578
1569
1572
1347
1078
1017
1006
1027
1002
772
541
305
41
57
170
167
25
-179
-193
-156
-118
14
105
123
88
96
248
478
631
587
522
695
994
1201
1216
1200
1237
1216
1166
1193
1272
1260
1190
1077
1022
987
897
830
893
790
493
460
286
134
-93
-404
-591
-642
-822
-996
-1173
-1269
-1237
-1420
-1323
-1356
-1589
-1794
-1830
-1779
-1659
-1602
-1537
-1524
-1625
-1523
-1342
-1170
-1124
-1024
-1065
-1012
-910
-724
-458
-321
-325
-364
-462
-408
-259
-144
-26
-52
-136
-252
-246
-185
-120
-166
-264
-419
-583
-654
-632
-616
-657
-751
-998
-1121
-1202
-1103
-1036
-1088
-1131
-1272
-1305
-1124
-924
-832
-763
-753
-713
-662
-558
-482
-321
-167
-96
-15
61
100
233
404
565
671
632
676
583
646
786
914
1070
1069
1035
1029
1113
1223
1264
1236
1295
1238
1152
1060
1053
1130
1116
1016
932
902
887
854
787
844
873
878
786
677
622
610
628
631
574
471
408
337
357
352
376
374
296
280
270
261
240
218
213
173
173
148
102
79
49
78
35
31
4
-58
-92
-152
-95
-78
-102
-117
-161
-214
-288
-325
-295
-319
-324
-394
-466
-497
-502
-469
-479
-551
-597
-557
-503
-524
-570
-557
-553
-448
-428
-461
-518
-670
-727
-668
-587
-502
-569
-700
-733
-602
-403
-329
-308
-427
-547
-586
-513
-405
-323
-300
-385
-489
-533
-411
-313
-250
-274
-379
-449
-453
-407
-309
-264
-244
-282
-352
-338
-313
-238
-224
-253
-216
-196
-146
-142
-109
13
72
83
34
40
135
188
277
306
428
497
519
492
436
548
592
675
699
734
803
767
737
843
901
938
959
920
1010
1019
959
940
947
940
870
677
561
561
569
534
493
462
381
344
245
230
232
176
130
50
86
112
43
51
65
83
95
123
256
361
386
369
394
461
481
531
528
464
421
413
488
546
387
176
74
161
201
138
27
-31
-41
-95
-187
-248
-272
-313
-322
-433
-455
-481
-542
-485
-409
-348
-406
-495
-494
-454
-348
-260
-218
-251
-348
-410
-430
-414
-382
-421
-501
-594
-664
-684
-707
-737
-734
-841
-973
-1038
-1019
-864
-833
-849
-853
-928
-985
-1005
-888
-729
-659
-719
-823
-787
-723
-668
-624
-608
-569
-613
-687
-671
-635
-576
-525
-448
-425
-435
-494
-565
-569
-519
-410
-318
-268
-312
-464
-545
-485
-330
-214
-222
-279
-337
-312
-234
-78
138
184
108
74
51
206
412
544
642
580
550
522
565
756
860
884
807
762
721
740
838
896
864
742
612
558
584
623
616
612
576
515
474
448
488
558
527
453
426
425
365
302
279
289
347
318
366
416
437
460
394
414
447
451
469
422
355
405
395
382
341
283
248
185
173
209
249
162
69
38
35
87
121
135
120
83
45
-34
-62
43
88
48
-32
-95
-114
-103
-136
-165
-239
-369
-475
-508
-477
-506
-624
-725
-760
-762
-805
-904
-1050
-1115
-1091
-1144
-1174
-1164
-1177
-1171
-1195
-1178
-1111
-1083
-1043
-1045
-963
-857
-781
-752
-668
-541
-432
-401
-412
-394
-348
-253
-153
-74
-8
12
41
59
106
217
209
237
192
146
191
249
358
406
369
262
254
251
188
201
188
233
243
138
172
236
217
202
186
227
281
256
307
442
529
551
529
643
843
977
994
1011
1046
1079
1149
1196
1294
1322
1277
1269
1270
1284
1259
1157
1123
1127
1087
1039
966
904
897
854
827
833
783
746
710
682
727
680
602
601
626
679
691
638
615
592
537
580
622
556
475
408
408
407
332
254
206
141
73
-43
-174
-249
-312
-410
-519
-577
-577
-682
-823
-902
-877
-898
-987
-1083
-1163
-1177
-1215
-1187
-1197
-1176
-1131
-1140
-1165
-1169
-1112
-1060
-1097
-1083
-1044
-1014
-955
-966
-916
-821
-793
-809
-827
-746
-649
-583
-574
-588
-543
-447
-347
-307
-329
-354
-332
-285
-237
-261
-280
-301
-361
-367
-339
-318
-368
-466
-545
-618
-652
-657
-751
-859
-870
-837
-827
-832
-884
-839
-848
-829
-755
-680
-601
-595
-534
-416
-249
-140
-90
-52
102
281
413
540
639
709
811
914
1037
1187
1258
1276
1307
1375
1446
1483
1519
1570
1524
1501
1487
1497
1508
1421
1308
1203
1128
1083
1048
1000
976
916
854
720
575
494
459
423
350
257
153
54
0
-31
-58
-91
-194
-283
-314
-320
-320
-337
-335
-315
-321
-324
-300
-268
-282
-292
-283
-251
-220
-251
-269
-290
-306
-264
-221
-221
-327
-472
-540
-531
-462
-446
-536
-639
-684
-649
-594
-567
-615
-706
-746
-734
-664
-603
-629
-646
-704
-749
-694
-612
-498
-410
-452
-514
-485
-424
-355
-315
-306
-292
-304
-352
-336
-280
-245
-242
-256
-286
-332
-346
-362
-316
-228
-190
-203
-301
-365
-346
-252
-192
-170
-170
-198
-187
-168
-116
-46
-7
-27
-9
24
89
256
337
375
359
298
387
547
636
703
739
783
865
888
902
985
1033
1062
1092
1128
1206
1220
1240
1281
1307
1293
1219
1211
1220
1185
1106
1088
1106
1089
1024
923
858
834
763
643
534
486
501
515
516
437
278
151
83
69
63
-16
-97
-125
-168
-201
-211
-217
-196
-229
-247
-233
-237
-225
-172
-118
-97
-95
-158
-240
-254
-210
-141
-147
-178
-242
-229
-134
-18
28
-74
-140
-159
-189
-212
-192
-180
-218
-287
-323
-286
-297
-375
-373
-403
-421
-470
-558
-596
-638
-668
-729
-751
-728
-768
-839
-891
-890
-833
-826
-825
-865
-898
-904
-911
-846
-778
-726
-698
-672
-598
-487
-393
-330
-269
-225
-181
-95
1
75
90
83
148
231
337
389
351
306
270
270
347
398
382
301
175
89
57
58
43
15
-20
-89
-163
-227
-245
-222
-216
-195
-211
-246
-262
-289
-267
-158
-118
-116
-115
-153
-162
-115
-37
41
47
2
36
145
266
365
383
364
388
469
554
613
655
648
683
761
815
831
843
853
855
829
831
804
739
663
590
544
494
470
378
290
215
156
135
86
30
-64
-157
-213
-258
-296
-298
-327
-357
-350
-350
-309
-229
-162
-148
-157
-194
-202
-163
-103
-50
-37
-76
-101
-92
-58
-30
-25
-25
-50
-127
-191
-123
-32
-13
-27
-58
-90
-87
-62
3
40
32
-10
-1
3
-5
-16
-18
-15
-40
-61
-51
-12
-9
-33
-44
-60
-69
-71
-137
-176
-187
-187
-187
-226
-228
-228
-222
-226
-222
-201
-193
-191
-198
-201
-184
-155
-119
-72
-95
-90
-58
-36
55
120
143
151
139
190
254
275
266
255
281
315
355
380
364
345
328
322
351
305
201
145
88
93
73
85
55
-6
-44
-76
-64
-66
-58
-80
-81
-44
7
-8
9
11
64
144
165
178
163
148
124
169
250
247
247
227
189
179
211
273
306
291
254
229
216
203
226
251
197
150
170
210
243
263
245
239
223
154
81
25
15
47
71
40
15
-72
-147
-167
-189
-216
-258
-283
-347
-422
-444
-447
-412
-390
-390
-394
-404
-384
-345
-325
-287
-251
-212
-168
-117
-63
-41
-68
-40
1
15
0
3
22
31
56
54
46
-4
-72
-87
-91
-104
-140
-224
-305
-353
-371
-380
-433
-449
-483
-544
-561
-526
-477
-455
-506
-551
-493
-427
-412
-404
-395
-384
-339
-274
-213
-160
-134
-158
-162
-118
-59
-15
-6
8
-31
-43
24
74
128
168
171
204
233
266
310
309
273
191
122
72
67
86
63
-2
-91
-184
-234
-231
-241
-229
-221
-248
-246
-258
-285
-267
-179
-104
-103
-90
-64
6
78
131
227
270
315
362
428
490
534
543
541
583
618
638
626
630
648
679
675
631
568
461
388
390
404
390
327
258
180
121
73
75
77
22
7
-15
-18
-42
-25
-6
1
0
-39
-35
-3
50
35
37
27
8
42
27
-2
-15
-29
-28
-7
5
23
48
35
49
96
161
231
272
225
220
271
332
385
370
368
366
346
333
346
339
305
240
180
162
172
163
114
98
91
25
-66
-114
-107
-97
-108
-124
-173
-192
-217
-245
-285
-301
-300
-292
-288
-296
-295
-264
-192
-139
-83
-90
-158
-177
-103
17
80
66
55
107
164
184
260
321
345
346
361
424
465
462
423
418
425
421
400
353
322
291
247
230
204
143
70
-12
-41
-64
-119
-201
-255
-263
-270
-260
-282
-333
-385
-451
-452
-413
-401
-385
-398
-406
-398
-369
-303
-227
-188
-196
-202
-146
-97
-60
-17
30
39
28
19
57
85
83
43
10
38
33
5
-25
-26
-6
-5
-52
-96
-144
-199
-226
-249
-272
-302
-337
-343
-336
-300
-298
-350
-341
-323
-261
-237
-238
-254
-292
-297
-254
-187
-155
-195
-238
-265
-200
-82
-16
-3
-5
-54
-41
-25
-30
16
44
16
8
23
6
-15
-42
-34
-30
-46
-70
-73
-104
-127
-147
-160
-121
-106
-135
-181
-215
-207
-191
-196
-197
-178
-159
-170
-196
-233
-245
-252
-250
-217
-232
-257
-232
-143
-27
30
34
21
11
25
66
88
76
79
89
88
108
141
192
245
253
218
196
231
283
329
315
271
234
211
207
209
181
157
157
148
139
152
184
149
89
69
70
85
85
43
27
4
4
13
3
-47
-89
-133
-137
-94
-51
-10
-11
-17
-31
-10
9
36
71
104
121
153
205
263
309
278
261
264
280
298
319
377
446
433
383
340
324
380
387
368
338
340
328
308
319
276
270
247
218
244
304
290
248
248
261
240
247
238
212
242
226
176
148
116
136
136
108
94
65
85
107
110
95
89
123
121
124
108
107
148
139
102
98
94
69
53
-1
-7
54
41
2
-25
-53
-85
-65
-39
-69
-75
-75
-93
-105
-137
-162
-130
-92
-123
-190
-222
-241
-228
-196
-189
-160
-164
-187
-178
-159
-143
-122
-63
-38
-26
-57
-88
-42
-29
-41
-45
-46
-31
-26
-86
-134
-135
-133
-138
-178
-210
-219
-226
-273
-293
-269
-253
-266
-284
-313
-316
-354
-389
-400
-404
-375
-371
-343
-349
-412
-451
-423
-387
-374
-402
-407
-419
-405
-342
-280
-276
-319
-323
-296
-226
-143
-91
-109
-105
-76
7
52
77
74
72
114
180
240
253
263
289
334
335
302
287
272
224
162
122
156
178
115
31
5
14
30
14
-10
-12
-41
-58
-72
-50
-44
-54
-69
-73
-51
-48
-61
-93
-156
-206
-187
-138
-71
-76
-152
-179
-199
-177
-154
-175
-162
-164
-139
-148
-136
-134
-143
-136
-115
-39
-21
-54
-85
-102
-95
-67
-118
-139
-122
-117
-50
-12
11
-25
-54
-71
-100
-130
-189
-202
-177
-161
-136
-148
-169
-191
-180
-225
-281
-280
-315
-286
-334
-296
-280
-282
-283
-329
-234
-127
-92
-107
-54
-56
-59
-99
2
111
84
77
107
159
149
166
168
197
202
161
187
258
230
155
192
241
272
228
200
211
142
167
92
151
242
74
26
132
191
77
42
71
109
-20
-25
-20
36
107
-103
-11
-12
78
1
70
139
16
20
16
139
203
106
54
170
228
236
208
283
345
219
291
373
311
270
207
247
402
296
187
234
244
229
140
300
195
145
130
6
108
174
-76
-36
70
31
-28
-94
114
-18
118
119
54
126
88
34
57
87
105
-92
75
173
63
113
42
84
61
-90
-96
41
77
-152
-137
77
-62
-160
-139
-44
6
-283
-254
-276
-158
-86
-297
-85
-137
-260
-302
-83
12
-279
-90
-166
-81
-46
-204
-134
-80
-23
-308
-163
21
-166
-105
-200
-70
-117
-271
-126
-64
-8
13
-81
20
141
-136
-13
49
185
-116
-165
155
-180
65
-81
-71
40
-124
-97
-39
134
105
-112
38
41
-91
-20
10
131
98
-49
-81
35
92
-50
-48
269
-81
-62
-80
63
96
-105
-76
-45
2
-49
-216
-94
40
-56
-153
-19
-104
-220
-188
217
36
-170
-132
-234
28
61
-89
-176
89
-120
-229
61
99
-4
26
-112
-37
-60
8
-149
89
-69
-147
-132
-143
-88
-317
-162
-156
-153
-415
-62
-195
-221
-52
-158
-196
-94
-73
-311
-76
-203
-198
-134
-69
-196
-254
-37
-180
-48
-57
-203
-298
-232
-133
-127
-260
-262
-461
-163
-197
-387
-31
-314
-139
-108
-18
26
-135
63
24
211
-29
57
29
136
108
195
170
248
155
-11
384
121
75
29
152
127
-17
25
-23
300
25
-36
81
72
22
-76
196
-21
-113
-186
-57
27
17
-95
-56
121
49
-12
39
135
87
53
226
199
231
7
29
278
182
134
79
256
230
151
226
148
274
243
95
287
245
221
85
199
301
112
116
93
177
252
18
203
258
146
275
-52
324
176
-18
214
138
384
-6
49
361
95
401
91
187
234
54
132
147
289
31
110
377
242
146
187
105
303
266
67
282
143
220
15
180
291
-95
133
35
76
-11
-64
-184
-175
70
-335
-193
-98
-286
-252
-252
-210
-282
-255
-329
-193
-238
-309
-378
-267
-128
-391
-381
-164
-119
-318
-193
-292
-77
-79
-250
-102
-60
0
-177
-86
175
-87
-38
-26
39
36
-35
17
-75
-31
-78
-245
-12
138
-198
-59
-21
-154
-177
-184
-145
-124
-177
-376
-235
-229
-249
-427
-293
-207
-359
-304
-516
-244
-322
-271
-267
-323
-212
-312
-275
-144
-75
-73
12
6
189
30
101
126
165
284
185
200
256
253
335
155
435
255
177
340
206
286
152
226
244
351
276
45
230
248
157
76
171
123
74
108
-26
6
18
-81
-46
0
-65
-156
-139
50
58
-113
-26
158
60
-81
14
75
-79
91
-94
58
48
-234
-154
-33
-47
-136
-125
-150
-108
-171
-130
-108
-35
-147
-278
20
-154
-144
-153
-299
-179
-137
-237
-260
-173
-155
-240
-143
-145
-231
-250
-203
-86
-60
-174
-181
-146
24
-63
-138
13
-8
-34
-37
29
115
159
136
113
294
185
94
77
132
261
140
26
112
130
51
8
143
171
77
49
111
216
141
142
141
242
0
69
146
199
150
156
246
245
282
196
295
363
372
315
322
486
307
312
291
436
344
227
309
199
382
128
219
277
360
209
117
337
285
136
25
147
355
182
72
164
140
285
74
54
232
60
-8
3
193
70
-264
-54
102
72
-9
-237
84
193
15
131
0
302
162
14
244
95
26
-62
147
336
35
26
-53
250
278
13
23
131
84
16
-113
68
-16
-123
-70
-31
134
-108
-156
-39
124
22
-281
-90
-14
-102
-134
-304
-23
-67
-197
-135
-9
-34
-222
-221
-40
-53
-132
-276
-120
-15
-249
-262
-192
-4
-151
-295
-129
-25
-109
-346
-151
-34
-143
-199
-258
-88
-49
-203
-168
45
-56
-195
-146
5
71
-48
-122
6
102
-150
-159
-88
-78
-80
-145
42
-83
-69
-148
-47
-2
-78
-94
-131
54
-38
-32
36
27
34
-83
-14
38
-2
-96
-52
84
26
-28
-81
47
-8
41
-103
120
39
-135
44
17
-25
-215
24
-25
36
-95
-118
6
39
-11
-175
80
-59
88
-55
87
92
-56
3
148
227
-27
32
-40
145
158
3
5
142
5
-31
65
-1
38
-57
-6
39
-11
28
-43
149
202
-62
27
57
128
129
158
216
199
256
53
95
181
190
112
129
58
-8
48
54
113
135
78
128
85
123
53
75
170
91
139
-26
144
171
78
168
151
173
200
218
85
95
136
176
188
276
218
147
317
268
330
222
211
157
240
188
49
196
116
40
45
150
124
93
139
173
203
105
131
249
212
157
208
239
205
112
97
147
115
140
75
160
243
130
155
163
239
173
147
260
153
211
176
145
217
160
83
102
97
166
86
89
110
86
124
14
178
144
153
111
110
179
85
157
265
312
297
271
342
458
433
299
382
382
362
274
223
318
302
281
205
292
260
211
160
192
158
75
84
87
193
56
-12
-18
15
91
11
105
25
4
-38
-54
-18
-18
-38
-84
35
98
8
-66
20
33
48
-35
-97
-26
10
-126
-116
-102
-59
-133
-154
-50
-175
-107
-139
-171
-62
-208
-144
-233
-197
-218
-367
-310
-233
-279
-281
-270
-375
-228
-368
-375
-401
-415
-407
-476
-378
-442
-448
-326
-400
-399
-316
-368
-249
-280
-218
-232
-259
-114
-109
-113
11
-96
-105
-10
-131
-195
-220
-104
-147
-124
-110
-176
-159
-104
-82
-98
-119
-146
-262
-77
-139
-209
-222
-111
-161
-240
-140
-228
-129
-119
-173
-147
-81
-145
-196
-44
-16
-59
-40
3
2
36
-72
-64
126
49
113
101
171
188
13
128
83
146
88
-12
166
149
188
122
182
329
191
205
249
240
226
116
77
281
131
150
163
246
205
49
178
81
197
65
-22
113
82
77
23
65
183
-3
-32
10
-42
-15
-43
-35
-14
-94
-7
-54
-47
-79
-100
-76
-117
-107
-167
-185
30
-15
-36
69
-18
21
59
62
50
106
80
27
67
68
98
47
82
-10
35
64
38
39
-24
-26
-15
-14
66
51
86
123
-2
117
47
83
149
147
146
192
66
158
178
189
127
128
122
48
82
65
68
149
120
103
207
47
52
137
115
177
125
135
152
60
138
64
28
29
-78
107
45
14
131
19
90
-47
89
159
-29
38
-91
-67
54
-168
-17
1
-103
35
-83
65
15
-65
35
25
138
12
51
171
118
142
64
111
224
41
-41
-75
-15
16
-111
-61
-50
-111
-61
-49
-27
-47
-165
-89
-160
-134
-184
-141
-139
-109
-208
-292
-154
-222
-238
-223
-176
-168
-168
-147
-127
-50
-54
-81
-2
-9
-1
15
13
10
-2
35
-27
-18
100
26
38
56
93
85
42
88
99
140
73
22
93
64
14
57
137
139
37
27
117
20
-51
-15
-30
-57
-164
-196
-201
-145
-243
-402
-166
-184
-289
-286
-260
-210
-250
-182
-185
-201
-144
-224
-135
-55
-162
-158
-112
-66
-159
-277
-178
-142
-265
-252
-294
-175
-232
-306
-177
-151
-20
-210
-234
-68
-107
-109
-215
-49
-70
-141
-154
-56
-48
-193
-227
-216
-66
-184
-353
-303
-109
-176
-323
-283
-178
-164
-292
-382
-199
-172
-306
-239
-108
-169
-240
-346
-123
-26
-195
-233
-102
4
-128
-170
-34
18
-62
-101
10
81
-17
-125
54
166
133
-38
27
120
-2
-65
-59
106
113
-6
-7
71
41
-22
-60
112
33
-10
22
12
147
101
73
191
213
295
128
238
347
207
140
134
138
133
80
-1
17
20
-105
-121
-85
-36
-217
-142
-166
-157
-153
-203
-159
-214
-263
-306
-193
-133
-150
-182
-89
-27
-94
-168
-141
-44
-20
-53
-11
28
139
94
7
43
-40
-87
-52
-24
32
28
-40
-7
71
-11
-80
-48
103
93
-59
-83
-34
-26
-116
-144
-87
-84
-174
-183
-181
-151
-285
-250
-215
-235
-294
-324
-310
-269
-363
-434
-269
-353
-287
-335
-248
-296
-376
-386
-377
-228
-329
-334
-221
-188
-244
-218
-146
-79
-155
-163
-53
-95
-53
-145
-59
66
26
7
-38
69
46
-29
-11
13
8
-33
7
36
73
22
-8
56
122
97
86
233
246
266
203
266
316
293
313
275
293
275
222
253
293
155
115
113
153
125
-12
32
46
126
156
101
87
20
72
37
99
124
31
65
84
134
64
-10
45
62
23
15
-15
-22
-52
-75
-8
-24
-31
-96
-60
-16
-139
-128
-206
-87
-95
-181
-26
-74
-72
-142
-136
-101
-109
-229
-128
-64
-42
-135
-69
-14
-132
-150
-182
-147
-142
-240
-227
-175
-228
-291
-343
-149
-188
-220
-218
-201
-86
-107
-190
-89
-56
-183
-238
-155
-49
-174
-208
-197
-60
-31
-218
-174
-21
-72
-110
-44
-15
29
-43
-59
44
140
-28
-67
68
68
83
36
-14
121
135
87
129
173
172
69
181
211
170
207
134
230
264
94
98
92
174
113
30
157
102
96
41
53
108
-26
23
42
5
19
-102
-47
43
-15
-32
-81
39
9
-77
102
17
29
49
5
209
171
174
105
170
235
129
234
224
135
125
90
85
120
2
56
101
127
101
62
176
152
70
84
45
115
63
6
11
89
94
14
48
65
81
-67
-92
31
-1
21
-21
61
97
39
75
89
134
90
52
136
111
95
52
-114
8
-53
-146
-37
-75
14
-73
-71
-9
-45
27
17
-5
52
-36
-73
21
94
73
-8
27
45
53
50
42
99
160
72
151
180
147
116
64
213
135
133
193
135
189
154
69
92
139
89
39
56
27
-54
12
-17
-54
-33
-90
-74
-88
-138
-171
-279
-217
-265
-259
-162
-187
-193
-188
-175
-144
-187
-206
-209
-250
-206
-218
-134
-144
-127
-102
-147
-43
-93
-97
-82
-12
20
13
20
67
23
-17
40
31
-14
-48
15
20
-8
-32
35
73
115
94
-1
118
205
99
115
117
103
79
146
179
164
130
40
43
105
75
-7
-4
35
15
-94
-59
-27
-31
-32
-61
-29
-10
-66
-46
-52
-57
-123
-101
-99
-178
-192
-165
-124
-111
-159
-125
-81
-54
-30
-86
-57
-26
7
-40
-13
-14
-70
-101
-108
-172
-125
-155
-130
-106
-245
-264
-231
-286
-253
-238
-272
-283
-283
-207
-222
-91
-133
-189
-64
-78
-31
-44
-45
39
-25
41
38
62
143
78
100
158
151
130
183
260
246
208
244
231
333
264
232
284
268
220
177
231
195
214
159
219
160
86
79
87
147
81
20
67
168
110
38
121
178
164
144
140
190
214
174
164
246
244
223
178
219
179
169
126
188
184
100
111
145
227
180
149
176
218
232
248
206
278
292
247
275
379
360
288
291
286
255
256
262
223
313
243
320
395
385
416
291
331
352
326
275
212
275
270
242
245
227
290
205
228
314
262
294
191
178
197
131
35
42
98
155
39
47
39
114
125
53
77
6
46
-24
27
129
-31
-94
-93
-53
-48
-150
-179
-129
-116
-195
-190
-206
-113
-165
-178
-146
-150
-231
-230
-86
-112
-124
-206
-186
-73
-93
-132
-155
-101
-111
-161
-159
-108
-72
-167
-84
-73
-73
-79
-92
-16
21
-55
-86
11
72
51
-24
-74
-108
-129
-187
-207
-60
-89
-105
-67
-40
-29
-164
-171
-175
-122
-211
-235
-169
-167
-123
-233
-238
-108
-137
-145
-47
-48
-21
-80
-78
-64
-51
-66
-140
-44
-60
-99
-90
-55
-57
-57
-50
31
30
-76
-117
-163
-122
-189
-253
-210
-191
-205
-204
-172
-160
-223
-195
-110
-106
-135
-160
-146
-37
-58
-49
-85
-62
-13
-48
63
111
76
64
100
170
133
116
137
114
115
44
44
71
66
73
36
95
101
26
60
97
87
87
128
131
180
169
121
117
159
91
193
169
124
146
181
190
145
128
44
52
33
24
-37
-71
-62
-109
-88
-35
-57
-36
-61
-55
6
11
-10
48
74
153
148
105
132
205
227
192
205
198
169
146
167
154
174
169
165
144
113
106
95
141
159
164
207
201
145
87
84
70
89
109
124
100
94
70
99
84
48
53
46
43
46
-3
-51
-55
-71
-17
-20
-43
-16
62
92
60
100
38
20
39
-5
45
62
74
106
135
92
93
140
144
153
160
148
144
154
104
129
144
143
182
171
173
157
145
99
112
74
64
97
156
82
69
81
56
94
87
138
74
33
59
56
57
100
65
74
105
69
87
51
51
106
98
127
81
91
85
13
35
31
52
18
-21
0
-5
-4
-63
-100
-77
-133
-147
-127
-124
-147
-164
-150
-61
-112
-82
-88
-71
-52
-121
-92
-71
-69
-128
-75
-32
-25
-71
-40
7
12
-17
-100
-51
-37
-86
-92
-67
-62
-86
-99
-92
-127
-145
-148
-117
-72
-93
-87
-61
-42
-52
-66
-93
-123
-96
-101
-90
-103
-153
-148
-161
-120
-89
-114
-123
-98
-75
-56
-65
-7
26
27
6
-29
24
27
-13
-21
25
89
9
16
-4
1
39
-74
38
14
-12
-52
-77
-14
-115
-135
-91
-57
-49
-65
-69
-10
-47
-87
-120
-128
-86
-124
-92
-77
-81
-109
-109
-53
-40
-64
-34
77
87
40
20
92
92
81
50
61
98
-44
-21
26
91
133
99
124
117
87
85
130
86
43
-1
59
79
65
84
59
96
25
12
28
63
30
-44
-27
-30
10
-18
-64
-113
-99
-92
-80
-45
-61
-76
-52
-30
-10
-44
-78
-107
-38
-38
-76
-67
-57
-33
-96
-128
-100
-60
-35
-63
-41
-66
-122
-74
-28
-14
-71
-38
-23
-4
51
34
50
44
4
-24
-8
46
31
11
61
63
72
79
59
63
37
52
53
86
161
128
111
89
20
47
54
47
66
46
84
67
61
54
-23
-2
25
34
78
22
54
48
37
-16
-34
52
27
40
29
-21
-14
-31
-76
-55
-64
-104
-88
-65
-49
-79
-107
-186
-160
-136
-140
-108
-112
-46
-100
-76
-36
-28
-124
-131
-101
-76
-81
-91
-30
-16
5
-59
-59
15
22
34
5
68
25
-23
55
41
39
-8
-28
44
89
36
-15
-29
-21
-80
-98
-23
6
33
0
49
98
84
98
98
126
86
37
111
172
135
105
120
164
106
120
134
196
183
113
109
67
76
-13
-38
4
-29
-35
-40
-59
-116
-128
-188
-250
-272
-266
-254
-212
-161
-195
-173
-206
-182
-150
-178
-97
-81
-61
-81
-74
-56
-51
-89
-123
-93
-80
-61
-36
-11
12
49
40
52
32
55
74
105
143
99
73
34
42
52
42
32
27
36
50
59
21
56
37
90
66
60
72
74
92
25
24
-19
14
2
33
62
38
28
-14
19
-39
-79
-128
-154
-152
-157
-139
-172
-99
-163
-172
-136
-137
-106
-103
-98
-91
-98
-119
-61
3
25
39
10
38
83
115
89
72
60
24
69
62
65
42
70
73
68
34
-66
-53
-18
-33
-65
-52
-43
-45
-10
-2
-17
9
-28
-5
63
24
4
54
110
152
133
133
186
202
190
181
219
261
225
264
266
196
159
117
188
196
152
84
69
77
22
32
62
66
43
21
11
68
38
-19
7
19
42
53
52
56
36
76
51
102
91
28
54
53
128
89
45
30
-1
-16
-65
-21
-32
-50
-37
-36
31
44
25
56
74
-25
-43
-2
16
7
-56
-90
-68
-60
-88
-40
16
19
-52
-70
-65
-100
-82
-127
-71
-21
-26
-44
-16
24
-13
-2
52
56
18
-18
-5
75
57
-22
-63
-55
-95
-119
-112
-51
0
-16
-48
-44
-82
-142
-180
-162
-130
-167
-203
-189
-156
-204
-215
-205
-192
-178
-210
-232
-236
-234
-291
-285
-285
-305
-332
-337
-310
-308
-274
-294
-290
-320
-305
-277
-232
-230
-250
-184
-148
-134
-137
-173
-140
-101
-85
-98
-65
-51
-78
-69
-20
-33
-37
-9
21
68
86
126
109
153
152
109
127
181
193
218
256
245
229
248
236
213
225
166
171
197
205
177
155
152
117
120
126
106
34
51
71
71
65
35
70
85
78
34
-4
-1
-35
-67
-52
-9
1
-41
-19
27
61
60
2
-33
-20
-19
14
84
60
76
79
60
50
37
21
-20
-21
-54
-87
-59
-64
-82
-63
-60
-43
-23
-85
-36
-15
-29
27
-15
48
73
14
16
69
101
72
86
78
49
59
76
71
106
43
49
86
111
106
34
19
24
31
85
122
161
145
71
96
67
38
47
49
79
31
53
93
96
100
79
69
73
71
95
52
62
113
105
133
76
21
31
24
50
72
63
3
10
-8
-70
-55
-83
-60
-76
-62
-19
-29
-28
-36
-28
27
35
42
85
87
97
35
30
21
-31
-30
-25
-10
-8
17
9
-48
-72
-119
-126
-71
-59
-97
-116
-91
-88
-95
-102
-74
-51
-24
-26
8
-9
-23
-10
46
129
99
61
36
96
132
132
165
216
246
231
189
224
269
286
293
296
303
246
213
211
171
145
126
139
140
102
76
32
0
-21
-63
-60
-39
-22
-61
-95
-144
-154
-159
-166
-150
-169
-152
-151
-138
-137
-132
-109
-141
-141
-139
-185
-191
-144
-161
-197
-211
-229
-237
-220
-153
-158
-162
-201
-234
-185
-161
-196
-234
-202
-223
-202
-178
-152
-114
-133
-145
-149
-100
-107
-111
-41
-7
-27
-79
-86
-66
-94
-94
-103
-79
-39
-52
-75
-51
-44
-70
-87
-64
-56
-39
33
42
82
43
21
62
71
122
76
128
140
63
95
96
79
48
19
37
26
35
29
-11
15
12
-33
-52
-95
-103
-85
-33
-26
-58
-55
-106
-123
-93
-121
-111
-93
-160
-149
-140
-144
-123
-149
-134
-112
-145
-150
-137
-90
-140
-218
-255
-203
-182
-211
-191
-182
-165
-172
-215
-227
-203
-224
-224
-183
-158
-195
-181
-156
-144
-152
-178
-96
-62
-95
-79
-90
-67
-50
-52
-13
42
75
55
82
129
148
146
163
159
128
79
43
72
77
64
53
91
126
98
114
118
141
109
46
63
43
-23
-55
-80
-79
-125
-162
-145
-90
-93
-162
-197
-207
-190
-220
-223
-191
-217
-233
-201
-144
-132
-153
-189
-171
-145
-175
-156
-117
-126
-143
-171
-129
-75
-113
-122
-66
-38
-26
-26
-38
-6
-47
-37
-3
36
18
-7
25
39
16
-32
-26
35
57
69
127
148
162
115
55
55
40
35
76
110
151
87
64
112
136
122
66
115
104
91
105
95
82
43
-9
19
74
131
120
110
106
67
65
50
39
10
-20
-25
-48
-33
-25
-69
-88
-97
-120
-132
-146
-106
-99
-88
-72
-46
-35
-113
-80
-17
1
-7
19
66
82
80
72
76
43
40
56
95
147
124
77
113
99
47
50
52
77
138
139
138
162
166
135
70
83
88
55
60
46
14
-24
-13
-37
-68
-96
-107
-57
-62
-52
-55
-62
-91
-112
-137
-159
-141
-133
-125
-114
-89
-104
-128
-139
-108
-83
-133
-97
-69
-79
-101
-160
-167
-164
-211
-209
-172
-150
-159
-181
-174
-183
-217
-263
-290
-281
-293
-322
-317
-339
-322
-327
-314
-356
-354
-340
-334
-293
-308
-289
-301
-291
-272
-264
-258
-233
-210
-196
-180
-191
-177
-135
-95
-85
-39
-14
-19
-21
-22
-32
-58
-103
-140
-104
-72
-94
-86
-48
-61
-97
-116
-100
-95
-125
-134
-79
-61
-73
-76
-59
-58
-104
-137
-133
-112
-130
-134
-128
-118
-100
-146
-137
-81
-73
-44
-79
-66
-42
-43
-22
24
19
-15
14
29
49
18
46
73
102
130
148
206
205
144
96
133
162
129
135
150
128
135
116
115
103
74
49
39
28
19
-3
19
34
17
-21
-40
-48
-38
-18
29
65
60
22
-3
44
66
51
16
32
54
53
62
102
137
141
170
208
238
246
205
188
206
228
242
246
255
234
194
181
222
241
226
160
129
147
123
94
89
58
47
29
33
77
68
45
8
-1
-36
-33
42
79
87
69
26
30
41
52
66
23
28
47
20
41
22
27
-8
-32
15
33
61
63
76
93
61
12
39
76
108
119
88
45
46
70
86
123
121
73
70
95
153
125
109
167
202
195
177
205
180
147
110
89
72
29
29
29
21
25
20
23
27
-13
-40
-29
11
12
16
1
-9
15
15
30
45
57
76
42
39
42
31
22
-26
3
-11
-36
-68
-83
-94
-145
-166
-159
-126
-135
-126
-128
-138
-174
-177
-178
-215
-241
-262
-214
-185
-190
-202
-182
-167
-174
-169
-142
-163
-183
-219
-252
-189
-210
-215
-205
-204
-151
-181
-186
-180
-211
-169
-152
-124
-124
-126
-80
-51
-40
-56
-62
-53
-25
-27
-17
-6
23
38
69
124
134
125
75
52
49
36
79
120
114
108
98
123
164
171
177
153
116
71
43
74
73
63
31
4
28
18
14
-9
-25
-32
-33
-43
-22
-27
-40
-43
-58
-66
-78
-44
-51
-94
-84
-116
-97
-82
-54
-44
-71
-58
-72
-37
28
50
102
80
89
165
211
254
255
280
285
299
311
355
376
355
363
380
358
327
330
341
327
323
294
328
339
275
265
281
311
321
320
344
334
303
287
277
270
279
269
258
298
291
257
280
307
295
280
235
219
256
244
234
258
282
308
312
288
235
187
181
244
260
216
209
164
137
140
124
91
85
36
-17
-12
-35
-25
-37
-76
-67
-40
-25
-36
-16
-52
-53
-11
-30
-37
-3
-10
4
18
22
47
50
63
93
91
77
74
14
-41
-32
-57
-82
-58
-89
-100
-81
-57
-36
-6
5
5
41
66
69
53
7
18
43
51
69
52
44
34
39
64
103
102
59
18
29
24
53
91
73
81
44
56
57
35
74
-30
-57
-56
-92
-83
-89
-123
-131
-135
-145
-184
-223
-233
-226
-193
-206
-210
-175
-139
-127
-146
-127
-113
-118
-98
-98
-101
-118
-112
-108
-125
-142
-137
-112
-92
-90
-79
-57
-40
-46
-46
-73
-105
-79
-56
16
48
56
13
-36
-57
-34
-6
7
48
71
133
146
111
101
82
55
70
48
65
98
101
107
94
80
43
17
5
11
71
74
83
90
49
22
-30
-11
25
25
18
-31
-70
-49
-37
-56
-51
-62
-48
-1
22
4
-11
23
30
18
17
26
55
88
96
100
118
136
125
131
130
139
117
139
197
190
183
116
52
71
71
75
77
32
-7
-50
-27
-3
0
-26
-16
-17
-13
24
25
22
8
-2
21
10
2
25
42
73
63
81
109
157
146
139
168
189
225
270
311
298
284
285
288
280
246
245
282
258
251
276
311
315
296
289
311
303
266
235
236
232
229
256
281
270
253
221
177
171
197
210
198
179
203
230
224
253
243
253
252
216
204
208
226
223
232
227
203
265
309
321
303
246
224
216
238
241
206
162
161
155
97
60
58
38
48
24
23
33
22
38
51
45
-3
-21
-14
21
30
31
28
41
31
10
25
17
-34
-89
-90
-84
-85
-85
-82
-49
-59
-88
-104
-126
-93
-95
-109
-78
-68
-33
-10
2
23
4
-28
-31
-11
-19
-20
-28
-3
-10
-56
-90
-104
-97
-144
-171
-189
-224
-244
-265
-240
-218
-232
-249
-258
-219
-185
-212
-200
-209
-230
-238
-265
-248
-256
-274
-241
-210
-200
-204
-178
-163
-167
-178
-166
-154
-150
-164
-208
-220
-232
-195
-195
-203
-224
-266
-243
-235
-228
-232
-233
-199
-170
-178
-187
-197
-186
-190
-184
-150
-193
-199
-181
-178
-133
-120
-157
-144
-139
