-1
-19
-34
-39
-28
-15
-39
-80
-79
-79
-82
-70
-31
-17
1
16
1
0
0
0
0
0
-1
0
0
0
0
0
0
0
0
0
1
0
0
0
0
0
0
0
0
0
0
0
0
0
0
0
0
0
0
0
0
0
-1
0
0
0
0
0
0
0
0
0
0
0
0
0
1
0
0
0
0
0
0
0
1
0
0
0
1
1
0
0
0
-1
1
1
0
0
0
0
0
0
0
1
0
0
0
1
0
0
0
0
0
-1
0
0
0
0
0
0
0
0
0
0
-1
-1
-1
0
0
0
0
-1
0
0
0
0
0
0
0
0
0
1
0
1
0
0
0
0
0
0
1
-1
0
1
-1
0
0
0
0
0
0
0
-1
0
0
0
-1
0
-1
0
0
0
0
0
-1
0
0
0
1
0
1
-2
2
-4
34
33
35
55
23
16
16
46
66
48
34
7
2
3
0
34
51
73
67
58
37
29
32
42
48
44
52
21
39
42
26
64
62
77
102
119
132
150
151
141
140
122
98
101
78
50
34
-17
-26
-39
-65
-90
-117
-111
-107
-73
-24
-34
-54
-75
-65
-72
-69
-51
-32
21
17
21
48
57
93
134
127
122
148
132
95
98
118
33
-7
19
8
9
8
10
2
11
11
-4
9
1
-7
0
6
4
7
0
-2
8
7
19
6
8
3
-1
2
3
-1
-1
10
-3
-2
7
10
9
7
8
6
4
13
6
9
6
-1
-1
8
10
-2
-4
-2
4
-2
0
8
1
1
6
-3
0
3
13
2
5
25
7
-2
-7
-5
2
1
6
13
-4
-1
4
9
18
14
5
13
7
0
2
5
17
24
21
10
10
2
6
14
3
-1
3
1
5
3
-6
-3
2
1
-11
-3
-2
1
-1
-17
-3
6
12
8
3
-1
0
6
0
10
10
6
1
2
-1
2
-1
3
2
1
-2
-5
12
11
-1
-2
-13
-5
12
3
0
2
0
4
12
11
3
12
-2
-7
0
0
1
1
0
3
7
3
-3
-10
-4
6
3
-2
7
1
-5
-1
3
-9
-5
-1
-10
2
-14
-4
-1
-10
8
8
0
-9
-5
-14
-2
5
3
6
-6
-12
0
-3
-2
-2
-12
-1
6
-4
-13
-14
-12
-6
8
-17
-18
-12
-24
-14
-3
9
9
-1
-10
-4
-1
-3
-1
-7
-11
-20
-16
-10
0
1
-3
4
-3
-3
-3
-2
-4
6
1
2
0
-1
11
4
11
-6
-16
-14
-11
-5
-1
-6
4
-1
-11
-3
-13
-2
-10
-2
-2
-1
-2
-6
-15
-6
-3
1
-9
-12
2
-21
-10
-18
-25
-11
-6
-9
-1
-4
3
0
-8
-1
-2
4
-6
-3
-10
-6
0
-1
-3
1
-2
-10
-11
-12
2
6
7
-7
-9
-7
1
2
-8
-3
-4
1
-12
-16
-7
-7
-6
-3
5
7
2
4
-2
-2
-2
7
12
5
12
11
6
10
7
-1
3
6
8
6
20
11
4
9
7
8
0
-2
1
7
2
-1
-1
7
3
-4
5
1
0
-2
3
7
0
2
-9
-6
0
-2
-1
-3
-10
11
17
12
9
9
4
-2
-5
-9
-4
4
2
-2
-1
3
10
11
12
5
0
-3
0
5
5
4
25
25
13
18
19
24
14
-13
2
17
7
21
40
40
24
11
28
27
21
5
11
15
3
-12
-25
6
14
16
15
5
13
9
8
27
38
29
17
15
10
10
7
-7
34
35
-10
-18
-10
20
64
59
25
27
28
35
36
15
-12
-6
-18
-20
1
-26
-17
14
3
5
5
-17
0
-3
2
0
0
4
-12
0
-9
-10
-7
-15
-11
-16
-27
-20
-45
-32
-3
10
16
-10
-5
18
18
10
9
7
10
12
22
10
-3
-14
-19
-22
-10
-10
8
20
14
4
8
29
27
23
4
0
6
15
23
-9
-24
-28
-37
-30
-11
-4
-12
-30
-40
-14
-6
1
13
1
-11
4
12
-2
8
-14
-22
-17
-18
-11
-21
-19
-1
-5
-10
-24
-22
-33
-49
-42
-39
5
32
30
22
-11
-38
-33
-26
-15
-7
-7
7
1
-15
1
0
-7
3
-22
-43
-44
-5
15
31
44
23
1
-16
-3
27
15
24
4
-9
-19
-25
1
12
8
6
7
23
16
-7
-16
-30
-19
-15
9
20
-1
-12
-32
-27
-26
-33
-19
13
-4
-14
3
6
14
22
23
31
3
-17
-11
-32
-13
1
-14
-38
-25
-21
-10
4
12
22
0
-25
-30
-11
-6
21
15
12
12
5
1
-9
-8
10
-7
-25
-28
-33
-41
-33
9
10
11
2
11
6
13
39
53
70
36
7
0
3
6
-12
-8
-26
-32
22
-9
2
35
1
-26
-7
13
39
44
32
15
1
12
1
26
2
10
11
6
30
31
23
87
94
76
76
40
70
55
55
32
22
22
39
28
14
8
-9
-35
-51
-48
-74
-60
-23
-15
-15
-2
25
45
11
6
-10
-14
-8
-11
-15
-25
-6
-2
0
1
-25
-38
-33
-34
-16
-5
-25
-17
0
10
7
6
14
30
24
7
-12
-10
-4
2
2
-26
-45
-38
-43
-19
30
16
13
-1
3
9
-12
-17
-23
6
6
9
-13
-38
-28
-21
-12
6
16
-2
-30
-48
-11
31
24
47
57
39
39
25
26
31
33
35
23
8
0
-9
7
0
-14
-28
-70
-77
-60
-62
-47
-50
-38
-36
-39
-32
-19
-16
-15
-18
-14
12
25
10
-16
-27
-23
-31
-22
4
-8
-12
0
9
5
31
41
42
46
31
38
64
60
49
11
3
-2
2
13
-1
16
6
13
11
5
14
-8
-16
31
10
-11
-17
-23
-32
-27
0
7
4
-12
-16
-26
-27
-13
-27
-23
-7
-18
-25
-15
13
40
49
26
35
42
-8
31
45
55
54
25
38
43
33
33
35
35
25
20
5
5
11
-5
-6
3
3
-6
-15
-47
-45
-24
-45
-40
-47
-47
-38
-51
-47
-41
-31
-54
-58
-61
-70
-44
-40
-21
-2
19
8
7
11
18
4
5
24
13
43
38
19
5
6
12
-9
-19
-20
-15
23
35
37
48
51
90
93
113
90
88
111
115
106
102
89
71
51
24
52
52
19
-20
-31
-23
-24
-37
-62
-55
-58
-68
-8
9
-26
0
9
-9
6
11
27
46
-10
-33
-11
3
18
14
10
14
23
14
16
8
-5
11
-16
-44
-32
-36
-36
-34
-50
-37
-20
-19
4
5
-48
-59
-23
-12
-34
-69
-88
-25
61
95
89
74
86
99
100
88
96
76
9
-27
-35
-50
-46
-32
-55
-91
-70
-40
-11
18
17
2
-10
-21
12
52
52
41
49
71
81
113
127
111
79
32
23
11
7
12
-22
-58
-46
-40
-31
-51
-93
-105
-109
-122
-109
-92
-116
-127
-143
-177
-160
-126
-113
-90
-90
-76
-45
-44
-45
-36
-40
-50
-48
-64
-50
-36
-70
-69
-49
-53
-3
-11
-59
-75
-109
-124
-95
-87
-78
-32
-15
-16
-13
-9
-3
-16
-65
-38
6
-7
-16
-62
-88
-53
-8
-31
-54
-60
-72
-65
-52
-56
-41
-26
-24
-29
-35
5
58
65
52
48
33
43
66
73
68
41
22
6
-10
16
32
37
51
48
33
-4
-44
-76
-75
-63
-68
-68
-99
-117
-105
-92
-49
-22
-31
-48
-42
-29
-43
-43
-8
23
24
7
6
-5
-11
-13
-8
20
28
14
-18
-44
-32
-7
1
-7
-1
-9
-9
16
16
33
34
16
20
34
44
62
86
108
143
168
172
137
116
110
116
137
118
80
30
-4
21
50
80
116
117
99
92
94
120
122
103
128
139
141
165
160
144
144
120
107
126
127
132
144
123
122
138
126
108
87
86
109
152
178
170
139
114
82
68
40
-8
4
25
46
39
35
67
111
122
135
126
112
114
160
185
212
195
213
184
188
120
162
-276
164
529
131
-14
-356
41
375
63
-322
-187
168
116
-232
-65
214
18
-194
50
311
20
-289
-45
240
76
-222
-41
258
64
-176
22
348
238
-72
12
307
253
-85
-56
251
241
-59
-154
93
192
-22
-169
2
85
-55
-92
13
72
37
-36
28
50
44
-4
34
106
37
-9
-7
20
-31
-84
-71
-22
-46
-107
-59
-30
-52
-67
-94
-65
-49
-94
-102
-52
-67
-126
-120
-72
-72
-83
-85
-73
-60
-50
-18
16
11
36
74
71
43
3
-2
33
88
115
92
63
11
-55
-86
-68
-64
-78
-79
-108
-136
-166
-149
-144
-149
-150
-127
-69
-70
-98
-123
-129
-130
-121
-124
-122
-133
-182
-201
-152
-157
-142
-132
-123
-95
-130
-130
-107
-113
-145
-125
-120
-121
-137
-148
-159
-141
-120
-145
-156
-150
-122
-96
-134
-150
-159
-169
-162
-176
-160
-132
-140
-165
-141
-121
-123
-155
-168
-169
-177
-194
-182
-107
-105
-150
-151
-116
-98
-108
-108
-85
-26
3
-7
22
21
-14
-47
-52
-17
-11
-15
-1
34
35
10
59
49
2
22
39
93
58
5
2
-56
-79
-110
-121
-110
-137
-121
-148
-117
-46
-56
-96
-112
-67
-70
-100
-92
-50
-40
-56
-46
-31
-54
-24
19
34
37
56
75
61
53
44
41
47
26
26
14
1
6
21
39
17
8
31
37
40
55
86
138
137
118
152
173
182
148
125
95
101
114
117
122
85
98
95
60
29
9
-39
-46
-58
-69
-80
-76
-57
-67
-81
-69
15
41
34
67
99
108
113
90
68
104
125
106
84
97
89
74
96
142
167
167
195
207
203
177
184
187
159
161
136
119
147
121
141
153
143
105
118
128
91
90
69
78
90
106
86
113
146
134
112
100
135
146
147
133
132
142
104
88
107
148
207
207
188
197
218
211
187
213
255
238
239
240
242
189
133
155
159
112
43
53
41
20
3
-39
-26
-51
-56
-23
28
42
0
13
41
23
-4
-10
8
-22
-31
-12
-17
-46
-46
-5
24
35
63
99
95
93
86
92
98
34
-18
-13
-21
-16
-9
-11
-11
-52
-82
-72
-38
-48
-76
-82
-72
-80
-89
-88
-122
-100
-124
-137
-119
-134
-112
-98
-100
-115
-119
-126
-99
-103
-97
-121
-89
-63
-73
-21
-7
18
-7
-50
-70
-37
8
17
-12
-24
-137
-511
305
266
113
153
-807
-50
241
-19
144
-407
-238
-151
-263
178
-142
-372
-285
-267
-53
-162
-231
-109
-219
-219
-211
-168
-117
-199
-117
-143
-150
-117
-146
-85
-71
-84
-146
-157
-133
-93
-56
-120
-77
-32
-122
-130
-146
-189
-139
-139
-229
-273
-281
-249
-263
-331
-240
-235
-210
-190
-235
-133
-109
-111
-117
-165
-151
-139
-165
-137
-65
-53
-75
-58
-59
-3
13
18
63
27
-1
-2
5
1
-27
-30
-4
6
-31
-4
62
87
55
11
27
57
64
43
95
144
131
96
85
115
127
100
100
158
213
205
188
179
173
193
204
218
238
182
208
257
247
207
159
185
167
103
51
28
35
-10
-35
-4
45
44
19
-28
-58
-50
-69
-20
24
-1
-80
-127
-154
-176
-133
-114
-79
-132
-169
-165
-172
-103
-18
-15
-43
-55
-53
-43
-30
-9
-28
-60
-57
-41
-41
4
11
12
-5
27
68
60
54
41
45
-8
-66
-87
-76
-126
-188
-201
-191
-166
-155
-166
-164
-131
-86
-66
-84
-90
-94
-96
-93
-118
-120
-137
-129
-139
-130
-134
-189
-191
-231
-253
-251
-290
-284
-321
-346
-310
-331
-310
-271
-270
-306
-327
-321
-335
-320
-278
-301
-287
-255
-257
-270
-280
-262
-237
-220
-208
-224
-239
-251
-245
-194
-218
-232
-230
-190
-183
-213
-205
-160
-147
-116
-130
-133
-73
-81
-77
-23
-27
-72
-69
-101
-99
-100
-88
-86
-112
-80
-37
-19
-22
-3
6
-5
44
78
97
147
137
75
42
36
66
-6
-90
-89
-106
-125
-133
-166
-154
-166
-180
-167
-182
-186
-169
-158
-143
-112
-99
-104
-85
-20
-24
-44
-6
-24
-37
-51
-74
-87
-111
-122
-78
-92
-107
-142
-163
-121
-123
-119
-110
-57
8
33
59
74
65
58
47
53
64
55
33
75
120
107
121
170
197
208
190
234
262
217
198
180
176
178
163
186
190
195
206
161
151
128
114
118
61
53
84
71
87
92
112
115
114
184
149
193
190
155
221
240
309
307
264
253
230
216
201
192
155
149
165
165
153
158
158
126
163
233
257
282
321
336
341
319
242
262
284
292
298
260
264
254
300
319
313
293
281
357
335
321
321
319
330
267
279
284
266
268
237
270
309
321
373
408
413
372
320
352
341
293
259
246
264
263
250
239
252
294
283
321
350
295
248
210
260
297
294
290
243
242
264
228
252
277
231
196
149
155
178
215
189
119
116
164
175
144
127
94
16
-1
9
-5
-5
-66
-97
-87
-104
-56
-38
-53
-63
-120
-135
-123
-112
-127
-134
-112
-105
-139
-114
-101
-109
-109
-140
-156
-169
-157
-144
-178
-188
-181
-175
-123
-132
-165
-223
-263
-254
-282
-289
-266
-287
-289
-291
-286
-281
-307
-301
-308
-328
-291
-264
-283
-300
-301
-283
-257
-278
-283
-284
-250
-220
-264
-293
-286
-251
-226
-220
-208
-251
-306
-316
-310
-316
-324
-353
-397
-440
-474
-484
-493
-485
-475
-479
-480
-535
-578
-512
-456
-425
-430
-442
-349
-352
-415
-458
-444
-388
-385
-359
-383
-408
-426
-391
-353
-347
-331
-335
-309
-312
-276
-278
-314
-299
-330
-335
-358
-354
-330
-378
-408
-395
-399
-408
-468
-526
-526
-551
-535
-499
-474
-456
-451
-433
-438
-450
-483
-502
-475
-437
-398
-374
-345
-344
-375
-348
-336
-292
-230
-259
-220
-172
-125
-95
-122
-67
-76
-123
-108
-100
-91
-92
-107
-80
-63
-41
-10
-4
-43
-113
-111
-105
-89
-109
-143
-91
-84
-98
-81
-86
-74
-57
-63
-48
-73
-86
-85
-92
-71
-45
0
22
29
44
9
-2
27
49
74
58
74
96
105
122
123
127
117
102
100
99
68
71
110
134
162
146
167
196
200
259
300
284
265
253
295
281
236
237
270
305
287
276
303
303
270
274
256
251
268
280
308
296
267
260
259
282
299
287
308
328
325
340
327
307
291
279
284
281
293
299
288
261
240
245
284
285
266
305
316
333
314
265
299
296
290
320
332
322
286
287
338
397
411
423
433
439
405
377
386
395
384
346
356
346
348
345
319
316
298
279
252
255
260
238
231
238
247
220
193
171
201
206
187
179
164
158
175
163
137
98
52
24
34
57
46
68
68
72
64
75
65
48
68
41
37
34
23
37
66
51
34
23
-2
-3
-12
-38
-59
-61
-67
-58
-46
-64
-118
-154
-174
-174
-214
-233
-247
-240
-241
-240
-214
-201
-213
-232
-216
-289
-196
-236
-205
-224
-227
-164
-206
-199
-236
-204
-151
-144
-171
-151
-129
-123
-135
-124
-134
-180
-189
-135
-118
-125
-98
-52
-73
-98
-83
-64
-43
-45
-48
-16
-15
-27
-26
-42
-24
-52
-86
-119
-164
-187
-215
-148
-85
-79
-73
-97
-69
-115
-144
-120
-141
-141
-117
-156
-162
-198
-197
-149
-160
-126
-90
-90
-125
-78
-27
-37
-24
-38
-33
-27
-58
-35
10
45
35
46
68
103
125
126
102
91
119
108
104
116
137
160
138
120
105
97
99
115
102
47
83
108
126
167
184
179
202
210
207
158
136
118
115
96
91
85
87
95
75
47
51
84
100
126
131
128
116
114
134
150
132
112
167
122
146
49
67
-166
-205
252
10
133
-126
-147
144
-58
-125
-194
-11
8
-254
-173
14
-23
-276
-225
-4
163
153
-14
39
5
38
1
-24
-34
-34
94
86
113
112
51
53
72
69
42
60
132
171
130
147
196
164
85
91
116
47
-31
-57
-56
-54
-59
-25
-19
-15
3
-50
-20
-8
5
-13
-56
-40
-39
9
2
-4
-35
-52
-31
-87
-106
-151
-164
-123
-100
-49
-7
-2
15
17
40
42
31
6
7
28
64
57
59
109
100
68
51
23
31
49
65
82
86
32
-3
35
46
34
17
-1
-43
-48
-53
-28
-25
-39
-80
-104
-141
-154
-113
-143
-139
-138
-121
-91
-129
-145
-137
-174
-205
-243
-213
-218
-234
-244
-234
-190
-200
-146
-91
-70
-74
-98
-85
-42
17
19
-12
13
53
55
52
74
99
131
112
84
79
82
68
28
13
26
49
9
-42
-25
-53
-106
-133
-56
-15
-59
-97
-97
-45
-3
19
-2
-10
-1
-58
-89
-86
-25
-40
-43
4
-1
27
33
44
82
103
95
81
98
137
148
140
144
197
263
240
218
215
249
263
239
251
280
276
251
292
301
323
353
344
330
351
380
382
346
323
350
320
288
269
236
175
184
182
168
189
221
199
159
153
183
200
157
131
141
114
105
104
106
121
150
165
158
175
172
204
243
224
160
147
162
134
111
94
107
90
37
51
48
64
35
55
74
47
22
41
94
107
111
87
95
118
130
155
191
222
234
207
209
203
208
190
217
268
276
263
225
201
227
258
227
186
141
150
153
129
123
142
121
71
24
0
-15
-41
-48
-66
-69
-72
-45
-37
-11
-11
-54
-66
-60
-66
-78
-96
-103
-101
-94
-98
-106
-148
-229
-271
-305
-311
-313
-345
-336
-327
-351
-334
-309
-300
-260
-261
-245
-246
-230
-194
-192
-180
-169
-148
-151
-185
-223
-252
-261
-237
-255
-272
-268
-292
-311
-328
-359
-401
-395
-369
-374
-366
-363
-348
-345
-335
-346
-362
-307
-306
-295
-296
-258
-249
-251
-209
-210
-161
-150
-165
-121
-86
-78
-69
-57
-29
-4
-41
-110
-110
-80
-81
-109
-126
-95
-50
-71
-118
-126
-148
-150
-171
-168
-177
-196
-232
-220
-136
-136
-159
-169
-187
-177
-201
-216
-190
-190
-179
-160
-175
-171
-160
-157
-165
-167
-171
-192
-261
-254
-254
-268
-288
-324
-295
-265
-254
-232
-193
-179
-197
-222
-209
-181
-135
-132
-131
-89
-119
-144
-125
-104
-102
-119
-85
-58
-61
-86
-93
-75
-63
-88
-84
-86
-55
-56
-67
-29
-25
4
41
67
119
138
160
141
100
99
70
45
-7
-54
-8
59
74
88
75
74
68
40
40
79
98
108
106
91
99
110
122
99
90
78
69
43
30
12
2
25
50
52
29
-2
-24
0
38
50
58
85
78
36
11
28
81
141
160
135
111
100
55
68
82
96
108
137
138
129
140
140
191
195
199
223
261
300
293
286
306
336
342
321
333
350
334
356
387
390
402
391
386
371
333
308
294
303
279
302
274
270
288
266
274
285
282
269
252
267
292
257
265
297
277
219
181
171
197
189
166
162
123
112
96
86
96
83
57
57
52
49
38
29
11
-17
-7
-31
-62
-63
-35
-25
-68
-108
-107
-59
-73
-94
-115
-90
-50
-81
-106
-111
-107
-89
-98
-100
-96
-116
-110
-698
-615
-283
-82
88
-381
-470
-301
-149
-136
-246
-110
-86
-157
97
231
102
-26
-13
129
136
7
149
332
334
194
104
230
165
5
-13
64
94
-30
-100
-21
79
0
-68
-35
12
48
-43
-54
10
-52
-54
-11
23
64
75
34
15
-19
-48
-56
-96
-45
-13
-44
-45
-90
-77
-98
-157
-197
-247
-204
-155
-176
-200
-215
-251
-251
-259
-307
-270
-232
-194
-142
-140
-121
-120
-135
-121
-167
-183
-120
-104
-110
-121
-150
-197
-212
-184
-161
-170
-162
-150
-98
-76
-98
-86
-88
-80
-78
-84
-85
-47
-24
-39
-25
-1
35
56
61
68
63
74
127
157
127
102
44
43
51
41
17
13
20
-12
-40
-82
-87
-90
-100
-108
-153
-174
-159
-145
-126
-84
-112
-152
-163
-177
-174
-211
-222
-153
-87
-69
-80
-53
-9
-19
-73
-115
-88
-31
-32
-85
-52
-43
-51
14
37
32
7
-9
45
74
3
-29
-28
10
54
23
6
20
52
44
-5
-36
-15
-8
0
0
-6
-6
14
20
2
-15
-21
-28
2
7
-4
24
32
31
16
7
-17
-5
4
18
6
4
26
51
48
62
34
39
81
99
106
113
147
149
186
196
204
211
176
171
240
269
266
254
223
187
141
121
73
37
36
16
-18
-10
12
19
-2
-40
-36
14
24
58
81
89
118
157
198
232
210
165
164
225
259
265
257
243
230
215
219
217
227
249
252
251
254
270
274
227
217
210
205
204
194
220
237
227
220
221
218
216
167
80
51
44
36
45
36
17
6
46
44
35
22
4
28
6
-11
7
10
8
1
-23
-25
20
-3
-36
-26
-89
-148
-97
-84
-121
-114
-130
-98
-52
-93
-112
-107
-83
-84
-84
-42
-26
-43
-64
-72
-92
-63
-64
-111
-113
-108
-115
-104
-88
-77
-75
-76
-96
-81
-70
-80
-58
-63
-107
-123
-140
-163
-179
-191
-172
-177
-196
-203
-214
-231
-200
-192
-214
-192
-167
-162
-172
-134
-75
-38
4
-8
4
5
5
27
64
97
132
167
131
142
136
123
131
154
152
54
-2
-23
-28
12
54
62
20
-38
-55
-105
-131
-162
-183
-202
-256
-237
-229
-189
-130
-143
-119
-131
-146
-144
-124
-106
-103
-117
-112
-121
-131
-69
-50
-35
-13
-3
-23
-18
-3
18
38
61
57
96
132
108
98
50
48
24
5
32
21
10
-21
-18
-8
4
40
29
20
-17
-35
-11
41
35
37
78
68
99
114
89
61
26
-9
-31
-47
-29
-17
-21
-4
7
-3
-11
-8
-15
4
-6
-6
-9
-3
0
-15
-51
-38
-49
-87
-107
-128
-134
-101
-77
-73
-61
-77
-92
-115
-105
-24
-10
-57
-68
-48
-37
-25
-24
-1
2
-12
-24
-25
-25
-6
-25
-66
-72
-83
-68
-109
-115
-97
-126
-142
-151
-148
-155
-183
-155
-95
-74
-59
-28
52
78
79
70
100
152
175
166
165
181
145
136
89
111
134
113
114
113
114
72
51
82
90
81
44
5
-16
-9
-45
-57
-66
-88
-82
-110
-94
-100
-128
-115
-109
-62
-23
-88
-103
-142
-119
-94
-110
-100
-112
-111
-133
-128
-102
-128
-169
-196
-234
-233
-256
-268
-226
-215
-232
-232
-244
-268
-267
-289
-329
-324
-321
-296
-249
-231
-235
-231
-212
-188
-204
-214
-193
-177
-165
-198
-191
-191
-197
-181
-164
-189
-196
-178
-131
-66
-28
-17
-37
-26
-9
0
4
24
-20
-26
6
14
22
10
-32
-47
-43
-60
-80
-87
-115
-128
-122
-167
-184
-174
-175
-182
-193
-179
-148
-135
-135
-144
-136
-167
-185
-182
-164
-155
-192
-263
-254
-241
-252
-260
-281
-271
-290
-313
-324
-339
-325
-293
-259
-233
-199
-149
-134
-96
-82
-85
-43
-59
-50
-8
24
58
68
65
38
38
62
99
70
51
36
48
83
67
89
88
84
110
94
89
116
95
101
96
66
85
95
127
147
115
86
102
83
98
113
114
118
100
83
102
131
133
129
158
148
108
90
97
145
157
132
144
129
123
135
146
133
95
68
68
82
60
70
88
91
105
138
169
136
89
66
49
39
29
28
16
17
28
69
99
100
97
78
67
40
22
37
57
95
60
29
45
84
102
76
110
149
158
142
158
154
143
126
83
85
49
31
55
77
51
17
11
40
56
51
25
1
19
4
-11
9
36
64
81
42
30
23
4
24
-16
-71
-95
-123
-100
-63
-70
-95
-94
-104
-104
-90
-88
-68
-71
-107
-164
-204
-199
-198
-186
-165
-132
-115
-113
-107
-99
-66
-35
-43
-53
-53
-72
-74
-80
-45
-4
11
1
-4
-2
-46
-67
-42
-22
-48
-94
-114
-114
-99
-79
-101
-102
-100
-127
-114
-94
-116
-116
-95
-90
-96
-140
-148
-151
-169
-161
-136
-120
-98
-85
-76
-65
-60
-57
-60
-80
-136
-155
-201
-202
-179
-153
-139
-173
-163
-149
-139
-129
-113
-117
-97
-87
-105
-129
-133
-112
-109
-85
-102
-142
-164
-197
-173
-179
-225
-221
-219
-239
-297
-316
-282
-244
-222
-194
-177
-180
-161
-155
-168
-201
-225
-193
-161
-118
-113
-132
-122
-123
-118
-129
-134
-114
-88
-88
-66
-42
-51
-39
-23
-10
15
14
2
53
25
-40
-48
84
-62
-246
-153
-69
117
32
-176
-262
-235
-77
-95
-56
-16
-148
-101
1
-25
-100
-129
-58
-33
-76
-27
62
93
31
16
70
114
89
125
208
176
113
85
80
86
83
109
134
112
80
49
38
35
59
83
66
67
41
37
96
152
167
192
244
217
237
225
205
255
256
249
255
259
237
220
269
234
217
226
233
268
257
256
262
277
264
274
283
335
406
395
375
381
370
365
367
360
367
374
378
373
378
375
394
415
408
355
299
322
321
297
277
254
247
216
200
231
243
225
210
182
176
188
193
189
179
150
122
107
99
104
82
78
79
31
41
66
81
76
41
-13
-66
-58
-47
-37
-27
-37
-26
36
38
18
40
-6
-44
-33
-12
-12
15
21
18
12
-54
-101
-81
-43
-18
-31
-56
-59
-44
-28
-53
-54
-45
-37
-19
-27
-32
-46
-42
-4
18
15
-20
11
32
5
38
28
14
29
4
-9
-3
-8
-24
-16
-35
-62
-64
-80
-91
-77
-89
-68
-50
-84
-109
-117
-136
-132
-103
-64
-50
-80
-95
-103
-125
-128
-141
-172
-174
-200
-223
-226
-229
-210
-238
-277
-314
-301
-302
-289
-259
-243
-242
-256
-231
-230
-248
-262
-244
-190
-183
-150
-112
-143
-128
-105
-103
-85
-86
-49
12
20
2
-1
10
55
108
130
117
68
42
67
66
72
65
50
66
69
93
49
39
46
57
74
84
117
132
160
165
173
178
163
210
202
124
110
128
126
125
94
116
154
153
161
128
138
132
100
82
71
65
59
85
73
56
48
52
83
96
91
93
59
47
58
69
82
39
25
-13
-2
7
-13
33
53
45
23
41
55
84
98
91
108
121
166
239
249
236
215
188
201
232
220
230
227
206
213
225
230
259
250
204
185
150
148
196
198
209
204
188
215
220
244
273
284
276
231
242
256
236
246
250
231
247
238
215
243
242
219
199
192
191
194
191
175
193
197
209
227
174
153
174
188
230
213
208
203
176
189
177
190
201
205
181
166
164
166
178
187
162
142
132
105
109
101
82
91
124
121
85
43
43
41
39
64
60
71
74
29
17
49
54
90
114
97
97
98
57
28
-2
-27
14
39
26
31
76
99
93
72
63
90
73
23
-6
-30
-36
-13
-38
-50
-51
-52
-38
-51
-42
-45
-75
-105
-106
-114
-139
-162
-220
-221
-201
-188
-139
-148
-157
-187
-227
-260
-255
-243
-283
-326
-349
-346
-303
-277
-266
-267
-321
-341
-345
-300
-240
-222
-221
-190
-171
-193
-190
-145
-129
-135
-132
-136
-102
-84
-87
-117
-145
-153
-138
-115
-114
-116
-152
-171
-187
-193
-163
-158
-150
-113
-97
-98
-93
-117
-131
-156
-184
-185
-158
-131
-110
-118
-128
-78
-23
-22
-9
-4
1
-22
-35
-15
1
-6
-2
16
18
5
-8
0
-1
-15
-11
6
19
64
82
75
58
64
96
112
131
141
154
180
207
232
224
215
228
220
216
184
159
153
165
168
143
140
108
87
91
65
42
-20
-61
-28
-48
-79
-70
-67
-44
-33
-34
-18
18
26
-12
-12
9
45
85
81
72
84
99
136
155
161
182
180
152
125
95
89
131
137
107
111
96
91
146
168
167
184
180
190
192
140
127
141
105
67
53
24
38
40
14
14
2
-11
18
22
16
29
-7
1
16
26
58
47
51
47
11
-6
22
30
43
64
44
36
54
57
88
84
86
102
124
160
152
135
102
142
190
142
140
163
170
183
129
92
119
145
159
142
127
89
74
72
75
39
14
36
14
-5
-60
-55
-21
-19
-72
-91
-61
-75
-70
-61
-42
-68
-61
-29
-33
-47
-65
-66
-65
-51
-66
-94
-126
-133
-111
-103
-101
-105
-114
-87
-75
-100
-119
-149
-179
-203
-245
-244
-187
-165
-173
-161
-138
-148
-155
-138
-126
-128
-152
-164
-152
-154
-155
-139
-114
-135
-126
-93
-88
-75
-83
-83
-35
-29
-61
-45
-32
-25
-17
-4
4
7
-9
-60
-57
-58
-78
-73
-69
-58
-57
-66
-51
-63
-99
-98
-110
-131
-135
-158
-200
-215
-235
-223
-208
-209
-221
-233
-237
-251
-240
-240
-222
-211
-210
-201
-176
-150
-138
-128
-125
-96
-86
-75
-42
-51
-61
-98
-105
-103
-110
-109
-139
-105
-143
-146
-104
-80
-27
-8
-8
-13
-3
-40
-86
-70
-47
-27
-32
-33
-6
5
-1
25
45
61
73
33
41
47
65
79
83
104
97
84
97
102
93
76
84
82
85
69
53
52
57
67
58
32
18
35
34
36
20
27
33
32
69
91
109
134
132
113
120
123
154
160
145
140
151
169
183
208
156
124
145
139
98
96
97
104
129
119
119
114
90
82
43
-6
36
69
90
83
88
108
106
116
119
136
128
103
120
125
125
103
82
104
151
163
136
127
92
100
156
139
135
107
55
35
33
25
35
66
63
53
8
-33
-16
-5
-5
-37
-82
-104
-124
-117
-108
-112
-130
-144
-151
-166
-147
-115
-97
-107
-103
-135
-137
-136
-123
-81
-75
-73
-63
-37
-52
-23
-53
-76
-70
-69
-88
-99
-110
-88
-114
-145
-153
-153
-140
-133
-98
-97
-74
-94
-89
-81
-78
-76
-32
-1
-1
9
-10
-15
-50
-66
-72
-80
-107
-123
-148
-193
-201
-207
-196
-198
-207
-262
-302
-308
-314
-329
-327
-295
-260
-224
-203
-201
-161
-152
-116
-83
-100
-86
-84
-88
-49
6
31
68
63
79
82
38
43
80
69
43
30
10
13
-13
-37
-34
-49
-71
-74
-92
-122
-145
-136
-144
-140
-144
-175
-189
-195
-220
-214
-221
-198
-174
-239
-259
-253
-242
-223
-216
-209
-209
-209
-231
-240
-238
-254
-230
-217
-215
-194
-236
-223
-201
-191
-147
-133
-112
-118
-95
-66
-109
-92
-63
-108
-114
-137
-166
-153
-144
-135
-147
-146
-154
-152
-152
-134
-110
-122
-141
-110
-104
-97
-80
-93
-69
-60
-50
-27
5
24
42
67
68
79
108
91
98
140
133
137
134
141
164
173
198
162
138
120
119
115
99
120
140
149
158
158
163
170
156
163
160
178
202
213
237
246
232
228
229
233
212
181
161
142
155
155
87
45
64
32
0
-5
29
49
39
45
64
94
134
159
160
172
194
216
233
215
212
223
240
239
237
259
277
286
280
272
254
244
262
268
262
256
258
293
310
303
285
282
279
268
254
235
228
218
215
267
298
291
305
261
233
239
245
269
286
261
235
236
239
221
219
239
226
216
175
160
172
178
175
181
170
141
109
83
66
48
49
48
25
30
43
36
77
94
86
77
54
55
53
24
5
5
-24
-53
-37
-54
-60
-61
-108
-98
-30
1
16
-31
-80
-44
-18
-32
-38
-61
-70
-43
-48
-31
2
-18
-37
-79
-112
-142
-169
-173
-178
-174
-203
-230
-281
-294
-294
-307
-311
-318
-315
-332
-348
-322
-301
-274
-254
-256
-262
-260
-282
-297
-248
-255
-273
-297
-290
-274
-262
-235
-223
-212
-237
-245
-259
-258
-263
-276
-299
-285
-246
-230
-221
-179
-151
-150
-145
-151
-144
-143
-122
-100
-57
-82
-91
-62
-35
-44
-38
-22
-11
2
-13
-20
-27
-22
-22
6
33
53
83
106
82
64
51
60
100
67
23
26
13
23
19
17
50
74
69
51
51
62
99
96
60
51
46
13
-54
-70
-57
-23
-37
-83
-91
-112
-139
-172
-205
-205
-175
-140
-120
-91
-108
-116
-78
-83
-60
-52
-54
-65
-77
-62
-53
-53
-67
-91
-74
-46
-27
-7
8
44
61
49
19
-28
-38
-61
-49
-38
-16
1
-2
-31
-5
31
36
60
55
24
13
21
23
1
5
14
2
6
-29
-1
48
81
89
89
85
65
47
52
79
96
100
98
91
89
88
119
129
127
116
144
209
221
227
258
257
265
305
332
307
249
215
219
254
251
228
243
234
214
214
245
271
267
227
205
201
205
211
188
170
167
197
216
206
197
212
218
174
161
129
134
134
131
174
183
152
106
121
123
119
113
85
88
81
60
64
91
89
86
104
150
144
109
115
135
136
131
99
73
66
89
115
113
101
75
88
83
55
31
32
20
-15
-12
-18
-20
14
-39
-63
-91
-139
-159
-152
-133
-130
-130
-151
-129
-86
-49
-43
-40
-47
-48
-23
-15
-36
-43
-73
-59
-42
-66
-78
-63
-20
-20
-47
-68
-45
-36
-39
-39
-72
-92
-127
-175
-205
-194
-207
-202
-187
-182
-164
-155
-147
-177
-166
-141
-131
-105
-85
-75
-57
-54
-5
25
35
34
4
-61
-131
-125
-106
-103
-100
-115
-105
-84
-104
-88
-103
-128
-104
-108
-116
-127
-132
-160
-186
-152
-127
-126
-134
-181
-203
-165
-167
-176
-185
-175
-172
-145
-135
-163
-117
-97
-107
-108
-123
-131
-125
-143
-134
-89
-29
37
85
89
97
116
127
144
118
111
73
-6
-75
-69
-69
-67
-88
-141
-153
-170
-150
-143
-167
-178
-137
-107
-116
-140
-156
-147
-116
-121
-128
-98
-94
-67
-51
-47
-13
-36
-77
-77
-86
-67
-39
-27
24
67
54
34
52
68
66
85
76
92
109
115
143
144
139
159
135
122
131
102
91
82
85
92
97
92
74
75
85
86
69
26
-2
26
26
17
12
-6
-8
5
24
8
-14
-2
-10
21
-6
-33
-42
-65
-28
29
53
39
28
29
81
91
88
99
94
63
68
65
47
16
-6
0
9
13
25
47
42
9
-17
6
-6
-4
-19
-34
-48
-41
-32
1
32
42
76
35
27
33
24
29
42
10
-14
-28
-36
-1
9
24
33
12
5
23
41
26
47
67
99
150
171
172
183
215
229
214
166
136
118
106
62
61
83
85
67
69
77
64
51
27
44
42
8
-4
-24
-50
-100
-127
-129
-110
-129
-156
-176
-189
-201
-193
-172
-155
-144
-163
-151
-169
-160
-135
-146
-133
-116
-158
-180
-190
-188
-161
-148
-135
-132
-115
-93
-70
-61
-65
-87
-86
-101
-105
-106
-112
-114
-145
-134
-131
-167
-175
-158
-152
-203
-204
-169
-141
-130
-162
-190
-221
-218
-212
-206
-205
-228
-240
-262
-242
-249
-272
-307
-334
-339
-266
-235
-213
-192
-179
-161
-170
-161
-152
-119
-134
-120
-105
-119
-115
-96
-39
-30
-21
0
2
23
16
-18
-31
6
34
39
27
-7
-1
26
77
111
110
94
88
72
102
140
150
160
132
171
180
183
184
148
117
63
45
67
89
101
117
122
136
174
179
208
241
212
177
186
217
233
231
214
208
191
197
213
237
267
250
240
250
234
269
257
238
242
192
201
203
179
166
199
220
232
193
173
203
175
178
192
204
213
207
182
171
188
210
203
193
163
111
89
75
76
78
73
88
50
18
-6
1
38
30
36
15
11
30
36
62
75
67
86
75
76
98
93
106
107
111
134
133
131
139
130
112
125
125
106
95
101
87
98
118
107
87
89
91
135
154
144
156
143
170
159
143
119
98
83
38
11
-19
-52
-58
-80
-116
-127
-165
-153
-125
-163
-192
-181
-209
-202
-142
-125
-103
-115
-132
-107
-86
-86
-74
-98
-124
-120
-126
-107
-120
-133
-143
-137
-132
-114
-128
-158
-192
-227
-250
-253
-240
-241
-186
-148
-143
-146
-147
-118
-85
-85
-71
-85
-113
-100
-81
-56
-28
-13
-7
27
10
-21
-27
-8
-3
9
20
-2
26
23
26
44
59
61
29
14
42
66
30
-25
-47
-76
-75
-55
-91
-104
-79
-92
-96
-115
-128
-158
-188
-213
-249
-242
-234
-237
-238
-245
-253
-227
-198
-209
-203
-232
-239
-212
-184
-169
-128
-99
-130
-107
-77
-38
-18
-9
-10
-11
-24
-9
-11
-21
-8
-33
-7
-15
-24
-33
-37
-40
-41
-65
-94
-91
-87
-72
-33
-29
-43
-24
-8
-19
23
50
29
38
4
-10
-35
-42
-12
13
12
5
61
83
124
156
157
151
132
132
125
116
118
117
157
198
185
157
120
121
115
106
110
109
119
135
181
237
262
273
250
237
234
228
217
212
222
187
162
156
165
164
171
202
196
205
220
210
187
173
162
127
129
173
201
235
253
232
224
204
232
247
257
218
195
214
236
251
269
311
299
288
278
306
284
254
216
188
205
194
170
140
140
128
123
102
94
106
161
183
149
123
114
127
129
121
121
141
164
189
181
218
281
309
310
284
275
250
240
242
244
232
196
163
177
208
227
200
138
91
104
133
157
189
181
147
130
128
131
125
116
94
75
56
45
47
90
88
70
57
15
16
66
101
126
136
114
58
7
-62
-85
-97
-112
-140
-162
-167
-175
-150
-147
-148
-157
-160
-170
-161
-176
-159
-149
-153
-132
-89
-58
-24
-5
-14
-16
-11
27
16
7
11
26
36
51
65
55
29
37
46
39
36
-31
-95
-141
-189
-194
-206
-198
-193
-183
-174
-197
-206
-227
-252
-267
-255
-254
-312
-365
-344
-304
-271
-275
-259
-220
-202
-200
-203
-234
-260
-238
-227
-202
-159
-116
-103
-88
-104
-79
-50
-10
10
-25
-8
-19
-5
-12
17
54
54
75
90
105
93
111
81
84
103
75
30
-16
-10
-6
30
44
32
54
55
42
17
-25
-46
-78
-97
-93
-122
-123
-100
-100
-90
-88
-92
-110
-114
-126
-114
-92
-71
-51
-32
-24
-2
30
19
30
33
21
21
27
3
1
38
37
23
14
34
77
80
92
92
73
32
-13
-26
-24
-35
-59
-77
-63
-57
-54
-23
-19
-12
-12
-31
-57
-60
-83
-116
-147
-176
-143
-131
-121
-114
-100
-48
-54
-58
-31
-4
24
-10
0
16
80
140
170
172
175
190
214
229
217
198
171
146
88
72
82
95
125
166
197
194
188
159
129
144
143
135
84
36
15
32
77
79
111
137
140
127
131
144
144
151
133
105
110
119
115
129
165
191
192
160
113
84
80
64
48
31
17
28
33
-4
-4
26
8
2
11
52
64
42
18
23
50
67
101
119
146
165
159
169
176
137
114
92
66
70
55
35
28
28
29
2
-20
-36
-59
-55
-37
-19
-5
-9
-24
-56
-74
-62
-70
-69
-56
-73
-105
-129
-154
-150
-128
-129
-140
-144
-128
-114
-101
-126
-144
-140
-148
-149
-167
-164
-162
-158
-171
-164
-129
-149
-163
-177
-184
-193
-226
-242
-266
-276
-299
-284
-286
-285
-253
-256
-263
-268
-285
-284
-300
-294
-297
-267
-248
-238
-230
-258
-276
-263
-221
-209
-192
-167
-140
-162
-155
-125
-113
-122
-120
-95
-82
-64
-27
-3
-13
2
-4
4
18
6
26
32
11
-23
-36
-10
17
-9
-93
-113
-75
-82
-92
-94
-51
-28
-38
-18
-19
4
13
-5
-2
-17
-16
-19
2
4
-1
20
28
51
50
55
37
28
-19
-22
13
38
28
-10
8
-3
-1
23
15
40
57
4
-25
-37
-27
-26
-41
-66
-68
-61
-72
-70
-54
-26
-32
-54
-84
-71
-47
-5
-38
-84
-96
-75
-43
-44
-27
-40
-45
-30
-21
7
7
-14
-3
11
21
29
22
26
35
52
64
68
83
78
78
59
48
47
54
55
66
91
61
62
66
28
23
-12
-20
-9
0
-1
4
43
58
79
124
159
181
167
136
136
137
128
120
129
167
192
188
151
145
109
88
48
-13
-21
-43
-67
-19
-24
-34
-18
-69
-57
-44
-33
-9
-32
-54
-48
-52
-38
4
16
3
8
10
-14
-16
-22
-17
-10
-15
-26
-70
-104
-136
-130
-116
-137
-151
-144
-91
-101
-111
-101
-114
-110
-108
-102
-101
-88
-56
-41
-30
-46
-48
-50
-91
-119
-128
-116
-81
-57
-91
-119
-144
-108
-80
-66
-56
-60
-70
-107
-103
-104
-96
-128
-152
-158
-148
-151
-142
-120
-133
-134
-150
-183
-243
-273
-222
-228
-226
-209
-226
-209
-189
-161
-119
-89
-79
-68
-69
-96
-87
-106
-141
-130
-99
-64
-35
-39
-18
9
35
49
37
27
-9
-17
-54
-70
-45
-56
-75
-57
-102
-124
-135
-177
-195
-220
-223
-262
-257
-274
-321
-296
-292
-248
-213
-212
-203
-229
-246
-243
-263
-241
-222
-256
-263
-254
-261
-228
-197
-201
-227
-238
-227
-187
-178
-199
-148
-124
-88
-68
-87
-50
-8
11
26
20
15
1
-32
-2
19
7
11
11
-4
15
16
21
12
-11
28
14
-26
-65
-79
-73
-75
-90
-92
-77
-16
22
30
36
65
58
72
50
44
55
107
76
108
133
259
787
621
281
124
-75
214
631
206
494
634
1008
1517
-24
-430
-260
-134
613
292
-737
-151
173
535
532
1277
2517
2945
2199
859
681
1063
2005
749
-656
-1500
-51
1977
1648
2166
88
-1750
-900
-684
-51
269
-858
-947
-927
-1786
-449
-8
-547
-674
-768
383
1750
1191
1676
1050
-379
-315
168
1378
1927
684
82
-212
-211
444
134
-441
-276
-390
1300
535
281
-1772
-976
-526
-531
198
-1507
-117
-867
-691
-659
-276
-907
-886
-1478
-676
-183
-192
978
816
714
207
-673
700
280
312
1134
-144
374
-125
192
1347
-99
-608
-733
-1068
-169
-450
-415
-19
-1039
-1310
-930
-234
103
-300
23
-174
225
-348
-390
893
118
270
-556
74
574
-116
-52
-349
-293
171
-226
1828
2583
670
89
-410
198
1142
-229
-381
284
-308
1337
623
547
23
-1450
-666
-57
365
-621
-451
-1081
-924
-1830
-1455
-1171
-2284
-952
-524
874
-462
-1008
-1293
-461
-236
-205
-12
-121
984
-585
653
888
-580
142
-135
883
1131
683
364
983
959
-307
143
-438
388
-217
-461
274
-277
302
-556
613
-636
-940
-749
-636
375
94
-1169
-724
-1127
996
21
-618
-109
-1151
1139
-648
-143
-527
-932
-415
341
650
324
848
13
1110
800
623
1156
812
299
186
-136
617
1075
811
-158
-668
1132
-1179
469
-1075
-2142
-219
-3230
191
-1158
53
-11
-575
42
-311
-63
-1596
-684
-722
66
30
434
136
98
-778
-163
730
-793
-231
-527
-906
732
-442
-196
-256
-656
-46
348
2
-225
-548
-52
7
-144
-486
-1194
1168
-272
-137
653
-469
336
-521
-1575
-114
-133
1138
1336
-982
-578
-199
-308
374
-1057
-1039
-1463
-442
1292
707
1051
-88
-238
-374
-870
310
-143
-206
595
-194
524
205
337
1103
794
248
13
-917
-330
510
-164
-226
-425
-1649
-1465
-976
-317
616
-705
-1069
-1335
-1089
-57
-112
-450
-242
-971
-516
694
1499
838
-149
-1235
-684
292
141
784
85
-1013
-1078
-1271
-351
-623
-1206
-470
-1328
250
-478
-62
-255
-1425
-372
-950
-199
30
-117
844
-42
-18
603
26
604
378
202
174
-100
241
779
1101
794
955
586
487
68
162
421
-201
-205
-244
-25
117
134
604
277
99
240
-203
342
231
49
1202
679
702
596
437
737
124
246
748
40
405
216
-190
1073
727
803
108
-679
-1088
-1165
-552
-685
-332
-183
-439
314
-64
-266
-699
-1759
-1397
-2142
-1712
-146
-241
-165
-1074
-1466
-1055
-950
-610
-973
-1194
-894
-604
-264
-487
-30
482
-316
-570
-532
-896
-965
-1191
-645
-345
-1197
-1162
-1121
-435
-321
-821
-1068
-1456
-1705
-1146
-558
-713
-524
-624
-387
311
552
1559
1903
2330
2672
2822
3471
4653
5597
5773
5848
5974
6087
6307
6377
5997
6176
5486
5134
5381
5243
4942
4215
3522
2864
2069
1568
1109
575
41
-70
-56
-392
-1049
-1766
-2304
-2066
-1703
-1548
-1487
-1226
-702
-841
-963
-1308
-876
-792
-518
-286
-364
-419
-804
-1121
-1589
-1864
-2808
-2709
-2389
-2626
-3195
-3414
-3950
-4324
-4497
-4385
-3697
-4234
-4066
-4022
-3792
-3697
-4721
-4610
-4474
-3173
-2583
-3152
-2276
-2403
-2189
-1768
-1296
-483
538
98
665
2074
1960
2725
3367
3805
4507
4544
4470
6086
5809
5631
5693
5262
5471
5416
4987
5294
4977
4411
3416
3098
3111
2329
2158
1665
1146
724
343
241
68
-621
-651
-437
-141
1004
1807
2505
3117
3212
3324
3488
3659
4253
5140
5300
5192
5092
4887
4784
4680
4078
3775
2822
1969
1783
1472
1198
271
-446
-1102
-1899
-2529
-2717
-3450
-4363
-4927
-5688
-5671
-5543
-5466
-4996
-4944
-4738
-4989
-5051
-4680
-4650
-4710
-4810
-4823
-4255
-4210
-4286
-3873
-4315
-4776
-5172
-5713
-4936
-5351
-5143
-5016
-5914
-5413
-5941
-4414
-2629
-1444
-388
-387
-145
792
1249
2909
4432
5853
6680
7216
8209
9090
9249
8657
8452
7949
7816
7624
7732
7562
6607
5047
3150
1981
1032
342
108
-792
-1568
-2916
-3540
-3416
-3411
-3423
-3545
-3833
-3993
-3422
-2787
-1073
411
1053
2431
3245
4492
5404
5391
6105
6026
5949
6332
6600
7081
6714
6176
5501
4314
3503
2259
1327
532
-519
-1198
-1832
-2102
-2996
-4081
-4898
-5334
-5884
-6277
-6129
-6281
-6084
-5849
-5511
-4919
-4892
-5239
-4384
-4469
-4550
-4140
-4701
-3737
-4174
-4168
-4056
-4593
-4069
-4756
-4759
-4608
-5329
-4787
-5313
-5143
-4856
-5189
-2928
-1785
-344
494
224
1673
1852
2682
4277
4585
5608
5571
6194
8276
8467
8686
8011
7102
7428
6443
6545
6182
5376
4642
3244
2645
1716
139
-453
-1063
-1495
-2313
-3467
-3626
-3805
-3524
-3155
-3526
-3444
-3864
-3454
-2640
-2008
-1022
-544
472
2369
3213
4553
5397
5386
6029
4967
4634
4642
4131
5275
4655
4343
3367
1880
1975
1285
849
87
-580
-865
-643
-1150
-377
-1401
-2773
-2925
-4012
-3088
-3857
-3336
-2323
-2831
-2238
-3152
-2815
-1604
-1743
-1649
-2323
-2624
-2539
-1465
-908
-2050
-2088
-2244
-1461
-1042
-1651
-1421
-1154
-646
146
149
-459
-148
188
616
98
-703
-213
773
1228
853
16
-267
150
641
212
-339
-696
-570
149
309
364
-117
-330
-113
321
355
57
28
-103
167
420
196
-132
-57
82
248
337
123
-16
235
262
304
130
-175
176
166
440
795
573
746
935
1019
893
995
950
1015
1172
1408
1602
1679
1748
1697
1735
1699
1768
1695
1883
1700
1612
1440
1233
1204
1131
1180
1137
901
765
658
430
330
257
152
65
-49
151
307
205
7
-169
-325
-401
-214
-208
-332
-497
-588
-550
-288
-317
-555
-776
-1022
-1308
-1597
-1692
-1847
-2069
-2190
-2248
-2332
-2667
-3119
-3243
-3316
-3203
-3159
-3292
-3341
-3478
-3419
-3542
-3541
-3454
-3398
-3183
-2927
-2728
-2581
-2483
-2364
-2354
-2379
-2120
-2022
-1688
-1336
-1061
-401
63
492
1060
1288
1501
1546
1613
2001
2190
2583
2902
2755
2778
2558
2230
2054
1770
1488
1022
633
475
710
841
150
-595
-1396
-1355
-561
-824
-1436
-1950
-1818
-912
-398
-585
-1087
-1404
-526
153
419
302
-23
392
1054
1440
1372
1144
1246
1563
1554
2102
2085
1604
2555
1450
2084
1785
805
2678
968
2178
907
820
1614
564
727
-994
-1028
-536
-269
-525
-729
-1991
-1978
-1511
-1926
-2361
-3195
-3288
-2428
-2488
-2304
-3248
-3615
-2006
-2017
-1120
-2175
-2619
-2124
-2083
-1319
-2513
-2532
-1651
-1667
-1543
-2689
-3252
-3113
-2958
-2875
-2902
-2015
-954
-764
-1118
-1275
-1622
-1540
-1572
-1384
-578
-302
995
1672
1947
2213
2024
2415
2348
2340
2486
2934
3251
3190
2840
2364
2218
1840
1208
782
417
225
-255
-751
-1026
-1066
-1053
-1484
-1067
-1620
-1634
-1667
-1731
-1296
-1208
-898
-866
-725
-189
229
425
570
277
954
1339
1335
1175
1945
2793
3024
2763
2659
2791
2773
2416
2221
2672
2292
2014
1850
1876
2634
1942
1218
832
753
1460
1330
274
445
712
1407
899
-309
1071
386
712
-126
-381
219
-640
-810
-1311
-688
121
-987
-601
-1628
-2556
-2254
-2451
-2100
-4212
-3844
-2394
-3671
-4087
-4918
-5107
-4085
-5230
-5680
-5367
-5706
-4793
-5734
-6416
-6093
-5299
-2428
-1067
-731
-984
-1467
-571
234
870
1961
3604
5053
5417
5979
7370
8046
7670
7158
6916
7089
6952
7068
7882
7432
6028
3957
2646
1927
1361
1054
132
-907
-2100
-3412
-3626
-4000
-4307
-4482
-5044
-5282
-5474
-4951
-4217
-3833
-3918
-4020
-3748
-3082
-2134
-1130
-325
0
351
489
1347
2489
3358
4172
4836
5473
5979
6611
7292
8025
7928
7361
6739
6295
6180
6136
6007
5353
4308
3442
2773
2296
1639
638
348
-682
-1563
-2475
-2420
-2436
-2952
-4122
-5991
-5969
-6056
-6255
-5784
-6068
-6165
-6689
-6867
-5744
-5419
-4848
-5238
-5466
-5359
-4538
-4594
-4394
-3543
-3641
-3897
-4247
-3512
-2801
-2909
-3419
-3847
-4700
-3636
-989
2456
3420
1857
967
886
1418
2262
3992
5785
6814
6598
6852
7736
8632
9080
8293
7321
6718
6628
6680
6594
5811
4338
1968
18
-1219
-1648
-1465
-2069
-3407
-5391
-7160
-8070
-7968
-7140
-6529
-6727
-7127
-7419
-7140
-6259
-4919
-3501
-2479
-1809
-1171
125
1582
2576
3374
3825
3906
4617
5358
6443
7282
7310
7380
7187
7186
7423
7858
8275
7840
6719
5404
4324
3706
3389
3029
2539
1687
772
-176
-1495
-1839
-2260
-2686
-2690
-3593
-3440
-3645
-4143
-4191
-5231
-5452
-5374
-5291
-5955
-5593
-5003
-4063
-3689
-4468
-4546
-3399
-2397
-2288
-2239
-2498
-1578
-1606
-1843
-1189
-1220
-582
-37
-734
-1171
-1805
-1634
-2248
-2517
-1357
1163
3677
3222
893
-858
-548
993
2379
2590
3451
4349
4737
5017
5209
6180
6340
5336
4650
4898
5700
6144
5929
5030
3545
2113
1217
963
1157
902
-228
-2343
-4201
-5038
-5335
-4547
-4181
-4625
-5437
-6363
-6608
-6567
-5919
-4907
-4001
-3438
-3018
-2712
-1932
-840
-5
484
848
1711
2777
3999
4725
4936
5079
5261
5592
6350
7459
8479
8854
7961
6692
5499
5000
5106
5448
5306
4345
2992
1582
834
68
-697
-1306
-1359
-2203
-2736
-2873
-3270
-2901
-3755
-4650
-5313
-4991
-4469
-4222
-4141
-4027
-3633
-3141
-3714
-2920
-1998
-1626
-1603
-2543
-1960
-1309
-1244
-1746
-1849
-1434
-1122
-1883
-2886
-2907
-2968
-3562
-3992
-2645
171
2209
1234
-2160
-3963
-2838
-229
1992
3011
3514
3728
3439
3443
4343
6035
6938
6469
5728
5657
6237
6430
6340
5824
4281
2505
1435
1529
1989
849
-1330
-3539
-5137
-6129
-6234
-5293
-4501
-5542
-7957
-9824
-10044
-8973
-7334
-5878
-5181
-5091
-5292
-5307
-4264
-2473
-866
192
966
1800
2657
3925
5229
5836
5760
6096
7159
8903
10432
11078
10698
9399
8066
7653
8305
9208
9446
8117
6153
4046
2637
2429
2279
1340
200
-1179
-2618
-3968
-4842
-5155
-5155
-6003
-7308
-7535
-7142
-6731
-7335
-7432
-7277
-6471
-5615
-5045
-4107
-3593
-4045
-4382
-4252
-3554
-2260
-1466
-1122
-1546
-2410
-2785
-3154
-3271
-2480
-3200
-3629
-2431
902
3979
2762
-1995
-5004
-2555
2240
5084
4896
4196
3543
2332
1502
3799
7729
9205
7182
4426
3600
4298
4632
4654
5001
4084
1628
-39
278
1059
-9
-2670
-4757
-5476
-5372
-4711
-3402
-3345
-5261
-8164
-9494
-8000
-5424
-3553
-2952
-3442
-4580
-5666
-5114
-2497
607
2196
1834
736
452
1437
3210
4941
5742
5901
6174
6557
7424
8938
9849
9526
8227
7868
8745
9977
9959
8860
7187
6069
5458
5110
5211
4962
3570
1277
-576
-1440
-1334
-1666
-2812
-4595
-6044
-6923
-7392
-7663
-7740
-7934
-8390
-9239
-9308
-8511
-7538
-6749
-7059
-7271
-6675
-6068
-4942
-4412
-4073
-3966
-4459
-4295
-3776
-2822
-2925
-3511
-4763
-3844
130
4438
5075
948
-4135
-3731
1355
6164
7507
6210
5173
3741
3126
5159
9852
12754
10855
6795
5304
6398
8029
8021
8077
7454
4404
1607
1435
3188
3176
-44
-3359
-4649
-4707
-4606
-4372
-3778
-5313
-8693
-10929
-9937
-6908
-5372
-5838
-6750
-7741
-8071
-7119
-4665
-1777
-509
-1038
-1825
-1505
312
2722
5039
6042
5660
5513
6144
7954
9877
10952
10937
9799
8552
8886
10259
10945
10124
8535
7290
6973
6547
5942
5024
3511
1501
50
-566
-717
-1575
-3872
-6346
-8063
-8468
-8347
-8590
-9428
-10597
-11954
-12617
-12242
-11135
-10259
-10178
-10617
-10498
-9625
-8476
-7445
-6899
-6270
-5778
-5119
-4542
-3615
-2801
-2570
-2821
-2783
-1558
2524
6538
7186
2981
-1163
750
6932
11399
11042
8247
6625
6024
6092
9154
13651
15207
10455
5505
4825
7621
9417
8450
7537
6247
2843
-78
84
2289
1656
-2541
-5505
-5519
-4959
-6219
-7507
-7282
-8037
-10296
-11412
-9392
-6704
-7218
-9288
-9706
-8349
-6600
-5257
-3929
-2527
-2128
-2460
-2013
-239
2115
3638
4391
4527
4873
6242
7523
8491
9605
10522
10999
10318
9402
10261
11796
11788
9946
8152
7806
8082
7268
6074
4912
3241
934
-669
-1137
-1399
-2278
-4087
-5954
-7517
-8934
-9683
-9990
-10317
-10662
-11051
-11507
-11935
-12052
-11871
-10999
-9911
-9052
-8097
-7675
-7574
-7105
-5982
-4595
-3372
-3137
-2830
-2819
-2193
-1576
-594
-478
1655
5456
7194
5199
164
-189
5342
10819
10385
7178
5314
6699
6823
8526
11789
14217
11056
5817
4750
8395
10720
9236
6545
5988
4918
1590
505
1905
2446
-1146
-4758
-4800
-3297
-4616
-7195
-7903
-6786
-7526
-8805
-8423
-6965
-7536
-9704
-9471
-6761
-4935
-5164
-5833
-5337
-4203
-3257
-1851
-209
983
830
748
1731
3551
5327
6444
6178
6378
7358
8524
9323
8923
8834
9617
9719
8794
8125
8262
8763
7986
6676
5913
5384
3392
1386
690
813
519
-929
-3183
-4971
-6775
-8051
-8132
-7743
-7897
-8915
-10423
-11745
-11690
-10947
-9680
-8776
-8678
-8957
-9300
-8719
-7695
-6011
-4776
-4019
-4114
-4183
-3579
-2921
-2351
-1566
-1172
-1163
-1194
2371
5922
5884
1751
-2231
1020
7588
10226
7502
4154
3841
5447
6269
9643
12244
11640
6367
3483
6408
10553
10874
8102
5950
5701
3723
2284
3394
4514
2475
-2178
-3874
-2747
-2662
-5373
-7086
-6057
-5865
-8076
-9468
-8638
-7758
-9542
-10660
-8363
-5633
-5918
-8037
-8349
-6127
-3956
-3456
-3060
-1949
-1286
-1721
-1114
1070
3566
4391
3781
3772
5570
7095
7779
7866
8315
9580
9503
8844
8744
9626
10343
9692
8367
7890
7317
6030
4177
3746
4672
4546
2068
-1358
-3033
-3245
-3599
-4271
-4922
-5961
-8095
-10517
-11069
-9763
-8464
-8965
-10572
-11082
-10653
-10072
-9415
-8071
-6603
-6288
-6842
-6795
-5345
-3523
-2798
-2944
-2558
-2023
-1602
-1315
-867
-385
1484
5035
5478
3079
-1011
-718
4904
9484
8391
4584
2293
3870
5620
7587
9819
10063
7412
4195
5056
7994
8938
6814
4731
4920
5348
3247
1946
1527
905
-1147
-1996
-1334
-1584
-4461
-7070
-6368
-4443
-4995
-6791
-7320
-7061
-7756
-8558
-6815
-4393
-4937
-7033
-7132
-4562
-2531
-2433
-2564
-1610
-605
-310
522
2114
2901
2820
3142
4385
5800
6062
5944
6590
7672
8602
8757
8451
8323
8343
8789
9147
8975
7913
6367
5488
5494
5798
5407
3471
893
-568
-863
-891
-1777
-3134
-4506
-5770
-6893
-7587
-7630
-7905
-8615
-9103
-9027
-8507
-8313
-8569
-8458
-7535
-6268
-5550
-5252
-4903
-4495
-3592
-2670
-1645
-1059
-932
-1134
-1024
-875
-370
117
-381
1921
3756
2675
-518
-3176
232
5850
6556
2640
-1128
321
3639
5163
6241
6569
5822
3205
2684
6160
8620
7188
3687
2442
4699
4874
3153
2247
2581
2153
-38
-1097
-665
-951
-2850
-4275
-3133
-2429
-4608
-6786
-6883
-5164
-4612
-4729
-4265
-4940
-6659
-7468
-5713
-2543
-811
-1103
-2024
-2449
-2299
-1447
356
2169
2845
2585
2260
2041
2487
3779
5549
7402
7580
6361
5333
5024
6287
8027
9199
8923
7021
5326
4622
5104
5751
5577
4429
2711
1435
527
-49
7
-445
-1602
-3020
-4256
-4766
-4918
-5376
-6238
-6689
-6757
-6963
-7286
-7323
-6826
-6441
-6655
-6857
-6127
-4813
-3784
-3667
-3361
-2979
-2708
-2351
-1836
-640
-576
-1068
-1790
-1823
-1451
-1580
1206
3029
1499
-2267
-4873
-296
5200
4986
589
-2422
271
3705
4267
4491
4306
3746
1822
2169
5651
7037
4825
1440
1155
3968
4137
2350
1393
1995
1844
-95
-736
-768
-1618
-3243
-3464
-1360
-1021
-3853
-6031
-5550
-3318
-3028
-3583
-2917
-2625
-3086
-3580
-2445
-373
535
230
-314
-83
310
89
789
2227
3406
3182
1871
1036
1453
2808
3716
4060
4016
3671
3671
3502
4206
5614
5663
4676
3026
2853
4256
5074
4651
3652
2913
2370
2147
2600
3046
2648
1055
-533
-685
-111
-185
-1135
-2053
-2592
-3149
-3983
-4495
-3990
-3076
-3066
-3653
-4430
-4452
-4345
-3988
-2991
-1708
-1381
-2822
-3784
-3855
-2552
-1344
-1554
-1920
-2726
-3811
-4386
-4329
-2506
1057
619
-2547
-6007
-5623
-402
2645
1153
-2474
-3816
-1646
618
2177
3001
2415
1299
121
2320
5128
5627
3990
2660
3451
4481
3194
2485
3079
4370
3827
2461
1804
958
274
167
1449
2466
465
-2090
-2554
-1296
-199
-574
138
419
-1217
-3198
-3058
-841
347
-511
-1205
-1076
-813
-1637
-1886
-468
824
28
-1935
-2284
-923
243
653
1034
1457
1822
1202
927
2037
3529
4479
4615
4041
4010
4282
4886
5587
6007
6193
5781
4804
4298
4638
5104
4673
3457
2297
1557
1046
448
141
-239
-1129
-2156
-2923
-3308
-3498
-3798
-4186
-4573
-4815
-4770
-4398
-4297
-4545
-4896
-4677
-3814
-3218
-3507
-4285
-4217
-3933
-3639
-3751
-3822
-3475
-4079
-5204
-5631
-2964
-55
-1839
-5460
-7904
-4398
923
1667
-1414
-4055
-2778
317
1702
3015
3339
2570
1510
2119
5427
6611
5408
3680
3762
5405
5285
4152
4858
5664
5234
2595
1687
2205
2370
1970
1855
2332
1186
-1907
-2756
-918
962
35
-1920
-1928
-1692
-2018
-2355
-1616
-647
-1346
-2791
-2895
-1745
-916
-1773
-2151
-1743
-1388
-1726
-2091
-1549
-1067
-1203
-1106
-288
761
754
722
1280
2302
3333
3253
3572
4039
4345
4701
5085
5879
6577
6028
5039
4458
4937
5723
5953
5281
4014
3008
2007
1455
1758
2037
1409
-283
-2074
-2595
-2297
-2250
-2678
-3052
-3506
-4240
-5018
-4818
-3601
-2552
-3002
-4309
-5180
-5083
-3902
-3104
-2307
-2903
-4346
-5658
-5834
-4513
-3951
-4415
-5418
-6225
-4523
-2699
-3682
-5729
-7731
-5163
-1275
-148
-2555
-5475
-4810
-1729
595
1754
1243
839
867
2035
4343
4620
4304
4109
5166
6253
5744
4826
5098
5758
5961
4771
4356
3722
2875
2456
3090
4135
2689
-269
-1229
318
1748
590
-956
-756
-892
-2086
-2740
-1574
-333
-995
-3060
-3736
-2821
-2002
-2274
-2201
-1700
-1741
-2658
-3118
-2211
-1024
-625
-589
-524
-387
-61
398
2069
3630
3367
2464
2418
3575
5262
6001
6168
6072
5915
5644
5535
6124
6766
6792
6105
5390
4979
4162
3534
3378
3177
2508
1267
159
-286
-554
-1064
-1427
-1511
-1993
-3034
-3885
-3942
-3357
-3212
-3813
-4579
-5027
-5104
-5062
-4735
-4145
-4208
-5172
-6090
-6294
-5772
-5137
-5018
-5097
-5861
-6822
-7655
-6749
-3799
-3048
-4582
-6837
-6978
-3753
-1581
-2091
-3947
-3898
-1484
195
1058
1405
1515
2263
3402
5332
6006
5142
4609
5028
6440
7190
6790
6369
6003
5818
5277
5161
5188
4043
3012
3030
3599
3213
1086
-184
668
1575
644
-1036
-1182
-918
-1790
-2793
-2194
-1136
-1643
-3205
-3630
-2856
-2757
-3707
-3908
-2608
-1809
-3012
-4524
-4402
-3008
-2019
-1871
-1775
-1631
-1531
-1421
-486
1214
1899
1682
1641
2099
3054
3896
4889
5802
6061
5856
5522
5892
6785
7683
7970
7595
6943
5961
5227
5560
6174
5989
4612
2908
1999
1470
989
629
312
-429
-1711
-2972
-3670
-3831
-3929
-4355
-4704
-5049
-5593
-6301
-6750
-6712
-6256
-6628
-7147
-7363
-7410
-7317
-7425
-7419
-7530
-7730
-7858
-8181
-8181
-6722
-5323
-5032
-6675
-7665
-5818
-2275
-513
-2246
-4028
-2760
358
2713
3248
3131
3282
3836
5477
7165
8209
7809
6913
6869
7945
8567
8090
7247
7110
6987
6390
5414
4516
3635
2828
2888
3300
2510
279
-1418
-1264
-421
-1114
-2285
-2724
-2743
-3378
-4220
-4232
-3647
-3499
-4320
-5239
-5143
-4594
-4218
-3849
-3528
-3469
-4087
-4550
-3837
-2224
-1050
-995
-1575
-1624
-895
526
2415
3447
4004
3340
3346
4721
6388
8287
8499
8087
7913
8529
9554
9957
9831
9525
9104
8890
8233
8196
7789
6896
5703
4586
3804
2844
1646
987
410
-324
-1827
-3503
-4390
-4767
-4844
-5485
-6288
-7020
-7746
-8289
-8524
-8462
-8073
-8444
-9054
-9440
-9367
-8940
-8630
-8043
-7776
-8163
-8827
-8532
-7812
-6958
-6400
-6517
-6514
-5466
-3884
-3198
-3863
-4112
-2438
115
1825
1045
-302
-246
2215
5229
6880
6452
5134
4577
5770
7753
9198
9275
8217
7087
6438
6708
7169
7294
6805
5689
4523
3699
2831
2283
2105
2167
1560
-218
-2086
-2804
-2195
-1781
-2232
-3113
-4005
-4791
-5327
-5027
-4087
-3969
-4643
-5293
-5450
-5195
-4740
-4086
-3098
-2500
-2582
-2699
-2062
-1034
-366
183
1223
2457
3078
2865
3047
4185
5875
6948
7087
7171
7157
7857
8457
9072
9118
8549
8255
8477
8935
8871
7592
6173
5525
5622
5376
4537
3385
1893
514
-420
-807
-1184
-2329
-4207
-5508
-6171
-6491
-7095
-7810
-8273
-8545
-9361
-10141
-10210
-9737
-9327
-9042
-9000
-9135
-9136
-9203
-8218
-6897
-6170
-5927
-5998
-5767
-5125
-4052
-2684
-1726
-1840
-2077
-1982
-1012
-678
578
1948
2587
1925
-150
493
2926
5522
5324
2998
1945
2666
4428
5914
6075
5764
3891
2947
3914
5624
6222
4451
2817
2460
2401
2145
1653
1661
1662
377
-503
-1179
-939
-996
-1432
-1620
-2056
-2779
-3043
-2388
-1221
-1139
-1933
-2541
-2172
-1234
-665
-49
301
28
-471
-503
665
1889
2326
2399
2321
2293
1963
2192
3283
4480
4612
3909
3207
3240
3698
4236
4789
5053
4781
3880
3166
3128
4152
4676
4448
3524
2664
2263
2136
2393
2507
2102
1060
64
-63
146
-84
-873
-1535
-1679
-2211
-2737
-2931
-2880
-3320
-4189
-4819
-4678
-4304
-4280
-4832
-5083
-5159
-5000
-4695
-4179
-3740
-3892
-4268
-4129
-3271
-2404
-2075
-2090
-1965
-1660
-1405
-1027
-473
-17
-537
-956
-718
231
842
277
-698
-1328
-1198
-800
-21
4
-377
-1882
-2909
-2143
-740
-22
-1230
-2611
-2642
-1875
-639
-323
-428
-905
-1318
-319
1137
2250
2038
1166
1182
1736
2433
3064
3581
4076
3509
2768
2596
3032
3716
3859
4028
4129
3442
2362
1822
2814
4332
4402
3158
1828
1677
2023
2093
2338
2410
2179
1117
-167
-198
530
1074
693
-287
-907
-1401
-1748
-1699
-1133
-754
-1465
-2581
-2888
-2277
-1383
-1348
-1157
-1206
-1236
-1175
-708
485
1238
1161
672
916
2044
2976
3316
3064
2591
2572
3147
4125
4371
3735
2709
1991
1877
2320
2484
2056
874
-147
-768
-870
-672
-680
-1271
-2226
-3094
-3373
-3102
-2841
-2686
-2847
-3391
-4057
-4214
-3693
-2905
-2675
-3119
-3808
-3954
-3560
-3462
-3427
-3238
-2917
-3188
-3988
-4108
-4043
-4016
-4402
-4453
-4040
-4041
-4564
-4943
-4063
-3426
-2895
-3086
-3076
-2287
-1940
-1366
-1143
-860
-65
449
1689
2541
2975
2731
2260
3317
4821
6016
6082
5091
4629
4543
5125
6049
6171
5728
4471
3790
3738
3706
3972
3758
3058
2266
1326
1016
881
1000
851
118
-455
-1116
-1356
-1248
-1266
-1252
-1806
-2424
-2684
-2772
-2514
-2507
-2460
-2324
-2299
-2291
-2187
-1768
-1368
-1209
-873
-414
-82
308
621
1256
1722
2168
2231
2335
3103
3476
3857
3795
3977
3874
3595
3588
4101
4793
4629
3573
2886
2833
3372
3059
2495
2167
1731
1136
436
355
317
-314
-1267
-1672
-1661
-2078
-2811
-2866
-2528
-2389
-3132
-3920
-4124
-3815
-3564
-3497
-3628
-3858
-4228
-4403
-3900
-3455
-3444
-3756
-3794
-3610
-3576
-3498
-2996
-2187
-1974
-2228
-2261
-1598
-1052
-1004
-907
-447
2
-54
-330
-204
163
581
456
641
963
725
594
427
1156
1665
1287
928
1010
1667
1844
1573
1756
2230
2729
2511
2566
3039
3038
2678
2698
3475
4088
3561
2627
2505
3012
3361
3021
2714
2560
2071
1525
1264
1412
1522
1313
1034
526
-43
-623
-742
-172
256
-6
-692
-1367
-1659
-1484
-952
-328
-229
-749
-1170
-1073
-534
6
378
468
306
79
-137
145
684
1166
1509
1479
1402
1142
716
761
1444
2242
2454
1728
881
797
1270
1791
1980
2080
1716
750
83
357
1322
1556
787
59
-461
-601
-771
-973
-1045
-1175
-1470
-1942
-2539
-2772
-2925
-2907
-2953
-3157
-3416
-3773
-3808
-3736
-3702
-3611
-3428
-3121
-3037
-3148
-3102
-2947
-2568
-2087
-1494
-979
-947
-1107
-1036
-686
34
584
773
587
302
260
317
532
730
654
392
-304
-843
-534
74
110
-399
-734
-752
-759
-938
-860
-282
-24
-464
-990
-619
245
617
358
540
908
1087
1183
1673
2323
2336
1782
1590
2086
2601
2399
1871
1734
1696
1513
1360
1772
1861
1244
539
550
1005
1041
669
791
1109
929
322
80
574
949
1004
691
433
512
543
525
522
591
650
176
-280
-349
-71
121
-99
-319
-562
-876
-1321
-1581
-1310
-1014
-1146
-1375
-1611
-1911
-1909
-1664
-943
-396
-700
-1309
-1813
-1143
-120
507
616
-4
-308
-336
201
796
729
732
530
312
326
350
555
414
242
282
102
-103
-378
-365
-56
-162
-467
-784
-730
-652
-861
-1018
-972
-720
-568
-625
-512
-304
-277
-353
-325
-9
299
471
591
359
105
249
571
776
699
472
268
65
-176
-217
-275
-147
-237
-713
-1115
-1327
-1211
-886
-1052
-1475
-2007
-1727
-1479
-1551
-1803
-1684
-1065
-1056
-1220
-1380
-559
106
243
277
788
1294
1219
1207
2269
3361
3541
2595
2219
3029
3743
3810
3522
3609
3549
3047
2872
3429
3703
3261
2480
2355
2406
2063
1636
1582
1673
1183
160
-320
-328
-327
-640
-1170
-1594
-2063
-2493
-2709
-2665
-2662
-2952
-3540
-3856
-3776
-3526
-3393
-3424
-3549
-3642
-3570
-3151
-2760
-2255
-2024
-2068
-1835
-1422
-650
-194
-13
382
900
1439
1437
1266
1655
2201
2710
2765
2624
2402
2106
2282
2753
3045
2709
1887
1565
1693
1951
1960
1496
1099
890
800
938
877
675
177
-111
-8
67
-87
-376
-535
-487
-652
-814
-884
-964
-1125
-1328
-1324
-1197
-1228
-1400
-1592
-1550
-1430
-1461
-1499
-1542
-1515
-1676
-1798
-1767
-1368
-1078
-1032
-1076
-1111
-1109
-1226
-1015
-644
-505
-602
-847
-836
-736
-533
-382
-466
-507
-359
-403
-278
-326
-305
132
314
620
537
663
665
724
1034
1512
1470
1362
1274
1605
1628
1268
1130
1311
1570
1405
1011
739
676
471
399
262
358
37
-606
-1147
-1058
-834
-981
-1479
-1735
-1929
-2258
-2588
-2681
-2503
-2470
-2557
-2696
-2807
-2777
-2513
-2229
-1970
-1909
-1814
-1602
-1227
-745
-484
-280
62
441
800
1077
1343
1658
1904
2100
2403
2791
2878
2690
2578
2778
3104
3327
3180
3090
2852
2664
2493
2467
2508
2271
2010
1663
1468
1415
1237
1090
738
293
37
-228
-357
-556
-621
-685
-880
-1113
-1354
-1512
-1609
-1685
-1562
-1370
-1324
-1602
-1762
-1450
-1072
-868
-778
-596
-289
-121
27
350
786
1148
1256
1448
1625
1724
1723
1800
1995
2047
2075
1943
1678
1444
981
791
828
834
645
-109
-728
-1306
-1674
-1701
-1769
-2034
-2621
-3290
-3570
-3680
-3668
-3785
-3812
-3621
-3997
-4428
-4755
-4320
-3528
-3131
-3230
-3527
-3496
-3055
-2451
-1837
-1434
-1234
-1219
-1063
-559
40
758
1067
1193
1140
1308
1705
2221
2674
2916
2977
3002
2815
2758
3121
3529
3681
3325
3038
2781
2555
2466
2627
2872
2563
1767
1142
999
1045
885
670
682
424
-95
-585
-726
-613
-571
-697
-761
-744
-884
-1136
-1152
-706
-430
-558
-712
-692
-489
-220
-173
139
419
368
438
420
799
878
736
906
1076
1557
1631
1454
1476
1326
1496
1614
1748
1994
1573
1185
1185
1438
1587
1289
899
845
861
1054
781
325
45
-216
-137
-42
-97
-309
-718
-918
-920
-873
-820
-949
-1050
-1171
-1424
-1649
-1712
-1708
-1696
-1946
-2120
-2319
-2460
-2396
-2439
-2598
-2754
-2822
-2808
-2826
-2888
-3061
-3054
-2950
-2985
-3020
-3117
-2825
-2694
-2769
-2965
-3088
-2645
-2287
-2151
-2438
-2536
-2228
-1921
-1581
-1342
-1075
-809
-855
-741
-464
114
534
641
766
1025
1242
1421
1750
2263
2606
2407
2312
2464
2979
3268
3122
2937
2780
2703
2828
2948
3144
2861
2278
1885
1832
2118
2153
1854
1558
1250
984
953
1143
1357
1183
827
744
714
689
698
799
968
870
610
432
474
666
730
609
426
312
409
560
544
430
268
186
197
227
200
221
280
417
328
178
112
86
361
389
484
309
58
76
157
452
600
288
-15
-268
-68
141
96
22
-272
-478
-650
-603
-299
-173
-350
-652
-844
-600
-334
-176
-202
-295
-354
-287
-98
-61
-244
-411
-427
-313
-370
-462
-488
-569
-803
-1050
-1009
-834
-894
-1278
-1592
-1451
-1268
-1394
-1575
-1599
-1554
-1588
-1552
-1288
-1022
-1087
-1344
-1289
-984
-743
-816
-937
-787
-527
-667
-757
-437
4
90
-327
-538
-315
-47
13
192
373
399
111
166
752
1022
909
579
956
1462
1442
1246
1164
1525
1649
1476
1742
1942
1889
1583
1340
1674
1851
1780
1577
1584
1592
1387
1098
1231
1399
1394
1144
955
994
807
667
698
763
638
222
-55
109
314
185
-166
-345
-343
-362
-487
-519
-633
-844
-1042
-1050
-949
-968
-1134
-1308
-1271
-1019
-923
-1161
-1337
-1190
-916
-734
-804
-785
-756
-729
-665
-502
-194
-144
-151
-245
-144
72
19
-15
47
122
244
87
-3
78
191
163
30
29
139
174
166
202
338
441
301
188
166
274
278
199
267
396
240
-92
-259
-155
-40
-167
-408
-548
-571
-648
-757
-747
-620
-775
-1100
-1303
-1282
-1138
-1144
-1078
-889
-846
-959
-1027
-793
-431
-325
-428
-499
-395
-235
-54
158
233
158
-27
4
394
629
580
327
209
493
649
568
505
418
447
390
333
350
256
175
30
-11
-118
-178
-158
5
143
15
-158
-362
-229
82
230
299
68
-40
24
218
734
883
739
484
458
708
912
1097
1185
1123
892
676
850
1110
1203
1049
763
604
436
454
560
561
303
-46
-135
-119
-203
-383
-521
-483
-481
-549
-586
-602
-691
-909
-1009
-863
-696
-680
-769
-736
-686
-684
-518
-224
94
109
-46
-62
39
424
851
1141
1062
768
737
998
1394
1611
1624
1546
1417
1384
1465
1662
1819
1809
1655
1493
1396
1212
1202
1334
1359
1087
636
396
413
451
354
109
-129
-340
-504
-480
-405
-436
-666
-961
-1030
-945
-869
-905
-970
-968
-1031
-1083
-1053
-887
-699
-582
-538
-587
-679
-527
-222
-87
-190
-297
-278
-197
-89
-43
23
31
-192
-460
-539
-409
-380
-525
-664
-794
-1038
-1201
-1214
-966
-965
-1299
-1537
-1617
-1352
-1264
-1267
-1231
-1352
-1484
-1536
-1329
-978
-877
-863
-845
-725
-558
-457
-244
73
383
560
473
631
864
1149
1296
1268
1386
1468
1516
1439
1459
1589
1630
1681
1675
1525
1258
1047
1109
1163
1123
929
666
510
343
262
242
251
137
-225
-481
-450
-304
-314
-475
-454
-343
-317
-425
-451
-250
-184
-139
-166
-49
9
-60
78
269
469
470
359
461
619
699
725
831
1066
1127
1005
904
1062
1289
1335
1285
1199
1141
1101
1010
956
966
862
666
508
366
364
274
68
-55
-214
-463
-679
-865
-910
-911
-1070
-1294
-1530
-1534
-1482
-1522
-1571
-1684
-1702
-1729
-1772
-1675
-1560
-1514
-1569
-1680
-1623
-1471
-1323
-1330
-1351
-1318
-1256
-1207
-1191
-1203
-1192
-1155
-1019
-844
-769
-811
-938
-862
-675
-542
-497
-510
-487
-502
-481
-270
-55
45
-50
-109
-2
310
510
543
636
572
527
469
560
880
930
861
663
574
529
453
587
747
849
624
329
329
541
748
828
743
549
337
228
463
846
920
738
475
413
464
515
682
729
636
432
342
391
469
526
482
466
380
292
233
251
342
455
457
373
312
310
403
625
728
651
410
334
471
562
599
568
459
210
80
302
498
429
122
-124
-92
-67
-108
-196
-242
-271
-342
-378
-446
-428
-351
-389
-317
-319
-443
-536
-584
-461
-433
-563
-694
-771
-884
-971
-912
-727
-712
-899
-1086
-1021
-886
-989
-1047
-951
-784
-690
-853
-965
-864
-692
-500
-365
-250
-234
-238
-198
-57
200
388
400
358
297
274
329
403
516
498
396
267
112
131
289
354
232
-80
-160
-29
-10
55
16
37
-81
-236
-260
-105
3
-30
-37
2
-103
-193
-93
56
195
-10
-88
26
63
-19
-139
-30
173
257
232
172
145
74
125
433
605
528
192
9
117
302
502
449
309
132
135
229
352
421
396
362
280
254
208
159
212
259
247
136
18
24
-66
-60
-6
121
133
8
-100
-136
-60
82
123
90
-17
-152
-136
-85
52
107
12
-117
-100
30
156
131
-8
-39
12
82
91
63
21
28
-15
-25
35
98
88
-17
-33
-13
-63
-163
-211
-144
-92
-151
-249
-147
30
48
-76
-136
-12
115
143
142
203
234
192
237
332
375
330
203
114
145
133
65
5
-8
25
-33
-135
-218
-237
-254
-306
-323
-393
-450
-505
-464
-317
-328
-433
-415
-382
-391
-435
-370
-249
-271
-335
-363
-241
-208
-275
-297
-308
-232
-167
-128
-116
-188
-251
-451
-382
-125
63
45
-191
-324
-287
-149
-104
-8
-21
-80
-202
-267
-154
-33
-41
-233
-268
-170
-199
-218
-286
-355
-389
-512
-439
-315
-309
-471
-625
-576
-389
-331
-388
-486
-477
-380
-315
-140
-36
65
48
29
169
301
438
584
624
627
600
581
620
721
814
846
833
773
696
624
569
625
709
704
596
376
328
379
300
220
142
40
18
24
94
159
181
149
54
84
171
327
479
501
453
340
306
428
582
673
607
462
330
351
519
606
573
470
343
230
131
146
215
190
82
8
26
15
47
17
68
124
-44
-268
-389
-341
-350
-568
-822
-876
-906
-869
-822
-828
-892
-1022
-1123
-1000
-853
-907
-996
-974
-856
-865
-842
-616
-400
-381
-478
-450
-260
-125
-65
48
208
224
107
30
103
218
272
172
81
-121
-243
-294
-169
-103
-314
-456
-601
-601
-580
-715
-720
-660
-665
-717
-844
-773
-690
-548
-486
-452
-467
-450
-347
-201
37
201
299
302
224
244
412
547
651
691
751
711
682
805
995
1153
1182
1089
1001
1004
1023
1126
1257
1329
1197
985
841
924
1053
1012
984
862
751
676
614
696
695
588
432
282
245
272
315
316
261
132
23
35
109
203
249
273
289
223
223
375
525
517
446
389
383
371
310
282
297
292
175
2
-68
-18
79
-22
-209
-339
-446
-433
-406
-378
-432
-596
-689
-688
-630
-633
-662
-631
-654
-743
-830
-844
-828
-819
-783
-712
-711
-809
-946
-1003
-896
-850
-814
-774
-730
-707
-765
-699
-479
-402
-480
-535
-472
-348
-248
-82
138
249
134
21
33
226
391
382
252
55
-56
17
156
222
142
-118
-278
-283
-242
-117
-66
-22
-74
-177
-138
-31
60
67
109
231
342
374
456
639
722
706
672
805
1037
1094
1078
1048
1072
1090
1041
1121
1146
1059
938
859
902
958
966
953
954
915
846
768
747
821
857
801
690
544
511
538
664
748
688
501
313
311
410
492
435
318
201
131
117
118
165
190
141
50
24
66
53
-52
-134
-125
-75
-61
-97
-127
-148
-233
-318
-276
-178
-163
-247
-339
-411
-434
-445
-427
-396
-445
-600
-737
-792
-755
-690
-716
-820
-866
-911
-935
-861
-772
-728
-749
-819
-839
-704
-543
-469
-432
-450
-450
-427
-418
-282
-137
-51
-63
-75
1
54
116
122
158
167
89
105
151
229
239
132
72
47
48
109
113
162
187
95
91
168
188
145
91
-2
69
33
39
8
-80
-141
-161
-121
-101
-120
-211
-271
-279
-233
-93
-50
-16
-29
-21
95
192
324
421
499
567
580
632
707
726
721
845
946
906
836
783
873
987
967
871
761
708
710
696
685
695
628
482
404
381
420
369
226
113
65
44
16
-51
-125
-201
-312
-385
-377
-362
-325
-386
-457
-492
-489
-450
-399
-318
-288
-270
-301
-320
-233
-54
-7
-116
-299
-372
-280
-172
-158
-175
-188
-225
-280
-312
-224
-121
-100
-181
-264
-320
-328
-314
-282
-281
-353
-462
-579
-544
-437
-374
-408
-444
-443
-473
-477
-379
-279
-233
-307
-369
-328
-221
-159
-156
-146
-114
-117
-215
-210
-188
-204
-173
-203
-160
-129
-164
-188
-149
9
67
100
78
120
175
66
158
219
289
493
398
447
430
464
612
677
790
689
646
600
655
700
715
784
695
663
638
621
646
548
569
536
478
520
464
466
432
345
289
283
339
386
434
402
360
243
112
136
137
96
16
-75
-36
11
-32
-51
-98
-72
-53
-58
-18
52
112
85
87
167
215
243
228
219
206
205
216
261
335
359
323
210
50
-16
9
55
45
-102
-230
-304
-240
-192
-235
-303
-376
-499
-657
-677
-599
-548
-543
-631
-657
-667
-698
-703
-598
-522
-590
-680
-720
-621
-516
-509
-467
-384
-357
-357
-346
-229
-144
-119
-75
28
99
124
196
262
343
358
354
446
531
452
408
338
338
334
215
205
157
95
37
15
28
22
-42
-75
-78
-130
-207
-292
-211
-198
-237
-287
-388
-334
-335
-326
-235
-222
-169
-168
-198
-112
-90
-57
-42
-12
58
159
282
321
296
283
332
366
342
362
452
497
516
498
451
429
390
401
447
383
318
255
201
202
102
21
-40
-112
-185
-303
-395
-387
-420
-459
-466
-539
-584
-666
-660
-536
-529
-559
-570
-547
-444
-399
-356
-234
-179
-214
-214
-164
-72
55
108
161
178
117
148
230
300
277
167
124
159
149
119
110
85
-5
-187
-309
-309
-259
-276
-309
-291
-334
-404
-451
-414
-324
-302
-366
-408
-413
-429
-460
-497
-458
-370
-339
-387
-419
-440
-401
-300
-243
-279
-387
-474
-429
-335
-254
-289
-322
-344
-353
-336
-317
-276
-209
-211
-242
-243
-283
-226
-181
-114
-57
-104
-93
-71
-42
-13
-52
-9
-18
-63
-112
-68
-50
-78
-73
-133
-94
-36
-62
8
43
28
30
-1
41
109
172
222
265
309
299
319
395
479
499
454
401
399
414
417
379
346
369
317
228
208
196
171
51
-23
-9
-4
-46
-145
-196
-218
-194
-150
-117
-60
-58
-111
-104
-40
63
100
89
99
122
131
208
320
402
427
402
400
452
497
554
569
539
504
470
454
466
493
442
351
276
259
244
212
151
67
18
6
-35
-86
-140
-189
-237
-274
-317
-369
-386
-450
-510
-578
-582
-556
-567
-574
-620
-674
-652
-602
-563
-546
-552
-587
-608
-575
-529
-512
-527
-542
-536
-497
-436
-362
-359
-419
-437
-425
-432
-470
-532
-519
-499
-490
-478
-466
-430
-371
-304
-266
-236
-252
-290
-228
-156
-75
-78
-72
10
39
63
98
186
259
228
199
192
215
256
200
136
131
123
60
70
56
78
88
28
61
74
28
-7
5
44
119
153
231
303
350
313
292
334
381
404
408
447
451
411
349
300
320
341
254
228
178
146
172
137
121
91
74
100
105
117
101
54
48
108
93
98
159
218
234
172
85
121
178
127
58
12
9
10
-30
-50
-9
-8
-76
-171
-228
-226
-230
-256
-258
-286
-313
-336
-365
-344
-352
-360
-353
-359
-407
-451
-461
-420
-428
-483
-528
-566
-538
-545
-597
-583
-563
-527
-559
-622
-635
-627
-596
-603
-579
-575
-578
-576
-567
-538
-493
-485
-481
-403
-305
-255
-254
-185
-111
-38
35
125
214
199
205
207
221
270
270
313
343
326
294
251
280
295
316
333
315
251
153
101
68
110
139
153
151
95
46
96
175
272
292
245
232
202
222
296
331
390
396
306
324
414
488
501
525
546
490
400
373
492
568
559
486
395
415
444
465
510
545
548
556
562
543
493
440
435
419
360
295
261
265
224
162
117
72
41
-12
-57
-62
-96
-148
-245
-325
-376
-422
-461
-497
-512
-510
-501
-547
-595
-588
-586
-598
-591
-575
-559
-548
-511
-449
-403
-345
-295
-301
-317
-299
-285
-251
-200
-173
-159
-112
-101
-71
-28
-4
44
48
-32
-75
-51
-49
27
73
46
20
0
-11
-12
-65
-102
-110
-116
-79
-57
-65
-116
-127
-137
-101
-88
-138
-197
-208
-213
-201
-217
-213
-132
-148
-175
-166
-145
-81
-84
-68
-30
-22
6
45
114
179
212
308
408
459
468
510
592
664
724
731
784
863
916
959
965
995
1004
968
947
955
934
869
801
712
648
575
503
432
372
341
289
187
126
51
21
-17
-72
-143
-187
-196
-237
-255
-287
-280
-269
-229
-225
-240
-265
-236
-211
-195
-156
-108
-97
-113
-90
-80
-93
-64
-55
-42
-21
0
35
58
110
145
158
110
87
99
111
155
134
83
16
-56
-82
-111
-137
-199
-247
-298
-316
-352
-383
-346
-352
-393
-453
-438
-406
-417
-426
-420
-367
-353
-370
-350
-300
-210
-194
-194
-215
-209
-134
-80
2
70
71
39
60
109
202
264
263
246
256
270
315
378
399
425
404
356
335
358
389
423
433
369
266
205
212
264
311
281
278
251
245
275
288
305
278
223
216
214
190
208
200
212
236
240
207
299
328
351
409
339
325
320
344
444
470
451
400
401
430
445
469
450
477
438
380
386
403
450
495
463
411
332
298
308
283
264
221
176
125
80
91
125
138
85
10
-29
-45
-18
-18
-79
-81
-85
-94
-96
-122
-152
-165
-169
-176
-163
-199
-271
-283
-268
-250
-236
-245
-231
-221
-269
-300
-286
-278
-274
-294
-311
-282
-219
-238
-305
-274
-187
-160
-177
-191
-202
-191
-220
-234
-173
-123
-110
-108
-91
-56
-51
-111
-88
-18
8
-20
-14
18
91
118
119
127
62
39
18
67
88
66
12
-9
20
4
-5
-41
-65
-77
-131
-164
-147
-114
-123
-156
-213
-252
-254
-253
-219
-161
-166
-226
-254
-236
-178
-147
-216
-220
-172
-181
-206
-210
-163
-100
-102
-141
-124
-50
21
42
66
81
74
44
70
158
216
262
293
299
290
254
211
209
187
115
68
71
50
48
80
99
131
106
83
85
119
147
121
86
49
26
3
-33
-5
-23
-68
-122
-176
-221
-224
-189
-174
-183
-254
-295
-322
-287
-263
-265
-272
-288
-303
-278
-194
-166
-137
-138
-142
-108
-66
-27
-20
23
59
73
99
98
67
65
113
116
106
135
172
218
208
169
155
168
180
170
197
216
194
159
121
133
162
149
112
129
96
74
101
152
212
185
123
103
96
82
77
81
109
101
55
6
-14
16
31
22
59
49
14
-19
-15
48
49
60
85
105
129
176
211
309
401
407
413
420
466
495
510
538
570
569
544
550
588
585
593
559
505
422
351
301
265
272
229
192
143
141
126
83
41
-33
-80
-106
-144
-123
-70
-59
-59
-85
-99
-64
-48
-52
-45
-64
-89
-78
-71
-93
-98
-147
-159
-117
-97
-66
-21
-20
-95
-142
-145
-99
-68
-110
-154
-162
-124
-125
-154
-140
-108
-126
-172
-230
-228
-194
-211
-219
-210
-206
-219
-213
-211
-183
-173
-202
-190
-167
-211
-225
-237
-275
-268
-288
-308
-275
-263
-270
-295
-341
-354
-299
-280
-240
-236
-275
-281
-267
-218
-177
-136
-92
-84
-96
-95
-59
-28
5
-16
-35
-10
8
15
-16
-35
19
46
-6
2
36
29
1
-55
-67
-60
-63
-72
-85
-78
-109
-143
-193
-212
-238
-283
-323
-337
-333
-302
-270
-295
-309
-270
-228
-189
-130
-69
-25
-10
15
81
131
79
43
9
11
49
40
11
-30
-49
-100
-100
-83
-60
-89
-167
-199
-165
-108
-69
-77
-133
-154
-176
-207
-198
-160
-109
-91
-81
-71
-42
-41
-69
-58
-79
-99
-94
-85
-92
-75
-65
-42
-34
-51
-54
-78
-100
-97
-124
-145
-127
-60
7
19
-19
-46
13
52
74
85
70
77
89
100
147
179
170
105
45
37
19
18
-1
-23
-54
-99
-115
-106
-114
-176
-235
-236
-216
-221
-226
-209
-198
-185
-159
-170
-165
-149
-121
-131
-154
-140
-122
-94
-68
-21
0
-39
-62
-48
-31
-27
-40
-54
-55
-17
3
26
28
-10
5
49
52
52
82
68
74
61
16
7
30
82
121
114
101
140
133
127
132
135
163
176
123
76
75
70
81
52
19
1
-75
-114
-147
-145
-120
-166
-207
-229
-233
-222
-224
-181
-104
-96
-122
-168
-142
-77
-53
-29
-8
-45
-75
-49
-38
-3
-4
-33
3
31
-7
-36
-45
-33
-3
-15
-52
-49
-37
-30
3
20
10
-22
-39
-19
30
83
91
81
67
76
97
146
196
211
221
204
189
181
167
158
111
87
9
-66
-73
-82
-59
-92
-128
-116
-124
-159
-172
-154
-153
-153
-179
-209
-199
-188
-168
-158
-165
-147
-154
-151
-138
-127
-124
-119
-130
-160
-181
-216
-216
-216
-226
-204
-189
-212
-248
-303
-287
-240
-217
-206
-191
-182
-226
-251
-229
-159
-109
-95
-80
-39
5
18
18
39
83
113
163
219
264
229
157
164
237
278
257
238
230
227
178
146
137
141
134
61
18
7
2
12
-30
-90
-125
-168
-176
-191
-210
-205
-220
-250
-288
-290
-308
-294
-270
-263
-242
-223
-197
-175
-162
-135
-77
-49
-32
-27
-11
9
34
39
52
66
84
144
160
125
109
71
23
-21
-37
-66
-97
-93
-83
-58
-91
-103
-128
-162
-153
-143
-177
-167
-118
-67
-46
-54
-79
-85
-81
-82
-43
-37
-41
-41
-38
-8
28
17
14
14
13
-14
-41
-26
2
14
6
3
-8
-16
-30
-8
5
-15
6
14
65
118
123
130
142
150
158
142
133
163
159
174
195
199
149
136
116
91
149
150
124
72
-1
-23
-8
-6
-7
7
-31
-79
-70
-7
34
36
41
34
50
59
93
132
177
206
219
207
197
195
164
195
234
274
304
300
280
289
287
269
277
281
258
233
178
166
173
181
185
160
156
153
98
75
75
78
81
42
24
0
19
43
54
51
28
24
37
61
101
97
53
-6
-60
-60
-80
-114
-142
-157
-141
-164
-167
-182
-193
-246
-285
-278
-261
-239
-251
-272
-296
-293
-295
-260
-221
-194
-188
-188
-215
-217
-220
-225
-199
-150
-170
-192
-194
-220
-226
-204
-186
-159
-159
-173
-117
-119
-94
-72
-50
-5
49
87
101
164
190
181
160
179
221
195
201
245
293
324
295
210
168
157
166
188
179
176
150
119
102
92
97
87
91
76
50
47
57
103
130
130
130
141
161
143
148
143
173
215
219
220
267
295
275
277
309
345
338
309
286
283
265
224
225
217
173
175
198
224
255
254
214
226
191
151
147
163
211
233
200
189
187
149
111
94
93
78
34
-5
-33
-48
-105
-122
-122
-132
-132
-182
-202
-187
-184
-181
-134
-123
-129
-121
-127
-93
-52
-23
-29
-14
-18
-37
-35
-19
14
37
47
67
94
96
81
30
-27
1
44
69
93
79
61
36
9
12
68
84
78
67
97
143
173
162
111
77
55
61
72
100
118
131
131
124
113
96
126
149
144
152
121
94
100
107
148
163
155
174
164
127
119
118
114
128
87
61
60
71
95
102
95
126
108
44
11
-14
-20
-15
13
21
-9
-9
20
67
85
70
39
50
64
77
93
76
57
27
-10
-4
21
57
67
48
49
34
10
20
37
45
41
15
23
47
15
2
24
-8
-35
-64
-57
-60
-110
-111
-116
-135
-158
-182
-206
-175
-143
-146
-156
-141
-88
-87
-125
-134
-131
-130
-105
-72
-72
-77
-91
-88
-21
6
7
-61
-94
-57
-29
-27
-46
-63
-90
-68
-21
29
56
46
1
-22
-36
-30
-21
-50
-65
-80
-87
-76
-72
-70
-84
-109
-90
-56
-43
-28
-14
3
12
0
25
25
49
42
39
70
31
5
-15
-45
-20
5
44
53
36
39
26
34
33
32
18
0
7
15
38
52
51
53
71
75
66
87
83
122
145
130
148
182
179
181
187
190
183
152
129
121
115
114
92
91
106
109
107
125
175
167
123
99
107
89
50
59
71
86
72
27
8
-15
-29
-13
18
41
53
9
-3
-6
-13
-28
-34
7
34
69
70
58
104
96
74
68
52
43
26
17
58
120
168
194
234
250
232
216
207
246
284
281
275
242
208
194
176
185
225
225
217
219
197
169
146
138
148
130
59
45
42
18
-46
-75
-95
-146
-192
-188
-175
-182
-191
-201
-235
-218
-256
-301
-291
-292
-297
-308
-322
-322
-317
-298
-225
-183
-169
-158
-151
-164
-156
-138
-179
-184
-169
-159
-116
-69
-45
-42
-19
19
69
88
67
91
75
34
65
89
57
43
-8
-59
-17
-7
-9
3
33
45
63
49
39
39
18
2
10
-2
-36
-81
-92
-107
-129
-134
-133
-114
-116
-111
-123
-124
-178
-199
-185
-162
-109
-108
-136
-181
-189
-199
-205
-171
-149
-145
-153
-173
-193
-194
-221
-248
-252
-230
-200
-195
-182
-119
-101
-95
-80
-69
-6
22
27
29
3
