-64
-118
-147
-164
-107
-94
-69
-99
-148
-135
-138
-110
-71
-88
-95
-110
-34
9
-4
3
-3
2
-2
1
-1
1
-1
0
-1
0
0
0
1
0
-1
0
0
0
0
0
0
0
0
0
0
0
0
0
0
0
0
0
0
0
-1
0
0
0
0
0
0
0
0
0
0
0
0
0
1
0
0
0
0
0
0
0
1
0
0
0
1
1
0
0
0
-1
1
1
0
0
0
0
0
0
0
1
0
0
0
1
0
0
0
0
0
-1
0
0
0
0
0
0
0
0
0
0
-1
-1
-1
0
0
0
0
-1
0
0
0
0
0
0
0
0
0
1
0
1
0
0
0
0
0
0
1
-1
0
1
-1
0
0
0
0
0
0
0
-1
0
0
0
-1
0
-1
0
0
0
0
0
-1
0
0
0
1
-1
2
-3
4
-8
76
151
133
104
108
110
95
111
91
69
51
44
26
35
46
51
61
81
48
7
14
8
38
76
61
45
-15
-49
-36
-40
-38
-14
-18
-23
-19
-13
-10
3
-5
-18
3
-20
-2
-1
-15
4
22
41
54
61
57
67
61
46
76
72
12
-23
-44
-29
-4
24
49
60
29
14
-4
-47
-57
-69
-67
-93
-109
-145
-165
-111
-96
-66
-101
-66
6
-17
3
2
4
-8
-4
-12
3
9
6
1
-2
5
4
8
3
-1
-10
-12
-3
-11
-16
-6
-8
-2
2
-5
-8
-7
-3
0
-10
-11
-6
-9
4
12
-2
5
5
-5
3
-1
-11
-5
0
0
-1
-1
-7
-17
-1
0
2
5
-1
6
2
0
-1
0
7
5
2
3
5
8
8
5
4
-3
-1
-4
2
-4
-7
-6
1
11
2
-2
-6
-7
7
12
-5
10
12
10
2
-9
0
3
6
0
-2
-15
1
-2
-2
4
1
5
0
-6
-4
11
4
-2
8
7
1
-7
-14
-13
-7
-1
1
-14
-14
2
3
-1
-1
6
-3
4
13
-1
5
0
-6
9
1
12
7
-10
7
4
4
9
5
9
4
0
11
12
7
3
-4
-10
-9
-7
4
9
10
6
-3
-3
5
3
-9
3
4
-3
11
-4
2
-2
1
8
0
1
-5
-8
3
2
6
14
2
2
-4
-6
5
4
1
13
7
-3
-12
-16
-6
-2
-5
4
0
-4
5
1
3
0
1
-10
0
-4
-7
2
-6
-5
5
9
0
1
1
1
9
0
-1
3
1
10
5
1
5
3
5
6
12
0
-1
5
4
3
5
-2
0
-6
-8
3
4
-9
-11
-3
-6
4
-9
-12
-1
-6
-6
-10
-4
-1
7
11
1
13
4
-1
6
9
3
-2
4
-10
0
-1
-1
6
1
1
5
7
-2
-1
-4
-3
4
0
0
1
-2
-12
5
3
5
1
-9
-5
-3
-7
-1
6
5
0
-8
-5
-6
8
-1
1
13
3
7
0
2
10
6
0
0
2
0
-5
3
4
5
0
-1
5
3
-6
-6
-8
-6
5
-6
-4
-12
-8
-1
2
5
10
4
-6
-3
-2
6
6
5
-7
-7
-4
6
4
-6
-4
7
11
9
11
5
1
-1
-4
-3
2
-7
2
-6
-11
-5
-9
0
-9
-10
-6
-13
-7
-5
8
11
0
-4
-2
-1
-3
3
-5
-4
-8
-11
-11
-8
-5
-15
-19
-10
8
-7
1
-7
5
-25
21
-6
5
-11
30
-75
-165
448
61
-273
-49
-6
140
40
-155
-74
77
14
-115
28
144
-93
-190
92
184
-115
-155
142
91
-173
-53
153
31
-153
20
129
-53
-110
54
83
-74
-46
74
6
-47
6
54
-46
-47
69
19
-74
-32
26
-54
-22
69
-10
-49
-1
30
-57
-51
71
-15
-72
-2
26
-31
-35
38
41
-29
-7
11
-19
7
39
12
-27
-23
17
8
-20
5
21
-7
-37
-8
34
0
-4
-1
2
-7
3
40
6
1
14
28
22
1
19
9
-19
-16
-1
-4
2
-1
13
-7
-13
16
-12
-20
16
2
-9
16
14
6
13
27
29
21
-9
8
15
1
10
26
39
32
5
15
43
-24
-42
2
13
-8
-21
7
10
10
24
31
-2
-12
29
19
-31
-10
40
-2
-16
-10
-9
-15
-19
-7
-8
-25
-22
-41
-53
-1
13
-28
-18
44
43
12
18
16
3
-1
-17
24
11
-13
10
13
2
12
36
-1
-28
-22
-6
-12
22
65
42
14
19
6
-5
10
4
-1
-14
2
-14
-38
-5
12
-8
-20
3
27
5
-14
11
26
14
-2
17
5
-17
21
10
-50
-36
35
23
-37
-10
39
5
-30
8
19
-31
-6
52
26
-16
27
46
-16
-30
3
-15
-53
-33
17
11
-27
-14
-1
1
-15
-4
32
3
-24
0
-2
-33
-31
7
28
19
27
-4
-49
-31
-14
19
39
23
-2
-22
-17
-8
18
31
25
-79
-71
402
209
-247
-70
-154
289
350
-354
-134
155
142
133
-151
-6
192
-41
15
120
18
-14
-39
41
24
-125
-10
99
1
-64
12
66
24
-67
-73
-46
-54
-33
-49
3
-15
-75
-11
17
34
16
-29
-21
-12
-25
27
6
-84
-41
-36
-54
-40
-60
-18
12
4
24
-31
-23
-1
-29
3
23
26
6
-44
-29
-21
-36
-43
-55
-44
-14
-59
-93
-17
14
-14
-51
-1
38
-9
-18
-4
-19
-35
-29
-22
-73
-61
-8
-21
-54
-31
7
-28
0
25
7
-3
25
62
48
73
106
38
5
48
22
-5
5
46
18
-60
4
82
49
19
14
-21
-15
-8
0
-12
-20
-26
-7
-7
-15
-6
-51
-34
-9
9
-1
-44
-42
-10
31
-18
-59
-4
11
-46
-53
7
-3
-46
-17
-14
-29
-7
26
24
17
33
-4
-45
-24
12
-12
-26
38
62
7
-30
-40
-39
-35
-55
-33
-13
-52
-53
-62
-40
-22
-5
-22
-39
-1
8
19
11
-7
25
27
-8
4
4
36
60
34
21
32
39
-13
-7
36
17
-24
-21
36
51
-9
-1
3
-34
-1
18
0
19
46
23
-26
-18
31
-6
-4
3
3
30
59
59
-19
-23
27
43
1
-6
-9
-10
-4
0
-10
-16
-12
-27
-23
-2
1
-43
-29
30
35
-18
17
61
30
27
35
60
43
13
68
90
51
47
40
13
32
83
52
17
34
11
5
54
38
9
-25
-36
-59
-87
-46
-20
6
9
-12
-16
6
28
50
50
27
29
9
-4
14
25
13
-19
-18
-22
-55
-43
-35
-63
-20
5
-15
-54
-48
16
-5
29
54
14
13
-2
-5
-3
1
30
42
12
34
54
44
55
37
-13
32
53
41
56
59
62
35
-6
-23
14
17
-2
-47
-54
58
48
-9
-1
39
81
33
16
25
31
30
36
60
55
29
48
42
22
39
37
97
83
44
52
19
16
19
15
-9
12
31
-24
-44
-34
-29
-14
-37
-65
-35
-28
-25
-6
-1
-5
9
21
5
-12
-32
-75
-54
-12
-5
-12
-44
-25
-6
-36
-50
-27
12
23
-17
-39
-21
-10
-12
-6
-8
-31
-54
-28
-89
-112
-46
-19
-29
-35
12
37
-27
-14
0
-8
11
7
20
26
33
60
74
47
45
27
20
21
38
58
35
15
-21
-19
-15
-34
-32
-62
-86
-76
-50
-55
-64
-21
17
-28
-29
2
-1
-7
-1
9
2
12
28
-10
-31
2
44
37
-5
-2
-13
-11
11
13
6
-8
-20
-47
-59
-52
-26
-4
-21
-37
-11
-7
-44
4
4
-27
-38
-63
-42
-43
-58
-61
-53
-34
4
-21
-84
-76
-54
-56
-79
-76
-32
-35
-64
-70
-37
2
6
7
27
40
30
10
-28
-41
-33
-61
-62
-35
-29
-72
-91
-70
-37
-40
-33
-21
-14
-19
-26
7
15
15
18
-21
-81
-61
-54
-71
-55
-83
-120
-130
-112
-112
-130
-108
-82
-82
-78
-112
-122
-101
-114
-114
-131
-155
-129
-145
-197
-163
-96
-58
-43
-75
-64
-59
-29
20
6
-6
5
29
10
22
72
70
61
89
99
114
144
159
142
119
108
126
132
99
104
117
93
71
85
88
86
83
89
87
103
118
75
72
36
12
34
32
46
54
24
43
108
122
93
63
65
52
26
18
21
30
75
50
46
65
93
129
120
75
98
125
99
66
26
44
61
18
-36
-37
-41
-58
-81
-100
-110
-93
-65
-28
-38
-52
-33
-50
-48
-41
-56
-48
-35
10
40
29
29
31
44
46
54
79
90
115
116
97
98
83
86
91
72
83
81
84
85
69
25
25
58
46
19
-8
5
7
-4
17
14
-7
-27
-36
-46
-33
13
13
17
50
30
36
51
42
39
47
44
57
22
-27
-32
0
25
3
-7
-4
2
-43
-59
-60
-61
-46
-20
16
9
3
-5
22
65
76
88
87
63
66
72
43
34
31
-9
-20
-45
-66
-96
-105
-86
-86
-98
-125
-135
-135
-167
-158
-115
-102
-88
-99
-127
-150
-124
-111
-96
-57
-97
-112
-79
-76
-48
-18
-32
-20
-21
-61
-40
-15
-14
11
19
-22
-30
2
4
11
0
-47
-99
-78
-73
-94
-98
-120
-76
-81
-99
-122
-116
-55
-5
-31
-61
16
57
83
105
72
60
65
83
98
48
50
94
89
66
93
102
74
71
77
95
94
75
97
98
70
66
97
84
85
116
110
87
48
38
24
34
40
12
11
-5
-13
-27
-45
-36
-53
-52
-27
-64
-114
-87
-54
-61
-83
-65
-11
7
27
7
-8
-24
-24
-54
-83
-38
-15
-14
-26
-6
34
33
10
28
13
9
4
-24
-22
-28
26
3
-63
-73
-90
-70
-91
-114
-97
-105
-166
-139
-111
-142
-106
-93
-80
-51
-49
-46
-19
-29
-34
-45
-63
-105
-84
-51
-65
-81
-100
-126
-124
-107
-120
-120
-156
-144
-128
-111
-124
-116
-98
-98
-72
-50
-28
0
18
49
42
34
75
63
66
80
81
95
74
83
116
117
121
124
122
109
106
83
39
13
21
40
38
20
-30
-26
-13
6
50
32
44
24
21
65
93
96
116
141
141
166
145
106
126
123
79
55
51
55
43
36
46
30
-11
-21
-36
-54
-52
-79
-119
-144
-137
-124
-153
-135
-117
-118
-102
-127
-170
-163
-124
-107
-82
-72
-80
-88
-95
-101
-84
-71
-62
-28
-1
-7
-14
-14
-19
-31
-29
15
28
-17
-33
-36
-41
-36
-51
-82
-97
-59
-71
-98
-83
-65
-68
-39
-47
-40
-27
-68
-49
-35
-26
-8
16
3
-11
5
62
92
129
154
154
168
178
218
222
196
148
133
143
163
187
167
158
142
130
168
186
190
192
161
105
77
94
56
48
38
54
89
66
47
34
-8
-42
-7
12
32
21
0
13
4
-9
11
48
33
28
43
35
18
29
21
9
7
-8
7
10
4
30
-15
-38
-21
-12
21
16
29
57
31
30
25
18
13
22
45
30
51
58
51
54
34
16
13
19
20
80
109
90
75
81
53
17
10
-3
11
-4
7
32
17
8
21
7
-4
19
27
19
24
52
45
70
47
34
68
41
3
22
15
36
41
43
97
80
30
-2
8
-6
-26
-41
-39
-41
-44
-22
-40
-40
-34
-32
7
-25
-51
-26
-3
24
-8
-37
-11
-25
-50
-75
-99
-92
-61
-28
-64
-91
-85
-113
-151
-124
-78
-43
-20
-17
-27
-51
-27
-52
-62
-35
-30
-19
-80
-81
-91
-88
-106
-102
-119
-116
-133
-83
-103
-162
-243
-7
-185
-328
-280
32
309
-267
-531
-400
200
196
-384
-561
-86
167
-89
-374
-186
-68
-138
-225
-179
-162
-190
-83
2
-121
-292
-126
22
-93
-333
-201
-135
-57
34
-206
-79
-201
129
232
-198
-145
-130
143
128
-224
-87
160
137
7
46
138
115
48
115
253
53
-19
126
221
108
20
174
221
95
-4
63
102
-3
49
20
24
5
-38
-40
-135
-119
-91
-7
-53
-84
-60
-55
-52
-87
-91
-28
32
-43
-19
43
8
41
10
59
37
-58
-28
-27
15
30
2
-9
-44
-45
-30
-33
-60
-37
-36
-53
-41
-47
-37
-51
-50
-45
-61
-147
-152
-98
-120
-128
-99
-111
-112
-120
-149
-168
-125
-78
-46
-44
-45
-13
-25
-36
-45
-46
-33
-43
-53
-74
-81
-64
-83
-90
-68
-36
-20
-36
-19
21
-2
-23
44
119
100
1
-66
-23
-7
-61
-65
-13
-2
-28
-44
-63
-22
13
-1
-11
15
37
72
96
173
195
170
144
174
214
228
204
172
218
252
230
213
240
275
306
246
191
231
255
183
119
133
137
92
12
-2
36
27
0
11
-20
-38
-21
-7
-34
-14
67
45
18
21
56
32
-2
2
13
10
-17
-24
-12
-42
-37
-14
-18
-11
-28
14
32
11
29
38
40
93
-21
56
-9
63
-13
-46
84
28
57
43
48
90
86
106
125
81
83
83
80
61
66
45
-2
-20
-7
-60
-37
19
61
-22
-46
23
36
4
-42
-11
-7
-13
-20
-39
-24
-21
37
79
39
15
-10
1
-10
3
0
10
17
31
36
4
53
35
59
55
100
117
100
172
181
189
193
180
189
189
176
186
168
187
191
155
128
142
108
112
105
95
54
27
54
26
22
59
55
60
52
51
72
100
103
103
84
69
96
70
-4
-9
57
80
89
70
72
89
42
9
25
32
20
27
36
-4
-39
-28
8
1
-59
-70
-70
-38
-14
-39
-63
-53
-50
-80
-108
-114
-75
-71
-104
-130
-105
-147
-188
-163
-94
-59
-128
-188
-133
-8
-48
-174
-125
-37
-14
-100
-171
-146
-84
-67
-83
-61
-36
-61
-71
-101
33
-32
-406
-62
-112
181
30
-298
-62
72
158
-82
-124
-11
549
-876
-494
40
528
1191
-200
-405
-252
473
227
70
255
-1491
-693
419
1144
904
-680
-703
501
689
-319
-587
185
25
-704
-435
319
-78
-491
-375
23
-2
-634
-514
-140
-65
-487
-392
-115
-185
-190
-93
-85
-212
-283
-305
-104
-155
-360
-214
-208
-93
-236
-336
-212
-180
-147
-307
-241
-251
-339
-182
-246
-200
-298
-254
-223
-429
-334
-259
-215
-241
-202
-144
-132
-123
-92
-29
-25
-8
24
13
45
65
92
121
163
178
100
42
60
153
142
46
54
76
119
92
88
77
120
80
201
162
127
148
20
141
38
27
54
20
41
-32
24
11
-12
-39
-174
-103
-96
-69
-94
-84
-38
-93
-67
-46
-17
-69
-70
-4
9
124
99
96
129
128
206
217
136
242
252
237
196
197
339
257
190
212
244
249
110
76
138
144
128
112
160
106
60
122
128
100
7
10
101
88
8
7
169
200
86
15
56
146
87
27
21
24
31
40
44
26
-25
-52
33
108
83
54
7
43
74
122
95
87
172
111
93
80
111
152
101
109
79
117
132
133
113
99
110
42
-7
0
68
99
83
75
83
128
110
71
74
75
97
19
-9
45
158
143
57
67
96
122
103
178
275
260
238
316
331
263
276
361
356
322
325
319
423
440
372
382
344
332
347
455
410
308
317
313
357
371
334
236
204
212
256
233
157
112
96
124
103
41
10
-20
37
83
62
6
-31
18
4
-40
-49
-52
-40
-51
-10
-49
-72
-57
-41
18
15
-49
-67
-48
-40
-68
-66
-106
-136
-161
-163
-135
-198
-225
-224
-173
-170
-217
-236
-180
-126
-184
-249
-142
-34
-85
-182
-218
-174
-112
-126
-147
-143
-86
-117
-60
7
-23
9
37
56
1
0
-32
-29
34
58
90
101
87
7
16
-32
-42
49
3
-73
-126
-47
-30
-68
-84
-28
-39
-132
-144
-95
-96
-191
-132
-119
-183
-178
-172
-154
-184
-224
-278
-286
-242
-228
-180
-231
-283
-207
-231
-255
-310
-341
-358
-372
-348
-367
-306
-282
-272
-295
-297
-215
-286
-263
-176
-149
-119
-158
-123
-98
-44
3
-2
13
-50
-42
56
118
42
-45
-45
-1
1
-44
-27
-30
-27
-12
-60
-92
-48
-1
-50
-128
-155
-119
-142
-150
-100
-51
-99
-120
-93
-48
-100
-150
-91
24
34
-13
-81
-71
-28
-1
62
33
-9
-12
12
67
98
61
8
7
-10
55
145
132
50
23
53
106
149
139
115
119
185
264
231
181
169
193
191
181
212
245
210
129
107
43
50
148
221
165
82
18
79
108
57
28
4
-22
-15
72
129
107
69
22
48
19
8
34
31
21
-35
-18
-13
7
20
5
14
6
55
102
1
-73
-41
-24
-5
-6
9
106
127
87
1
83
155
119
35
36
123
112
97
73
115
113
63
82
90
94
29
11
68
136
116
50
26
45
32
-11
-25
-23
-28
-51
-44
-22
-32
-80
-35
-35
-58
-55
-87
-7
56
30
0
7
55
19
-3
35
5
-24
-33
-39
-48
-142
-127
-47
-5
-45
-95
-65
2
-26
3
-3
-17
15
3
64
66
101
156
194
205
244
252
235
222
227
293
279
235
208
243
245
159
193
232
186
151
116
128
146
156
145
85
126
90
69
35
25
66
41
17
6
-15
-101
-144
-92
-69
-104
-142
-165
-104
-116
-188
-164
-140
-79
-124
-213
-180
-100
-49
-81
-128
-133
-127
-130
-177
-173
-163
-147
-120
-144
-142
-176
-213
-214
-155
-172
-208
-188
-135
-127
-191
-165
-151
-123
-117
-154
-168
-167
-111
-93
-131
-136
-153
-206
-183
-186
-233
-214
-185
-175
-178
-186
-139
-69
-53
-50
-71
-132
-158
-91
-43
-40
-16
7
7
-2
10
60
109
150
152
185
217
210
217
218
249
322
335
299
330
308
293
274
275
293
263
221
204
208
154
99
82
38
-26
-50
0
23
-26
-113
-111
-90
-85
-78
-133
-191
-199
-190
-204
-178
-107
-64
-58
-65
-77
-103
-90
-73
-100
-63
-99
-71
-25
-61
-31
-43
0
10
-16
-10
12
50
74
42
11
12
-6
33
32
14
22
55
72
52
7
18
-5
39
25
-32
-18
-45
8
-16
-63
-76
-84
-117
-109
-94
-103
-139
-176
-143
-140
-133
-173
-214
-198
-190
-166
-158
-147
-182
-213
-228
-215
-194
-219
-209
-180
-190
-206
-234
-198
-172
-211
-233
-275
-252
-206
-206
-173
-188
-219
-221
-194
-173
-164
-165
-121
-121
-160
-139
-119
-90
-79
-104
-151
-141
-111
-63
-11
-36
-26
16
-3
-19
-46
-65
-50
-61
-102
-126
-129
-97
-120
-97
-73
-63
-32
-36
-11
-14
6
57
100
91
44
-18
10
48
66
80
44
33
33
55
18
-9
-28
-24
-5
-13
-70
-97
-69
-58
-19
-22
-14
20
49
82
69
42
15
36
58
74
34
59
120
152
200
175
171
201
160
129
112
93
106
69
65
5
57
123
137
182
152
152
186
205
252
202
160
199
234
252
231
292
324
304
281
295
293
268
268
286
255
231
269
300
309
283
264
263
245
233
240
247
218
225
228
211
212
236
236
163
127
129
148
209
198
217
209
176
219
228
231
213
189
204
223
203
155
127
120
129
119
43
28
34
28
-34
-106
-107
-92
-85
-78
-28
-59
-36
55
116
93
60
85
111
66
27
27
68
83
38
56
70
83
127
148
82
36
63
65
112
136
112
164
214
203
208
222
218
240
265
236
228
236
240
247
227
193
123
100
99
127
101
58
66
97
110
75
18
-27
-51
-69
-79
-63
-56
-105
-128
-108
-101
-146
-133
-88
-76
-107
-118
-77
-87
-97
-115
-135
-76
-52
-77
-41
5
7
-26
-48
-37
15
28
-13
7
77
49
6
7
25
44
-6
6
-13
-48
-33
-27
-15
-31
-20
7
6
-32
-71
-62
-52
-71
-59
-53
-19
-13
-43
-45
-61
-58
-66
-53
-81
-95
-85
-110
-143
-140
-134
-110
-92
-115
-150
-200
-221
-196
-101
-81
-96
-98
-90
-80
-98
-131
-140
-121
-132
-134
-134
-137
-137
-129
-144
-194
-157
-121
-93
-97
-114
-119
-97
-79
-57
-98
-148
-131
-96
-98
-96
-67
-92
-81
-95
-98
-98
-80
-19
-13
-20
-53
-11
1
-27
-23
-41
-25
-42
-67
-59
-75
-121
-180
-163
-94
-76
-109
-149
-156
-122
-47
-30
-7
2
-31
-58
-75
-45
6
39
-4
-49
-69
-88
-71
-43
-80
-74
-54
-3
71
130
96
56
21
73
87
93
54
113
86
120
-101
-127
333
199
382
332
147
141
241
62
80
201
110
249
372
316
296
302
240
162
99
88
187
177
128
216
164
107
81
92
97
73
6
59
61
7
72
110
22
74
44
-13
-21
-30
68
106
123
186
205
136
255
85
33
88
86
263
238
180
246
185
188
251
286
337
265
285
283
307
317
298
271
249
295
280
211
203
181
189
165
130
142
88
104
29
-8
-10
-7
21
7
3
29
12
-7
21
12
-36
-18
12
86
90
62
98
59
54
52
119
133
97
89
105
129
142
161
135
101
133
122
137
153
136
137
125
119
160
152
140
99
53
93
90
148
192
202
195
131
125
194
223
203
151
147
169
182
213
190
159
123
68
81
83
60
78
41
29
29
40
56
33
40
80
105
97
138
174
147
107
120
109
102
135
163
171
117
109
56
55
71
59
19
-14
-15
-17
2
7
6
-28
-48
-68
-45
-4
13
-44
-50
-80
-54
-195
-228
279
-223
-289
145
-132
-93
-40
-263
-66
165
-174
-264
-18
65
-183
-314
20
-55
-225
-88
-85
-169
-94
39
-109
-118
-52
-13
-41
-96
-37
11
18
-82
-48
22
-88
-83
-30
-42
-25
22
39
-3
-41
10
18
-125
-54
21
-121
-92
-67
-142
-133
-61
-9
-140
-120
10
-56
-88
-16
-33
-64
-11
-44
-98
-64
-55
-83
-137
-82
-11
-64
-56
-39
-39
-21
-15
-30
-3
22
36
32
73
75
-9
13
68
78
37
0
-40
-57
-25
0
-26
-40
-33
-51
-69
-42
-65
-104
-73
-37
-32
-67
-98
-84
-81
-94
-110
-141
-99
-43
-48
-3
-19
-35
25
22
-9
45
21
3
-11
-46
-36
-47
-60
-60
-60
-93
-79
-21
-38
-55
-40
-35
-62
-125
-106
-105
-133
-153
-136
-153
-180
-130
-122
-133
-174
-166
-143
-89
-78
-108
-112
-107
-40
-82
-158
-131
-81
-69
-73
-81
-158
-163
-119
-138
-110
-49
-61
-98
-107
-133
-118
-71
-99
-134
-87
-78
-82
-96
-88
-103
-95
-61
-68
-85
-82
-134
-169
-133
-126
-133
-156
-166
-180
-202
-220
-272
-241
-218
-222
-231
-208
-156
-179
-150
-201
-212
-183
-182
-142
-83
-59
-146
-192
-181
-147
-157
-135
-114
-113
-131
-143
-151
-134
-33
15
-48
-17
7
-1
8
-24
-84
-106
-37
-20
-48
-66
-111
-109
-9
37
12
46
48
62
59
84
85
21
34
36
66
65
44
13
-24
-43
-73
-25
-19
-58
-54
-41
-29
-20
39
82
68
49
32
70
85
107
173
172
137
133
122
117
133
162
197
168
174
199
176
195
221
198
164
176
222
213
192
177
149
132
103
123
160
166
170
172
155
172
205
174
121
78
74
104
113
57
50
103
72
2
15
33
3
-5
26
19
-13
9
13
1
34
58
98
149
143
125
148
195
190
170
163
183
194
246
289
286
260
250
235
231
253
195
196
197
215
228
145
117
110
63
37
45
48
29
-45
-75
-32
-36
-84
-44
-42
-105
-84
-51
-50
-42
2
-15
-46
-7
40
-14
-37
11
-19
-68
-69
-45
-80
-91
-58
-86
-61
-39
-94
-136
-114
-105
-143
-113
-73
-62
-75
-119
-139
-157
-154
-127
-126
-162
-155
-117
-148
-178
-102
-86
-135
-146
-124
-100
-57
-39
-80
-95
-81
-74
-89
-47
-48
-74
-49
-7
-34
-98
-96
-97
-159
-191
-139
-148
-216
-198
-169
-138
-107
-150
-180
-185
-199
-213
-220
-181
-149
-180
-188
-180
-208
-194
-169
-156
-158
-163
-139
-93
-115
-176
-213
-195
-194
-179
-180
-183
-155
-211
-223
-222
-245
-215
-190
-278
-287
-243
-306
-347
-333
-329
-386
-371
-323
-355
-412
-386
-405
-387
-304
-265
-307
-276
-228
-283
-272
-213
-182
-180
-164
-150
-183
-212
-152
-146
-187
-116
-115
-164
-174
-95
-65
-104
-112
-81
-36
-60
-48
-45
-54
-73
-47
-31
-79
-81
-114
-139
-82
-52
-69
-89
-104
-156
-146
-135
-126
-142
-202
-205
-201
-185
-146
-128
-181
-184
-141
-147
-186
-127
-70
-123
-133
-122
-115
-59
-40
-56
-72
-34
17
-4
-44
-55
-35
-68
-102
-94
-139
-139
-66
-70
-22
31
51
46
-16
14
26
2
13
44
-5
-22
27
-2
-48
-16
45
-17
-1
54
18
23
33
14
8
20
18
27
62
63
73
58
74
117
80
66
94
105
111
132
115
79
81
77
68
51
74
63
37
52
73
86
72
79
76
52
44
50
82
119
163
132
94
76
98
166
162
136
72
58
103
138
134
132
148
110
122
137
187
238
187
171
194
170
183
187
182
174
150
134
80
74
100
127
150
162
187
184
167
197
187
132
113
132
142
131
111
124
122
95
87
97
55
6
18
10
-17
-5
-46
-73
-73
-86
-63
-67
-82
-102
-94
-110
-142
-113
-75
-28
-21
-3
52
73
104
115
91
113
109
115
135
135
185
174
156
176
154
140
191
222
197
184
181
171
135
139
159
165
132
92
98
56
35
32
5
-2
-18
-12
11
48
74
60
100
130
142
187
177
197
192
201
261
278
248
247
274
254
195
180
188
174
192
156
114
150
108
86
118
91
91
117
117
133
130
114
92
27
-21
3
60
27
17
-15
-51
-38
-55
-32
-65
-112
-96
-92
-104
-95
-112
-164
-194
-196
-191
-211
-201
-198
-207
-188
-157
-176
-180
-142
-105
-56
-70
-63
-34
-32
-38
-77
-124
-67
-27
-56
-70
-87
-85
-85
-122
-133
-120
-146
-171
-170
-166
-171
-177
-167
-165
-150
-186
-237
-209
-192
-194
-194
-188
-193
-209
-222
-251
-223
-153
-105
-87
-111
-145
-150
-149
-151
-152
-154
-129
-83
-70
-71
-88
-109
-83
-80
-98
-90
-42
-23
-9
32
26
53
75
72
101
103
100
146
169
133
125
121
142
152
100
74
91
141
134
104
63
41
55
50
64
52
23
3
-20
-43
-85
-93
-91
-79
-50
-43
-57
-49
-34
-11
61
48
54
65
44
2
-10
43
41
48
80
96
136
141
139
124
121
144
138
119
71
24
40
68
60
62
43
-5
-35
-37
-12
-41
-50
-27
-15
-60
-73
-62
-128
-121
-118
-127
-109
-76
-34
-3
8
36
79
100
70
76
93
87
139
147
131
133
121
152
191
183
189
191
167
191
219
248
233
248
303
311
277
291
351
368
379
374
320
292
294
277
268
219
166
157
136
128
150
110
66
56
36
17
39
40
20
43
51
69
90
73
67
60
70
57
47
25
23
47
-1
16
50
61
83
73
40
65
33
30
100
115
125
107
98
111
97
66
98
138
113
93
90
67
66
48
55
89
84
57
102
131
136
158
168
145
135
149
149
125
128
141
101
107
151
160
113
115
104
72
132
191
160
130
152
148
150
182
178
198
207
193
192
140
156
181
147
182
195
143
149
196
181
161
171
174
191
226
208
202
204
177
182
168
137
139
114
90
121
130
122
103
83
73
39
13
25
25
9
-2
45
46
30
43
59
78
81
85
101
85
111
135
124
99
77
94
95
111
123
147
116
103
112
92
58
20
13
20
4
9
14
-32
-47
-64
-81
-107
-94
-55
-70
-110
-118
-120
-128
-108
-92
-132
-118
-119
-175
-196
-185
-164
-164
-168
-154
-162
-177
-164
-148
-155
-163
-170
-166
-184
-182
-161
-163
-156
-171
-190
-205
-221
-193
-176
-164
-151
-148
-164
-184
-183
-183
-155
-167
-193
-193
-187
-165
-137
-97
-78
-56
-8
35
36
25
53
85
72
50
57
44
46
54
74
133
170
164
129
105
82
85
120
135
155
172
123
72
62
62
42
52
54
3
-18
10
10
9
2
-19
-34
-32
-28
-56
-86
-66
-47
-69
-51
-99
-143
-114
-136
-119
-133
-186
-157
-94
-88
-119
-131
-147
-150
-111
-93
-69
-78
-89
-96
-95
-81
-51
-55
-83
-86
-70
-46
-22
-20
-56
-67
-61
-36
-3
2
22
20
-18
-28
-63
-98
-94
-100
-89
-98
-161
-183
-170
-184
-170
-134
-101
-108
-136
-151
-161
-133
-104
-98
-101
-119
-112
-114
-92
-94
-140
-149
-121
-93
-22
-22
-3
38
24
26
9
24
53
85
105
103
132
125
142
189
180
199
187
219
253
229
227
205
229
242
241
219
194
161
156
158
144
145
175
169
136
112
88
73
75
79
74
64
57
48
30
25
-13
-24
-11
9
14
-26
-84
-66
-10
11
40
57
55
32
35
51
66
88
115
110
124
121
134
153
152
129
88
67
111
126
141
140
118
116
92
91
73
63
73
27
8
25
12
8
-17
-57
-106
-104
-64
-34
-60
-50
-50
-96
-131
-142
-126
-144
-146
-129
-129
-120
-104
-89
-76
-63
-59
-42
-14
-5
6
9
21
16
42
53
35
32
34
39
42
70
62
34
-9
-6
33
39
18
16
61
87
61
51
45
8
-18
-45
-15
13
7
-1
-41
-102
-125
-129
-129
-58
-7
2
5
26
38
17
7
6
-19
-24
20
28
47
46
15
8
5
22
10
-20
11
5
-14
2
-1
-1
8
26
16
4
34
67
102
130
97
62
61
71
92
83
82
75
47
26
-43
-52
-40
-58
-49
-64
-30
-73
-91
-100
-159
-151
-135
-122
-94
-99
-87
-50
-49
-43
-32
-13
-28
-60
-81
-84
-92
-123
-151
-161
-125
-101
-94
-115
-124
-95
-90
-100
-93
-74
-104
-77
-18
8
15
21
13
4
16
51
66
83
81
58
95
85
63
67
76
58
37
68
72
55
53
55
63
82
53
6
6
21
24
27
5
-23
-36
-87
-102
-123
-126
-142
-147
-132
-162
-184
-181
-204
-229
-238
-229
-217
-268
-257
-239
-228
-197
-177
-163
-166
-159
-121
-113
-128
-136
-142
-129
-124
-87
-57
-76
-60
-47
-39
-33
-28
-22
-27
-27
-52
-59
-16
-45
-103
-111
-124
-114
-109
-113
-88
-75
-125
-140
-147
-177
-157
-116
-89
-97
-119
-141
-132
-118
-139
-149
-177
-177
-111
-99
-96
-72
-86
-138
-134
-163
-208
-207
-230
-245
-222
-214
-219
-225
-240
-212
-199
-184
-135
-134
-139
-117
-135
-125
-102
-71
-63
-79
-50
-62
-52
-22
-45
-47
-49
-30
-24
-57
-55
-49
-50
-44
-28
-24
-44
-45
-41
-30
-6
31
43
35
15
-36
-55
-70
-69
-65
-60
-57
-65
-75
-76
-54
-22
-17
-36
-24
-24
-10
34
50
63
43
12
41
60
69
104
96
86
64
32
38
21
10
10
22
-7
-13
-38
-49
-37
-48
-69
-76
-91
-82
-56
-66
-54
-60
-90
-66
-39
-25
9
75
73
36
27
20
27
52
74
95
99
78
80
56
78
122
153
147
137
163
164
119
89
109
113
108
61
49
80
85
85
69
54
50
54
51
83
98
46
48
79
77
83
106
101
112
136
134
108
107
113
80
69
63
40
4
-53
-52
10
54
87
49
-25
6
-32
-52
-20
-29
9
37
63
105
119
126
130
152
138
124
147
131
156
181
174
200
216
210
250
250
223
234
220
203
191
170
157
170
182
174
189
174
166
170
145
135
111
79
75
67
40
38
24
-5
27
43
46
58
43
18
20
73
100
79
64
52
50
48
41
70
62
56
55
54
37
10
-8
-6
11
34
54
31
-3
13
45
57
92
80
57
46
44
28
44
55
37
53
67
44
28
21
11
-1
-28
-33
-29
-53
-50
-48
-44
-24
-20
-35
-88
-89
-71
-91
-95
-109
-133
-123
-112
-96
-67
-41
-37
-70
-117
-131
-154
-139
-98
-94
-128
-176
-180
-197
-179
-181
-133
-140
-122
-215
-213
-268
-212
-237
-7
27
-154
-139
-373
-100
-209
-128
-108
-87
15
39
57
156
40
-7
45
90
58
62
37
39
22
17
79
56
11
-86
-63
-119
-130
-152
-143
-62
-49
-3
8
-34
-15
-69
-67
-71
-84
-58
-75
-3
44
35
70
50
-9
-41
-69
-44
6
-17
22
43
21
57
10
26
6
-43
-63
-53
22
114
54
20
3
-22
63
24
-5
29
-1
44
19
5
58
19
-36
-24
-38
-76
-53
-87
-78
-84
-122
-129
-180
-216
-209
-209
-246
-204
-211
-230
-151
-131
-107
-83
-99
-97
-144
-147
-114
-115
-70
-54
-44
4
93
-227
53
233
334
484
283
-317
-347
-468
-225
-225
-108
-619
-348
-906
-954
1202
-491
-71
-1100
-828
625
-10
145
-856
55
376
-450
747
717
82
439
920
351
84
-408
572
496
-156
3
-519
1406
777
188
608
-191
436
1415
1652
1265
822
197
-722
-63
-297
-298
-359
-693
-212
-780
-767
1002
1342
-266
-1731
-2157
-1042
-525
-746
-1004
-1607
-1654
-852
-49
46
-351
-961
-540
-48
1156
1195
840
877
1039
1991
1043
1522
631
272
2111
1644
1850
1515
1119
1376
-188
-555
280
235
881
-87
-468
-301
-1175
-471
-717
-999
-460
-803
-441
-580
-145
-216
-981
-1917
-1492
-357
321
478
189
310
343
262
-636
-244
-499
157
1139
21
791
82
-705
79
-212
-731
-119
-34
467
1142
-360
-143
137
-140
-169
908
-91
178
-12
148
153
385
-1251
-486
1373
-344
219
-866
7
-264
-767
-1057
-1011
-392
-800
-754
610
305
-291
-335
531
658
100
870
489
1569
610
1458
2851
1388
647
372
953
737
-821
-1571
884
384
1643
506
-855
1036
-1
-258
-1138
-1654
-1755
-214
288
448
42
-1192
-1342
-557
-375
508
-741
-722
-1393
-1793
-1373
-285
140
-407
-945
-1510
-525
-703
293
-1209
-786
-2333
-1853
-372
269
291
-561
-2191
-1888
-868
-605
278
483
-202
-47
-272
-155
-70
-690
-754
-848
-797
-1475
49
272
-302
431
-1303
-908
-87
-2068
154
268
-688
-533
-932
458
377
-980
-243
-1438
-1308
385
-570
-324
-453
-241
99
682
34
-1078
277
85
14
561
-221
329
187
-400
1433
555
170
417
-935
-1429
-313
-657
-626
-824
-2624
-907
-267
-461
-73
-1464
-680
-1480
-1032
-476
-822
-704
-920
1582
-78
195
987
-510
908
530
126
-832
-359
537
178
1794
984
402
1062
646
704
-83
-634
68
8
-150
-336
-224
265
450
-85
546
-1062
-1136
-486
-531
960
-712
-1104
-75
-397
378
552
-309
-114
-322
-125
677
1293
724
127
-789
319
1035
173
-668
-1923
-1914
-795
-542
-829
-508
-1600
-1909
-467
-911
-671
-320
-548
491
-508
13
809
922
952
-1023
76
1021
1132
1689
452
1221
56
-56
297
-369
-196
-679
-335
179
202
-48
-175
-814
-587
-801
-783
-170
-360
-326
-30
958
585
175
993
110
400
965
-74
88
-317
438
773
910
679
-43
139
544
1098
1289
1093
-242
-520
815
549
464
458
156
46
691
748
-339
306
-161
-555
-257
-352
293
691
589
821
688
562
-8
218
-231
-66
538
264
723
933
244
482
116
641
1093
-800
-1031
-772
404
946
472
877
170
-215
-496
-477
-9
770
545
-281
-49
876
1856
1375
1157
10
-607
-340
-358
-409
505
417
617
-75
-229
831
1081
446
-983
-467
-409
637
610
611
438
-829
-900
55
489
1181
-20
-790
-819
-705
791
447
-1011
-925
-137
-66
-83
296
239
-1061
-1288
-619
-426
235
313
551
695
212
-225
-434
518
12
-262
-987
-1073
13
-356
972
344
-461
-184
-1854
-668
-492
-658
-292
-364
67
215
302
423
4
-410
-384
-435
464
609
105
311
-297
776
837
832
1202
-113
211
87
1215
958
929
890
677
1349
1072
1593
1444
1493
1399
1235
2162
1989
2377
2017
1526
1298
874
1602
2156
2421
1441
883
1136
1013
1179
825
1062
955
859
1287
1344
1199
214
-73
-343
85
-470
-372
266
325
286
-390
-360
169
396
-521
-180
-208
94
223
-470
-586
-608
-709
-996
-1272
-1139
-385
-411
-74
-1448
-1707
-1477
-1702
-1337
-1386
-2389
-1348
-713
-934
-1051
-1637
-2106
-2367
-1905
-2001
-1534
-889
-347
270
-8
-1594
-1577
-420
-397
-885
-570
-298
77
78
-300
-92
-29
-702
-800
-360
-634
825
705
-51
-721
-1620
191
387
416
542
213
1339
696
408
975
1205
1917
1820
1433
1360
1570
2543
2830
2346
1931
1729
2225
2615
2766
2312
2324
2240
1693
2290
2759
2786
2211
1766
2244
2500
2542
2094
1786
1259
1129
2473
2333
2323
2085
1331
2658
2175
1722
1078
1784
2575
2372
1833
1572
2334
2973
2153
1348
1415
1072
1890
1663
1538
1073
1208
1256
1405
615
856
939
375
-150
213
680
-122
-256
-137
-79
-245
-394
-405
-478
-422
-493
-561
-612
-579
-899
-799
-217
-640
-766
-766
-413
-631
-1230
-874
-993
-895
-869
-891
-322
-518
-774
-969
-918
-940
-1188
-1073
-733
-1084
-1052
-1037
-1014
-1081
-1295
-1509
-1769
-1705
-1786
-1468
-1548
-1676
-1758
-1806
-1862
-2027
-1963
-1819
-1779
-1568
-1472
-1464
-1293
-1304
-1509
-1581
-1489
-1223
-1122
-1305
-1119
-788
-619
-412
-448
-409
-257
-41
340
470
199
531
603
575
531
450
689
739
764
557
557
539
759
630
381
523
779
1049
941
507
436
534
843
784
-117
445
684
1166
846
337
1143
1400
1227
377
109
609
1283
939
670
308
81
898
676
506
-190
-251
422
-17
-588
-564
24
79
58
-822
-1059
-266
-991
-846
-1418
-1261
-145
-1457
-1396
-1731
-1417
-500
-860
-1848
-1871
-1438
-476
-171
-1587
-1676
-1194
-654
-513
-1559
-1717
-983
-1435
-1282
-1499
-1329
-1055
-1280
-1553
-1573
-1489
-1078
-1413
-1052
-1347
-1584
-1486
-1730
-1193
-1566
-1528
-1852
-2075
-1549
-1308
-1176
-1285
-1573
-1562
-1133
-737
-611
-1002
-1196
-393
-481
59
173
357
517
112
563
867
1038
1131
945
1198
1185
1565
1681
1336
1290
1569
2164
1760
1361
1536
1846
1480
1149
897
688
1109
1563
1170
988
328
1080
1493
1019
635
-74
136
656
857
1458
1736
961
1396
1323
1134
1078
-118
278
1057
1065
1487
1359
1439
1325
1198
1133
974
178
674
819
492
1708
1722
1651
599
-715
-150
204
1312
525
-623
-1056
-142
1301
-123
-1250
-1695
694
380
-1454
-2003
-1704
877
-100
-2065
-2106
-2009
-261
465
-1794
-3022
-2234
-984
-1299
-2887
-2790
-1336
-164
-899
-3018
-3301
-1581
-1204
-2062
-2289
-2270
-2200
-1516
-1302
-1276
-1850
-2642
-1955
-2039
-1822
-2081
-1773
-960
-1794
-1879
-1261
-912
-1028
-978
-319
181
-267
-386
705
1397
1583
1394
1285
1915
1860
1886
2316
2239
2575
2045
1682
2302
2198
2056
1938
1935
2012
1398
893
814
922
1027
704
229
130
330
895
487
70
-856
-700
472
605
211
-444
-255
689
501
35
-400
-67
941
1763
1993
1323
1533
1407
1529
1200
536
603
1010
2176
1687
801
1508
1979
1627
956
1027
743
1281
685
486
1190
1052
765
475
478
391
-113
-233
-1197
-1430
-466
-621
-833
-1751
-1976
-2131
-1769
-2459
-2115
-2861
-2417
-1482
-1822
-1532
-2277
-2386
-2917
-2787
-1426
-1873
-2256
-1925
-1159
-849
-1952
-2206
-2451
-2483
-1561
-1487
-1461
-1828
-2623
-1627
-1693
-2901
-3772
-3290
-2450
-2354
-2288
-1999
-1483
-1046
-1190
-1733
-1519
-669
-230
-191
10
949
2102
2456
2086
1533
2054
2968
3321
3127
2874
3343
3760
3291
2525
2405
2663
2761
2321
1676
1545
1520
1449
1227
871
434
196
324
-14
147
460
419
506
215
-316
3
168
724
394
-151
361
395
881
1186
1139
1479
782
1247
2050
1944
1848
1214
1625
1890
1701
1651
1671
2070
2064
1898
1936
1015
1132
1486
1073
1231
1208
779
963
1038
560
911
478
-418
-676
-791
-513
-363
-147
-1677
-2530
-1651
-1659
-821
-1954
-2409
-2561
-2426
-1263
-1767
-2710
-3149
-2471
-2121
-1929
-3050
-2291
-1692
-2427
-2492
-3083
-2287
-1715
-1749
-1659
-2452
-2023
-1873
-2171
-2436
-3332
-3229
-2525
-2652
-3239
-2928
-2619
-1485
-1236
-2225
-1903
-1419
-1077
-837
-533
71
611
1202
1936
2220
2400
2952
3157
3281
3326
3428
3886
4169
4165
3859
3335
3055
2991
2883
2422
2232
1761
1473
1268
886
860
613
377
135
-160
-409
-607
-119
-31
-169
-459
-665
-323
-204
138
-144
213
838
872
524
41
772
1613
1907
1726
1621
2248
2489
2287
2310
2431
2536
2564
2348
2003
2257
3189
3284
2692
1546
987
1702
2233
1958
1055
373
671
930
538
-732
-825
-689
-916
-1541
-1828
-1473
-2029
-1683
-2542
-2815
-2921
-3422
-2958
-3060
-3250
-2799
-2809
-2653
-3028
-3686
-3620
-3779
-3125
-3125
-3463
-2856
-2598
-2170
-2371
-2843
-3358
-3416
-2691
-2524
-2710
-3130
-3231
-3482
-3548
-3991
-3650
-2931
-2275
-1847
-2038
-1853
-1557
-1572
-1449
-1242
-351
485
1059
1531
2089
2790
3113
3302
3462
3404
3663
4249
4437
4441
4053
3739
3363
2907
2705
2693
2502
2006
1329
1067
776
409
125
-402
-723
-986
-1105
-902
-1006
-1014
-909
-659
-592
-776
-806
-660
-576
-315
-23
-49
167
561
646
642
878
1075
1571
2128
2365
2576
2170
2207
2443
2569
3174
3326
3333
2937
2580
2509
2864
2714
1895
1934
1508
1637
1757
1268
1061
375
-110
-646
-697
-881
-1392
-1411
-1826
-2196
-2517
-2826
-2937
-2544
-2799
-3137
-3271
-3361
-3261
-3904
-3631
-2943
-3240
-3499
-3246
-2852
-2421
-2999
-3000
-3096
-2988
-2411
-2705
-2872
-2498
-2338
-2187
-2417
-3233
-3368
-3785
-4204
-3615
-2988
-2164
-1458
-969
-859
-1300
-1338
-1152
-716
-121
722
1795
2532
2961
3430
3809
3915
3952
4192
4466
4982
5290
5279
5162
4941
4101
3203
2966
3095
2861
2389
2311
1747
1269
845
204
-241
-551
-790
-871
-1028
-1052
-1080
-1043
-1014
-1100
-1288
-1213
-938
-788
-434
-335
86
321
307
343
408
1022
1371
1280
1545
2147
2812
3345
3483
3293
3129
3379
3766
4040
4001
4034
4195
4160
3740
3300
3305
3193
2574
2051
1423
1180
1301
987
1005
68
-942
-1371
-1941
-1815
-1859
-2733
-3380
-3496
-3190
-3342
-4303
-4332
-3795
-3707
-4127
-4844
-4687
-3724
-3298
-3606
-4252
-4375
-4267
-4098
-3619
-3670
-3819
-3667
-3660
-3196
-3110
-3295
-3356
-3749
-4012
-4366
-4716
-3962
-3232
-2275
-1023
-679
-1055
-1955
-2267
-1154
458
1444
1693
2038
2759
3397
3760
4017
4357
4845
4903
5123
5492
5656
5984
5658
4827
3847
3162
3192
3401
3273
2689
1794
901
164
-142
-232
-496
-891
-1450
-2011
-2250
-2088
-1704
-1272
-1658
-2108
-2359
-2256
-1733
-1105
-449
-321
-116
-42
81
491
1027
1642
1876
1922
2203
2584
3411
4400
4769
4765
4546
4456
4831
5350
5812
5799
5497
5058
4482
4192
4025
3883
3596
2917
2144
1519
927
491
-133
-1158
-2072
-2638
-3021
-3375
-3793
-4149
-4327
-4725
-5225
-5541
-5616
-5583
-5383
-5548
-5672
-5704
-5605
-5250
-5000
-4911
-5113
-5333
-4958
-4651
-5105
-5111
-4398
-4022
-4308
-4763
-4796
-4452
-4470
-4823
-5040
-4850
-3785
-2035
-648
-632
-1541
-2269
-1840
-591
767
2271
3328
3420
3345
3702
4603
5667
6366
6262
5797
5782
6220
6884
7082
6603
5640
4584
3596
3297
3413
3273
2521
1475
451
-556
-763
-622
-864
-1316
-2001
-2617
-2892
-2574
-1799
-1470
-1871
-2301
-2687
-2444
-1701
-768
-24
-152
-185
-107
74
607
1337
1947
2266
2188
2292
2936
3935
4897
5662
5914
5689
5327
5204
5737
6736
7307
7132
6215
5523
5231
5076
4980
4318
3575
2808
2203
1511
868
563
-262
-1525
-2636
-3437
-3646
-3722
-4121
-4794
-5576
-5943
-5901
-5832
-5908
-6108
-6256
-6122
-5705
-5364
-5130
-5111
-4965
-5088
-5230
-5101
-4881
-4478
-4333
-4325
-4386
-4381
-4374
-4377
-4744
-5154
-5561
-5447
-4134
-2013
-91
-345
-2025
-3513
-3049
-569
1799
2849
2872
2665
2931
3708
4986
6467
7002
6406
5338
5278
6093
7235
7559
6868
5426
4211
3120
2984
3435
3406
2422
861
-347
-802
-669
-757
-1139
-1900
-2771
-3237
-2931
-2325
-1597
-1610
-2360
-3059
-3133
-2525
-1484
-555
-228
-639
-1094
-857
13
965
1577
1661
1348
1450
2123
2764
3711
4667
5248
5270
4794
4706
5255
6270
7114
7104
6674
6121
5838
5705
5506
5512
5253
4501
3485
2740
2345
2013
1302
374
-601
-1429
-2083
-2714
-3199
-3769
-4454
-5351
-5841
-5719
-5492
-5198
-5428
-5862
-6245
-6401
-6080
-5744
-5503
-5592
-5638
-5538
-5397
-5129
-5071
-5206
-5499
-5630
-5630
-5586
-5566
-5528
-5773
-6405
-6186
-4608
-1974
-848
-2249
-4572
-4822
-1999
1062
2096
1514
1217
1825
2833
4217
5872
7146
6987
5518
4621
5553
7426
8179
7335
5788
4582
3720
3566
3947
3964
2839
893
-706
-1150
-642
-452
-849
-1833
-3019
-3796
-3501
-2676
-2238
-2635
-3104
-3309
-3099
-2241
-1273
-846
-828
-1193
-1568
-1030
241
1669
2242
1831
1188
1082
1951
2866
3607
4343
4811
5298
5400
5600
5974
6299
6607
6700
6560
6618
6754
6637
6377
5903
5519
5065
4525
3793
3302
2959
2202
1370
535
-289
-901
-1747
-2369
-2844
-3408
-3930
-4595
-5081
-5142
-5152
-5133
-5268
-5498
-5517
-5367
-5260
-5225
-5214
-5175
-5223
-5233
-5220
-5105
-4808
-4948
-5236
-5602
-5776
-5981
-6092
-6394
-6738
-5800
-3565
-1690
-2016
-4542
-6252
-4310
-524
1660
1061
-193
111
1536
3186
5025
6933
7501
5913
4341
4766
7069
8812
8341
6902
5386
4570
4283
4370
4450
3744
2089
317
-783
-813
-779
-1018
-1724
-3188
-4203
-4277
-3417
-2874
-3381
-3929
-3872
-3386
-2953
-2779
-2371
-1761
-1447
-1392
-1178
-398
633
1014
968
1120
1849
2563
2830
3150
3533
4343
5037
5348
5518
5750
6392
6683
6558
6625
6602
6553
6396
6377
6628
6332
5358
4130
3686
3906
3607
2834
2093
1105
125
-1090
-1524
-1524
-1836
-2810
-4237
-5042
-5107
-4885
-4700
-4693
-4986
-5547
-6115
-5974
-5342
-4663
-4666
-4883
-5031
-5041
-5042
-5000
-4627
-4264
-4437
-5469
-5929
-5808
-5490
-5626
-6396
-7071
-6088
-4061
-2369
-3259
-5894
-6875
-4648
-1193
311
-545
-1458
-1159
42
1950
3903
5995
5776
4136
3107
4353
6929
8360
7411
5911
4613
4101
4071
4596
4642
3736
1963
409
-103
-191
-638
-1163
-1972
-3020
-3745
-3932
-3336
-3431
-4189
-4570
-4102
-3359
-3088
-3311
-3183
-2744
-2134
-1636
-975
-229
-10
-122
25
732
1865
2665
2797
2728
2936
3458
4197
5291
6183
6280
5887
5606
5944
6740
7297
7244
6831
6656
6523
6403
6166
5848
5421
4590
3877
3345
2942
2326
1179
142
-275
-475
-1050
-2037
-3248
-3894
-4255
-4347
-4259
-4224
-4393
-4853
-5208
-5059
-4411
-3913
-3990
-4247
-4620
-4614
-4373
-3923
-3446
-3616
-3913
-4633
-4838
-4943
-5034
-5156
-5321
-6188
-6425
-4676
-2295
-1902
-4662
-7350
-6306
-1992
603
68
-2007
-2087
-895
599
2592
5184
5878
3925
1727
2904
6287
8508
7594
5576
4723
4521
4595
4927
5596
5157
3208
826
212
710
1095
296
-707
-1719
-2656
-3395
-3305
-2915
-3201
-3889
-3838
-3158
-2822
-3344
-3842
-3429
-2688
-2253
-1950
-1498
-957
-700
-762
-263
751
1621
1669
1487
1681
2317
3391
4337
5290
5692
5453
5058
5138
6228
7457
7834
7630
7122
6790
6839
6957
7174
6929
6337
5477
4815
4428
4029
3430
2579
1571
712
-250
-1040
-1776
-2255
-2636
-3121
-3676
-4318
-4969
-5556
-5698
-5056
-4564
-4556
-4950
-5452
-5476
-5208
-4820
-4478
-4379
-4478
-4833
-5156
-5069
-4790
-4702
-5118
-5776
-6498
-7064
-6614
-4259
-1953
-2129
-5383
-7692
-5946
-1564
601
-571
-2510
-2475
-868
1176
3368
5284
5052
2868
1964
4006
7168
8181
6671
4771
4442
4611
4869
5249
5574
4424
1951
67
325
1061
700
-611
-1511
-2447
-3355
-3986
-3628
-3169
-3846
-4855
-4738
-3984
-3813
-4344
-4312
-3422
-2881
-3074
-3260
-2646
-1775
-1346
-1045
-385
196
358
108
671
1647
2424
2828
3535
4346
5187
5453
4936
5039
5844
7054
7772
7559
7015
6785
6728
7127
7243
7441
6870
5716
4713
4458
4567
4311
3623
2648
1061
-231
-999
-1221
-1260
-1861
-2733
-3710
-4293
-4891
-5179
-5153
-4940
-5177
-5706
-6112
-6258
-5898
-5462
-5151
-5128
-5273
-5500
-5948
-6044
-5385
-4760
-4715
-5119
-5917
-6329
-6517
-6399
-4912
-2568
-1822
-3667
-6470
-6426
-2679
793
1130
-856
-2104
-1084
892
2998
5069
6196
4963
2980
3586
6366
8298
7539
5546
5058
5760
5826
5379
5207
4832
3337
1478
963
1629
1563
-4
-1717
-2202
-1905
-1922
-2648
-3622
-4249
-4688
-4534
-3793
-3344
-3633
-4280
-4301
-3811
-3290
-2778
-2479
-2064
-1765
-1723
-1083
-193
583
774
504
629
1366
2581
3561
4321
4901
4970
4824
4949
5960
7529
8078
7717
7417
7375
7723
7859
8022
8287
8107
7161
6091
5557
5635
5700
5152
3960
2806
1673
740
116
-262
-419
-977
-2253
-3599
-4294
-4333
-3929
-3955
-4527
-5191
-5664
-5933
-5865
-5415
-4824
-4762
-5230
-5986
-6319
-5953
-5437
-4756
-4633
-5215
-6140
-6568
-6341
-5602
-5630
-5411
-4261
-3087
-3601
-5403
-5947
-3507
-141
656
-782
-1965
-1119
693
2684
4454
5881
5314
3760
3266
5223
7367
7922
6688
5637
5369
5103
4809
5156
5283
4143
2329
1295
1160
465
-955
-1740
-1092
-873
-2278
-4038
-4483
-4284
-4480
-4761
-4079
-3438
-4215
-5629
-5677
-4182
-2826
-2956
-3556
-3373
-2680
-2256
-1989
-1030
212
600
152
155
1207
2459
2960
3147
3703
4854
5379
5214
5334
6111
7469
8034
7830
7604
7298
7302
7778
8500
9076
8139
6300
5176
5732
6592
6381
5089
3300
1664
603
314
856
909
-495
-2723
-4200
-4207
-3776
-3869
-4476
-5139
-5981
-6642
-6703
-5985
-5240
-5390
-6452
-6971
-6594
-6077
-5928
-5870
-5572
-5546
-5742
-6248
-6054
-5656
-5510
-5859
-6385
-6027
-4009
-2282
-2719
-4786
-6002
-4044
-556
1365
552
-877
-1093
737
3056
5369
6220
5404
3513
3186
5195
7899
8627
7138
4911
4130
4476
4987
5376
5006
3635
1608
332
126
197
-389
-1097
-1717
-2322
-3321
-3890
-3916
-3847
-4091
-4286
-3928
-3897
-4822
-5343
-4677
-3343
-2726
-2974
-3082
-2917
-2743
-2500
-1590
-18
940
590
-94
374
1691
2689
3175
3932
4569
5121
4695
4760
5964
7270
8342
8202
7740
7644
7753
8357
9043
9321
9082
7800
6718
6297
6967
7036
5916
4360
2864
1897
1552
1212
962
-40
-1517
-2822
-3672
-3824
-3909
-4275
-4892
-5581
-6073
-6319
-6075
-5766
-6003
-6262
-6492
-6358
-6297
-6303
-6008
-5612
-5316
-5220
-5322
-5304
-5371
-5492
-5209
-4970
-4941
-5401
-5387
-3501
-1833
-2155
-3929
-4641
-2421
540
1683
710
-267
501
2079
3671
5151
5777
5233
3944
4087
6138
7719
7334
5562
4322
4411
4399
4187
3929
3440
2354
802
57
47
-295
-1299
-2306
-2367
-2471
-3243
-3938
-4111
-3720
-3667
-3960
-3880
-3837
-4218
-4526
-3816
-2490
-1869
-2205
-2713
-2649
-2069
-1276
-354
611
861
395
118
937
2550
3591
3805
3683
3759
4484
4709
5542
6551
7384
8050
7775
7459
7337
7483
8092
8790
9074
8399
6797
5577
5516
6513
6466
5331
3580
1772
836
730
686
653
-478
-2275
-3942
-4514
-4213
-3888
-4222
-5076
-5913
-6515
-6807
-6421
-5812
-5624
-5907
-6519
-6626
-6277
-6039
-5511
-4912
-4826
-4973
-5561
-5506
-5122
-4503
-4266
-4703
-5081
-5050
-5219
-4466
-2630
-1246
-1794
-3958
-4187
-1723
1516
2317
515
-893
20
2106
4142
4997
5193
4356
3145
3485
5331
6961
6554
4403
2924
3256
4055
3903
2980
2306
1400
528
-66
-297
-559
-1355
-2282
-2354
-2255
-2372
-3011
-3542
-3438
-3219
-2998
-2837
-3043
-3358
-3376
-2678
-1568
-811
-913
-1798
-2236
-1472
-238
789
1257
1036
878
915
1634
2719
3589
3855
3591
3811
4930
5623
6163
6124
6622
7629
7628
7367
6899
6984
7776
7955
7794
7035
5777
4849
4507
5132
5061
4078
2375
576
25
249
346
138
-1445
-3160
-4323
-4437
-3836
-3787
-4460
-5425
-6241
-6280
-6036
-5492
-5344
-5735
-6124
-6457
-5974
-5159
-4711
-4421
-4707
-4956
-5068
-4853
-4074
-3515
-3296
-3650
-4169
-4225
-4189
-4128
-3915
-2947
-1223
-837
-1864
-3488
-3047
-525
1868
2010
589
-763
-270
1254
3436
4931
4768
3201
1653
1955
3688
5146
5104
3793
2403
1695
1559
2198
2597
2517
1396
200
-533
-725
-810
-416
-118
-134
-1223
-2316
-2493
-1892
-1305
-1095
-978
-1121
-1943
-2724
-2360
-942
223
68
-623
-1192
-1185
-792
54
907
1365
1021
520
799
1852
2720
3149
3401
3619
4030
4332
4488
4838
5316
5988
6506
6606
6278
5945
5825
5935
6210
6317
6011
5288
4236
3698
3667
3570
3040
2243
1430
667
-61
-754
-1356
-1774
-2357
-2826
-3319
-3898
-4445
-5004
-5289
-5103
-4912
-5115
-5543
-5930
-6005
-5670
-5146
-4813
-4943
-5279
-5348
-4961
-4341
-3934
-3859
-4155
-4102
-4097
-3730
-3828
-3847
-3742
-3833
-3806
-3898
-3018
-1770
-1578
-2687
-3950
-3171
-869
554
21
-1727
-2220
-1003
944
2410
2764
1912
472
-134
1404
3673
4627
3597
1864
1299
1620
2223
2841
3141
2901
1701
714
795
1374
1697
1323
968
895
247
-499
-683
12
727
504
-155
-737
-1238
-1433
-1011
40
615
34
-1071
-1631
-1098
-44
623
939
760
272
196
708
1872
2500
2337
2217
2527
3192
3597
3886
4155
4398
4625
4700
4979
5254
5217
5180
5217
5475
5552
5045
4367
4006
4201
4337
3823
2852
1853
1329
1178
1008
746
-171
-1353
-2212
-2353
-1917
-1787
-2553
-3664
-4471
-4673
-4633
-4369
-4163
-4246
-4806
-5435
-5329
-4523
-3935
-3911
-4282
-4528
-4401
-4311
-3818
-3493
-3290
-3288
-3515
-3625
-3696
-3807
-3495
-3448
-3618
-3989
-3696
-2663
-2254
-2938
-4077
-3683
-1919
-466
-1148
-2516
-2986
-1690
-70
1090
1576
1454
611
198
1180
3342
4705
4238
2846
1954
2483
3760
4815
5035
4416
3304
2641
2584
3035
3235
3198
2798
2271
1464
903
801
1011
1023
906
562
25
-787
-1206
-644
280
489
-204
-872
-978
-797
-697
-463
102
486
229
-301
-525
74
826
1303
1493
1552
1666
1560
1853
2317
3057
3864
4160
4083
3760
3782
4183
4677
5087
5056
4598
3941
3375
3678
4217
4362
3766
2623
1562
993
1044
1335
933
75
-1098
-1862
-2246
-2615
-2847
-3055
-3440
-4010
-4698
-4847
-4641
-4675
-4883
-5045
-4859
-4840
-5061
-5076
-4821
-4401
-4290
-4359
-4264
-4142
-4244
-4285
-4045
-3773
-3559
-3938
-4099
-4274
-4464
-4644
-4642
-3774
-3122
-2994
-3768
-4817
-4406
-3090
-1356
-983
-1964
-2508
-1899
-134
1574
2116
2010
1665
2037
3177
4342
5414
5386
4847
4521
4691
5576
6227
5983
5339
4507
4441
4603
4426
3951
3401
2998
2401
1702
1545
1653
1762
1312
520
228
-29
-245
-434
-236
-3
-241
-1020
-1525
-1612
-1238
-1042
-925
-910
-1324
-1617
-1518
-836
-115
-97
-305
-276
-40
534
1271
2014
2277
2214
2237
2880
3654
3916
3915
4091
4519
4904
5027
4995
4902
4709
4504
4573
4584
4103
3362
2609
2068
1751
1312
701
-115
-995
-1660
-2041
-2312
-2790
-3420
-4116
-4596
-4725
-4858
-4946
-5124
-5484
-5705
-5716
-5457
-5094
-5080
-5341
-5536
-5210
-4660
-4104
-3848
-4025
-4391
-4718
-4468
-3919
-3441
-3318
-3628
-4171
-4419
-4470
-4118
-3939
-3398
-2749
-3073
-3199
-3706
-2941
-1547
-590
206
-274
-823
-509
721
3011
4223
4046
3465
3000
4083
5399
6512
6957
6204
5429
5034
5196
6287
6482
6266
5408
4662
4471
4115
3829
3574
3251
3089
2550
2003
1546
843
601
414
588
437
-486
-1520
-2042
-1677
-952
-850
-1368
-2309
-2995
-2994
-2530
-1641
-1112
-1549
-2302
-2665
-1972
-752
-73
204
-16
60
407
1358
2509
3014
3416
3237
3676
4547
5047
5418
5248
5135
5238
5306
5667
5441
4922
4333
3879
3868
3482
3014
2340
1229
484
-219
-721
-1015
-1684
-2216
-3195
-4090
-4733
-5171
-5184
-5403
-5773
-6027
-6385
-6387
-6386
-6173
-5796
-5693
-5564
-5549
-5360
-4988
-4772
-4492
-4143
-3798
-3581
-3590
-3483
-3250
-3041
-2691
-2513
-2414
-2368
-2599
-2519
-2455
-2154
-1762
-1780
-1163
-738
-560
-549
-1218
-467
622
1785
2287
1368
1002
1289
2551
4203
4738
4798
4094
3499
4300
5244
6450
6359
5169
4508
4343
4979
5623
5285
4950
4048
3492
3205
3010
3195
2820
2246
1737
1033
743
359
199
261
-86
-458
-1172
-1738
-1921
-2016
-1835
-1629
-1838
-2126
-2544
-2431
-2070
-1605
-1214
-1118
-1055
-997
-692
-27
642
1122
1230
1148
1613
2236
2945
3486
3607
3297
3097
3326
4181
4943
4680
3804
2962
2918
3507
3942
3695
2565
1217
470
351
657
495
-196
-1533
-2972
-3628
-3475
-3257
-3457
-4326
-5299
-5862
-5894
-5584
-5351
-5323
-5521
-5654
-5617
-5560
-5336
-4900
-4485
-4080
-3925
-3737
-3454
-3212
-2970
-2664
-2119
-1397
-1147
-1348
-1499
-997
-294
164
297
296
214
92
283
485
1078
932
550
33
-28
400
1146
1227
1115
493
182
478
852
1725
1943
1572
1030
885
1715
2780
2959
2814
2242
2584
3067
3494
3741
3530
3274
3249
3166
3539
3526
3275
2966
2508
2553
2466
2175
1819
1470
1426
1381
1015
608
-9
-115
0
35
-83
-526
-840
-870
-792
-338
-131
-214
-557
-861
-576
-14
501
723
485
216
158
363
855
1058
1053
814
703
769
802
1077
1298
1140
717
491
419
757
770
544
243
-193
-332
-454
-481
-558
-955
-1209
-1402
-1465
-1457
-1704
-1822
-2002
-2328
-2472
-2652
-2660
-2450
-2609
-2798
-3078
-3085
-2953
-2937
-2915
-2873
-2728
-2597
-2644
-2546
-2251
-1753
-1349
-1298
-1282
-1130
-778
-393
-120
226
460
465
425
606
976
1155
1243
1218
1277
1124
1019
1163
1355
1395
1056
489
264
-52
-239
-489
-543
-175
-552
-905
-1278
-1507
-981
-997
-673
-535
-998
-1293
-1454
-524
790
1085
903
343
387
1255
1905
2791
3015
2508
2024
1723
2500
3456
3627
3495
2774
2499
2403
2496
2937
3115
2871
2355
1682
1573
1581
1695
1939
1664
1146
403
3
161
319
288
-32
-486
-832
-1339
-1525
-1455
-1413
-1617
-2165
-2500
-2600
-2792
-2940
-2985
-2801
-2763
-3055
-3205
-3202
-2699
-2570
-2412
-1969
-1684
-1441
-1735
-1662
-922
-131
360
264
62
184
266
877
1418
1737
1458
805
686
1038
1464
1838
1526
1051
368
-4
325
709
889
496
-93
-311
-373
-192
49
29
-87
-469
-624
-494
-166
165
223
173
194
136
240
326
462
636
701
713
516
363
535
732
834
687
280
65
-124
24
16
-232
-455
-813
-994
-1240
-1296
-1262
-1444
-1719
-1894
-1769
-1616
-1589
-1860
-1905
-1662
-1381
-1010
-978
-866
-833
-700
21
806
1483
1609
1364
1486
1899
2712
3421
3485
3229
2889
2804
3195
3554
3797
3536
2919
2527
2318
2429
2411
2129
1703
1077
603
230
-128
-363
-676
-1059
-1458
-1962
-2383
-2734
-2953
-2975
-3086
-3408
-3774
-4052
-4159
-4100
-3986
-3853
-3942
-4084
-4156
-3928
-3432
-3050
-2854
-2725
-2532
-2114
-1509
-1098
-634
-280
190
874
1269
1658
1951
2386
3104
3563
3937
4022
3956
4107
4236
4586
4721
4439
4000
3451
3171
3223
3065
2757
2068
1485
1085
684
430
84
-222
-475
-867
-1057
-1201
-1430
-1640
-1831
-1616
-1388
-1465
-1669
-1691
-1353
-965
-807
-762
-769
-688
-669
-493
-46
268
229
11
-68
67
243
331
269
132
13
-147
-130
-76
-42
-216
-410
-474
-477
-589
-784
-941
-944
-1108
-1504
-1742
-1877
-1720
-1701
-1751
-1825
-2132
-2415
-2466
-1922
-1317
-1460
-1982
-2245
-1785
-984
-567
-329
-269
-437
-469
-193
664
1454
1407
1013
737
1049
1620
1792
1835
1550
1131
811
837
1148
1078
593
143
-256
-422
-573
-746
-858
-1191
-1600
-2008
-2194
-2139
-2198
-2221
-2174
-2152
-2130
-2165
-2057
-1739
-1353
-1011
-761
-677
-546
-340
124
642
976
1231
1333
1387
1733
2007
2440
2684
2654
2683
2627
2824
3012
3094
3229
3105
2972
2845
2755
2915
2940
2908
2593
2172
2019
1945
1882
1734
1385
1056
667
393
380
278
41
-335
-694
-915
-1078
-1067
-1135
-1222
-1322
-1560
-1571
-1397
-1147
-985
-1049
-1042
-891
-738
-461
-201
76
138
55
250
556
806
833
727
734
806
838
768
539
396
158
-3
-166
-467
-704
-1128
-1429
-1480
-1681
-1917
-2388
-2793
-2896
-3049
-3104
-3259
-3424
-3546
-3843
-3863
-3889
-3838
-3577
-3375
-3381
-3487
-3516
-3142
-2470
-2028
-1767
-1811
-1643
-1260
-740
-103
429
753
907
928
1378
1935
2411
2745
2774
2753
2846
2966
3249
3438
3397
3327
3189
3012
2840
2848
2789
2476
2021
1694
1621
1597
1355
1020
830
680
327
24
-35
139
55
-340
-568
-554
-471
-454
-435
-273
-191
-351
-407
-187
240
397
338
291
491
840
1163
1387
1610
1681
1576
1559
1688
1978
2111
2011
1924
1872
1886
1869
1759
1646
1518
1308
1019
811
741
537
320
117
-109
-308
-634
-1028
-1141
-1094
-1079
-1253
-1447
-1586
-1665
-1634
-1490
-1298
-1251
-1404
-1514
-1339
-980
-671
-693
-836
-739
-509
-360
-300
-308
-301
-339
-338
-416
-451
-528
-730
-881
-1037
-1152
-1256
-1475
-1617
-1864
-2069
-2134
-2245
-2384
-2611
-2755
-2788
-2861
-2946
-3086
-3019
-2989
-2925
-2768
-2728
-2543
-2525
-2498
-2291
-2013
-1739
-1584
-1527
-1232
-890
-592
-471
-254
133
523
869
1126
1323
1483
1772
2177
2660
2819
2835
2784
2899
3216
3439
3511
3507
3238
2997
2878
3107
3327
3150
2608
2087
1940
1994
1959
1823
1481
1013
693
573
769
837
698
391
-1
-98
33
250
398
245
63
-192
-271
-119
34
152
-39
-258
-412
-440
-381
-206
-100
-164
-355
-551
-589
-466
-237
-62
-94
-187
-359
-389
-253
-55
147
161
22
-110
-104
17
116
133
26
-148
-286
-346
-208
-7
-32
-251
-403
-427
-275
-263
-299
-341
-331
-357
-445
-417
-424
-398
-384
-376
-330
-405
-557
-592
-513
-368
-330
-390
-570
-728
-828
-873
-766
-656
-716
-959
-1152
-1253
-1247
-1286
-1319
-1296
-1314
-1504
-1667
-1637
-1380
-1169
-1132
-1236
-1226
-1176
-1122
-913
-582
-204
-198
-371
-388
-75
288
485
505
482
437
453
539
804
932
811
651
548
631
852
949
955
886
790
929
974
1110
1044
1040
1145
1280
1337
1328
1333
1437
1467
1630
1808
1766
1651
1395
1351
1485
1570
1548
1411
1163
1036
877
924
881
842
762
584
319
62
55
167
203
69
-121
-342
-533
-718
-735
-648
-566
-734
-1037
-1309
-1382
-1290
-1233
-1157
-1182
-1334
-1426
-1446
-1397
-1254
-1012
-796
-713
-872
-954
-736
-319
130
368
452
419
311
438
817
1208
1393
1311
1135
1072
1116
1283
1430
1488
1389
1159
966
835
869
936
917
782
488
216
152
166
216
177
35
-218
-465
-604
-546
-315
-223
-421
-741
-934
-919
-740
-646
-731
-964
-1129
-1191
-1122
-939
-860
-859
-952
-1026
-966
-860
-681
-446
-339
-309
-318
-242
-68
127
385
485
445
369
354
551
736
883
873
671
529
377
376
527
571
517
273
-66
-303
-390
-368
-450
-619
-838
-1036
-1173
-1325
-1422
-1291
-1104
-1068
-1180
-1411
-1354
-1183
-983
-730
-604
-443
-498
-562
-280
10
397
527
575
724
744
880
1082
1315
1458
1441
1412
1399
1382
1416
1521
1645
1630
1441
1175
1026
956
927
878
746
516
153
-196
-326
-305
-334
-523
-759
-899
-1079
-1263
-1374
-1327
-1233
-1169
-1283
-1341
-1291
-1174
-992
-865
-609
-412
-353
-312
-155
136
527
796
984
1101
1154
1256
1471
1888
2190
2189
2056
1922
1907
1953
2003
2048
1954
1714
1401
1206
1128
1076
949
798
527
210
1
-100
-72
-155
-405
-626
-788
-868
-867
-912
-989
-1091
-1162
-1164
-1076
-1003
-944
-927
-908
-839
-754
-669
-616
-566
-553
-529
-419
-272
-191
-170
-204
-237
-253
-199
-147
-149
-271
-397
-414
-417
-477
-681
-845
-931
-951
-1002
-1052
-1070
-1154
-1399
-1501
-1424
-1227
-1177
-1317
-1435
-1415
-1171
-971
-820
-905
-911
-826
-534
-227
7
-5
-79
-6
194
378
596
657
601
701
804
998
1065
1033
1004
1098
1239
1331
1269
1259
1159
1154
1191
1249
1252
1062
941
883
880
852
731
538
467
393
322
152
110
55
0
-65
-136
-158
-227
-315
-364
-287
-120
-120
-114
-45
-46
10
44
230
414
497
500
569
676
806
919
963
1043
1061
1096
1155
1176
1289
1385
1371
1293
1196
1182
1115
1018
950
930
818
518
246
110
16
-62
-152
-377
-662
-918
-1037
-986
-921
-990
-1214
-1468
-1643
-1605
-1499
-1423
-1416
-1533
-1633
-1695
-1645
-1458
-1300
-1272
-1437
-1523
-1374
-1183
-1046
-968
-876
-828
-880
-863
-719
-472
-347
-370
-365
-262
-144
-85
-94
-21
84
47
-17
-113
-67
112
121
82
-19
-23
80
102
135
142
175
221
210
285
383
400
299
264
356
395
367
243
199
194
167
80
32
25
11
-101
-200
-229
-313
-300
-372
-352
-221
-210
-206
-211
-178
-49
18
178
362
349
289
329
448
715
799
791
829
790
903
917
954
1058
1054
997
905
920
1004
1040
878
715
742
666
533
404
373
485
405
244
136
90
36
-46
-91
-58
-108
-278
-383
-327
-273
-324
-395
-397
-393
-420
-457
-449
-379
-416
-508
-448
-313
-319
-434
-521
-423
-318
-329
-330
-279
-252
-308
-394
-385
-260
-149
-153
-234
-274
-261
-247
-299
-240
-201
-205
-287
-403
-340
-272
-259
-261
-311
-296
-315
-344
-271
-179
-47
-24
-51
-57
-87
-63
22
131
191
182
146
121
157
187
202
197
182
199
168
94
83
104
86
96
44
-12
-89
-117
-40
46
57
51
30
49
99
101
122
111
158
232
227
211
196
199
205
163
100
-8
-104
-121
-75
-161
-297
-418
-493
-497
-561
-588
-543
-651
-692
-731
-654
-391
-435
-514
-632
-603
-348
-312
-305
-284
-296
-222
-249
-134
16
160
160
61
108
205
347
398
393
442
453
484
461
500
619
601
640
614
604
607
538
565
651
648
486
269
152
147
159
132
132
63
-183
-398
-410
-274
-197
-302
-457
-531
-515
-498
-506
-475
-409
-402
-396
-369
-241
-93
-10
105
230
335
351
396
524
681
824
851
844
811
857
937
964
932
818
721
605
600
514
312
115
-35
-55
-100
-222
-313
-414
-469
-557
-596
-545
-528
-526
-601
-655
-620
-540
-396
-315
-330
-370
-429
-389
-264
-116
-17
-39
-120
-158
-196
-185
-125
7
112
46
-42
-98
-70
7
16
-25
-113
-216
-229
-251
-292
-300
-335
-399
-574
-733
-788
-763
-768
-788
-864
-1011
-1217
-1320
-1259
-1168
-1092
-1186
-1259
-1313
-1270
-1066
-866
-702
-614
-632
-611
-458
-222
134
328
309
345
324
485
692
816
917
893
871
864
874
924
1017
1104
1029
876
759
742
812
872
841
744
558
385
315
338
382
374
249
120
28
13
43
110
157
129
45
-40
66
199
256
293
314
389
436
464
593
733
859
914
910
934
970
1029
1116
1253
1322
1278
1178
1093
1133
1207
1223
1158
1057
934
817
732
746
689
568
418
194
29
-70
-111
-142
-228
-438
-703
-877
-935
-898
-865
-906
-1016
-1120
-1216
-1218
-1100
-988
-903
-870
-913
-877
-815
-638
-412
-200
-121
-123
-152
-146
15
142
267
298
255
202
155
170
211
277
239
125
-8
-120
-144
-148
-185
-263
-437
-630
-707
-711
-727
-731
-771
-860
-969
-1056
-1054
-957
-894
-874
-846
-861
-848
-779
-665
-559
-401
-223
-157
-181
-136
30
287
433
456
492
538
505
521
599
724
849
769
709
690
680
657
578
578
555
457
390
290
283
257
273
340
313
260
134
74
192
320
384
351
295
329
385
478
567
621
597
551
573
656
793
850
849
831
737
688
672
731
809
792
717
582
442
365
341
334
299
184
32
-134
-209
-196
-167
-213
-415
-688
-834
-789
-721
-656
-706
-819
-918
-989
-907
-810
-774
-779
-780
-766
-715
-598
-504
-430
-381
-399
-351
-312
-209
-34
77
67
-5
-19
70
204
225
165
164
159
101
76
74
98
20
-90
-165
-217
-225
-247
-288
-376
-440
-487
-577
-608
-644
-651
-635
-617
-546
-539
-612
-677
-645
-483
-373
-350
-327
-333
-255
-127
10
139
170
176
159
149
209
322
460
431
386
368
388
458
473
521
539
553
517
558
671
687
659
641
670
661
618
632
633
614
584
541
570
496
397
324
278
317
356
328
297
259
239
199
206
265
265
230
137
62
93
164
184
168
118
137
92
76
61
29
76
90
58
115
130
45
-63
-7
148
210
195
120
10
-39
10
110
160
43
-89
-254
-237
-113
-57
-67
-193
-290
-363
-429
-392
-296
-214
-222
-327
-434
-477
-409
-299
-122
84
37
-62
-84
-57
-6
-116
-221
-252
-299
-319
-252
-116
44
141
166
221
172
81
129
154
142
146
133
145
71
-38
3
120
208
205
89
-34
-78
50
169
225
106
-102
-239
-240
-88
56
48
-89
-237
-266
-162
-68
18
-46
-160
-183
-142
-71
23
46
56
45
3
14
57
125
121
74
95
103
86
67
101
163
110
90
84
28
-18
-28
7
32
-3
-48
-63
-97
-82
-96
-135
-178
-254
-216
-211
-230
-257
-253
-204
-166
-105
-83
-11
73
85
94
150
210
257
226
259
300
271
292
300
299
331
368
369
299
229
257
324
334
300
255
219
251
240
183
147
54
-27
-90
-154
-129
-141
-185
-165
-175
-220
-248
-212
-215
-212
-245
-272
-214
-170
-180
-95
-22
64
94
55
117
125
112
142
129
168
259
253
244
228
222
297
320
292
274
267
265
282
330
295
231
145
73
104
86
5
-96
-206
-230
-281
-321
-373
-396
-408
-453
-464
-453
-484
-545
-574
-592
-525
-518
-518
-495
-520
-480
-439
-400
-344
-295
-263
-302
-283
-226
-173
-131
-135
-122
-124
-153
-158
-128
-128
-161
-201
-187
-139
-143
-198
-233
-227
-218
-195
-138
-120
-174
-222
-246
-173
-49
16
33
28
-10
-47
13
76
160
202
140
95
106
105
200
261
256
249
167
104
102
148
219
218
153
91
60
82
83
157
143
115
72
16
83
130
108
61
24
-16
-30
23
33
38
26
10
61
101
144
161
137
153
254
360
415
384
357
371
442
521
530
543
531
558
623
638
626
541
427
396
349
310
259
136
30
-67
-145
-190
-252
-323
-411
-472
-486
-501
-578
-633
-658
-670
-663
-658
-680
-681
-673
-684
-629
-523
-446
-424
-447
-443
-444
-433
-329
-226
-144
-170
-202
-147
-86
24
110
168
188
129
52
39
72
112
81
-3
-112
-211
-259
-291
-277
-330
-450
-613
-724
-742
-733
-756
-832
-948
-1042
-1075
-1062
-1018
-949
-900
-906
-924
-849
-723
-621
-493
-450
-373
-251
-121
-4
73
189
336
433
503
545
579
654
737
848
931
938
869
801
786
842
898
876
829
700
609
592
592
613
586
460
363
333
273
290
307
286
252
189
192
220
190
169
163
208
241
197
179
166
152
133
145
185
194
164
116
99
125
103
87
35
-14
-18
-43
-43
-42
-69
-109
-116
-94
-58
-98
-153
-173
-208
-213
-242
-249
-219
-241
-278
-311
-381
-401
-402
-372
-364
-399
-403
-375
-295
-283
-263
-218
-210
-144
-60
21
71
84
114
137
194
256
301
312
284
278
298
263
220
134
46
43
41
-10
-55
-166
-289
-373
-460
-450
-461
-524
-606
-687
-692
-718
-732
-776
-858
-907
-977
-990
-973
-944
-909
-880
-833
-787
-674
-574
-503
-432
-338
-258
-193
-108
-31
93
231
325
379
442
476
501
562
625
735
772
736
720
694
727
743
738
773
800
812
744
645
612
617
625
561
443
336
250
200
195
125
66
-6
-177
-317
-357
-315
-275
-300
-396
-426
-464
-485
-456
-470
-501
-496
-528
-543
-502
-494
-478
-431
-365
-304
-255
-216
-160
-71
-46
-1
55
23
-6
-28
-9
42
64
59
23
-29
-72
-42
38
62
56
-15
-97
-88
-81
-80
-125
-206
-239
-244
-228
-174
-137
-145
-155
-169
-187
-179
-169
-183
-217
-240
-272
-291
-302
-287
-274
-282
-304
-304
-285
-269
-280
-313
-317
-323
-364
-374
-305
-228
-184
-173
-163
-119
-53
-9
40
136
186
194
173
220
336
389
423
429
407
413
423
447
460
383
347
266
217
233
258
225
131
48
30
66
82
92
98
89
32
44
41
70
100
62
32
11
-14
21
66
75
136
121
78
99
150
188
199
183
178
245
294
300
326
338
344
336
345
396
414
379
345
334
291
286
247
215
193
135
99
59
37
12
0
-34
-68
-87
-94
-73
-43
-25
-36
-42
-52
-29
-16
-35
-8
28
29
32
16
28
63
91
117
87
115
122
87
63
68
92
96
99
76
115
122
155
185
210
233
237
226
237
291
342
377
360
344
333
337
357
353
352
302
238
211
176
167
131
80
49
0
-21
2
33
69
61
36
-8
-25
-14
-25
-47
-137
-199
-221
-198
-189
-232
-287
-318
-335
-293
-257
-203
-141
-188
-194
-159
-135
-92
-72
-86
-80
-117
-134
-128
-93
-77
-87
-96
-131
-142
-158
-118
-63
-56
-104
-146
-164
-126
-105
-109
-109
-138
-179
-191
-174
-144
-127
-181
-263
-343
-356
-348
-339
-340
-366
-361
-371
-366
-340
-308
-247
-206
-254
-264
-252
-282
-259
-194
-112
-70
-11
44
91
111
111
182
191
195
232
222
213
192
170
185
173
155
168
186
147
106
95
92
78
24
-2
-35
-87
-102
-118
-105
-54
-98
-123
-133
-117
-18
36
43
51
69
109
153
242
351
401
410
412
416
462
517
525
527
488
475
476
471
448
418
403
371
371
358
301
258
252
262
250
250
247
195
126
59
43
66
73
14
-66
-140
-161
-173
-213
-237
-247
-292
-371
-421
-431
-431
-424
-438
-455
-455
-426
-419
-410
-394
-367
-333
-306
-289
-274
-275
-273
-221
-165
-135
-132
-96
-72
6
62
84
101
110
131
149
198
185
161
158
113
91
87
68
73
30
-29
-76
-114
-104
-138
-176
-187
-180
-176
-174
-168
-134
-91
-44
-19
0
51
105
174
251
318
400
473
545
594
615
631
638
635
633
637
636
631
577
554
510
487
466
422
372
267
189
192
184
141
136
124
115
123
101
84
105
94
93
122
145
138
130
86
94
135
122
85
59
40
69
92
61
72
63
74
95
133
177
167
163
144
126
167
204
215
202
166
153
174
160
138
114
101
26
-12
-56
-100
-100
-161
-190
-186
-216
-259
-326
-354
-347
-390
-429
-487
-548
-595
-651
-633
-624
-660
-664
-670
-660
-656
-661
-621
-625
-635
-618
-621
-557
-502
-435
-389
-385
-371
-350
-293
-267
-245
-229
-237
-228
-201
-137
-102
-111
-121
-106
-56
9
82
124
125
113
107
137
148
173
175
138
132
119
164
173
152
124
70
26
17
49
131
160
117
57
43
76
91
90
89
110
120
125
99
119
181
199
209
212
180
208
228
209
216
184
160
144
124
104
87
70
70
94
111
66
15
18
41
88
89
97
87
18
-20
-14
10
19
25
27
18
17
27
81
133
120
62
55
47
42
32
52
104
106
89
86
105
129
138
140
120
72
82
100
146
141
84
41
31
21
3
-52
-113
-108
-128
-126
-97
-47
-35
-61
-86
-98
-97
-122
-83
-20
7
19
-17
-45
-25
-17
6
-8
-4
-31
-88
-100
-97
-67
-70
-87
-114
-132
-129
-107
-108
-117
-145
-136
-146
-157
-126
-116
-115
-132
-135
-109
-66
-38
-46
-10
28
35
34
32
56
84
60
56
100
143
174
194
186
226
262
262
266
270
249
218
172
124
124
132
154
136
98
76
61
45
13
-63
-107
-115
-131
-150
-164
-178
-153
-98
-86
-67
-64
-76
-78
-65
-43
-31
-14
-37
-48
-9
77
164
205
222
193
165
174
246
301
283
252
192
172
173
199
241
237
205
157
110
132
159
152
120
91
77
63
82
131
172
116
74
71
86
89
43
-26
-68
-95
-101
-100
-96
-97
-106
-132
-134
-124
-169
-173
-181
-192
-192
-206
-223
-241
-266
-263
-241
-247
-232
-197
-159
-112
-97
-79
-39
-73
-98
-86
-92
-69
-63
-86
-72
-62
-60
-71
-78
-56
-35
-47
-121
-181
-204
-199
-225
-266
-295
-308
-321
-343
-343
-350
-332
-331
-331
-321
-299
-276
-291
-260
-242
-205
-183
-156
-132
-133
-131
-93
-73
-106
-128
-105
-76
-46
-20
-26
27
32
0
-24
-10
8
14
16
4
-9
-13
10
-18
-38
-24
-76
-137
-141
-163
-164
-138
-123
-110
-121
-139
-149
-89
-28
-3
-10
-44
-49
-23
12
87
123
114
159
204
225
246
303
319
334
365
369
421
453
434
428
393
344
323
310
315
301
268
229
244
224
194
167
109
50
-21
-50
-39
-43
-51
-49
-41
-67
-118
-108
-89
-84
-92
-88
-71
-53
-44
-37
-50
-51
-66
-77
-57
-67
-96
-114
-63
-3
25
7
5
64
143
174
177
167
143
135
123
73
73
83
85
117
119
71
12
-15
-34
-51
-72
-105
-156
-166
-193
-216
-213
-205
-220
-259
-294
-276
-210
-217
-259
-287
-297
-281
-265
-196
-128
-93
-60
-3
71
88
95
103
136
180
181
192
239
270
290
327
345
321
304
282
284
275
252
225
193
203
196
199
200
216
206
147
94
41
10
47
50
46
46
43
101
109
113
96
91
97
73
55
124
163
181
188
162
135
125
131
93
79
98
100
104
64
52
76
62
81
93
81
80
54
52
92
91
79
51
4
-4
6
72
126
143
141
163
197
198
196
184
180
158
158
122
89
61
18
37
53
72
93
60
46
22
22
27
-17
-61
-59
-42
-27
-21
-28
-82
-115
-119
-112
-95
-161
-198
-201
-212
-223
-217
-235
-255
-253
-291
-321
-286
-280
-258
-262
-304
-327
-335
-312
-286
-214
-175
-164
-175
-198
-214
-190
-146
-135
-122
-113
-127
-160
-137
-110
-90
-44
-37
-12
-22
-19
27
30
4
-6
-10
-12
-29
-23
8
6
31
58
86
91
115
141
150
155
144
115
140
158
164
185
177
197
205
143
123
127
72
51
22
-18
-23
-7
-35
-64
-84
-113
-123
-99
-95
-79
-35
-2
0
-26
-86
-92
-55
-61
-64
-72
-47
-20
0
44
78
88
118
142
129
97
97
83
46
75
105
141
171
163
163
174
203
212
143
113
126
167
215
275
320
294
241
200
162
155
136
110
123
113
135
164
192
204
194
145
126
110
82
93
68
15
-11
-17
-1
-4
2
4
5
-2
-42
-82
-101
-85
-63
-68
-82
-68
-12
65
89
103
72
45
34
12
23
47
16
-3
0
-9
22
38
45
68
68
67
69
65
70
72
79
54
76
95
79
84
42
33
40
35
30
1
-24
-53
-70
-66
-63
-86
-115
-143
-134
-96
-83
-85
-53
-59
-87
-99
-83
-12
2
7
46
77
129
159
191
261
294
311
294
299
329
338
341
332
331
301
260
250
255
270
272
205
190
166
131
167
172
175
149
117
111
81
84
105
109
83
53
57
66
80
88
76
108
132
179
245
304
310
269
241
216
243
252
258
247
238
235
207
195
172
141
108
84
81
73
67
68
49
46
3
-43
-43
-39
-58
-80
-88
-61
-72
-92
-82
-69
-51
-30
-23
-38
-84
-124
-157
-145
-122
-97
-59
-93
-117
-84
-73
-57
-28
-37
-23
5
33
69
91
135
168
201
193
198
180
113
107
109
114
109
60
12
19
-14
-29
-37
-99
-135
-178
-211
-237
-236
-236
-256
-273
-315
-281
-226
-221
-250
-263
-294
-306
-263
-265
-266
-244
-255
-236
-235
-232
-203
-172
-155
-131
-129
-138
-122
-113
-132
-129
-109
-109
-36
-10
-24
-14
-12
17
19
-33
-45
-24
12
32
-2
10
12
-3
-33
-78
-85
-67
-15
8
-4
-10
-15
-20
-5
51
71
58
30
17
11
-10
-61
-80
-87
-98
-96
-100
-75
-67
-78
-84
-38
-4
-15
-17
-3
17
13
-7
3
26
11
-18
-27
-7
1
-25
-29
-9
50
54
-20
-60
-92
-80
-36
-27
16
58
45
73
77
89
97
57
33
1
-70
-89
-34
0
-11
3
37
75
89
14
25
67
67
62
48
48
66
85
101
122
159
188
140
89
101
85
77
45
12
1
5
32
80
115
95
82
74
97
90
85
62
81
116
129
169
185
206
184
179
201
214
209
194
145
91
39
29
13
-1
29
12
3
5
-27
6
-9
-38
-36
-45
-50
-83
-103
-120
-98
-79
-112
-156
-172
-140
-98
-72
-21
-18
-3
9
-1
38
60
76
117
138
159
165
192
206
167
169
158
105
94
89
117
124
118
95
62
62
26
41
68
21
7
-45
-65
-40
-46
-33
-42
-65
-48
-22
17
11
2
64
65
96
93
84
63
-19
5
30
7
-15
-48
-22
12
-32
-71
-99
-75
-30
-30
-42
-63
-89
-72
-66
-30
-16
4
41
5
-26
-34
-91
-114
-136
-194
-208
-250
-235
-200
-214
-239
-226
-211
-239
-255
-290
-327
-334
-325
-351
-359
-380
-387
-329
-325
-322
-315
-343
-374
-358
-306
-256
-230
-219
-239
-191
-200
-198
-157
-174
-153
-152
-170
-155
-150
-165
-160
-153
-154
-161
-168
-170
-189
-155
-136
-139
-133
-194
-236
-249
-240
-205
-183
-184
-179
-157
-129
-98
-92
-90
-62
-31
-33
-66
-99
-90
-66
-48
-22
-33
-19
-9
-20
14
48
86
61
33
15
-5
-28
-56
-73
-78
-88
-102
-88
-59
-44
-29
-19
-41
-52
-29
-11
25
28
-37
-49
-82
-113
-137
-156
-129
-143
-160
-177
-153
-99
-77
-60
-40
-39
11
75
151
185
174
179
192
193
204
207
210
197
182
166
166
232
244
231
247
243
223
190
171
182
142
92
72
52
39
-17
-79
-96
-102
-79
-74
-76
-48
-76
-70
-76
-99
-88
-95
-93
-83
-54
-9
21
46
9
-60
-87
-78
-5
38
21
-8
-26
19
24
13
-27
-28
-37
-71
-91
-103
-113
-115
-90
-73
-55
-88
-102
-107
-79
-61
-37
3
-23
-36
-59
-101
-99
-96
-80
-56
-103
-130
-139
-135
-104
-92
-103
-91
-58
-44
-39
-20
34
45
53
39
26
68
20
26
9
-51
-70
-100
-52
-29
-15
37
49
87
128
136
190
185
136
113
55
33
53
73
83
86
69
46
42
35
30
5
4
-10
-16
7
16
48
59
50
26
-11
-44
-60
-80
-95
-91
-134
-135
-166
-176
-134
-113
-123
-180
-200
-200
-184
-154
-147
-92
-82
-57
-24
-9
20
28
76
93
52
61
45
1
0
-16
-45
-55
-82
-101
-72
-44
-55
-44
-59
-116
-108
-62
8
85
75
60
106
147
188
200
193
208
190
148
106
55
44
66
114
136
143
143
111
138
136
120
104
84
43
5
-43
-47
-31
-70
-102
-138
-151
-179
-235
-310
-356
-320
-319
-306
-303
-329
-281
-256
-221
-157
-154
-154
-142
-174
-177
-174
-183
-187
-157
-163
-166
-133
-128
-124
-136
-124
-94
-78
-67
-24
-37
-39
-40
-41
-44
-44
-48
-55
-18
-33
-49
-43
-23
9
14
-3
-9
-18
-47
-84
-110
-117
-130
-163
-169
-149
-97
-22
-3
45
54
44
58
41
40
41
51
53
64
72
79
106
154
174
129
96
86
92
61
1
-1
2
-24
-56
-53
-39
-7
13
-11
-11
-17
-32
-10
3
-8
2
-11
-20
10
69
102
88
87
108
121
129
154
170
166
138
116
109
105
124
155
133
124
170
213
231
181
110
99
102
110
106
108
136
140
150
147
137
162
188
206
177
158
152
164
171
136
129
112
86
61
18
-6
14
21
46
89
77
63
44
68
96
104
71
36
35
59
77
92
91
64
66
59
94
105
108
97
98
95
59
59
59
75
91
66
46
29
28
28
1
-26
-29
-42
-73
-61
-60
-59
-31
-44
-68
-75
-79
-93
-119
-149
-168
-145
-124
-91
-122
-151
-128
-111
-95
-82
-62
-40
21
40
59
73
88
129
142
136
144
161
219
234
221
231
259
319
319
285
263
223
228
221
204
222
203
216
183
143
129
84
76
29
-22
-29
-36
-63
-101
-103
-95
-109
-129
-155
-166
-169
-163
-123
-112
-114
-130
-121
-79
-64
-86
-146
-202
-259
-273
-257
-242
-239
-227
-190
-179
-200
-192
-181
-196
-215
-233
-277
-271
-247
-245
-228
-204
-208
-171
-100
-70
-22
13
18
43
100
101
131
132
122
151
137
155
177
197
179
158
144
94
61
79
99
103
94
63
52
35
29
40
62
40
43
40
13
21
23
43
87
79
58
51
24
15
-14
-18
-38
-34
-21
-12
37
29
30
54
38
48
82
87
102
114
109
99
117
124
122
152
149
174
223
205
207
197
191
175
164
161
152
168
183
173
191
238
262
224
187
181
181
195
181
153
179
208
200
209
202
179
138
64
4
-15
-52
-43
12
56
93
109
102
96
119
110
77
34
2
-11
-21
-48
-59
-64
-73
-64
-81
-72
-125
-132
-98
-65
-42
-34
29
43
61
111
140
160
214
250
254
254
245
199
180
218
282
323
305
296
301
305
261
201
152
109
83
83
104
64
34
-6
-25
-38
-39
-22
-33
-30
-32
-94
-139
-151
-147
-101
-50
-61
-97
-87
-26
52
110
144
127
105
115
141
178
199
196
223
241
260
239
182
126
85
76
94
138
155
185
188
171
198
219
227
239
264
275
275
215
171
153
137
165
199
158
140
132
115
135
101
69
45
7
-37
-46
-66
-76
-89
-147
-185
-206
-269
-269
-243
-234
-236
-262
-273
-301
-302
-286
-236
-222
-214
-231
-254
-241
-187
-128
-117
-116
-171
-197
-210
-216
-192
-156
-110
-89
-91
-115
-166
-170
-142
-152
-126
-103
-104
-98
-102
-117
-52
-28
-46
-57
-87
-107
-82
-47
-27
-23
-46
-63
-42
-61
-93
-96
-148
-157
-117
-106
-109
-100
-94
-28
32
58
87
97
85
74
66
59
43
-10
-43
-13
20
40
71
71
69
68
41
36
85
106
171
200
194
202
188
204
171
157
158
123
88
19
-26
-42
-55
-70
-83
-90
-56
-41
-21
13
29
80
92
96
76
60
73
92
87
73
67
41
-10
-71
-101
-70
-15
11
24
51
72
96
109
118
128
81
75
88
85
68
54
73
111
97
39
33
7
-16
-43
-90
-90
-101
-102
-67
-77
-96
-120
-106
-76
-95
-114
-115
-81
-48
-28
-20
-19
-24
-13
2
13
30
10
5
30
55
46
32
15
7
4
-31
-47
-10
16
15
26
25
36
22
-22
-42
-74
-62
-58
-73
-70
-90
-128
-177
-207
-183
-170
-152
-130
-157
-130
-96
-77
-73
-59
-42
-8
54
114
159
196
209
219
253
257
262
243
207
219
198
178
199
182
159
158
141
132
148
180
193
175
151
159
161
165
165
142
116
96
69
26
7
10
-16
-39
-45
-74
-111
-122
-129
-138
-142
-141
-129
-100
-118
-149
-171
-197
-215
-217
-229
-262
-286
-278
-250
-220
-156
-116
-114
-131
-152
-106
-43
-34
-50
-88
-82
-44
-5
26
62
76
57
66
103
141
142
114
93
91
108
120
98
69
32
16
18
16
-11
-15
-37
-59
-81
-120
-111
-78
-70
-83
-88
-90
-84
-55
-43
-68
-84
-104
-140
-179
-188
-148
-130
-151
-166
-188
-226
-250
-248
-222
-201
-161
-146
-126
-101
-83
-41
-21
-38
-40
-65
-60
-42
-41
-65
-73
-50
-47
-58
-61
-52
-57
-41
-61
-67
-52
-94
-124
-142
-157
-164
-203
-208
-201
-195
-179
-168
-163
-160
-131
-116
-109
-102
-92
-85
-53
-20
-20
-9
-12
6
41
25
30
42
33
16
13
0
6
14
28
35
21
-6
-8
19
14
-22
-19
-13
-33
-21
-8
-7
-6
-26
-31
-6
12
19
19
12
8
2
4
4
14
-5
-21
-8
-28
-9
-36
-85
-87
-115
-130
-113
-104
-77
-59
-77
-73
-56
-61
-40
-66
-100
-106
-65
-34
-14
0
-27
-54
-70
-43
-45
-67
-63
-50
-47
-21
-5
-30
-49
-53
-64
-70
-63
-67
-56
-51
-84
-96
-95
-80
-42
-36
-28
8
15
19
7
-11
-20
-24
4
23
4
-12
4
32
25
20
14
24
73
93
98
87
47
9
-2
18
26
30
19
12
16
19
-9
-44
-60
-71
-47
-73
-94
-62
-26
-3
-18
-55
-73
-55
-41
-41
-46
-20
2
27
73
89
82
84
84
84
59
8
4
4
-11
-32
-83
-103
-88
-59
-30
-42
-37
-32
-32
-7
0
13
6
-17
-11
-3
-27
-45
-66
-75
-58
-23
14
38
37
26
14
28
77
124
151
151
147
139
138
147
148
118
114
90
89
106
94
