129
204
148
180
191
206
180
165
170
175
185
204
205
224
221
207
60
-14
8
-6
4
-3
2
-2
2
-1
1
-1
0
0
0
0
1
0
0
0
0
0
0
0
0
0
0
0
0
0
0
0
0
0
0
0
0
0
-1
0
0
0
0
0
0
0
0
0
0
0
0
0
1
0
0
0
0
0
0
0
1
0
0
0
1
1
0
0
0
-1
1
1
0
0
0
0
0
0
0
1
0
0
0
1
0
0
0
0
0
-1
0
0
0
0
0
0
0
0
0
0
-1
-1
-1
0
0
0
0
-1
0
0
0
0
0
0
0
0
0
1
0
1
0
0
0
0
0
0
1
-1
0
1
-1
0
0
0
0
0
0
0
-1
0
0
0
-1
0
-1
1
0
0
0
0
-1
0
0
0
1
-1
2
-4
5
-10
86
124
87
68
55
62
30
23
26
12
-12
17
55
53
45
65
88
63
51
55
98
144
113
124
138
150
173
178
192
204
192
198
217
221
226
206
174
149
154
175
200
163
128
135
131
140
176
177
138
98
81
115
135
154
177
163
160
157
131
130
119
105
111
129
149
181
204
212
225
208
193
184
168
154
149
144
168
189
198
65
3
9
-11
1
-8
5
13
11
11
-1
-6
-7
-10
7
3
7
-8
-6
-4
-2
-5
-6
-8
-2
0
16
12
-4
-1
3
-4
-9
1
-3
0
-3
-2
5
15
7
1
-12
-12
-13
-8
1
0
9
7
12
7
5
3
5
1
2
-2
0
8
-1
-7
-14
-8
6
7
-12
-9
-4
-2
3
2
-7
2
1
-12
6
4
-4
2
6
11
10
6
-4
-4
-13
-8
-6
6
9
4
5
-7
7
6
5
7
-7
-2
-7
-8
-10
-7
7
1
0
5
-5
0
-1
5
10
4
12
8
-3
-5
-9
-5
-2
4
-3
7
8
-4
-4
-10
-1
5
-4
-16
-6
-1
-7
4
11
2
-10
-8
-7
4
5
-3
6
3
-14
-14
2
12
1
0
-6
-6
1
-4
-4
-4
-3
6
6
8
-5
-5
-4
3
8
-9
0
5
-4
2
-2
-1
12
8
-5
-6
-4
-9
-3
0
-2
-7
-3
-16
-18
-9
-15
-4
2
11
7
-16
-11
-7
-4
4
5
-3
8
14
6
-8
-2
-3
-1
2
-8
6
3
2
4
3
2
3
-5
-10
-12
-8
-2
17
7
6
8
1
-1
-4
-6
3
13
15
11
3
6
-1
4
0
8
13
-9
-11
-12
-10
8
-7
1
12
-5
9
-6
-1
4
-7
-14
-13
-5
-1
6
-5
-7
1
-4
-4
-1
-5
-1
6
-7
4
4
-4
5
6
-4
1
2
-8
8
1
-6
6
1
-5
-11
-2
1
6
0
-14
4
-1
-9
-5
-13
-2
4
-3
-3
-13
-1
1
-2
6
-6
-1
1
-3
-4
4
-2
0
1
-1
9
3
4
1
4
0
0
7
1
9
15
0
-1
1
-10
4
4
-3
-4
-3
6
-6
-9
1
-4
-4
-2
1
4
-4
-2
-8
3
4
-5
9
-2
-7
1
6
-2
2
12
1
6
-6
0
14
-8
-1
1
0
-7
2
-4
-2
3
-5
1
-3
0
6
-1
1
-4
-3
-4
-2
-1
-4
18
9
7
19
-5
8
10
16
40
36
17
0
-24
-4
11
18
27
10
27
8
-2
-4
-19
-15
-11
-12
-8
-6
-11
-3
-6
12
18
3
12
21
7
6
8
-3
-15
-22
-19
-19
-24
-7
-11
-12
-14
1
27
23
28
22
6
4
1
19
37
12
2
13
26
18
17
8
7
9
0
-24
-32
-27
-13
18
8
-1
-1
-9
-10
-19
-22
-16
-9
-10
-6
1
6
-21
-33
-14
-4
-1
-18
-11
-15
-19
-11
-4
-4
11
20
10
2
15
19
24
28
10
19
25
-9
-18
-7
11
37
32
22
18
8
8
29
19
1
3
12
10
26
32
17
7
-14
-15
9
33
25
18
-11
-27
-10
2
3
-6
-34
-43
-34
-32
-8
-4
-27
-26
-15
-5
14
-14
-27
-19
-32
-15
0
-5
-15
-18
-11
21
23
0
-15
-25
2
30
24
26
34
18
13
17
20
1
15
17
28
28
6
8
9
1
11
2
-12
-11
-12
-5
-2
-10
-6
13
7
-15
-15
-13
-8
-10
-18
-23
-23
-2
4
12
9
-10
3
10
23
1
-16
6
13
15
7
-6
-13
-14
-29
-28
-22
-28
-33
-19
-10
-27
-37
-18
9
35
18
-5
-17
-22
5
12
-7
-7
5
14
10
-11
-27
-24
-20
-7
6
0
-3
-8
-5
16
-2
-31
-41
-32
-31
-25
-7
18
44
13
-28
-48
-89
-93
-85
-42
-9
-9
3
-15
-4
-16
4
45
28
23
36
11
13
20
5
1
-1
14
-5
-12
-11
-12
-7
-32
-58
-63
-64
-21
23
46
40
-9
-5
-5
11
39
1
1
10
8
21
15
45
56
45
23
12
12
41
32
15
-13
-17
26
22
49
33
2
19
30
25
6
-31
-50
-33
-38
-46
-36
-20
-3
-13
-12
2
4
-5
-10
-29
-33
-4
21
36
41
6
7
0
14
47
35
20
3
-17
-2
8
14
20
9
12
3
-21
-33
-30
-15
-10
-1
-7
-1
-9
-15
-5
-3
29
42
37
38
18
12
15
17
49
16
4
-2
-20
7
34
24
18
25
40
30
7
3
2
26
13
-13
-7
2
-6
-8
-16
3
-11
7
34
51
75
36
43
13
18
42
33
55
48
36
6
-27
-28
-9
-14
-24
-42
-16
0
-6
4
18
-1
-14
-8
-10
-5
15
21
15
20
18
33
14
18
-3
-19
1
-1
3
8
15
10
-5
-13
-6
11
13
-5
-27
-14
-21
-4
-12
-22
-10
-9
4
26
37
6
-6
-17
14
37
29
22
18
5
13
11
-19
-37
-42
-35
2
21
-1
-21
-53
-57
-38
-16
-3
9
27
-9
-21
-6
-18
-33
-29
-44
-88
-118
-91
-25
29
29
38
46
51
71
68
65
68
48
39
40
4
-13
-18
-3
23
47
51
35
-3
-16
-6
25
35
8
3
-13
-20
-6
0
-3
-14
-12
-30
-42
-41
-23
-1
-37
-38
-59
-87
-48
-35
-37
-26
-11
5
8
-12
-38
-45
-33
5
13
9
-12
-27
-7
21
41
33
15
-2
-8
37
19
8
-13
-39
-18
-35
-36
-52
-42
2
10
-16
-47
-57
-65
-59
-49
-38
-71
-70
-54
-51
-18
2
-4
-9
-6
-38
-28
2
23
43
72
45
37
55
69
58
64
51
34
39
15
22
-2
-7
-16
-24
-11
-17
-12
-52
-82
-64
-68
-48
-34
-63
-66
-78
-81
-67
-49
-50
-47
-53
-35
-8
10
21
14
17
5
22
20
42
44
50
40
26
26
15
25
8
-9
15
-1
37
41
26
68
61
59
46
35
51
60
75
48
40
31
2
24
42
22
19
4
23
31
2
-48
-98
-102
-115
-110
-83
-73
-66
-61
-46
-26
-39
-24
-34
-43
-13
9
31
28
28
22
19
33
23
24
44
31
43
27
-10
-20
-49
-49
-56
-37
-11
-15
24
24
3
-16
-37
-37
-9
14
29
33
28
23
-8
-16
-17
-27
-54
-67
-38
-22
11
31
-12
-18
-14
-12
-3
14
25
37
50
49
88
138
110
48
32
19
8
-18
-70
-73
-68
-71
-36
-35
-29
-3
7
15
27
12
37
75
78
103
97
99
85
91
59
42
36
21
29
-2
-1
-11
-20
-14
-29
-58
-45
-24
-9
3
4
10
37
45
66
60
76
97
85
96
80
90
110
116
113
109
92
71
51
48
22
35
43
45
75
44
24
23
5
16
23
-25
-67
-74
-49
-16
-16
-50
-84
-84
-84
-113
-59
-73
-71
-47
-55
-20
-30
-27
11
18
74
104
103
115
71
29
1
-11
-12
-29
-13
0
15
46
24
10
2
-26
-41
-49
-30
-12
1
-11
2
38
38
0
-55
-81
-84
-48
-24
7
27
25
-1
12
16
27
64
51
53
71
77
80
106
102
76
33
-25
-32
-23
-14
6
-7
-38
-91
-121
-126
-120
-79
-55
-34
-21
-36
-20
-13
11
31
14
13
30
36
12
-12
-29
-31
-24
-14
23
69
102
129
137
145
108
97
111
89
76
80
87
120
132
112
97
43
18
9
-14
-36
-35
-76
-95
-93
-75
-54
-64
-63
-53
-51
-66
-48
-10
3
-25
-68
-81
-86
-60
-23
1
11
-9
-20
-31
-24
-32
-11
17
-6
-12
0
-30
-31
-40
-22
14
6
-7
-22
-10
24
60
96
92
61
35
7
25
18
0
-8
-5
-7
-29
-38
-46
-36
-46
-57
-79
-91
-92
-104
-75
-66
-41
-46
-28
-19
-46
-88
-113
-90
-102
-87
-77
-49
-55
-53
-23
-13
-34
-64
-37
4
-11
-46
-55
-40
-14
-18
-34
-25
-44
-65
-44
-49
-78
-102
-97
-83
-60
-33
-29
-47
-62
-59
-56
-45
-51
-72
-96
-109
-82
-71
-108
-127
-159
-164
-161
-173
-178
-196
-215
-185
-140
-133
-116
-114
-132
-138
-111
-110
-102
-60
-20
-4
21
10
-3
-7
-2
2
11
38
52
39
8
9
-10
1
24
61
56
26
6
-25
-43
-39
-35
-43
11
-3
0
-15
-34
-17
-39
-46
-89
-105
-92
-73
-50
-21
10
30
45
74
78
68
91
96
94
88
80
109
116
105
90
38
21
31
66
109
120
100
67
60
55
87
157
153
141
142
126
140
123
109
98
86
67
38
-3
-48
-24
2
-3
21
29
30
44
25
-6
-21
-23
-50
-59
-85
-96
-71
-75
-89
-70
-41
-29
-6
23
44
50
67
72
77
88
89
110
102
47
0
4
12
44
9
-2
-4
-18
-7
-39
-34
7
37
52
85
103
112
112
108
96
106
120
112
70
41
23
27
25
26
24
30
24
12
24
34
53
49
54
38
22
45
33
16
19
49
82
107
101
93
62
57
114
88
80
77
47
42
40
83
115
108
108
96
69
56
37
65
61
81
82
80
61
11
12
30
50
59
65
82
97
134
155
153
134
67
64
115
120
134
150
118
102
99
107
92
93
62
7
21
45
44
20
-18
-19
-6
4
-13
-9
-18
-27
-23
-34
-64
-40
-23
-5
14
10
33
22
-25
-40
-29
-28
0
-12
-25
-10
-24
-18
-14
-16
-14
24
52
54
71
82
112
146
129
138
94
48
40
54
87
118
143
204
195
165
145
107
94
84
106
93
85
102
58
-14
-82
-161
-176
-156
-127
-134
-138
-134
-132
-127
-90
-96
-96
-101
-124
-128
-130
-84
-93
-96
-106
-134
-155
-177
-195
-195
-202
-199
-162
-172
-216
-228
-242
-228
-172
-130
-149
-154
-144
-157
-189
-197
-205
-174
-165
-210
-236
-266
-232
-182
-143
-161
-139
-124
-116
-51
-43
-47
-47
-47
-31
0
1
-30
-35
-41
-50
-23
-25
-13
7
-6
-28
3
29
48
79
78
62
44
29
53
60
33
11
-15
-17
-14
-24
-42
-44
-55
-33
0
14
22
21
10
-3
-11
10
18
4
-4
-18
-20
-33
-62
-55
-50
-33
10
42
96
87
66
81
110
142
154
144
126
139
124
114
90
56
75
83
87
77
73
41
34
33
-12
-10
-28
-40
-30
-42
-59
-69
-58
-101
-124
-128
-140
-134
-156
-200
-168
-146
-144
-108
-111
-101
-69
-51
-30
-5
-27
-59
-104
-156
-236
-344
-350
-269
-191
-115
-81
-15
36
16
-29
-83
-96
-140
-150
-80
4
73
116
148
155
168
149
105
61
-1
-49
-58
-54
-48
-28
-27
-21
-15
-75
-152
-242
-322
-348
-341
-296
-266
-236
-218
-189
-129
-98
-88
-112
-128
-108
-80
-14
10
38
81
75
64
72
67
60
69
69
34
13
35
20
0
-11
30
66
55
64
64
52
56
73
105
110
125
152
167
175
186
174
176
200
234
252
259
270
205
175
168
154
145
158
137
96
64
29
-5
-26
-47
-91
-100
-92
-108
-125
-157
-164
-138
-101
-105
-83
-71
-53
1
11
6
17
26
49
73
75
94
121
171
199
223
263
271
248
209
175
165
158
151
167
143
102
103
113
152
134
112
83
57
45
66
88
72
101
86
58
63
72
75
104
137
142
135
107
110
150
185
172
145
144
150
177
197
237
256
243
202
134
112
101
88
94
71
2
-15
-15
-18
-31
-19
13
1
7
19
49
106
106
97
69
61
111
112
95
71
-14
-45
0
6
21
43
72
88
78
71
69
38
8
51
80
70
88
92
68
94
95
73
86
97
124
128
122
142
109
96
114
105
121
98
97
108
63
70
60
28
20
19
-14
-33
-84
-86
-59
-85
-70
-56
-87
-17
42
23
28
3
17
48
42
28
9
-19
-15
-10
-22
-22
-37
-55
-33
-11
-5
54
65
57
81
92
81
81
68
36
50
27
9
0
-15
-36
-34
-54
-87
-89
-110
-109
-94
-59
-38
-62
-101
-122
-134
-170
-199
-183
-134
-111
-116
-121
-148
-163
-181
-206
-234
-267
-274
-236
-175
-161
-168
-136
-142
-176
-172
-187
-159
-109
-88
-63
-45
-25
-59
-71
-93
-140
-150
-153
-159
-120
-101
-132
-150
-143
-133
-140
-158
-150
-163
-163
-144
-156
-144
-139
-162
-166
-145
-103
-98
-124
-93
-118
-126
-107
-118
-100
-136
-173
-170
-188
-197
-211
-254
-250
-247
-207
-204
-248
-276
-281
-282
-264
-226
-195
-206
-250
-260
-284
-285
-290
-245
-210
-192
-191
-208
-160
-149
-141
-140
-145
-149
-207
-225
-204
-191
-145
-129
-145
-155
-135
-142
-128
-118
-125
-116
-129
-151
-176
-189
-205
-202
-199
-186
-162
-131
-113
-129
-112
-91
-44
-19
19
31
-6
-26
-77
-93
-125
-148
-147
-145
-141
-111
-88
-112
-152
-204
-195
-194
-178
-176
-165
-160
-179
-164
-153
-137
-116
-111
-88
-57
-55
-61
-42
-46
-49
-37
-59
-49
-68
-86
-86
-84
-57
-32
-2
15
42
66
56
21
-10
-20
-35
-31
-34
-7
46
19
15
-3
-17
8
37
69
70
48
33
35
28
-27
-29
-40
-81
-67
-63
-77
-94
-130
-137
-118
-135
-162
-134
-131
-108
-68
-14
2
22
48
30
29
45
78
95
112
116
116
102
124
162
190
232
218
234
229
239
290
283
263
253
284
296
285
288
277
277
274
226
219
183
137
134
127
105
134
158
144
106
114
151
175
177
159
165
147
131
133
92
62
72
49
33
-10
-5
46
63
56
40
6
26
64
73
110
121
113
90
67
64
53
82
77
74
94
41
30
41
60
92
79
58
36
39
38
58
83
69
91
108
128
132
142
132
120
90
106
96
82
92
80
114
140
116
99
122
127
103
72
63
3
-52
-67
-83
-85
-90
-94
-54
-76
-67
-87
-98
-72
-68
-42
-17
-3
32
47
11
-35
-62
-57
-59
-39
-88
-142
-152
-184
-200
-169
-189
-181
-191
-210
-216
-245
-265
-299
-300
-296
-302
-305
-296
-295
-286
-287
-315
-303
-297
-269
-306
-336
-287
-241
-229
-213
-220
-221
-179
-192
-187
-181
-214
-219
-220
-216
-220
-231
-206
-186
-180
-196
-206
-168
-169
-184
-184
-179
-132
-104
-118
-121
-106
-121
-120
-132
-143
-102
-82
-108
-161
-186
-188
-128
-99
-112
-105
-139
-153
-127
-110
-158
-177
-180
-168
-169
-189
-177
-154
-145
-135
-92
-65
-62
-41
-20
9
46
6
-36
-79
-106
-119
-127
-113
-118
-109
-95
-84
-71
-90
-103
-89
-55
-2
-15
-18
-53
-104
-106
-117
-114
-109
-148
-156
-178
-176
-133
-128
-136
-137
-170
-188
-191
-214
-203
-209
-192
-198
-207
-192
-195
-141
-155
-151
-140
-169
-155
-194
-208
-209
-193
-159
-149
-113
-97
-60
-29
7
55
41
14
17
1
5
12
-11
-43
-59
-53
-61
-63
-56
-55
-14
12
10
48
24
22
36
0
-25
2
6
-16
-3
-1
41
33
31
87
113
53
59
49
44
68
47
36
9
-7
16
5
-20
5
15
8
1
-24
7
14
-3
-31
-40
-13
3
8
-25
-5
13
9
-17
-42
-69
-46
-13
-29
-50
-62
-33
-32
-57
-61
-52
-30
-23
13
29
17
47
67
57
48
49
53
74
74
107
147
217
251
227
236
259
269
307
319
310
285
236
196
187
178
143
119
88
66
62
50
31
29
-17
-16
-8
-56
-67
-73
-80
-46
-20
-17
3
11
-9
-19
-22
-21
-21
-28
-26
-12
-52
-55
-38
-6
48
86
106
135
129
105
84
91
117
103
75
66
100
121
127
101
65
13
-5
31
49
45
60
67
42
40
33
33
18
17
27
48
69
86
96
86
79
75
39
35
53
-2
6
20
45
74
89
127
155
143
114
99
121
164
170
119
82
87
95
90
70
65
72
92
61
78
84
15
-8
-21
-23
2
6
2
-27
-56
-83
-107
-91
-98
-57
-32
-4
63
74
81
91
46
41
54
50
72
71
70
75
81
87
90
90
87
78
81
68
65
67
57
60
18
-5
-7
6
31
39
22
40
75
73
80
80
66
80
86
84
112
96
75
71
52
30
-7
-34
-14
8
17
46
72
104
72
30
24
9
45
53
61
45
63
104
125
119
88
72
79
69
88
82
51
12
-47
-73
-41
-28
-24
-3
0
12
-8
14
-5
-20
-30
-12
29
59
58
37
1
-29
-30
-27
-8
-9
19
11
3
20
-17
-32
-13
-11
-32
-39
-35
-50
-84
-106
-128
-153
-123
-123
-109
-129
-139
-126
-156
-143
-161
-186
-202
-247
-225
-231
-263
-221
-210
-206
-186
-194
-186
-190
-208
-179
-166
-126
-116
-96
-45
-42
-3
24
37
81
74
45
42
11
-43
-61
-75
-120
-100
-73
-62
-58
-74
-88
-71
-66
-48
-25
-36
-37
-16
5
8
-18
-25
-31
-60
-44
-65
-53
-62
-74
-46
16
75
115
124
129
105
87
85
29
25
30
10
-15
-21
5
42
31
9
-6
-5
-3
32
37
7
-3
-13
-29
-53
-85
-117
-137
-129
-125
-113
-83
-71
-59
-66
-38
-2
3
-10
-57
-52
-45
-70
-69
-69
-51
-39
-67
-49
-54
-57
-74
-104
-59
-18
8
18
-11
-15
-18
-6
21
27
38
17
4
15
24
76
52
25
-16
-58
8
34
40
51
7
9
-25
-41
-53
-85
-40
-39
-22
-8
-23
-41
-61
-34
-18
14
44
9
-12
-7
17
45
5
0
5
12
33
26
51
68
60
57
61
58
66
55
52
58
71
95
86
46
74
124
134
141
127
132
153
165
155
175
183
203
222
224
223
249
267
273
256
253
270
281
280
242
230
233
268
278
269
271
285
297
339
371
383
405
384
364
390
395
411
446
420
366
340
326
328
325
299
303
299
284
296
334
340
312
260
208
195
181
166
243
244
238
223
193
198
160
137
164
156
124
117
110
88
71
71
50
38
26
21
51
38
44
27
-16
3
-39
-61
-37
-35
-14
8
17
-26
-54
-23
5
9
18
-13
-40
-13
21
48
50
45
27
4
23
46
46
42
32
39
18
10
10
-36
-49
-76
-97
-68
-90
-100
-124
-152
-122
-138
-154
-132
-148
-153
-145
-155
-178
-183
-170
-194
-170
-195
-233
-229
-237
-205
-206
-226
-220
-209
-220
-217
-218
-240
-243
-249
-215
-197
-231
-218
-189
-214
-214
-181
-168
-142
-128
-131
-142
-161
-156
-165
-148
-184
-234
-260
-273
-260
-264
-254
-234
-260
-248
-239
-250
-248
-254
-203
-169
-198
-216
-215
-213
-204
-225
-223
-235
-229
-229
-242
-202
-156
-125
-110
-154
-160
-111
-92
-50
-56
-77
-102
-107
-100
-73
-36
-32
-59
-61
-46
-52
-43
-42
-21
-11
-35
-44
-57
-75
-71
-83
-63
-66
-68
-61
-54
-14
-29
-23
-8
-12
-33
-68
-90
-84
-82
-86
-86
-98
-61
-87
-109
-89
-109
-90
-86
-86
-83
-81
-53
-26
1
6
-26
18
71
77
94
75
103
119
82
52
15
3
-1
-13
-34
-54
-64
-82
-105
-126
-132
-141
-124
-110
-98
-89
-139
-181
-212
-226
-216
-209
-182
-148
-138
-94
-83
-88
-81
-87
-102
-111
-122
-82
-57
-30
-37
-68
-43
-42
-46
-37
-44
-40
-35
-23
-2
-2
0
45
90
125
124
156
173
120
100
73
86
126
118
140
152
147
156
159
166
146
151
144
140
142
137
128
129
95
73
67
50
57
74
77
75
94
120
131
136
132
117
136
141
147
145
107
101
105
121
138
153
138
143
159
154
148
143
125
108
106
95
120
122
113
136
134
94
84
106
113
138
158
161
158
122
112
102
91
95
79
62
51
26
23
27
7
-6
-4
12
47
71
40
20
21
-9
32
28
11
25
17
41
52
36
22
31
-11
-46
-46
-66
-94
-135
-146
-121
-88
-103
-95
-68
-74
-113
-130
-156
-150
-100
-62
-58
-72
-91
-129
-132
-156
-169
-157
-184
-210
-197
-221
-231
-226
-219
-215
-182
-172
-165
-135
-94
-28
-23
-27
-19
12
0
37
58
45
32
23
5
-17
-16
-17
10
9
28
38
65
89
79
103
115
106
92
74
77
85
63
77
86
74
69
49
43
44
41
22
-5
-34
-21
17
50
55
41
18
28
47
31
16
52
129
157
164
151
168
166
151
143
130
132
145
139
137
141
113
86
48
52
56
48
23
2
-26
-46
-25
-39
-45
-27
-76
-100
-112
-132
-104
-55
-41
-29
-54
-65
-23
-27
-13
31
28
11
25
13
6
52
52
18
10
17
25
75
87
55
65
82
115
132
135
108
50
15
-17
-18
-30
-66
-55
-59
-74
-59
-62
-74
-101
-111
-112
-119
-85
-83
-98
-95
-112
-102
-93
-104
-99
-145
-203
-206
-203
-147
-124
-145
-127
-93
-67
-28
-28
-35
-14
41
73
52
47
21
19
35
66
88
97
81
53
24
-11
20
62
63
34
-19
-64
-92
-58
-55
-52
-23
-29
-48
-71
-64
-44
-22
-26
-24
6
2
19
15
-2
-32
-66
-102
-110
-71
-56
-71
-94
-71
-66
-30
4
-6
-28
-15
32
72
81
42
-2
-8
-17
-31
-24
-8
5
39
40
30
57
43
18
41
61
84
112
94
121
144
134
138
153
120
86
90
72
86
74
20
36
48
45
61
72
68
76
63
21
-3
-6
-14
18
13
-8
-11
-39
-45
-36
-8
7
18
27
68
114
124
157
170
170
178
172
161
211
236
249
295
299
313
326
300
292
282
248
242
234
211
168
143
142
137
158
173
151
120
101
79
65
50
71
47
47
45
45
58
32
22
12
-28
-29
15
22
43
16
-6
5
17
73
82
65
93
140
172
200
230
222
198
155
136
167
159
179
187
153
157
164
162
172
169
135
93
73
71
88
116
118
68
47
25
15
6
-13
-11
-15
-44
-69
-64
-49
-9
21
35
43
82
105
94
85
76
54
66
116
149
171
160
135
117
142
176
192
157
133
127
89
73
88
86
124
160
156
156
131
115
91
99
129
105
78
83
81
76
68
50
85
90
31
9
1
18
28
46
56
38
34
31
25
34
50
30
12
-35
-63
-49
-46
-34
-43
-58
-92
-94
-77
-66
-61
-45
-65
-72
-62
-67
-50
-67
-68
-84
-113
-88
-78
-77
-78
-103
-100
-87
-40
5
20
14
2
-7
15
20
37
30
4
6
-6
-1
2
5
8
2
-3
-25
-49
-43
-37
-26
-1
4
22
3
27
26
22
60
73
62
21
-7
-16
6
-12
-41
-36
-41
-54
-60
-74
-110
-122
-116
-114
-75
-42
-57
-57
-16
-15
-17
9
7
-4
31
72
75
51
31
47
46
54
37
2
-9
-7
7
21
11
16
47
68
52
60
79
76
103
102
77
52
-2
16
47
1
-22
-44
-59
-47
-66
-32
8
-8
-20
-56
-82
-88
-61
-32
-25
-3
-34
-38
-11
-30
-53
-53
-38
-3
0
-18
-28
-39
-44
-45
-37
-45
-54
-57
-59
-42
-34
-1
45
33
25
12
0
-16
-7
17
33
39
42
5
32
61
73
76
73
81
62
65
42
49
53
43
23
-5
-20
-27
4
40
46
58
7
-39
-36
-12
-18
-6
0
-26
-28
-20
-24
-25
7
5
17
20
20
14
13
42
45
17
-1
29
44
53
28
5
13
-5
-16
-42
-37
-12
-22
-26
-48
-65
-60
-46
-85
-122
-137
-123
-96
-97
-99
-65
-39
-2
-13
-24
-18
-28
3
6
28
32
56
95
98
91
77
57
37
7
-16
-29
-54
-68
-69
-66
-62
-46
4
33
57
35
17
24
25
31
23
31
18
9
15
41
57
78
74
75
98
105
105
93
102
85
84
107
116
104
85
89
68
75
70
35
19
21
1
16
4
-79
-122
-113
-123
-139
-136
-175
-189
-195
-166
-131
-108
-95
-78
-55
-13
35
25
0
-12
8
40
98
120
125
109
97
109
87
64
71
65
76
92
94
90
75
65
35
26
12
-20
-35
-55
-73
-107
-132
-126
-192
-247
-274
-276
-280
-264
-284
-311
-328
-351
-357
-350
-315
-329
-347
-354
-365
-343
-319
-293
-256
-240
-234
-242
-267
-259
-241
-213
-231
-227
-192
-198
-188
-219
-253
-258
-269
-269
-260
-240
-248
-205
-175
-150
-131
-142
-148
-163
-161
-121
-96
-78
-48
-33
20
31
33
28
25
32
24
10
16
40
48
43
-3
-16
-30
-39
-50
-41
-23
-38
-13
-18
-6
-8
-2
-4
1
3
-22
0
-15
-30
-50
-36
-21
-23
-23
-49
-46
-59
-54
-41
-60
-48
-32
-1
15
7
-28
-56
-45
-42
-38
-36
-42
-52
-50
-43
-42
-14
0
-13
-2
9
1
12
18
8
-1
-37
-84
-90
-88
-92
-91
-90
-65
-101
-144
-167
-162
-144
-135
-123
-133
-144
-134
-89
-48
-7
-19
-17
9
-4
-12
9
49
49
33
36
36
48
80
58
20
-45
-96
-105
-147
-157
-144
-148
-133
-137
-181
-200
-191
-175
-212
-223
-204
-202
-183
-215
-258
-280
-321
-349
-339
-323
-323
-297
-305
-316
-275
-249
-261
-192
-143
-138
-107
-128
-151
-148
-172
-196
-191
-215
-216
-179
-155
-159
-153
-135
-105
-75
-34
5
20
44
66
76
77
67
52
50
47
34
37
57
80
81
106
134
134
153
142
115
97
67
56
39
14
-11
-32
-30
-18
-70
-130
-157
-145
-120
-129
-125
-154
-149
-94
-104
-82
-82
-100
-73
-93
-91
-78
-100
-115
-89
-62
-40
-10
-27
-24
-15
-1
15
45
74
74
84
80
65
43
45
44
38
45
68
90
87
71
114
143
169
193
183
184
193
191
163
107
58
31
11
13
18
1
-13
6
-6
-28
-49
-54
-42
-35
-32
-61
-71
-98
-134
-135
-156
-161
-163
-155
-166
-172
-167
-151
-91
-84
-51
-38
-48
2
29
69
106
77
10
-5
-10
-31
-45
-68
-82
-83
-91
-113
-108
-107
-115
-115
-85
-50
-40
-29
-32
-32
-22
0
14
6
21
55
55
73
90
102
113
66
47
21
37
46
89
132
112
116
90
87
100
59
69
62
60
74
39
27
4
-15
-45
-55
-63
-82
-82
-100
-99
-97
-124
-111
-136
-157
-169
-162
-140
-155
-129
-115
-142
-166
-159
-111
-52
-19
-10
-31
-44
-43
-57
-68
-49
-60
-82
-58
-45
-73
-69
-80
-82
-65
-64
-65
-60
-80
-83
-56
-89
-90
-101
-118
-102
-102
-79
-50
-60
-20
-23
-2
25
26
32
19
2
4
34
32
1
-16
-4
-24
3
35
72
99
91
90
86
107
124
135
129
98
67
50
40
61
47
32
33
56
80
87
21
-4
-59
-78
-50
-50
-63
-59
-16
-21
-69
-103
-147
-152
-111
-113
-96
-105
-106
-128
-121
-96
-91
-54
-28
-15
-4
18
36
54
53
38
11
-10
4
4
15
44
59
85
111
113
118
118
170
219
242
266
267
284
290
290
297
288
285
314
306
313
284
237
223
211
200
189
142
108
93
92
79
31
13
-15
-27
-34
-46
-40
-53
-39
-31
-33
-31
-14
13
60
85
108
123
118
130
134
130
140
146
155
178
162
155
180
172
164
144
167
202
187
166
159
153
163
160
148
81
29
21
-6
0
-6
-40
-70
-78
-92
-89
-84
-61
-41
-41
-30
-40
-32
5
30
56
69
81
115
128
143
126
79
69
41
43
63
35
26
38
59
73
87
82
95
107
108
92
50
22
-42
-89
-128
-137
-123
-107
-83
-76
-74
-123
-143
-162
-135
-104
-102
-98
-106
-127
-129
-106
-96
-87
-80
-73
-54
-43
-4
32
52
78
70
50
57
83
86
103
98
87
79
52
79
121
131
124
144
141
148
165
141
127
124
115
127
124
114
128
100
106
122
157
171
145
128
135
157
136
142
127
113
84
75
125
142
111
106
94
123
122
113
136
99
107
99
61
83
109
92
94
49
55
63
40
65
41
45
56
79
92
60
57
26
77
109
104
162
172
174
181
165
184
179
166
183
182
172
150
141
139
159
208
240
204
164
169
202
223
207
167
141
140
140
108
105
78
73
67
55
77
62
63
65
30
5
4
4
10
3
33
71
93
96
70
61
69
82
117
94
70
59
70
123
149
166
141
82
40
5
-46
-61
-129
-151
-143
-169
-146
-152
-157
-182
-140
-85
-43
0
38
75
48
15
-16
-46
-56
-54
-70
-45
-34
-40
-11
13
26
35
18
-22
-4
24
66
95
44
8
2
-54
-108
-113
-101
-77
-106
-127
-126
-118
-108
-96
-65
-46
-43
-34
-27
5
27
58
101
113
114
125
140
152
146
119
122
139
110
83
54
20
45
52
15
-21
-53
-96
-107
-105
-88
-53
-69
-94
-119
-126
-108
-107
-98
-110
-77
-72
-78
-62
-90
-83
-49
-25
0
12
5
21
22
65
113
130
149
167
166
160
139
177
193
129
120
123
120
110
107
99
74
77
56
51
74
70
69
49
71
69
26
33
23
30
84
86
124
131
86
113
110
138
187
208
234
248
248
247
231
229
219
216
182
125
138
105
72
85
73
81
88
89
85
70
53
64
83
86
97
89
80
97
116
90
123
139
130
141
127
121
116
99
85
77
76
105
96
78
60
65
34
-16
-55
-67
-50
-51
-76
-95
-92
-82
-91
-148
-176
-150
-122
-93
-79
-72
-93
-110
-95
-58
-39
-37
-8
-30
-34
3
55
112
107
115
163
151
158
170
169
180
154
88
18
-36
-45
-35
-8
-3
-30
-33
-34
-13
21
24
36
42
85
107
116
144
122
143
156
157
193
158
108
91
71
100
108
102
84
43
56
64
49
85
58
62
41
18
4
-59
-93
-130
-159
-191
-235
-234
-237
-225
-205
-232
-184
-214
-237
-162
-148
-108
-72
-76
-85
-160
-158
-116
-75
-20
-24
-51
-58
-23
10
11
25
51
55
101
103
105
113
87
100
79
35
35
52
56
41
26
21
-4
-62
-114
-121
-120
-93
-32
-39
-63
-62
-67
-90
-119
-108
-85
-64
-118
-126
-96
-93
-47
-66
-92
-85
-61
-64
-68
-63
-62
-60
-114
-170
-185
-173
-194
-176
-182
-166
-148
-201
-184
-202
-196
-185
-165
-136
-149
-148
-131
-88
-56
-77
-75
-59
-63
-17
-11
18
31
32
14
-25
-19
-25
-52
-86
-129
-164
-147
-138
-138
-117
-100
-96
-86
-41
3
16
-12
-17
32
47
33
25
-17
-7
5
29
80
72
87
95
93
116
140
155
151
137
141
137
123
137
107
92
97
92
98
69
0
-43
-62
-79
-95
-88
-77
-77
-75
-100
-71
-53
-60
-21
-3
19
16
5
-23
-48
-53
-50
-62
-87
-112
-152
-185
-226
-242
-248
-224
-191
-199
-202
-213
-196
-151
-123
-102
-56
-11
41
70
61
91
118
119
109
88
75
73
99
90
118
148
145
138
105
99
116
110
96
115
89
74
60
-4
-14
-9
-24
-29
-43
-69
-93
-94
-133
-131
-159
-177
-169
-175
-187
-210
-223
-214
-193
-161
-120
-128
-105
-102
-106
-109
-108
-82
-47
-23
-27
-19
-11
-12
-18
4
26
-7
-53
-78
-58
-36
-10
-5
-30
-70
-121
-132
-122
-133
-127
-127
-119
-98
-123
-98
-86
-76
-58
-37
-4
20
48
46
60
72
90
130
127
121
164
159
130
135
128
112
81
48
-2
-39
-48
-46
-29
-28
-48
-70
-72
-65
-62
-118
-132
-138
-130
-92
-90
-79
-47
-31
-34
-38
-39
18
80
115
124
130
164
204
248
211
169
191
199
223
193
166
139
94
56
39
47
-1
-33
-61
-127
-124
-116
-134
-87
-62
-82
-89
-75
-78
-33
13
21
34
79
126
150
177
168
157
158
176
200
207
244
231
206
186
145
162
165
135
115
93
97
82
51
56
48
17
3
-32
-75
-113
-130
-90
-58
-32
-16
-2
2
29
6
-11
-16
-13
0
-4
28
39
72
46
13
4
4
23
29
59
63
96
126
133
156
201
182
174
189
193
233
223
200
181
148
150
109
60
36
26
14
3
-15
-39
-52
-25
-11
-27
-33
-86
-103
-87
-64
-26
11
31
40
33
74
99
100
100
128
168
171
209
205
185
191
175
170
178
182
197
169
141
138
128
122
83
56
-2
-45
-67
-60
-51
-71
-114
-125
-110
-103
-117
-152
-137
-112
-103
-89
-82
-105
-95
-51
-11
35
86
61
59
94
93
107
100
91
85
81
78
71
46
6
-23
-19
11
20
7
30
49
69
52
10
-32
-48
-37
-27
-4
-6
21
9
-40
-40
-73
-90
-100
-96
-95
-130
-111
-81
-68
-65
-91
-80
-105
-137
-132
-154
-169
-163
-145
-143
-146
-172
-183
-162
-162
-177
-179
-153
-117
-98
-90
-80
-46
-38
-30
-21
-56
-68
-63
-37
-33
-39
18
44
47
43
40
79
84
85
45
20
40
74
100
121
108
40
46
65
72
72
97
74
63
70
38
52
52
32
45
14
3
15
53
47
37
26
33
59
72
95
117
125
125
134
159
156
180
186
209
242
223
254
273
270
229
183
174
213
250
262
237
201
179
198
211
161
166
169
160
142
149
188
211
222
186
164
148
154
157
151
132
111
113
123
114
103
114
84
70
106
109
54
40
24
39
38
38
90
85
83
100
85
68
103
118
138
132
142
148
169
174
152
159
136
122
121
83
74
88
69
100
109
97
92
78
25
-10
9
-6
1
-61
-92
-77
-73
-64
-51
-49
-74
-77
-111
-80
-63
-81
-85
-89
-59
-21
-18
-44
-34
-13
9
24
30
33
53
67
60
56
65
108
139
147
174
152
148
167
182
175
177
222
210
239
267
283
321
317
268
227
200
160
152
123
81
60
26
20
10
-8
-7
-52
-105
-131
-118
-104
-106
-84
-114
-133
-122
-129
-93
-88
-85
-76
-74
-43
-29
-12
-7
-16
-9
-12
-27
-24
-10
-38
-76
-79
-69
-63
-69
-71
-58
-64
-84
-97
-105
-95
-87
-104
-113
-121
-127
-144
-171
-156
-142
-90
-58
-82
-98
-93
-61
-38
-10
-55
-80
-77
-39
10
42
29
18
15
-8
15
9
10
22
44
78
80
65
79
75
81
88
53
34
24
35
44
56
27
8
-26
-57
-56
-44
-8
12
-9
-27
-41
-49
-28
4
16
0
-29
-33
-29
1
16
-1
-30
-56
-82
-109
-107
-138
-146
-123
-133
-142
-137
-153
-104
-84
-92
-131
-190
-190
-215
-223
-225
-191
-160
-155
-129
-100
-80
-59
-56
-40
6
2
17
20
28
54
71
78
72
59
55
66
79
82
95
132
153
120
96
80
87
85
74
35
6
26
15
1
-4
-13
-73
-79
-57
-69
-77
-86
-105
-99
-55
-28
-6
-33
-54
-50
-36
-11
1
5
8
4
-29
-13
-17
-11
15
7
19
35
45
64
69
32
13
26
28
26
13
4
10
-9
-52
-58
-45
-78
-107
-122
-81
-69
-69
-34
-62
-81
-105
-107
-93
-94
-98
-80
-69
-64
-62
-46
-45
-109
-140
-154
-160
-136
-123
-94
-97
-111
-128
-153
-124
-117
-108
-127
-125
-124
-152
-133
-113
-90
-92
-53
-36
-24
-7
-49
-61
-51
-56
-30
-12
-53
-63
-60
-93
-105
-136
-158
-135
-136
-172
-173
-134
-124
-81
-74
-111
-108
-143
-120
-106
-132
-96
-75
-92
-115
-120
-130
-121
-107
-112
-96
-82
-79
-96
-149
-180
-197
-209
-203
-189
-163
-132
-93
-67
-111
-111
-111
-111
-112
-147
-100
-108
-106
-68
-96
-96
-24
30
50
34
19
35
46
69
72
81
118
146
169
197
189
208
197
197
180
176
194
215
222
216
246
230
248
237
207
205
201
188
183
164
123
119
152
142
129
116
101
85
65
45
21
-12
6
28
38
39
4
15
15
17
37
68
109
117
109
103
92
89
97
103
97
129
136
135
127
78
75
39
32
46
45
60
-7
-27
-38
-42
-27
-38
-43
-54
-60
-38
-38
-60
-103
-140
-163
-156
-139
-119
-111
-114
-95
-101
-78
-43
-16
12
21
1
-1
6
-5
16
58
43
18
14
-21
-47
-67
-110
-153
-193
-174
-135
-120
-134
-157
-167
-173
-174
-188
-202
-197
-200
-202
-204
-208
-212
-211
-198
-189
-179
-155
-131
-147
-164
-183
-176
-137
-112
-101
-103
-79
-84
-98
-138
-194
-202
-225
-214
-193
-190
-171
-182
-198
-186
-187
-198
-221
-235
-229
-204
-196
-183
-190
-187
-192
-207
-218
-233
-230
-239
-225
-192
-143
-117
-136
-132
-85
-62
-84
-96
-106
-105
-97
-100
-115
-119
-68
-71
-53
-61
-64
-51
-52
-65
-71
-63
-37
13
24
49
27
45
39
10
-39
-44
-109
-51
-51
-20
-18
50
106
713
1147
180
-239
-658
-316
298
-69
-280
-569
-170
-137
-193
-17
-66
-404
-174
-343
-882
1192
-77
-17
-674
-1303
469
192
-80
-464
-325
179
-407
-44
271
-422
-354
-120
71
-202
-296
-28
26
-178
-49
89
374
19
61
310
356
35
133
53
29
144
95
110
-85
262
140
1244
1490
31
-768
-486
-207
912
1162
1416
1636
1187
1127
897
1074
822
-336
811
1682
658
221
-588
687
146
-117
392
-649
-841
397
290
66
-548
-1783
-750
-1145
-649
-410
-870
-654
-1233
-1085
-563
-437
-379
-477
-959
223
-333
-95
14
-290
178
33
175
-257
1261
-750
967
1027
-526
1232
-298
-282
410
-597
1475
55
-623
-234
-1172
551
1111
89
269
-1172
-289
1212
396
604
-1457
-1220
-843
-270
-474
-5
-644
-2172
-449
-360
-526
-477
-1158
-561
760
-225
748
611
-384
-237
-663
864
868
386
187
-300
-761
668
75
-136
-1159
-1507
500
-6
434
766
-1246
-1354
-728
-195
-80
21
-1405
-936
274
-1753
957
177
215
34
-2317
274
-380
-890
-851
19
-221
-336
-219
1085
988
7
1433
69
211
-19
-392
934
294
-293
636
257
32
365
37
906
-955
-1475
-509
-158
-607
-1192
-1623
23
-389
-905
-1431
-405
619
-676
333
-618
-129
-490
-1053
1465
-474
-100
-567
-1253
465
-816
-314
-50
-739
-320
-379
273
785
-468
-1008
-1571
-625
1175
280
-60
124
-467
-174
594
-381
-390
-660
71
950
1122
1735
2069
499
866
-100
320
1176
228
507
-1129
-1062
-1488
-952
-2249
-2078
-869
-1776
51
-342
-524
449
-1481
-853
-570
-1787
-220
5
751
1036
799
70
354
134
26
44
-1005
-83
636
4
340
-586
-727
645
-856
-695
-954
-1744
-742
59
551
828
383
-758
83
540
8
593
-106
-587
-516
147
990
467
880
-414
-277
62
-99
801
59
-486
-807
25
-323
561
417
1
408
-1018
-36
-454
-719
77
-594
-224
-128
-285
543
372
17
314
-307
647
906
462
735
396
-547
148
-15
140
703
-94
389
-106
267
349
-463
-392
-398
-352
-12
-518
32
315
-475
-609
31
347
852
634
1180
741
375
714
593
107
-154
528
-19
511
143
249
893
982
213
-512
-284
334
793
883
-60
141
679
21
1033
623
350
864
-88
746
-95
-741
-245
155
1448
125
-125
687
-75
383
-214
-352
390
-428
354
343
183
1239
285
393
329
-543
296
-278
699
1090
413
905
256
-70
504
617
484
273
-125
90
-23
930
508
12
-81
-341
598
302
515
-228
-1209
-496
-560
284
-42
-392
158
-451
-57
294
-32
-402
-772
-97
590
-178
-777
118
-224
-531
-1044
-1444
-1025
-1205
-263
-336
430
-78
-550
-285
-769
-615
-703
-533
-233
-65
-669
-448
-58
-286
-95
-284
-96
-3
-76
304
574
551
-220
-307
55
604
1370
1061
1226
1225
791
1153
1339
1900
1999
1914
2096
2365
2519
2171
2403
2092
2193
2196
1851
2284
2359
2337
2400
2444
2066
1920
1803
1554
2371
2360
1616
1562
1433
1127
1221
1407
1201
833
396
418
654
8
-390
-686
-738
-481
-852
-1312
-952
-720
-1109
-1596
-2129
-1817
-1590
-1468
-1435
-1554
-2215
-2264
-2044
-2611
-2680
-3102
-2681
-2060
-2395
-2435
-3024
-3029
-2705
-2447
-2578
-2714
-2561
-2754
-2319
-2544
-2010
-2105
-2587
-2552
-2806
-2299
-2386
-2240
-1703
-1802
-1265
-680
30
1126
1521
1337
1631
1827
2065
3085
3745
4617
5033
4801
5210
5608
5766
5582
5585
5713
5040
4743
4612
4649
4323
3504
2941
2409
1841
1618
1078
1118
713
-51
-163
-184
441
882
1171
1682
1427
1102
1284
1667
2775
3303
3395
3598
3372
3589
3902
3736
3903
3462
2734
2803
2633
2563
2247
1534
960
75
-898
-909
-828
-885
-1632
-2537
-3330
-3649
-3419
-3191
-3006
-3509
-4105
-4377
-3863
-3697
-3789
-3936
-4162
-3972
-3991
-3926
-3661
-3758
-4115
-4086
-4460
-3878
-3676
-4090
-3827
-4030
-4358
-4421
-5635
-5147
-5340
-5625
-4698
-4243
-2936
-2060
-1041
-292
-194
564
726
1420
2829
3765
5081
5582
6194
6928
6895
7350
7089
6766
6594
6255
6277
5894
5671
4883
3468
2651
1718
720
682
143
-335
-1192
-1918
-2268
-2607
-2622
-2609
-2687
-2585
-2584
-2111
-1568
-951
-642
-331
128
1369
2802
3596
4674
4451
4374
4676
4881
5543
5464
5300
5474
5210
4716
4381
3419
2547
1682
870
597
364
-29
-740
-1630
-2107
-2508
-2707
-3442
-4098
-3730
-4012
-3196
-3442
-3982
-4002
-3852
-3586
-3858
-3871
-3599
-3170
-3470
-3638
-3994
-2950
-2983
-3602
-4164
-4530
-3418
-3326
-3539
-3934
-3829
-2287
-2469
-3297
-3974
-3764
-1995
-1925
-2562
-2603
-508
1383
1723
756
-24
498
1849
2886
2595
2536
2785
3506
4202
3867
3731
3667
3594
3400
2846
2619
2464
2285
2104
1477
716
365
328
234
-116
-425
-616
-770
-749
-351
-460
-728
-700
-315
58
-526
-409
-25
442
665
393
267
560
1040
1195
1333
1054
1155
1451
1661
1866
1601
1525
1805
2160
2095
1854
1872
1997
2152
2368
2241
2199
2087
2009
2170
2401
2100
1433
1216
1245
1367
1188
958
774
556
466
468
71
-360
-605
-612
-543
-870
-1163
-1451
-1428
-1157
-1267
-1465
-1548
-1755
-1703
-1591
-1644
-1514
-1515
-1545
-1548
-1561
-1572
-1595
-1326
-1350
-1248
-1419
-1695
-1572
-1675
-1677
-1740
-1878
-2137
-2144
-2114
-2095
-2315
-2323
-2326
-2471
-2303
-2277
-2286
-2104
-2014
-2016
-1736
-1410
-1103
-830
-727
-447
-269
-268
-9
272
381
664
685
685
1031
980
967
909
946
985
1054
866
944
984
1075
1120
847
831
841
909
1006
846
683
774
779
948
948
917
887
881
790
828
711
708
1039
923
988
762
759
1195
1436
1532
1566
1670
1838
2224
2287
1627
683
586
1270
1885
1776
255
158
1326
2241
1031
-916
-1665
-974
694
540
-947
-1783
-979
190
46
-898
-1533
-1933
-1015
-326
-1057
-1981
-1971
-946
-416
-1134
-2492
-2649
-2028
-1578
-2161
-2765
-2850
-2811
-2607
-2661
-3237
-3943
-4028
-3763
-3512
-3412
-3142
-2715
-2544
-2320
-2541
-2742
-2252
-1826
-1669
-1514
-821
-18
491
1042
1556
1792
1919
2023
1923
2130
2463
2516
2436
2212
2062
1960
1514
981
357
131
-105
-412
-965
-1216
-1122
-1172
-1324
-1597
-1525
-1209
-1255
-1563
-1283
-1180
-812
-545
-530
-116
110
59
260
552
828
1176
1213
1154
1167
1238
1498
1728
1500
1697
1701
1807
1474
1320
1410
1482
1298
817
1194
1113
1232
1084
657
551
21
363
416
-133
225
-423
194
420
-142
-475
-826
223
-1070
-869
-241
-322
187
-573
-818
-793
-618
-1112
-1867
-1475
-783
-422
-912
-1732
-1894
-1023
-1006
-1967
-2880
-3286
-2745
-2865
-2962
-3509
-3992
-3679
-3937
-3736
-3035
-2439
-1824
-1527
-2078
-2736
-2432
-1785
-837
-637
0
970
1582
2310
2527
2487
2593
2656
2663
2454
2882
3601
3879
3407
2488
1903
1405
1048
857
643
232
-235
-493
-916
-1195
-1394
-1495
-1504
-1746
-1795
-1749
-1595
-1364
-1366
-1426
-1547
-1446
-935
-680
-192
-47
96
362
78
278
620
1111
1320
1567
2275
2779
2866
3151
3163
3637
3763
3077
3093
3503
4234
4663
3585
2942
2976
3039
3515
2287
1540
1489
2029
2437
1640
661
248
304
-359
-445
-1135
-886
-1146
-2310
-1144
-1484
-1568
-1498
-2644
-2343
-1968
-2465
-2113
-2595
-2130
-1451
-1593
-1370
-1886
-1983
-1416
-1838
-2267
-2245
-2362
-2190
-2003
-2280
-2809
-2943
-3326
-3243
-3667
-3113
-1450
-449
34
-844
-1519
-1268
-573
944
1900
2197
2428
3042
3708
4241
4176
4113
4077
3913
3856
3772
3572
3608
2988
1842
733
-354
-495
-586
-763
-1115
-1857
-2671
-3243
-3799
-4109
-3557
-2847
-2507
-2468
-2484
-2289
-1919
-1506
-783
-504
-337
54
439
1481
2367
2453
2403
1979
2000
2404
2582
2801
2877
2960
3006
2874
2902
3353
4048
4585
4185
3316
2589
2409
2649
2445
2421
2550
2302
1687
797
606
1520
1488
163
-820
-1395
88
762
-339
-1482
-2212
-1915
-1548
-2637
-2670
-1918
-1945
-2047
-2446
-2198
-1593
-2030
-2220
-1679
-991
-1438
-2046
-1810
-1653
-1925
-1533
-1248
-2000
-2442
-2642
-1801
-1805
-3238
-4083
-4465
-4159
-4150
-3322
-1008
-102
-605
-2502
-3606
-3154
-1840
-388
556
1411
1937
2098
2567
3470
4106
4146
3778
3797
3804
4237
4702
4529
4112
2937
1232
283
422
1063
1196
194
-1471
-3078
-3928
-3947
-3358
-2620
-2319
-2844
-3742
-4247
-3982
-3149
-2410
-1812
-1677
-1607
-1250
-620
227
805
909
801
585
700
1391
2214
2898
2936
2587
1855
1882
2783
4035
5097
4910
4136
3029
2705
3021
3771
4402
4260
3562
2822
2162
2257
2287
2157
1929
1567
1251
898
909
1099
1053
218
-811
-1783
-1635
-737
-802
-1456
-1982
-2908
-2167
-2503
-2347
-1125
-1069
-1195
-3151
-3905
-2812
-1786
-1540
-2894
-3805
-3052
-2589
-3084
-3876
-4321
-4144
-4259
-5314
-6111
-4653
-1435
685
242
-2664
-4651
-3526
-863
1020
1529
2048
2634
2692
2263
2732
4533
6269
6063
4770
4143
4796
5238
5026
4387
3345
2370
1643
1388
1653
1755
714
-1283
-3289
-4478
-4238
-3361
-2533
-2498
-3536
-5019
-6104
-6131
-5000
-3349
-2237
-2160
-2686
-2832
-2358
-1452
-443
444
1017
1294
1351
1771
2790
3677
4024
3718
3403
3700
4880
6526
7755
7882
6762
5373
4476
4904
6480
7619
7349
5649
3766
2818
2755
3070
3139
3053
2133
579
-682
-1146
-1322
-1473
-2233
-3403
-3700
-4034
-3585
-3188
-3583
-4402
-5105
-5236
-4076
-3272
-3024
-2627
-3098
-3805
-4467
-4263
-2889
-2131
-2612
-2967
-3909
-4576
-4930
-4921
-4523
-4660
-5715
-5780
-3789
-773
501
-1706
-4608
-5283
-2916
69
1704
2464
3125
2865
1903
1734
3799
6428
7450
6506
5473
5352
5277
4816
4948
5377
4959
3511
2413
2540
2338
915
-1247
-2881
-3293
-3345
-3040
-2494
-2759
-4469
-6998
-8018
-7548
-6094
-4392
-3361
-3248
-4204
-5209
-5095
-3550
-1612
118
1087
1364
1170
1024
1673
2889
3960
4548
4961
5678
6522
7139
7619
7788
7476
7052
6991
7645
8276
8025
6925
5219
3660
3186
3466
3481
2846
1844
495
-1279
-2699
-3073
-2660
-2567
-3515
-4804
-5623
-5995
-6339
-6655
-6561
-6130
-5867
-5802
-5680
-5143
-4793
-4643
-4659
-4476
-3721
-3176
-3082
-3120
-3212
-3134
-3286
-3098
-2946
-3075
-3241
-4400
-4060
-1503
2118
3261
-532
-3938
-3384
973
4768
5086
4145
3992
3456
3084
3863
7287
10113
9379
6691
4837
5702
6864
6771
6273
5317
3723
2054
1479
2414
2224
191
-2453
-4153
-4667
-4307
-3365
-2669
-3753
-6502
-8886
-8596
-6360
-4365
-3561
-4024
-5009
-5995
-6070
-4347
-1508
603
996
-166
-1030
-514
1292
3441
4715
5081
4745
4471
5172
6684
8190
8420
7580
6617
6927
7904
8424
8018
6818
5704
4925
4463
4472
4272
3054
1477
77
-794
-1296
-1751
-2082
-2969
-4646
-6287
-7003
-6691
-6390
-6626
-7408
-7737
-7877
-7765
-7274
-6434
-5713
-5466
-5098
-4736
-4056
-3442
-2852
-2583
-2633
-2529
-1955
-1745
-1486
-1615
-1931
-2471
-2104
1163
4583
5670
1223
-3098
-2500
2716
6805
6621
5100
4780
4059
2837
3764
7950
11209
9285
5147
3118
4758
6163
5548
5078
5026
3392
992
-521
714
746
-1673
-4461
-5324
-4776
-4733
-5038
-5568
-6717
-8673
-9863
-8401
-5882
-5000
-5576
-6890
-7567
-7368
-5871
-2983
-198
662
-394
-1855
-1583
94
2384
4196
4841
4598
4229
4048
4746
6187
7914
8415
7384
6509
6826
7857
8187
7496
6410
5841
5520
5160
4657
4088
2860
1380
190
-347
-513
-1263
-2595
-4189
-5478
-5799
-5822
-6183
-6866
-7605
-8177
-8671
-8740
-8231
-7306
-6739
-7119
-7344
-7084
-6200
-5111
-4205
-3475
-3014
-3182
-3180
-3016
-2468
-1953
-1349
-1297
-1712
-2554
-489
3560
5880
3937
-1735
-2851
1067
6866
8153
5981
3883
3463
2723
3617
7248
11828
11149
5824
2139
3371
6529
7034
5568
4902
3813
1220
-703
45
1804
-186
-3986
-6057
-4999
-4324
-5197
-5953
-6131
-7621
-9475
-9395
-6347
-4673
-6134
-7991
-8146
-6643
-5461
-4320
-2544
-1330
-1488
-2242
-1749
546
2570
3596
3692
3698
4155
4897
6152
7529
8591
8835
7930
7035
7463
9122
9798
9151
7968
7369
6978
6283
5283
4910
4518
3544
2089
1018
463
-549
-2469
-4052
-4481
-4341
-4748
-5871
-7095
-8115
-8954
-9330
-9054
-8331
-7671
-7712
-8016
-8218
-7645
-6939
-6218
-5513
-4304
-3543
-3116
-3398
-3395
-2513
-1691
-1099
-1210
-925
-1125
-5
3420
5828
5225
595
-1646
2149
8105
10019
7103
4350
4354
4651
4898
7880
11983
12174
6779
2792
4197
7656
7884
5418
4683
4614
2041
-376
22
2277
830
-3597
-5862
-5161
-4679
-6308
-7548
-6764
-7045
-8773
-9609
-8037
-6711
-7972
-8795
-7386
-5442
-4974
-5365
-4425
-2857
-2073
-1731
-555
1598
2630
2306
2533
4000
5601
6184
6182
7367
8772
9580
9142
8513
9132
10119
10161
9105
8695
9024
8806
7307
5684
5290
5370
4226
2636
1486
883
-31
-2058
-3913
-4525
-4960
-5833
-7042
-7728
-8080
-8822
-9952
-10707
-10332
-9361
-8770
-8499
-8422
-8083
-7885
-7642
-6737
-5027
-3763
-3167
-3516
-3801
-3354
-2192
-991
-399
-187
-712
-1303
613
4682
6325
4199
-948
-874
4001
8999
8268
5000
3225
4113
4237
5692
9024
11109
8071
2998
2745
6346
8613
6461
3765
3459
2764
405
-74
1484
2117
-1617
-5006
-5039
-3489
-4270
-6483
-7197
-6616
-7457
-8453
-7921
-6090
-6521
-8534
-8382
-6342
-4884
-5147
-5231
-3813
-2370
-2141
-2061
-819
1143
1584
1588
2303
3970
4972
4857
4888
6187
7574
7810
7119
7013
8098
8930
8714
7937
7725
7846
7286
6846
6770
6477
4888
2554
1678
2284
2440
935
-1405
-3264
-4254
-4829
-5036
-5138
-5642
-7345
-9636
-10789
-9972
-8374
-7604
-8013
-8692
-9094
-9219
-8579
-7025
-4961
-3769
-4156
-4721
-4745
-4012
-2579
-1382
-214
-280
-799
-1983
-2142
-1254
2349
6176
5609
1593
-2861
-1286
4819
8713
7260
3635
1809
2698
3825
6860
9718
9872
5833
2387
3967
7803
8894
6755
4351
3835
2745
1454
2172
3476
2526
-1496
-3584
-2563
-1656
-3265
-5595
-5615
-4650
-6035
-7041
-6386
-4910
-6089
-8073
-7169
-4657
-3711
-4815
-5124
-3463
-2431
-2354
-1703
130
1651
1250
1010
1952
3403
4025
4432
5462
6670
7008
6683
6611
7655
8925
9501
9335
8758
8250
7559
7168
7555
7974
7673
6154
4082
3071
2914
2567
1452
71
-1216
-2245
-3001
-3705
-4506
-5958
-7498
-8512
-8282
-7343
-7045
-7937
-9157
-9683
-9168
-8043
-6893
-5823
-5002
-5097
-5810
-6161
-4802
-2726
-1230
-622
-971
-1429
-1684
-1382
-614
17
1088
3753
4420
2618
-1450
-2393
2508
7492
7468
3000
-16
1180
3218
5188
7403
8297
6453
2051
2001
5578
8435
7058
3408
2290
2821
2303
2109
2358
2677
319
-2361
-2329
-1598
-2091
-4239
-4961
-3837
-4173
-5552
-6009
-5334
-5357
-6952
-6086
-3774
-3191
-5143
-6682
-4878
-2071
-749
-442
-419
-230
-911
-961
1254
3942
5081
4128
3114
3108
3849
5114
6685
8066
8399
7407
6116
5714
6352
7600
8572
8532
7419
5612
4021
3152
3578
4960
4976
2566
-548
-1739
-1268
-1507
-2610
-3475
-4197
-5663
-7196
-7203
-6168
-6349
-8170
-9514
-8775
-7432
-7232
-7277
-6730
-5912
-6019
-6638
-5714
-3615
-2256
-2781
-3628
-2890
-2033
-1756
-1505
-809
-268
-1552
-1671
1661
3471
2262
-2196
-3092
2068
6215
5317
956
-448
2286
3740
4584
6106
7413
5995
1733
2471
6602
8879
6718
2861
3037
4374
3193
2226
2444
3916
1872
-1263
-1867
-1393
-1669
-3557
-3659
-1804
-2719
-5234
-6928
-5946
-4350
-4709
-3892
-3157
-4053
-5883
-6008
-2860
4
250
-652
-1400
-748
-333
721
2824
3968
3634
2480
2617
4039
5197
5887
6129
6120
5996
5933
6000
6378
7030
7765
7856
6684
5058
4200
4429
4875
4928
4630
3596
1534
-308
-512
381
393
-920
-2375
-3806
-4941
-5666
-5356
-4716
-5262
-6861
-8183
-7927
-6698
-6360
-6272
-6372
-6194
-6200
-6068
-5116
-3664
-3249
-3841
-4004
-3104
-2070
-2125
-1807
-1717
-1494
-2282
-1636
1966
3560
1441
-2669
-3454
2062
6560
5816
1544
-611
1443
3308
5049
7155
7591
5354
1358
2171
6914
8889
6967
3266
2808
3862
3135
3122
3753
3951
1222
-2212
-1787
-443
-433
-2052
-2985
-1972
-3194
-5505
-5777
-3869
-2577
-4247
-4589
-3076
-2695
-4059
-4836
-2115
763
300
-1566
-2117
-264
944
614
1204
2549
3106
2149
1386
2455
3724
4104
3845
4379
5273
5004
4010
3845
5216
6536
6336
5162
4200
3801
3839
4020
4637
4991
3842
1268
-501
148
1764
2003
361
-1773
-3569
-4612
-4306
-3071
-2747
-4535
-6887
-7618
-6634
-5615
-5693
-6011
-5808
-5753
-6108
-5861
-4546
-3260
-3251
-3912
-3829
-2553
-2040
-1955
-2151
-1581
-1316
-1868
-2100
-1946
669
2196
908
-1760
-3422
3
4141
3995
762
-1598
42
2113
2723
3749
3977
3289
1330
1354
4592
5994
4602
2138
1584
3541
3226
2149
1697
2118
1878
-231
-451
377
-183
-1668
-2788
-1232
-577
-2810
-4492
-4268
-2127
-1476
-2014
-2164
-2816
-3268
-2956
-1595
182
40
-848
-1619
-1383
-191
717
1620
1825
1057
494
433
1250
2307
2918
3593
3099
2870
2877
3436
4110
4119
4479
4828
4552
3895
3205
4100
5159
5082
4409
3444
2754
2128
2321
3281
3195
1620
-597
-1927
-1512
-928
-688
-1594
-2958
-4400
-5372
-5220
-4260
-3520
-3845
-5122
-5795
-5662
-4854
-4078
-3756
-3374
-3245
-3521
-3746
-3439
-2936
-2178
-1923
-2001
-2088
-2645
-3286
-3276
-172
1963
316
-3463
-5368
-1362
3051
2895
-449
-2497
-1224
369
1276
3233
4307
3607
1020
1093
4317
5909
4610
2351
2178
4009
3578
2707
2714
3191
2574
761
906
1475
551
-979
-1300
267
262
-2050
-2936
-1811
-471
-1481
-2484
-1601
-1007
-2081
-3111
-1915
359
291
-1289
-2039
-965
129
-273
-465
800
1295
300
-1119
-519
1531
2432
2037
1335
1524
1998
2218
2574
3737
4312
4004
3009
3118
3694
4429
4899
4664
4184
3800
3286
3172
3284
3403
2844
1992
1282
572
-35
-402
-503
-864
-1905
-2934
-3388
-3406
-3247
-3545
-3782
-4176
-4707
-5120
-4576
-3526
-2665
-3008
-3924
-4500
-3893
-2641
-1981
-1891
-2146
-2464
-3277
-3743
-3494
-2337
-1774
-561
-1023
-2961
-4958
-5187
-1243
2217
1781
-2103
-5088
-3488
329
2958
4042
2465
507
-1277
81
4024
6403
5597
2871
949
1858
2528
3407
4193
4511
3571
1000
66
312
731
1081
1351
1626
126
-2944
-3667
-2143
104
258
-629
-1506
-3115
-4295
-3354
-773
1196
46
-2159
-3103
-2598
-1571
-882
356
999
-378
-2359
-2635
-635
1133
872
533
664
1235
797
683
2190
3819
4242
3208
2787
3598
3927
3700
3856
4897
5546
4512
3387
3301
3960
3983
3035
2271
2038
1481
739
306
423
-224
-1606
-2510
-2456
-2008
-2318
-3030
-3482
-3971
-4330
-4261
-3466
-2748
-3138
-3837
-3889
-2923
-2383
-2940
-3474
-3262
-2768
-2612
-2787
-2829
-3151
-3862
-4376
-4125
-2306
-640
-1981
-4536
-6370
-4375
-318
1183
-939
-4212
-4559
-1860
807
2690
2390
621
-702
-492
2525
4779
4789
3223
1378
1457
2611
3599
4516
3865
2610
966
1108
2208
2065
1303
855
1011
668
-1109
-1464
-157
1078
499
-1083
-981
-482
-688
-916
-68
1162
699
-1090
-1669
-774
530
536
-95
-208
-253
-612
-695
29
779
332
-246
76
1143
2153
1720
1170
1293
1603
2242
2595
3342
3917
3650
3065
2875
3451
4071
4002
4034
4011
3900
3024
2130
2343
2702
2732
2171
1478
884
186
-210
-372
-302
-250
-1051
-1850
-2298
-2078
-1663
-1781
-1973
-2198
-2597
-2723
-2881
-2559
-2267
-2116
-2328
-3259
-3811
-3892
-3350
-3227
-3772
-4403
-5365
-5857
-5859
-4110
-2775
-3945
-6558
-7964
-5370
-1894
-1441
-3935
-6089
-5024
-2520
-912
-115
-250
-375
-626
443
2816
4057
3246
1878
2019
3977
4976
4778
4328
4113
4032
3438
3739
4338
4121
3502
2923
2907
2640
1855
1991
2693
3121
2066
849
686
707
477
534
902
915
-338
-1789
-1798
-784
-112
-720
-1678
-2061
-2277
-2443
-2252
-1746
-1430
-1883
-2236
-2021
-1571
-1066
-749
-596
-25
172
549
1044
1359
1609
1984
2914
3769
3831
3580
3444
4382
5398
5600
5107
4330
4376
4424
4493
4869
4948
3991
2550
1686
2022
2315
1955
1167
562
51
-929
-1701
-1730
-1341
-1380
-2205
-2965
-3657
-4049
-4342
-4428
-4174
-4474
-5361
-6308
-6520
-6353
-6488
-6786
-6819
-7197
-7987
-8633
-7521
-5679
-5523
-7435
-9197
-8364
-5289
-2906
-3148
-4862
-5332
-3927
-1718
547
1863
1937
1161
1404
3783
6283
6817
5961
5524
6122
6790
7387
7840
8034
7421
6379
6401
6984
6491
4970
4089
4769
5001
3541
1960
1929
2575
1616
108
-107
355
-388
-1948
-2113
-1238
-1814
-3666
-4514
-3361
-2598
-3752
-5099
-5126
-4491
-4796
-5355
-4696
-3577
-3499
-4229
-4146
-2976
-2025
-1739
-1414
-530
427
1068
1861
3016
3631
3675
4034
5382
7076
7620
7404
7047
7169
8055
8749
8934
8257
7281
6738
6613
6805
6442
5372
4131
3071
2572
2272
1776
691
-1013
-2141
-2496
-2572
-3003
-4088
-5055
-5755
-6259
-6618
-6902
-6861
-7067
-7480
-7808
-8294
-8447
-8476
-8095
-7562
-7595
-8231
-8982
-9102
-8480
-7584
-6898
-5598
-4870
-5109
-6896
-7115
-4295
-316
1373
-407
-2330
-1489
1055
3568
5232
5938
5843
4926
5271
7221
9558
10039
8801
7744
8158
8647
8854
8239
7990
7617
6742
5912
5163
4441
3913
3564
3220
1963
88
-1082
-1226
-842
-1338
-2122
-2914
-3994
-5091
-5310
-4692
-4164
-4949
-6125
-6766
-6530
-5859
-5114
-4669
-4730
-5173
-5232
-4449
-2981
-1867
-1534
-1465
-1282
-444
841
2353
3525
3929
3580
3923
5350
7182
8257
8043
7711
7666
8316
9373
10110
10220
9264
8071
7473
7471
7935
7659
6602
5198
3895
3116
2199
1336
654
-130
-1110
-2534
-3815
-4575
-5068
-5458
-6126
-6789
-7361
-7950
-8296
-8537
-8479
-8295
-8261
-8286
-8305
-7970
-7613
-7482
-7207
-6555
-6113
-5828
-5680
-5289
-5001
-4689
-4107
-3789
-3505
-2977
-1849
-591
-383
-1229
-1483
228
3021
4054
2692
1314
2099
4614
6461
6897
6447
5627
5138
5678
7271
8669
8191
6342
4899
4966
5618
5529
4736
3932
3170
2334
1426
819
387
-283
-889
-1167
-1521
-2517
-3679
-4091
-3721
-3249
-3252
-3761
-4409
-4933
-4786
-3822
-2883
-2700
-3283
-3756
-3498
-2662
-1784
-1293
-991
-707
-359
86
552
1192
1852
2407
2817
3105
3477
4012
4908
5614
5915
5746
5755
6087
6593
7057
6993
6591
6140
5971
6188
6278
5825
4841
3783
3285
3112
2900
2337
1527
460
-664
-1582
-1843
-2179
-2848
-3743
-4322
-4681
-5124
-5716
-6076
-6138
-6223
-6340
-6367
-6382
-6452
-6461
-6309
-5909
-5692
-5602
-5265
-4754
-4552
-4538
-4306
-3707
-3195
-2894
-2493
-2077
-1880
-1907
-1549
-890
-499
-502
-732
-357
564
1172
1219
625
476
1177
2287
2991
2100
1110
1018
2110
3244
3330
2840
2321
1757
2120
2850
3651
3285
1792
882
1043
1915
2282
1615
1082
531
153
81
95
463
191
-241
-473
-719
-867
-847
-595
-117
-260
-387
-588
-653
-494
-215
386
630
438
174
-2
339
925
1385
1675
1590
1326
1079
1259
1594
1883
2174
2522
2316
1816
1401
1761
2566
3035
2961
2548
1975
1641
1873
2670
3387
3166
2179
1361
1564
2352
2698
2504
1904
1338
928
651
726
847
664
-13
-916
-1365
-1623
-1845
-2015
-2147
-2281
-2918
-3745
-4376
-4210
-3540
-3350
-3691
-4232
-4414
-4131
-3869
-3337
-2623
-2285
-2605
-2982
-2709
-1689
-746
-580
-942
-1170
-1020
-705
-490
-319
-60
-349
-1043
-1599
-1377
-1074
-1234
-2058
-2546
-2164
-1807
-1879
-3009
-3577
-3142
-2087
-1346
-1891
-2610
-2722
-2095
-775
75
575
384
-70
549
1760
2984
3098
2427
2325
2801
3576
4140
4067
3950
3413
3231
3505
3845
3867
3165
2714
2849
2837
2525
1988
1928
2144
1837
1485
1310
1372
1012
351
97
331
554
189
-562
-966
-1047
-1009
-1038
-1046
-1229
-1449
-1773
-1852
-1529
-1323
-1353
-1539
-1524
-1292
-938
-574
-211
29
243
346
603
959
1289
1529
1863
2219
2572
2554
2401
2316
2334
2513
2509
2357
2253
1968
1409
807
693
970
838
522
-25
-561
-1054
-1415
-1352
-914
-947
-1447
-2311
-2627
-2476
-1990
-1495
-1422
-1784
-2524
-3037
-2667
-1901
-1375
-1533
-2189
-2673
-3031
-3008
-2549
-2034
-2020
-2801
-3574
-3523
-3267
-2942
-3164
-3214
-2990
-2870
-3086
-3372
-3304
-2830
-2695
-2287
-1869
-1640
-1538
-2320
-1858
-826
510
806
-9
-280
415
1570
2739
2784
2981
2643
2570
3349
4100
5011
4865
4134
3945
4050
4452
4517
4203
4374
3784
3530
3153
2958
2788
2314
2093
2129
1630
951
93
-57
-1
-271
-535
-958
-1295
-1824
-2100
-1788
-1427
-1641
-2196
-2556
-2121
-1740
-1601
-1688
-1571
-1323
-1079
-978
-772
-690
-402
56
424
581
463
577
838
1016
1372
1881
2356
2254
1926
2041
2357
2783
2806
2772
2727
2512
2331
2218
2429
2531
2101
1617
1297
1334
1170
824
673
498
77
-568
-1158
-1224
-1259
-1335
-1718
-2492
-2995
-3167
-3075
-3137
-3616
-3830
-3754
-3684
-3796
-3927
-3614
-3272
-3146
-3184
-3087
-2630
-2290
-2185
-2033
-1678
-1207
-1059
-990
-839
-662
-474
-320
85
340
185
-188
-477
-314
-141
-22
-91
-275
-690
-1255
-1193
-701
-134
-508
-1324
-1432
-986
-149
-132
-327
-363
-156
392
740
901
1029
968
1366
1842
2312
2339
1845
1680
1927
2455
2829
2598
2141
1657
1435
1750
1951
2073
1515
853
512
440
633
775
669
389
-161
-348
-246
-8
83
-3
-76
-225
-387
-514
-380
-176
-224
-337
-187
10
-177
-636
-652
-303
93
-139
-535
-703
-576
-476
-382
-142
214
157
-60
-135
-90
527
666
830
670
499
711
737
999
1080
890
861
560
606
582
451
397
-58
-199
-487
-851
-712
-679
-854
-1422
-2134
-2023
-1765
-1460
-1550
-1829
-1980
-2194
-2121
-1722
-1267
-929
-1177
-1396
-1314
-922
-475
-355
-249
-161
-211
-345
-243
209
658
694
416
280
368
558
699
812
822
540
231
-42
227
497
424
34
-394
-723
-865
-967
-796
-909
-1350
-1806
-2064
-1762
-1425
-1652
-2023
-2273
-2075
-1525
-1346
-1243
-1649
-1532
-995
-302
296
412
198
460
910
1777
2324
2490
2541
2575
2858
3171
3427
3741
3755
3692
3735
3680
3748
3359
2950
2878
3092
3186
2754
1970
1468
1239
1259
1239
1137
616
-368
-1075
-1204
-972
-931
-1415
-1950
-2360
-2732
-2860
-2712
-2447
-2599
-2965
-3204
-3030
-2757
-2618
-2571
-2408
-2282
-2095
-1987
-1617
-1144
-989
-810
-601
-24
212
323
584
1101
1523
1394
1134
1370
1835
2234
2183
2029
1740
1429
1414
1788
2172
2005
1446
969
773
848
1125
1161
1078
581
157
52
331
575
612
433
210
-57
-91
49
319
349
132
-113
-259
-354
-369
-232
65
7
-470
-726
-657
-414
-362
-373
-383
-530
-919
-1193
-1060
-606
-457
-875
-1285
-1440
-1261
-1190
-1193
-925
-932
-1220
-1706
-1873
-1351
-983
-1050
-1441
-1713
-1543
-1344
-940
-705
-684
-694
-697
-307
98
392
610
739
1129
1353
1456
1602
1792
2114
2138
2163
2194
2047
1938
1833
1997
1969
1526
1071
631
565
565
319
-34
-583
-992
-1250
-1471
-1595
-1789
-1889
-2196
-2585
-2670
-2735
-2762
-2907
-2871
-2525
-2294
-2438
-2834
-2793
-2234
-1759
-1537
-1462
-1259
-1033
-849
-452
151
514
622
613
827
1230
1487
1824
2080
2475
2573
2706
2799
2666
2899
3146
3588
3424
2828
2764
2889
3111
2862
2419
2344
2023
1817
1552
1446
1391
854
391
288
278
232
-304
-702
-854
-1036
-1063
-1123
-1062
-1234
-1678
-1819
-1619
-1319
-1111
-1171
-1075
-955
-801
-551
-179
237
452
417
495
805
1213
1480
1594
1713
1772
1714
1648
1770
1981
2018
1656
1387
1245
1240
1120
734
412
172
-128
-471
-930
-1110
-1189
-1599
-2162
-2677
-2753
-2776
-2890
-3184
-3527
-3758
-3913
-3934
-3652
-3537
-3493
-3592
-3701
-3498
-3131
-2566
-2165
-2229
-2255
-2200
-1762
-1145
-741
-168
-37
4
5
338
1153
1761
2026
2133
2100
2319
2415
2732
3242
3398
3297
3035
2944
3051
3058
3110
3103
2876
2441
2084
2214
2199
1876
1487
1338
1198
923
586
492
416
146
-174
-230
-141
-160
-301
-445
-434
-519
-506
-348
-187
-249
-539
-572
-296
-147
-156
-190
-17
179
-1
-7
186
543
761
711
743
627
629
895
1301
1705
1541
1303
1317
1409
1629
1776
1936
2010
1803
1681
1676
1731
1849
1795
1696
1455
1192
1189
1206
1213
1069
807
642
456
239
181
174
-17
-465
-825
-831
-802
-955
-1287
-1533
-1607
-1839
-2158
-2193
-2217
-2411
-2802
-3043
-2988
-3001
-3178
-3374
-3401
-3406
-3523
-3628
-3517
-3333
-3404
-3444
-3252
-2901
-2862
-2915
-2678
-2238
-1967
-1960
-1880
-1496
-1136
-995
-820
-721
-478
-357
-234
177
350
388
464
694
1026
1003
1013
1144
1362
1480
1451
1515
1646
1583
1631
1918
2320
2346
2007
1864
1964
2115
2139
2125
2194
2064
1832
1626
1705
1885
1716
1428
1316
1317
1239
1096
1104
1200
1019
734
602
770
739
447
229
331
485
308
24
-22
-3
-85
-153
-55
92
13
-254
-300
-216
-151
-152
-104
64
69
-12
-33
98
233
313
376
405
381
344
367
461
511
566
534
515
582
612
625
514
390
407
476
568
409
146
-27
-89
-2
-49
-217
-417
-648
-667
-681
-694
-733
-960
-1187
-1371
-1342
-1149
-1039
-1178
-1592
-1803
-1686
-1465
-1369
-1489
-1635
-1660
-1669
-1595
-1422
-1276
-1226
-1384
-1448
-1300
-980
-794
-714
-579
-362
-198
-290
-255
130
530
651
466
457
653
809
970
1036
1013
815
610
785
1100
1280
969
544
416
467
593
600
526
336
-60
-280
-169
61
155
-19
-242
-340
-348
-286
-158
-68
-150
-165
-71
133
346
385
425
383
536
923
1201
1357
1289
1192
1350
1592
1901
2016
1991
1974
1872
1795
1822
1901
2007
1821
1548
1341
1132
1030
866
716
543
224
-130
-390
-548
-704
-855
-1122
-1425
-1650
-1876
-1989
-2064
-2007
-2029
-2140
-2269
-2365
-2360
-2210
-1991
-1813
-1769
-1756
-1593
-1380
-1220
-1025
-852
-696
-542
-504
-322
-151
-26
144
211
307
440
562
736
834
922
992
988
1004
968
980
961
905
976
935
751
561
444
460
278
39
-7
-10
-132
-489
-790
-819
-724
-707
-870
-1060
-1172
-1300
-1349
-1146
-869
-889
-1238
-1340
-967
-511
-350
-388
-341
-267
-280
-189
165
571
630
385
347
537
709
733
828
999
942
637
417
556
805
773
557
356
265
157
-20
-57
-26
-186
-268
-351
-449
-624
-838
-781
-660
-748
-1013
-1139
-976
-808
-936
-1068
-982
-834
-843
-761
-716
-595
-759
-820
-708
-445
-214
-227
-361
-281
-143
91
327
352
390
333
393
515
606
679
791
691
542
418
464
636
670
396
244
112
179
156
52
18
-191
-405
-502
-509
-345
-343
-506
-669
-765
-635
-417
-152
-65
-134
-216
-57
206
426
592
712
791
822
831
996
1151
1235
1300
1266
1395
1406
1338
1427
1610
1694
1487
1187
1173
1272
1258
1147
1145
1148
936
608
495
619
662
435
132
8
-129
-279
-404
-415
-485
-660
-920
-972
-853
-791
-823
-882
-861
-787
-793
-748
-655
-580
-608
-622
-542
-476
-464
-562
-510
-316
-149
-165
-298
-436
-438
-390
-317
-315
-338
-485
-678
-823
-828
-725
-749
-933
-1058
-1052
-1110
-1120
-1097
-1126
-1147
-1166
-1147
-1040
-936
-982
-987
-845
-640
-514
-450
-426
-386
-341
-260
-121
-136
-177
-179
-131
-77
-73
-183
-205
-142
28
86
102
0
-39
-63
13
213
417
442
328
148
180
420
481
522
398
390
404
439
508
492
432
397
310
415
462
423
221
83
166
298
283
203
144
138
146
121
87
102
148
118
85
8
-57
11
46
111
209
187
139
68
256
495
610
607
477
421
470
627
843
912
828
589
404
438
634
827
772
524
276
149
184
267
339
266
-32
-346
-538
-595
-545
-516
-575
-806
-1123
-1286
-1308
-1270
-1207
-1169
-1251
-1427
-1610
-1639
-1528
-1339
-1191
-1127
-1131
-1230
-1263
-1106
-851
-669
-663
-806
-857
-700
-461
-269
-241
-324
-450
-500
-350
-120
-20
-65
-153
-215
-151
90
283
344
316
224
209
251
371
484
582
501
405
314
422
612
575
415
222
237
300
256
214
190
110
60
-58
-43
-11
-67
-78
-29
15
-12
-15
38
94
114
146
265
237
182
164
237
442
531
498
438
450
568
676
775
867
895
775
692
809
959
1112
1106
1032
1084
1093
1123
1175
1203
1269
1222
1139
1037
954
909
806
723
698
634
410
135
-46
-108
-150
-232
-304
-391
-561
-624
-531
-393
-422
-631
-785
-736
-537
-318
-337
-472
-593
-639
-457
-180
-71
-183
-417
-540
-353
-136
-56
-193
-424
-465
-331
-241
-211
-202
-207
-204
-238
-190
-120
-144
-192
-150
-108
-89
-155
-186
-90
35
127
120
78
-7
-91
-58
75
176
157
-26
-198
-126
72
163
78
-70
-118
-151
-136
-80
-12
14
-58
-59
-5
30
-24
-49
77
201
171
55
65
119
141
109
141
226
234
123
-58
-153
-104
0
17
-106
-259
-349
-369
-296
-361
-405
-355
-375
-543
-722
-660
-382
-296
-403
-585
-613
-506
-392
-173
-40
-94
-307
-387
-86
233
391
254
22
69
162
357
507
589
512
365
284
368
574
627
642
652
616
606
482
492
630
679
592
388
245
122
57
93
204
177
-84
-381
-505
-416
-303
-364
-475
-593
-747
-805
-765
-562
-336
-361
-488
-533
-492
-366
-212
-75
37
97
170
302
459
558
681
820
863
879
976
1074
1062
969
927
984
1040
971
904
849
796
717
565
471
422
361
201
56
-81
-151
-130
-206
-384
-568
-689
-635
-522
-488
-501
-626
-700
-671
-497
-320
-293
-361
-361
-213
-83
-119
-135
7
208
302
201
83
141
381
644
640
496
403
376
452
573
705
597
362
208
215
389
473
353
128
-142
-259
-230
-147
-124
-238
-393
-490
-551
-605
-593
-477
-432
-543
-663
-747
-641
-572
-510
-416
-301
-246
-295
-293
-237
-45
213
305
279
225
251
392
552
702
836
844
730
675
745
956
1030
1001
978
897
819
764
860
987
1005
828
631
574
577
545
486
445
413
309
186
177
220
245
223
158
138
148
171
207
448
471
397
502
441
475
384
253
307
338
273
312
172
263
321
339
510
418
203
129
196
292
431
363
288
79
-50
93
235
153
14
-143
-157
-168
-266
-298
-410
-517
-667
-737
-773
-826
-912
-988
-1019
-1054
-1102
-1094
-1026
-927
-1003
-1086
-1033
-894
-704
-641
-704
-705
-582
-408
-276
-180
-166
-263
-360
-275
-38
88
64
28
-78
-256
-253
-120
34
-65
-259
-374
-523
-612
-525
-417
-447
-623
-782
-710
-643
-585
-607
-602
-541
-597
-657
-645
-431
-204
-86
-150
-221
-191
-88
83
247
385
327
191
145
309
554
655
624
527
467
482
588
761
809
746
646
601
651
705
759
738
663
585
620
674
691
637
590
666
738
769
682
581
572
577
598
634
638
551
387
297
384
510
546
494
420
364
344
437
526
540
454
316
295
379
413
358
270
204
106
66
80
59
15
-69
-130
-121
-109
-138
-153
-138
-163
-267
-354
-314
-222
-201
-231
-272
-298
-335
-360
-303
-219
-123
-231
-307
-305
-375
-357
-343
-286
-247
-390
-510
-431
-326
-221
-326
-384
-332
-301
-327
-416
-363
-228
-185
-191
-208
-220
-247
-223
-208
-220
-184
-231
-222
-249
-310
-292
-290
-297
-334
-368
-312
-265
-245
-225
-236
-255
-236
-75
29
-40
-158
-169
-55
31
30
100
160
139
86
110
292
350
333
279
238
316
357
325
287
257
279
287
300
325
308
236
241
310
363
326
265
277
300
303
361
430
351
228
209
343
493
507
457
406
407
399
388
461
590
607
435
245
164
190
309
393
356
192
-14
-113
-23
121
217
164
-2
-157
-186
-72
24
30
-47
-150
-249
-321
-360
-282
-204
-203
-267
-407
-521
-573
-569
-574
-626
-676
-779
-869
-918
-904
-806
-800
-897
-961
-1025
-961
-892
-859
-831
-836
-809
-807
-778
-678
-579
-550
-537
-559
-513
-472
-402
-304
-255
-215
-273
-334
-325
-258
-161
-161
-241
-350
-422
-399
-355
-255
-217
-303
-404
-458
-384
-313
-289
-368
-442
-346
-285
-291
-303
-310
-266
-254
-168
-75
0
-10
-122
-138
-48
53
95
55
57
157
247
328
404
402
394
454
507
677
820
785
741
747
863
971
915
975
1028
1044
1081
1100
1117
1098
1023
1009
1065
1024
958
901
853
885
807
668
717
732
709
607
493
474
376
312
289
250
248
161
70
16
-30
-36
-77
-137
-173
-186
-241
-283
-267
-274
-294
-353
-394
-407
-397
-394
-410
-435
-434
-417
-399
-337
-349
-408
-432
-446
-375
-332
-367
-419
-457
-458
-425
-395
-366
-418
-547
-623
-597
-510
-445
-469
-552
-536
-507
-497
-431
-406
-413
-410
-393
-383
-378
-409
-493
-473
-395
-327
-369
-501
-597
-662
-656
-598
-621
-662
-776
-803
-817
-744
-622
-671
-698
-767
-739
-590
-521
-419
-348
-338
-275
-250
-134
-66
44
114
220
339
276
261
325
495
669
692
615
614
592
630
675
701
680
576
496
552
639
604
483
375
406
377
311
247
155
81
-10
-79
-65
-117
-195
-250
-255
-251
-336
-347
-361
-368
-351
-326
-250
-189
-193
-191
-143
-48
21
90
185
290
328
302
371
454
583
663
642
623
599
615
663
751
822
770
607
438
365
386
362
272
177
56
-79
-212
-317
-420
-502
-591
-688
-757
-785
-834
-860
-918
-955
-968
-1024
-1038
-1020
-977
-941
-935
-939
-947
-985
-975
-895
-733
-656
-684
-653
-549
-440
-356
-364
-345
-216
-99
-14
42
76
109
141
146
190
268
261
204
125
101
133
193
147
8
-145
-250
-265
-210
-190
-211
-280
-382
-460
-416
-412
-378
-310
-279
-253
-258
-237
-204
-84
-12
62
51
45
104
213
290
377
369
401
450
458
564
580
595
586
566
652
685
662
629
545
527
500
512
501
447
379
309
271
254
263
175
37
-53
-138
-138
-139
-146
-144
-206
-304
-367
-332
-238
-171
-182
-205
-218
-190
-104
-56
-40
-12
29
82
81
116
198
253
302
328
287
310
365
409
434
449
470
417
358
348
424
440
420
397
297
262
269
246
232
224
253
233
158
102
93
120
100
62
-12
-127
-196
-230
-272
-308
-352
-423
-510
-524
-552
-576
-577
-600
-602
-559
-547
-560
-553
-540
-488
-428
-422
-403
-380
-335
-295
-322
-327
-298
-268
-195
-87
-42
20
7
-30
-31
-31
-8
40
35
51
36
21
45
28
56
56
33
-16
19
84
73
69
103
99
127
91
56
107
141
152
102
103
116
101
94
134
166
126
78
53
104
165
137
119
77
60
78
120
255
277
193
152
149
224
254
249
271
284
274
227
271
377
429
430
391
402
441
439
457
426
409
413
394
425
405
396
399
345
349
349
312
294
274
252
244
264
287
282
280
247
182
172
160
190
237
241
231
187
109
30
-3
32
58
-1
-96
-167
-187
-244
-250
-226
-242
-333
-398
-404
-404
-416
-480
-530
-533
-560
-589
-536
-471
-414
-415
-446
-359
-328
-388
-384
-380
-302
-257
-355
-365
-385
-440
-451
-429
-312
-295
-387
-459
-503
-434
-359
-343
-299
-284
-307
-326
-301
-202
-124
-60
-27
9
69
101
189
311
291
310
313
218
310
317
425
515
384
353
324
348
416
408
394
407
330
284
318
358
420
431
362
332
308
297
321
320
318
350
371
457
542
522
505
464
494
547
559
546
556
571
558
567
553
587
587
496
462
462
515
539
502
513
498
483
468
429
487
547
573
552
442
400
362
360
410
441
444
340
208
140
125
136
96
18
-80
-188
-263
-332
-303
-266
-321
-427
-516
-533
-476
-434
-460
-502
-548
-589
-656
-701
-688
-653
-659
-715
-742
-732
-737
-742
-684
-604
-535
-556
-576
-539
-497
-421
-349
-324
-323
-305
-242
-140
-99
-87
-148
-210
-196
-102
-37
-21
-72
-136
-148
-164
-144
-103
-101
-120
-115
-132
-179
-182
-202
-214
-206
-276
-298
-283
-255
-168
-114
-58
-16
-25
42
108
162
256
321
356
382
399
443
555
664
745
745
653
646
721
792
844
850
804
738
670
639
672
723
691
601
500
420
422
442
472
485
422
316
253
312
408
423
430
439
420
412
429
479
507
489
489
475
459
442
423
412
402
381
299
219
160
117
91
68
40
30
10
2
-38
-86
-106
-175
-209
-230
-244
-296
-364
-324
-348
-342
-362
-389
-360
-389
-441
-499
-496
-463
-449
-487
-471
-450
-457
-455
-424
-375
-359
-359
-339
-279
-188
-92
-65
-111
-120
-88
-26
34
92
116
96
109
113
132
173
160
120
87
56
51
30
23
45
11
-53
-86
-96
-75
-62
-87
-144
-178
-210
-266
-240
-185
-136
-134
-157
-118
-79
-49
-40
-31
37
73
92
114
135
231
291
353
457
508
486
503
550
636
773
782
766
750
739
768
803
858
877
840
762
722
671
650
688
639
572
492
384
350
382
342
225
157
20
-86
-96
-203
-236
-279
-388
-456
-530
-573
-584
-624
-634
-626
-603
-617
-627
-607
-600
-547
-452
-364
-309
-311
-344
-333
-282
-203
-149
-133
-153
-97
-41
-66
-37
-34
-23
-39
-86
-66
-41
-89
-143
-208
-257
-259
-255
-272
-316
-379
-464
-568
-563
-554
-533
-548
-626
-570
-530
-541
-527
-517
-489
-408
-384
-378
-384
-349
-275
-221
-156
-192
-242
-235
-242
-211
-226
-247
-209
-233
-241
-184
-164
-165
-159
-139
-66
18
37
43
113
150
195
237
219
256
315
323
347
398
381
371
361
405
440
392
370
362
315
266
301
331
334
317
268
268
287
234
166
78
5
8
21
43
36
20
-11
-18
-1
46
116
125
115
101
71
83
106
136
186
206
202
222
267
291
304
339
350
360
307
273
293
316
316
287
299
294
302
275
230
275
314
281
268
252
243
251
235
200
164
137
75
17
-45
-81
-119
-217
-255
-245
-275
-295
-300
-308
-255
-252
-267
-273
-293
-341
-386
-398
-431
-425
-461
-509
-526
-518
-465
-465
-492
-521
-520
-467
-439
-380
-373
-389
-369
-305
-230
-209
-166
-114
-95
-79
-59
-23
19
37
27
5
-31
-35
14
-12
-6
-49
-118
-152
-181
-180
-215
-232
-205
-160
-143
-207
-233
-173
-168
-166
-175
-126
-75
-90
-44
13
55
76
39
73
128
144
161
185
219
227
189
194
232
253
238
213
200
220
297
330
370
393
325
283
280
284
343
371
377
350
303
306
328
384
419
366
297
268
297
300
266
189
159
161
109
119
137
112
65
7
-26
-28
-32
3
11
-36
-79
-106
-113
-97
-76
-167
-325
-334
-276
-218
-169
-168
-223
-289
-321
-331
-268
-234
-265
-341
-359
-333
-334
-360
-354
-325
-326
-358
-378
-370
-332
-304
-282
-247
-267
-285
-306
-289
-235
-194
-235
-254
-233
-203
-201
-213
-157
-128
-145
-181
-195
-159
-131
-106
-97
-135
-175
-200
-187
-146
-106
-97
-121
-127
-184
-202
-148
-116
-115
-120
-143
-139
-137
-197
-214
-221
-231
-226
-210
-224
-209
-198
-217
-259
-260
-252
-220
-188
-169
-83
-48
-23
15
103
148
167
175
226
285
298
329
355
368
377
409
465
544
573
521
531
581
570
531
501
476
462
402
327
292
277
262
239
170
129
114
69
35
1
-51
-84
-108
-134
-166
-189
-222
-262
-259
-258
-239
-243
-262
-258
-216
-199
-142
-73
-38
-8
-13
-37
-16
-5
43
118
167
179
126
89
77
95
78
72
96
141
164
120
50
-36
-79
-90
-94
-120
-192
-253
-284
-301
-308
-361
-415
-448
-523
-563
-559
-527
-484
-491
-542
-555
-549
-510
-473
-443
-435
-425
-415
-412
-388
-297
-215
-158
-138
-146
-135
-122
-108
-70
-93
-75
-3
32
59
84
136
190
260
242
218
247
270
291
313
343
375
365
293
290
266
240
246
266
284
290
230
156
135
104
55
24
7
4
39
30
60
90
58
72
104
158
172
152
145
170
211
181
161
205
227
202
172
200
248
296
308
338
390
370
329
280
283
315
280
198
162
140
107
94
139
199
186
161
107
88
85
88
120
127
101
10
-99
-106
-62
-20
38
65
43
-18
-71
-33
22
15
-60
-122
-114
-91
-75
-16
5
-17
-85
-151
-90
-58
-44
-68
-82
-66
-76
-70
-68
-61
-69
-112
-130
-121
-105
-39
-16
-4
12
2
-43
-89
-52
-9
35
5
-18
-15
-25
-14
-35
-56
-60
-12
-7
-28
-59
-88
-47
-16
-33
-3
-43
-114
-154
-183
-168
-125
-97
-93
-112
-112
-92
-66
-42
1
10
-8
-4
11
58
108
114
123
152
199
234
237
264
290
268
237
212
208
221
195
174
215
205
182
149
125
152
146
126
111
141
164
182
155
103
80
52
20
24
21
17
0
-52
-85
-73
-79
-123
-101
-97
-80
-92
-104
-87
-93
-115
-96
-66
-51
-29
-7
46
75
100
65
13
27
28
27
60
106
137
125
83
81
109
143
171
168
158
178
169
167
200
175
138
112
97
156
176
170
193
145
55
-4
-30
-15
-34
-86
-115
-123
-120
-139
-159
-167
-190
-171
-182
-186
-180
-195
-166
-135
-107
-70
-51
-92
-115
-107
-89
-55
-33
-68
-94
-104
-96
-75
-62
-75
-83
-68
-89
-132
-160
-133
-73
-68
-103
-110
-148
-172
-146
-94
-52
-20
-64
-105
-123
-130
-107
-54
22
63
57
26
89
144
169
177
123
138
164
163
185
198
185
135
141
178
219
226
199
206
167
127
113
103
114
99
75
92
100
130
142
151
167
172
120
81
75
83
102
94
68
52
1
-23
-21
-34
-19
-6
-38
-57
-17
23
48
28
-34
-16
23
89
146
117
136
182
199
213
218
215
279
265
273
286
247
248
229
190
151
115
93
87
99
83
28
51
33
-11
-20
-67
-119
-141
-173
-188
-214
-237
-238
-240
-281
-307
-290
-257
-226
-207
-230
-284
-297
-330
-356
-323
-297
-252
-170
-129
-102
-77
-107
-102
-59
-20
27
88
101
100
116
115
122
80
69
36
49
93
98
124
151
140
156
131
94
82
71
73
40
47
68
71
60
24
15
14
-12
-17
-35
-5
4
15
13
0
-12
-4
17
33
67
109
129
106
90
89
144
218
227
203
197
234
253
264
278
244
199
178
188
217
255
278
265
228
159
86
39
27
35
20
20
-8
-23
-78
-102
-52
-14
-38
-50
-51
-52
-33
-27
-44
-81
-134
-216
-247
-227
-178
-145
-130
-113
-119
-141
-130
-95
-104
-131
-155
-167
-142
-150
-143
-109
-102
-84
-99
-120
-141
-152
-113
-85
-70
-43
-24
-12
35
54
35
48
75
81
113
114
62
45
27
-28
-32
-62
-81
-79
-93
-38
-35
-32
-38
-54
-47
-80
-39
-27
-21
11
-3
14
-8
19
7
10
38
42
72
20
-5
-1
14
13
29
38
-2
28
7
38
60
52
68
53
43
45
35
67
87
81
110
76
89
94
84
107
117
107
144
166
150
101
59
26
6
12
29
-2
0
15
27
59
22
-9
-29
-50
-65
-50
-29
-55
-88
-82
-84
-114
-147
-140
-110
-85
-75
-88
-120
-150
-217
-204
-181
-167
-151
-217
-220
-231
-204
-174
-182
-184
-234
-239
-196
-160
-151
-157
-162
-175
-179
-213
-233
-211
-191
-161
-149
-147
-144
-131
-134
-117
-109
-117
-153
-175
-169
-165
-197
-215
-156
-145
-161
-185
-162
-115
-81
-90
-84
-75
-30
15
4
31
31
50
110
108
83
83
66
76
63
95
106
84
115
126
152
125
98
85
111
136
152
139
118
90
94
91
68
100
101
102
105
88
67
50
74
103
98
105
98
103
99
108
118
89
74
49
36
32
13
57
88
68
33
-5
3
15
62
85
57
67
86
50
48
23
2
12
2
-34
-44
-17
-17
-52
-96
-99
-69
-54
-65
-101
-139
-162
-175
-183
-164
-166
-212
-234
-200
-182
-169
-183
-231
-228
-179
-141
-104
-43
-43
-60
-46
-24
5
-11
-64
-103
-95
-87
-90
-81
-72
-81
-81
-96
-122
-156
-168
-147
-134
-137
-140
-138
-125
-106
-89
-78
-60
-37
-26
-49
-33
30
41
42
63
57
63
95
101
89
104
101
77
67
38
4
-24
-9
12
12
11
4
26
32
22
46
36
39
61
44
61
81
68
16
-13
-48
-96
-115
-119
-94
-67
-72
-99
-104
-112
-83
-56
-57
-100
-131
-161
-166
-139
-151
-139
-151
-187
-148
-116
-109
-61
-42
-49
-81
-64
-22
-6
1
14
-13
-25
-17
10
42
73
58
6
31
39
52
81
61
55
50
49
61
52
38
32
-10
-62
-43
-51
-93
-131
-150
-120
-55
-26
-51
-70
-116
-153
-178
-183
-166
-148
-143
-150
-125
-122
-132
-120
-117
-128
-104
-96
-122
-124
-142
-123
-80
-57
3
-9
-29
-21
-36
-26
12
50
45
42
41
62
63
79
60
81
102
71
59
71
107
115
123
155
176
138
67
60
73
80
120
159
172
151
122
111
102
105
120
107
66
5
-22
-47
-53
-43
-51
-77
-116
-131
-106
-64
-51
-77
-109
-111
-91
-81
-85
-104
-62
-38
-4
21
-2
10
-12
27
61
129
160
154
169
152
168
172
177
191
188
166
152
137
131
134
116
139
143
130
150
142
131
121
112
116
111
114
108
103
78
36
7
-35
-94
-80
-65
-68
-66
-84
-51
-12
-9
16
13
0
-6
-8
-7
55
123
130
144
172
148
137
135
131
150
130
70
71
124
165
177
156
119
87
48
23
50
58
28
-2
-47
-56
-29
-51
-86
-137
-180
-214
-241
-221
-173
-177
-176
-190
-231
-249
-252
-244
-250
-255
-257
-285
-307
-329
-344
-313
-292
-287
-313
-312
-257
-230
-249
-225
-194
-187
-133
-97
-81
-42
-8
-5
46
61
54
109
100
66
73
67
89
80
41
43
2
-10
-25
-62
-79
-102
-102
-106
-114
-133
-147
-119
-123
-113
-107
-108
-62
-16
13
27
-1
-25
-66
-110
-86
-61
-22
8
0
28
56
37
21
9
12
10
11
49
90
69
12
-26
-79
-45
0
15
35
30
23
-7
-8
-17
15
48
64
93
106
132
133
141
110
85
54
39
40
64
63
60
42
1
-25
-61
-35
-15
-8
-10
-36
-39
-34
-18
7
58
96
120
119
79
113
174
192
179
138
58
68
120
146
167
164
130
117
101
106
94
63
83
89
93
68
99
150
151
158
149
143
127
103
104
120
152
133
124
138
119
109
104
95
101
109
93
107
129
140
130
142
116
110
144
96
113
110
36
22
36
50
55
21
10
-4
3
15
23
58
80
83
96
103
135
163
200
217
199
165
104
78
124
165
220
228
227
242
227
237
237
226
267
260
238
252
