106
190
186
176
157
141
150
162
146
156
104
100
101
106
94
64
14
-3
2
-2
1
-1
0
0
1
0
0
0
0
0
0
0
1
0
0
0
0
0
0
0
0
0
0
0
0
0
0
0
0
0
0
0
0
0
-1
0
0
0
0
0
0
0
0
0
0
0
0
0
1
0
0
0
0
0
0
0
1
0
0
0
1
1
0
0
0
-1
1
1
0
0
0
0
0
0
0
1
0
0
0
1
0
0
0
0
0
-1
0
0
0
0
0
0
0
0
0
0
-1
-1
-1
0
0
0
0
-1
0
0
0
0
0
0
0
0
0
1
0
1
0
0
0
0
0
0
1
-1
0
1
-1
0
0
0
0
0
0
0
-1
0
0
0
-1
0
-1
0
0
0
0
0
-1
0
-1
1
0
1
0
0
0
-1
23
27
-13
-46
-21
-23
-29
-17
3
36
46
65
90
120
120
140
142
131
136
142
153
169
179
183
180
158
202
227
242
217
178
194
184
192
168
124
98
63
13
8
30
43
72
78
64
67
37
34
42
16
41
63
59
51
2
-19
13
32
68
53
-17
-63
-61
-12
11
5
-9
-5
23
54
62
100
130
127
97
46
33
51
74
32
-10
7
6
3
8
9
4
-3
-2
6
0
3
-7
-10
6
8
9
6
-4
-1
1
4
-12
-4
14
6
2
-3
3
4
1
-2
-3
-1
-8
-3
1
0
8
-5
-17
-1
8
9
4
-15
-6
1
-14
-7
-2
-2
7
-5
3
8
-3
2
-2
-6
3
13
19
12
-1
-18
-12
10
8
2
-4
-7
-11
-5
6
2
-8
-5
-12
-11
-8
-3
12
3
6
1
1
7
-3
-8
-5
-3
2
10
14
7
-6
-2
-7
-4
2
-9
-5
7
0
9
11
-1
7
5
10
7
-1
3
11
-3
-1
-9
-10
9
11
12
-5
8
5
6
3
5
5
-13
-12
-1
3
7
11
0
-8
-11
1
1
5
-5
1
4
-10
-5
3
-5
-6
-5
-9
2
9
-7
-3
11
3
1
1
6
1
-3
-7
6
3
7
16
3
-1
-3
-6
2
19
-4
-10
-1
2
6
5
-4
-5
-1
-2
10
-10
-26
-10
11
10
-3
1
-10
-8
-6
-4
1
1
2
5
6
-7
-10
3
-1
-4
-4
1
4
1
8
-1
-5
-4
-1
5
0
4
5
-2
-7
8
13
-2
-4
2
-8
1
3
0
1
-4
-8
-7
3
-2
-1
0
-13
-10
-2
-20
-19
1
0
9
0
-21
-16
-14
3
13
-4
-12
2
-5
-3
-11
-9
9
0
-2
-4
-3
-1
13
3
4
7
-5
-4
-8
0
2
0
10
-5
-9
-6
-19
5
7
-3
9
1
-18
-8
14
-1
-3
-3
-13
-18
-11
10
14
1
-16
-5
2
13
18
3
1
1
0
-15
-8
4
2
3
-3
-3
3
-7
2
-11
-9
13
2
-5
-8
-7
11
15
-2
1
4
7
2
3
-5
2
0
-11
-8
1
-10
-8
11
14
5
-7
-3
8
8
9
10
4
0
0
3
5
1
-2
0
4
-2
-5
2
15
6
-4
-1
2
4
3
1
0
2
4
-1
-4
4
10
27
0
-11
-13
-12
13
4
-6
-2
-9
2
6
2
5
-1
3
14
-1
-9
8
1
5
5
-1
-14
-21
21
31
12
0
-27
-13
6
14
38
21
3
-14
-33
-23
7
12
5
3
-15
-14
-28
-3
14
30
35
-2
-20
0
43
54
44
3
-19
-26
-47
-18
4
5
-4
-20
11
26
21
14
-33
-25
30
22
-7
-13
-9
10
18
7
20
11
5
5
15
11
-14
4
3
-5
2
-1
-6
12
-11
-21
20
10
14
-11
-44
-1
19
32
33
14
4
6
0
-26
12
21
10
8
-18
-7
-3
-9
3
2
-11
-19
-20
-18
-11
-8
-6
-11
-8
-19
-14
-13
-16
-10
3
-2
-5
-8
-18
-25
-7
9
10
14
-3
20
23
-1
10
10
26
51
27
7
8
-9
-15
-3
17
10
-17
-34
-33
-19
-9
-7
-7
-12
-12
-25
-27
-19
-10
8
0
-14
-26
-10
18
32
22
1
-19
-16
-20
-28
9
25
12
-4
-16
-25
-35
-9
15
-10
-14
-9
-16
-3
-5
-12
-25
-26
-18
-1
-12
-20
-41
-34
-14
-49
-61
-14
29
52
29
-17
-17
-9
6
7
-16
-20
9
35
19
5
9
9
-8
-3
-3
-17
7
9
2
18
16
2
-10
-21
-22
-10
-11
32
43
29
9
-14
-19
-13
7
-7
-3
0
-7
11
23
26
13
19
5
4
10
2
18
33
29
-2
-17
-2
1
-10
-25
-16
24
18
1
-21
-40
-24
19
35
42
37
3
-23
-15
-28
-53
-53
-27
13
6
-21
-20
-1
4
20
7
-5
23
6
-22
-10
-19
-26
-9
13
12
8
32
27
26
18
3
24
19
18
20
-11
-6
25
14
10
5
-2
9
59
45
-23
-14
-15
-7
16
-4
-3
-11
-4
8
39
38
30
4
-18
-8
-13
-29
-2
35
31
21
-21
-50
-24
33
55
40
-6
-11
7
25
19
-16
-28
-8
16
10
28
21
35
39
16
6
27
15
13
18
11
3
3
8
10
12
24
10
-30
-11
-7
-8
-21
-16
-4
-11
-41
-65
-48
-4
27
-10
-20
-28
-39
-13
-14
-4
-6
-12
-4
-13
9
13
11
11
3
6
23
6
37
39
33
45
56
67
21
-2
-20
-7
2
4
31
42
39
18
17
16
5
5
58
79
59
42
0
-8
35
39
35
21
-37
-30
15
11
-18
-11
15
-11
-26
-27
-31
-4
5
29
30
19
-10
-49
-53
-10
19
10
-13
-48
-65
-58
-56
-59
-58
-62
-43
-9
13
-36
-42
2
36
53
15
-14
8
15
5
-14
-29
-31
-20
9
28
22
6
36
49
40
-19
-53
-46
-59
-37
-37
-54
-45
5
38
34
1
-43
-18
30
29
23
9
-28
-43
-43
-13
8
7
12
7
-4
17
31
6
-20
-4
23
25
-9
-4
-2
-4
2
-23
-24
21
56
68
41
16
-4
-4
-10
-1
13
7
9
37
46
21
1
17
3
-18
-25
-34
-31
-34
-63
-50
-41
-8
0
-13
-10
-43
-8
-8
-10
-8
-31
-5
33
16
-15
-50
-62
-38
-20
-23
-11
19
30
33
21
10
8
18
27
11
-4
11
7
37
71
59
35
44
94
80
72
57
27
8
35
47
55
58
49
69
97
84
69
84
35
27
21
-19
-41
-43
-30
3
6
-35
-85
-99
-54
-31
-22
-6
-36
-61
-74
-49
1
-18
-60
-60
-44
3
17
-20
-3
-15
-1
6
-29
-32
-7
-2
0
-6
-31
-12
19
6
-10
7
-5
39
71
22
14
7
15
35
20
19
-1
-3
-15
-5
-16
-22
-29
-41
-25
0
-22
-15
3
-7
-13
-23
14
24
-1
-16
35
45
16
12
11
28
36
18
19
17
-21
-27
-6
-32
-33
-20
-27
-15
-31
-65
-91
-80
-81
-67
-34
-24
-8
-35
-47
-21
-19
-16
-42
-53
-53
-53
-58
-66
-33
-10
-1
19
42
61
76
68
64
105
121
112
70
36
43
58
53
33
49
0
-51
-44
-39
-30
-53
-59
-63
-68
-34
-36
-14
-16
-10
-2
-21
-52
-38
-8
-14
28
27
-2
1
-12
-32
-33
-28
2
-27
-51
-4
11
-4
4
27
47
69
64
41
19
12
25
61
39
-11
-23
-43
-25
-26
-33
2
20
17
-4
6
2
-13
17
11
-14
-14
-13
-14
-9
-58
-94
-75
-58
-71
-100
-81
-70
-59
-59
-69
-93
-85
-43
-29
-5
8
20
13
-22
21
21
-24
-23
2
34
34
26
30
42
52
62
41
39
56
39
55
62
63
43
51
63
44
54
82
150
131
90
57
28
43
65
120
153
174
147
107
117
122
120
147
132
88
77
47
38
54
23
13
74
62
37
33
43
72
61
39
41
90
102
67
87
84
118
136
89
81
120
151
116
106
64
25
47
41
32
12
-48
-69
-15
8
3
-39
-115
-130
-85
-99
-93
-40
-21
-59
-70
-56
-8
40
11
-13
-27
-12
18
39
53
54
73
66
48
40
40
16
0
-4
-10
-29
-40
27
55
37
24
30
17
36
38
12
20
30
41
35
31
29
13
24
68
38
-10
-4
-7
-8
-27
-37
-42
-38
35
60
36
15
31
-5
-42
-15
-20
-22
-47
-81
-105
-129
-99
-62
-67
-77
-101
-116
-121
-96
-127
-187
-168
-155
-146
-149
-169
-171
-152
-128
-153
-152
-144
-108
-83
-101
-128
-138
-106
-99
-101
-134
-126
-67
-49
-50
-58
-71
-88
-79
-73
-66
-50
-95
-123
-83
-79
-80
-85
-76
-55
-16
23
-11
-29
-40
-20
22
-29
-37
-23
-30
8
28
32
41
28
50
72
107
104
80
96
103
107
103
97
91
77
57
51
34
47
69
46
0
-31
-53
-77
-39
-6
-20
-27
-60
-98
-59
-50
-47
-48
-39
-27
-48
-74
-92
-74
-77
-87
-74
-81
-103
-88
-67
-65
-58
-79
-102
-99
-76
-56
-17
2
-34
-21
-19
-7
6
-9
-2
12
0
7
-2
-19
-7
-10
-36
-59
-103
-58
-31
-11
2
-19
25
79
69
53
15
0
-66
-27
173
97
101
39
3
37
-26
11
18
44
57
36
56
54
14
-12
10
-10
-38
-42
-15
-6
1
-24
-56
-56
-23
-1
-2
-7
2
19
28
57
84
68
48
55
46
55
75
100
115
140
169
165
165
159
141
139
126
103
121
139
144
147
155
140
130
131
124
118
126
108
74
73
44
55
90
102
103
81
105
142
166
160
163
166
186
189
166
177
209
203
157
124
87
91
128
134
71
64
35
-4
9
3
8
-20
3
78
114
83
61
63
38
47
30
11
-6
-4
7
-7
-1
-14
-14
-30
-76
-83
-59
-45
-21
10
8
43
75
55
41
39
88
95
66
25
46
88
57
31
-11
-45
-43
-8
47
45
12
-6
-34
-25
-2
41
92
63
48
38
17
-32
-9
47
58
83
39
31
75
72
58
49
21
35
33
15
16
67
58
12
46
69
97
123
75
40
62
81
87
58
41
32
84
79
25
43
29
51
61
43
20
20
-37
-89
-84
-107
-87
-56
-55
-74
-75
-103
-130
-88
-75
-88
-93
-133
-149
-116
-75
-38
-43
-89
-139
-155
-141
-153
-184
-191
-172
-191
-176
-165
-173
-156
-115
-77
-114
-120
-126
-141
-92
-26
-38
-76
-130
-179
-153
-130
-116
-116
-142
-205
-200
-170
-193
-159
-139
-135
-110
-109
-104
-22
6
-8
-22
-50
-63
-41
0
17
63
88
18
-38
-53
-66
-53
-93
-111
-87
-40
-4
-8
-6
2
2
20
13
-10
-19
-29
1
9
-19
-52
-47
-48
-52
-83
-123
-120
-99
-110
-116
-101
-131
-162
-153
-120
-119
-162
-178
-172
-167
-144
-141
-115
-112
-86
-88
-81
-77
-58
-41
-65
-41
-59
-104
-79
-42
-24
-4
7
-24
-37
-72
-59
-17
-72
-96
-107
-109
-113
-160
-165
-143
-118
-92
-100
-95
-112
-140
-96
-68
-57
-38
-70
-77
-45
-58
-54
-50
-61
-41
1
20
-29
-58
-67
-82
-56
-44
-70
-129
-143
-109
-69
-15
-8
-4
0
-21
-64
-80
-64
-51
-35
-18
-40
-69
-65
-64
-62
-71
-93
-88
-106
-105
-82
-41
-44
-53
-29
-37
-19
-22
7
36
-10
-43
-63
-65
-47
-48
-6
30
30
39
-2
15
51
111
191
179
194
204
182
177
175
161
139
164
183
196
224
219
188
224
242
213
203
204
231
254
228
190
219
248
234
232
214
193
200
193
170
200
200
187
160
105
85
48
29
52
62
52
39
65
76
82
81
73
48
30
16
-35
-39
-15
11
23
-32
-62
-24
6
18
13
-6
-45
-43
-46
-55
-7
26
12
33
48
13
8
41
104
134
90
38
31
60
111
129
123
102
135
110
100
124
136
163
168
159
148
141
128
172
172
144
133
129
147
168
211
227
216
212
240
272
264
250
292
317
276
264
256
260
246
205
187
185
254
237
170
172
180
215
206
168
118
128
126
146
132
109
79
71
108
130
174
102
60
95
118
122
118
90
64
79
32
43
73
99
128
110
74
34
26
32
62
48
28
28
38
93
90
88
72
70
121
124
141
140
128
160
168
119
86
84
92
97
92
82
40
-3
14
24
51
95
72
52
27
26
43
21
-12
-9
-11
-19
5
-14
-6
6
14
7
-29
-19
-21
-80
-73
-49
-37
-30
-37
-45
-55
-34
-15
-15
-19
-22
-27
-20
-44
-98
-97
-84
-103
-103
-113
-147
-136
-126
-120
-110
-131
-133
-171
-183
-139
-78
-91
-175
-229
-251
-273
-311
-318
-317
-319
-330
-359
-331
-287
-308
-277
-290
-311
-288
-276
-269
-285
-265
-221
-205
-212
-180
-172
-159
-179
-166
-106
-85
-72
-106
-156
-166
-156
-115
-126
-189
-194
-200
-200
-186
-220
-259
-276
-262
-256
-268
-293
-319
-312
-304
-287
-263
-304
-333
-329
-330
-297
-297
-293
-302
-313
-325
-340
-330
-352
-343
-340
-335
-319
-303
-335
-354
-354
-355
-336
-293
-268
-265
-251
-270
-260
-231
-195
-158
-154
-157
-142
-114
-92
-52
-67
-80
-59
-70
-68
-77
-75
-75
-69
-57
-64
-101
-135
-143
-111
-101
-111
-155
-169
-163
-180
-139
-89
-59
-45
-31
-13
21
24
12
17
27
-7
-11
13
47
60
52
54
-8
-23
-4
7
42
56
34
6
38
103
118
133
140
134
161
222
248
255
255
244
254
239
228
265
250
215
194
170
143
111
97
67
24
41
20
-10
-16
-72
-79
-64
-62
-83
-97
-108
-128
-118
-111
-73
-51
-63
-48
-39
-30
-28
-15
13
47
74
80
85
104
102
54
54
45
60
82
90
108
101
130
110
90
124
142
161
169
158
172
127
90
113
135
133
133
86
71
82
84
118
119
54
16
34
45
76
107
107
90
88
108
115
115
94
92
138
156
170
109
46
52
90
136
90
63
99
135
159
126
114
82
66
92
123
152
136
119
113
141
127
103
99
102
107
118
131
116
126
101
70
51
74
99
56
35
19
42
14
-14
5
7
-20
-34
-18
-3
9
-19
-49
-59
-66
-73
-26
-18
-52
-26
12
21
45
55
77
102
71
81
69
69
70
11
5
-42
-75
-91
-118
-127
-120
-91
-84
-50
-83
-118
-125
-106
-70
-19
-42
-109
-74
-57
-80
-82
-121
-84
-70
-98
-79
-92
-78
-75
-41
-18
-30
-38
-59
-28
-18
-31
-52
-71
-33
-15
-39
-98
-105
-112
-122
-73
-24
1
6
-25
-14
43
33
24
4
-5
58
52
5
23
54
81
65
76
116
108
138
114
101
83
38
20
12
5
-26
-28
-33
-6
33
62
55
30
5
-16
14
30
13
37
33
-2
22
29
32
-5
-28
-9
-34
-17
44
35
21
28
49
85
76
27
-4
18
18
45
63
47
15
-3
-29
-44
-21
-7
-33
-101
-115
-143
-128
-133
-134
-141
-178
-150
-111
-89
-112
-116
-119
-144
-152
-105
-68
-83
-81
-64
-45
-43
-53
-58
-40
-28
-46
-74
-58
-28
-17
11
-28
-85
-64
-112
-100
-43
-42
-43
-60
-98
-108
-69
-64
-38
1
5
10
-21
-41
-59
-88
-76
-96
-92
-61
-28
-12
-7
-22
-23
-28
-6
76
88
74
63
55
-15
-11
-7
-45
-14
-12
-1
0
1
2
-16
-19
-25
-55
-46
-26
3
66
66
30
38
6
-32
-45
-56
-72
-90
-72
-111
-116
-104
-96
-102
-129
-127
-123
-93
-64
-61
-81
-71
-57
-45
4
26
4
-26
-39
-37
-7
7
3
23
18
14
9
21
84
114
110
74
55
74
75
110
43
19
73
80
60
20
17
79
124
133
131
145
169
170
188
203
203
202
209
221
208
120
90
127
158
155
93
34
-11
-27
-47
-14
21
16
-2
-35
-23
8
39
26
27
28
29
28
46
60
74
122
127
147
118
95
119
116
137
191
176
160
170
181
213
204
190
190
150
117
106
141
131
80
78
31
-8
-49
-46
-66
-50
-35
-70
-121
-152
-142
-141
-111
-135
-150
-182
-231
-247
-254
-236
-252
-272
-272
-267
-263
-249
-222
-167
-158
-162
-154
-107
-41
7
29
8
28
48
37
31
51
102
127
139
98
78
94
101
107
60
25
24
19
22
31
36
19
6
-22
-24
-39
-54
-49
-76
-50
-2
8
-11
-40
-102
-119
-84
-8
9
16
51
50
31
15
43
42
48
13
-17
33
6
0
12
28
56
89
96
78
72
81
170
207
173
155
146
164
165
150
137
144
132
133
115
87
53
46
54
64
74
84
73
81
107
130
180
170
111
103
111
120
167
144
114
117
71
80
90
83
105
72
47
50
93
87
55
20
19
33
61
65
55
25
-8
-14
5
23
25
42
5
8
52
38
-28
-78
-104
-127
-133
-94
-34
-93
-120
-94
-109
-120
-80
-55
-60
-78
-103
-135
-139
-154
-167
-178
-191
-150
-136
-147
-152
-128
-113
-90
-57
-63
-85
-114
-113
-52
-49
-25
3
-11
7
14
3
-11
1
22
15
10
33
67
38
29
30
31
31
5
-3
-30
-45
-31
-35
-21
-6
-14
14
6
-23
-41
-73
-77
-70
-78
-60
-47
-62
-54
-46
-30
-35
-79
-147
-194
-128
-98
-76
-54
-32
-36
-29
-18
-12
-2
-30
-27
0
35
32
53
85
81
82
57
62
76
27
11
29
36
29
14
-46
-60
-42
-48
-88
-122
-127
-139
-143
-150
-153
-153
-135
-183
-218
-230
-207
-168
-119
-81
-60
-58
-62
-53
-96
-117
-124
-104
-89
-70
-62
-79
-94
-106
-76
-75
-78
-86
-109
-92
-75
-62
-46
-34
-48
3
36
15
3
3
-17
8
30
19
-18
-46
-22
-18
12
38
53
52
44
38
15
21
43
25
-1
25
54
97
123
111
93
83
74
96
152
182
196
191
175
201
245
237
205
180
162
175
212
227
187
141
98
109
129
111
129
108
135
189
213
189
136
122
160
238
281
262
198
163
187
171
118
60
44
54
33
23
40
70
78
58
60
68
95
102
79
101
104
84
79
93
98
83
119
129
87
87
64
52
120
147
151
131
121
156
163
171
127
74
90
129
187
205
232
264
258
248
214
234
243
270
289
271
251
226
201
192
182
159
140
142
145
99
142
179
149
115
112
135
127
92
79
54
41
30
33
33
25
46
64
60
69
75
62
81
80
55
22
14
11
-20
-49
-58
-65
-77
-62
-73
-121
-136
-146
-147
-163
-190
-204
-221
-210
-167
-124
-114
-133
-203
-247
-244
-228
-191
-162
-157
-189
-163
-136
-139
-112
-125
-138
-146
-126
-143
-113
-87
-66
-42
-48
-57
-71
-70
-95
-59
-62
-90
-109
-135
-113
-82
-68
-44
-45
-72
-97
-111
-109
-106
-79
-96
-126
-138
-116
-138
-204
-239
-217
-211
-175
-151
-189
-190
-213
-191
-140
-156
-161
-151
-163
-183
-165
-115
-81
-39
-14
-4
20
-10
-17
-30
-24
6
-15
4
-7
8
-2
22
46
36
51
60
37
22
-3
-5
29
67
81
57
62
124
167
159
97
75
78
99
86
32
28
27
39
72
81
86
110
124
127
114
110
75
31
0
4
42
53
56
48
21
7
31
18
-35
-70
-52
-34
-18
-13
14
53
37
-14
-30
-40
-35
-40
-26
-6
-68
-116
-137
-108
-86
-76
-82
-131
-117
-99
-111
-103
-115
-69
-33
-31
-12
-9
-9
-16
-12
0
-7
11
13
14
-2
-64
-62
-19
28
46
41
34
52
53
27
19
59
90
92
88
45
39
40
54
89
43
58
77
66
55
36
27
51
62
52
46
41
31
21
22
-12
-34
-59
-19
39
68
56
45
38
22
5
7
6
26
59
62
89
108
104
138
144
108
126
134
153
179
183
156
128
104
106
138
142
133
87
82
108
122
154
138
87
71
76
98
122
121
121
159
179
143
103
81
62
44
21
6
27
48
33
0
-35
-49
-53
-36
-19
0
2
-34
-23
10
51
78
75
77
80
67
92
87
74
53
38
78
75
60
25
2
40
74
77
74
29
36
36
0
-13
-35
-41
-63
-73
-65
-76
-53
-47
-28
-33
-41
-34
-52
-24
-46
-50
-40
-28
-33
-29
-18
17
9
-2
51
71
36
-42
-90
-50
8
24
36
9
-20
-32
-5
15
45
30
3
-29
-45
-19
-17
13
56
86
101
129
110
96
145
151
138
127
120
104
131
154
160
138
96
92
100
98
40
42
90
131
107
65
69
57
67
87
97
64
61
62
51
47
42
23
-16
-3
-21
-37
-65
-82
-56
-53
-66
-87
-95
-87
-86
-62
-61
-60
-44
-17
11
35
34
29
34
5
1
-6
-6
8
-18
-60
-53
-48
-24
-3
-30
-64
-67
-47
-47
-41
-64
-69
-45
-40
-28
-17
-32
-38
-16
-45
-31
-25
26
40
11
-1
15
56
63
60
49
55
33
17
9
1
-14
-3
17
25
18
-1
-16
-28
7
12
5
1
11
68
56
23
-27
-40
-86
-67
-131
-145
-85
-89
-35
-101
-190
-69
-67
-143
-128
-141
-1
-34
4
76
-20
-65
-71
-112
-27
-45
-69
-117
-159
-153
-203
-187
-202
-187
-219
-224
-187
-199
-154
-164
-141
-113
-64
-85
-116
-82
-135
-116
-107
-147
-130
-155
-186
-178
-200
-206
-233
-249
-237
-218
-187
-179
-170
-172
-195
-171
-150
-122
-72
-77
-90
-53
-38
-71
-53
-40
-19
-2
33
60
29
32
72
90
89
90
89
117
134
105
155
191
176
164
133
128
122
92
91
47
15
16
-34
-23
-2
-4
-15
-20
-39
-35
15
4
-23
-24
-14
-14
2
-25
-9
-11
-49
-24
-61
-104
-110
-75
-64
-66
-22
44
62
69
24
8
28
19
27
4
5
9
-35
-109
-49
54
41
45
71
110
117
59
103
134
112
63
56
133
135
57
32
70
103
25
5
54
74
93
-78
-76
-65
-43
-2
-81
-41
24
20
-37
-29
28
40
6
-80
-97
-155
-73
-187
-78
-74
-143
183
-110
-123
-96
-255
-76
124
31
53
6
-140
-2
62
36
22
-57
-66
56
74
111
47
-46
10
23
19
65
33
-43
24
3
-6
28
35
41
118
114
37
61
19
51
51
71
95
71
68
51
32
43
67
55
27
36
61
84
96
37
40
7
0
55
45
52
49
65
101
102
91
124
117
121
113
119
127
120
112
79
103
116
130
90
60
44
44
43
-4
-37
-64
-66
-55
-33
-17
-51
-61
-99
-69
-54
-19
-77
-43
-117
-143
61
67
45
-140
-175
-62
70
24
-17
-55
-6
-26
-72
-38
42
31
16
25
53
77
22
1
16
-10
-90
-135
-130
-117
-126
-98
-41
-34
-65
-137
-88
-56
-70
-71
-119
-104
-89
-30
-27
-35
-91
-109
-96
-86
-119
-155
-171
-204
-191
-210
-226
-225
-214
-252
-257
-273
-279
-231
-212
-208
-183
-214
-259
-249
-230
-198
-175
-137
-123
-91
-83
-104
-80
-25
4
-11
-26
11
17
1
16
1
-40
-62
-73
-67
-99
-154
-111
-116
-69
-20
-1
24
-4
-16
-26
-16
20
39
37
6
-19
1
5
46
82
82
69
72
105
115
80
60
63
69
88
75
68
77
121
79
27
9
31
71
72
51
4
-7
-22
-9
25
17
14
43
31
46
40
28
54
33
42
45
77
110
95
81
42
42
74
110
125
158
126
102
140
174
213
182
162
195
214
215
233
224
209
226
230
239
241
245
203
187
197
187
172
160
164
172
174
178
170
205
204
161
102
28
22
42
53
68
38
-3
1
2
5
-46
-66
-72
-108
-82
-72
-94
-107
-115
-50
-12
-49
-80
-100
-47
-3
-32
-37
-42
-70
-59
-49
-48
-62
-26
11
17
36
-6
-15
-1
-1
-7
-46
-54
-33
-18
43
30
-13
-11
-40
-44
-31
3
27
4
-23
-8
-5
-18
-11
-4
30
51
36
13
-18
-40
-50
-19
-20
-23
-20
-48
-31
-17
-13
11
16
45
58
-5
-47
-16
41
72
64
22
-8
6
25
41
16
-49
-79
-106
-129
-114
-141
-146
-176
-176
-126
-107
-164
-267
-280
-297
-266
-326
-375
-354
-286
-260
-308
-325
-357
-373
-329
-288
-248
-186
-194
-187
-169
-149
-104
-87
-93
-115
-116
-127
-112
-120
-81
18
62
78
17
-27
0
29
19
31
-2
-14
-15
-12
14
15
60
16
-9
-14
-72
-122
-168
-175
-111
-111
-136
-96
-68
-70
-83
-97
-91
-102
-88
-107
-114
-32
-7
8
-35
-34
-11
25
40
46
90
74
26
-10
-5
60
147
137
71
25
7
-3
10
12
-31
9
6
-11
41
82
81
71
58
65
50
26
35
92
125
97
53
9
43
126
161
143
107
87
80
60
52
99
89
94
144
156
203
237
217
214
239
211
186
199
275
306
309
314
302
326
356
372
369
361
319
258
232
197
165
151
146
190
217
191
175
140
116
107
107
103
65
62
52
80
81
75
73
64
70
82
84
51
54
19
25
36
36
38
22
41
64
82
70
66
42
65
103
95
76
27
-16
21
60
65
29
27
45
54
64
36
34
59
35
-3
-56
-75
18
30
3
-16
-50
-66
-96
-95
-85
-78
-70
-58
-10
6
-11
-15
-18
5
44
49
32
59
77
96
102
88
46
70
85
92
148
162
139
121
117
113
138
89
43
33
36
-1
-26
-42
-66
-71
-76
-77
-87
-78
-96
-42
-16
-20
-37
-78
-93
-107
-99
-109
-111
-118
-127
-111
-84
-53
-73
-64
-39
-28
-21
-25
-30
-21
-4
-7
19
22
42
76
91
78
49
5
10
67
123
111
84
65
65
102
95
64
38
-2
18
60
93
89
38
-10
-30
-21
-20
-1
18
49
47
34
13
44
62
88
98
94
113
113
124
101
107
124
154
177
157
104
87
140
144
146
160
156
151
139
111
86
76
79
79
38
-19
8
56
69
72
91
93
103
87
93
96
100
87
68
46
-17
-38
-12
12
21
5
-54
-68
-76
-65
-57
-89
-149
-163
-162
-171
-201
-207
-216
-188
-174
-194
-186
-223
-239
-228
-193
-213
-236
-191
-172
-110
-95
-74
-29
-9
3
13
49
84
81
67
99
103
120
117
87
86
75
62
62
41
24
52
70
64
77
68
24
11
17
-7
-38
-69
-94
-63
-42
-44
-45
-39
-51
-73
-69
-94
-110
-117
-158
-190
-194
-156
-131
-113
-91
-52
-32
-19
28
85
100
68
85
154
194
172
146
144
139
153
188
157
156
211
238
234
228
202
190
199
195
185
159
108
39
41
50
52
41
23
32
49
4
-3
15
-4
-47
-89
-52
-27
-78
-57
0
25
41
24
-4
22
73
60
15
7
38
79
83
86
59
78
70
76
143
103
72
39
9
30
38
-41
-17
-1
49
44
-36
-29
-58
-30
-47
-37
-91
-98
-34
-54
-49
-85
-108
-78
-86
-81
-91
-97
-96
-93
-93
-71
-60
-60
-55
-37
-34
-38
14
-3
-2
33
55
86
76
26
10
24
35
27
5
-32
-52
-73
-76
-64
-44
-61
-52
-91
-145
-134
-174
-147
-139
-110
-111
-143
-194
-228
-181
-162
-136
-149
-153
-137
-107
-73
-68
-68
-75
-65
-41
-72
-62
-60
-80
-69
-71
-58
-42
-21
-18
-20
-69
-97
-60
-33
-16
-41
-120
-176
-172
-119
-124
-191
-208
-195
-170
-149
-140
-135
-137
-127
-123
-84
-106
-158
-178
-225
-213
-191
-167
-147
-146
-146
-145
-138
-110
-57
-29
-19
-31
-48
-46
3
79
127
107
91
66
86
106
141
155
117
137
114
112
93
49
38
39
18
8
6
5
22
38
50
29
35
43
41
54
57
55
42
21
38
79
103
163
130
84
94
149
181
162
135
108
112
75
71
92
70
54
32
-18
-14
-11
-28
-1
40
28
4
-2
6
43
63
50
21
19
34
26
32
65
68
49
10
-50
-47
-37
-6
-6
-20
2
-20
-51
-39
-38
-58
-72
-84
-76
-70
-81
-88
-99
-88
-73
-68
-38
-33
-10
-31
-27
-27
-70
-71
-42
8
45
45
54
99
110
103
113
125
116
86
67
75
95
76
67
69
77
87
93
75
59
54
37
54
83
95
70
38
20
46
57
85
112
101
88
75
96
127
157
162
154
95
107
137
139
155
147
92
21
-1
-9
18
44
41
45
34
1
13
27
9
27
47
65
49
61
73
62
41
14
5
-22
-20
-19
-55
-80
-89
-125
-116
-66
-27
-15
-40
-55
-39
-34
-17
9
-24
-53
-21
-18
-44
-53
-72
-91
-102
-138
-136
-162
-197
-183
-168
-135
-115
-79
-84
-96
-41
-26
-39
-77
-82
-88
-76
-35
-71
-104
-175
-207
-185
-173
-125
-127
-186
-201
-213
-204
-170
-164
-163
-201
-192
-175
-220
-224
-241
-270
-229
-210
-219
-194
-153
-126
-129
-149
-145
-118
-92
-99
-123
-150
-148
-133
-126
-146
-146
-114
-101
-81
-134
-174
-192
-226
-195
-202
-198
-154
-158
-134
-97
-103
-72
-61
-77
-42
-15
-33
-51
-98
-110
-56
-8
-8
-15
-11
1
21
33
47
89
114
166
185
144
168
164
135
135
151
152
162
134
97
99
71
44
33
61
104
104
46
-19
-47
-53
-60
-57
-63
-143
-164
-150
-148
-139
-172
-156
-133
-139
-185
-201
-201
-190
-169
-152
-125
-109
-59
-20
12
-8
-3
4
32
86
106
104
94
175
219
224
265
262
214
189
186
199
208
196
174
138
104
75
106
114
112
92
42
29
50
42
57
82
58
26
31
40
47
90
87
69
49
2
-11
26
73
47
57
62
79
81
42
52
65
70
86
101
101
108
120
132
166
172
186
206
182
145
160
179
149
151
144
130
116
100
81
71
57
65
73
80
82
100
95
104
123
115
148
158
151
190
244
275
285
257
216
228
249
238
205
165
135
130
154
172
137
152
154
156
151
113
100
72
54
41
40
20
-1
-16
5
26
14
9
33
58
90
145
172
180
199
208
212
185
168
179
188
203
210
152
103
80
85
130
130
96
60
37
4
25
59
11
-31
-66
-120
-98
-70
-83
-98
-74
-54
-48
-70
-88
-68
-21
7
-25
-52
-71
-118
-123
-54
-46
-65
-67
-74
-73
-78
-119
-135
-132
-95
-34
-35
-86
-121
-104
-136
-166
-173
-168
-163
-112
-105
-109
-87
-98
-120
-100
-100
-90
-82
-89
-36
-36
-42
-48
-63
-51
-65
-95
-92
-95
-77
-84
-110
-140
-144
-152
-159
-114
-106
-122
-112
-152
-178
-159
-142
-175
-221
-222
-206
-178
-195
-182
-195
-181
-171
-142
-145
-169
-137
-80
-42
-45
-32
-71
-91
-76
-36
-50
-92
-93
-86
-60
-60
-67
-66
-74
-48
-80
-90
-93
-125
-117
-87
-9
-3
-22
-50
-51
-52
-49
-34
-50
-12
73
100
93
148
166
144
143
138
153
184
226
178
156
145
131
133
90
91
126
130
96
97
110
130
142
150
139
97
110
91
88
111
134
141
164
189
178
130
109
140
186
239
252
272
254
279
291
240
223
208
211
230
210
175
176
161
174
182
186
198
245
235
189
209
197
173
185
207
226
255
267
254
195
180
187
199
204
248
230
165
107
120
191
183
182
200
155
113
136
150
169
170
158
166
144
98
126
125
101
129
126
149
165
167
138
130
108
82
77
52
119
160
195
174
139
110
81
101
117
129
104
94
93
66
39
43
56
66
69
52
21
5
33
23
10
-4
-28
-17
18
27
16
-8
-36
-55
-53
-68
-86
-69
-70
-63
-70
-103
-87
-24
-1
-27
-40
-19
-11
-13
-44
-53
-59
-83
-80
-66
-100
-152
-157
-147
-122
-80
-98
-108
-82
-66
-46
-58
-67
-49
-75
-117
-106
-91
-86
-81
-99
-133
-150
-162
-117
-58
-81
-103
-150
-161
-133
-126
-130
-108
-83
-74
-68
-99
-144
-130
-146
-178
-204
-250
-261
-253
-240
-233
-229
-230
-245
-229
-215
-214
-225
-236
-230
-220
-182
-195
-236
-245
-218
-212
-220
-201
-204
-185
-168
-198
-204
-204
-202
-202
-206
-180
-136
-94
-83
-66
-52
-45
-27
-29
-10
-25
-54
-84
-77
-62
-37
-30
-78
-78
-91
-78
-66
-85
-86
-80
-80
-64
-61
-19
-7
-51
-25
-12
-23
-18
-22
2
37
49
58
48
54
54
71
90
59
86
119
91
50
28
26
11
20
9
15
51
25
4
10
16
21
7
10
24
19
56
106
92
78
72
63
89
122
164
169
164
128
141
137
173
190
157
141
96
126
125
164
175
183
219
216
208
194
221
270
271
203
168
152
175
134
143
185
208
214
198
199
173
213
218
196
177
157
144
123
100
74
61
23
-5
-17
-55
-38
-26
-56
-62
-75
-79
-79
-61
-58
-67
-72
-101
-109
-140
-149
-145
-135
-112
-114
-135
-154
-125
-116
-68
-32
1
26
-1
-59
-86
-73
-52
-28
-23
-1
32
41
46
56
78
89
74
55
57
56
52
54
33
34
19
19
-3
-58
-33
-13
-13
-10
-41
-77
-67
-89
-93
-96
-151
-136
-86
-97
-114
-144
-172
-179
-191
-156
-134
-136
-125
-106
-80
-48
-36
-88
-159
-142
-123
-104
-67
-82
-73
-64
-80
-127
-82
-52
-38
-18
-63
-50
-30
-59
-79
-91
-99
-58
-54
-96
-87
-118
-159
-174
-146
-137
-176
-211
-216
-187
-194
-167
-176
-185
-182
-218
-211
-201
-197
-156
-143
-160
-147
-173
-207
-193
-175
-139
-99
-104
-120
-127
-115
-117
-74
-56
-50
-25
2
17
28
18
-4
4
-24
-26
-12
-24
18
19
4
42
34
9
23
16
-7
-28
-50
-54
-66
-72
-83
-85
-67
-75
-68
-68
-75
-35
-8
-12
-61
-103
-103
-73
-40
-49
-58
-82
-75
-17
6
11
32
37
29
42
69
51
42
-18
-13
29
4
8
52
96
118
91
51
74
84
98
94
67
74
119
101
80
69
58
111
74
15
-29
-69
-67
-42
-27
-28
-45
-33
-50
-58
-63
-70
-32
-45
-62
-51
-34
25
28
30
43
96
145
180
216
221
219
206
211
225
281
301
300
292
284
263
257
247
242
241
232
232
217
215
218
219
204
184
173
99
122
133
98
108
132
169
173
128
109
148
169
222
249
207
202
199
217
210
159
105
119
140
114
110
109
76
80
41
8
-6
-17
37
61
23
15
31
41
67
68
86
70
40
58
76
82
66
54
27
27
73
111
82
70
51
7
-5
0
4
47
66
59
31
-20
-17
13
8
-8
20
-2
-44
-23
-2
12
60
55
21
17
17
10
-11
-36
-56
-56
-49
-46
-41
-52
-43
-80
-119
-98
-94
-96
-77
-71
-85
-116
-141
-158
-157
-121
-131
-141
-181
-182
-174
-207
-195
-181
-201
-230
-231
-231
-223
-208
-239
-246
-216
-186
-187
-175
-159
-147
-174
-180
-178
-156
-148
-180
-159
-137
-99
-81
-83
-82
-109
-130
-126
-118
-84
-64
-89
-107
-88
-60
-48
-62
-98
-104
-84
-89
-100
-95
-85
-93
-110
-94
-98
-99
-42
-63
-56
-6
2
14
18
43
23
1
6
23
55
67
79
34
42
29
-7
-18
4
38
0
5
-14
14
18
-4
-3
-9
-17
-36
-43
-43
-4
30
15
-10
-12
13
13
25
40
47
60
52
62
89
86
95
92
108
125
90
40
15
6
6
-38
-101
-116
-135
-116
-114
-133
-143
-162
-163
-103
-77
-80
-59
-37
4
28
40
30
69
110
103
121
139
180
219
205
161
167
148
150
193
199
208
227
238
256
247
226
209
205
184
146
139
129
95
20
-3
14
25
57
69
44
10
40
68
90
102
63
82
80
59
62
102
123
147
166
116
118
155
176
194
191
186
187
220
295
278
278
262
263
307
321
346
346
357
347
316
270
243
264
222
233
213
165
125
79
95
117
136
152
126
89
80
124
154
155
169
155
101
103
101
69
109
96
83
106
91
94
113
163
178
152
115
64
61
107
94
71
92
124
145
135
157
156
147
130
148
158
118
81
84
89
65
58
79
108
123
105
78
86
99
107
53
51
80
82
72
71
78
37
49
19
-6
-48
-96
-103
-103
-48
-21
-19
-21
-42
-60
-105
-137
-162
-169
-97
-93
-110
-89
-117
-131
-117
-51
-6
3
33
24
27
14
-2
14
21
20
20
62
100
86
53
22
-16
5
33
-2
-6
-46
-49
-10
-34
-47
-58
-78
-77
-108
-140
-197
-230
-240
-293
-340
-341
-356
-370
-394
-422
-438
-459
-512
-568
-600
-642
-696
-702
-692
-714
-728
-780
-822
-803
-830
-868
-843
-826
-781
-760
-772
-723
-718
-662
-593
-576
-544
-514
-472
-354
-212
-117
-60
-29
21
91
172
252
343
431
437
434
484
546
607
668
706
729
752
778
846
926
968
948
913
875
856
843
852
845
800
767
722
720
741
691
659
604
542
489
446
442
446
406
327
263
228
244
266
248
218
195
130
66
41
32
25
29
73
75
45
38
3
-70
-131
-141
-158
-223
-320
-397
-496
-575
-628
-743
-848
-954
-1027
-1064
-1150
-1259
-1358
-1488
-1543
-1552
-1621
-1677
-1752
-1805
-1820
-1900
-1964
-2004
-2020
-2031
-2076
-1974
-1789
-1523
-1118
-689
-250
148
456
771
1048
1285
1622
1887
2020
2150
2245
2374
2450
2452
2523
2539
2440
2358
2260
2128
2028
1890
1731
1556
1297
1027
767
526
295
25
-247
-474
-661
-850
-1043
-1224
-1308
-1321
-1314
-1300
-1244
-1167
-1042
-874
-688
-477
-306
-156
-26
108
267
365
438
465
523
592
642
674
713
760
759
793
828
839
832
839
883
954
1029
1081
1016
1003
957
889
793
673
624
623
523
356
256
160
155
92
43
16
-30
-53
-99
-136
-136
-216
-347
-433
-490
-530
-587
-598
-632
-697
-782
-819
-821
-821
-864
-914
-1006
-1073
-1045
-1074
-1071
-1090
-1180
-1317
-1401
-1481
-1584
-1752
-1930
-2033
-2199
-2333
-2468
-2616
-2717
-2795
-2891
-2996
-3043
-2952
-2539
-2043
-1550
-1170
-826
-432
-165
77
445
862
1085
1214
1370
1588
1726
1795
1993
2183
2228
2170
2150
2232
2271
2206
2169
2126
1935
1655
1394
1159
921
633
283
-31
-351
-637
-887
-1086
-1206
-1312
-1397
-1432
-1416
-1329
-1200
-1021
-822
-634
-501
-387
-242
-66
96
164
235
328
429
518
572
656
806
927
996
1070
1161
1216
1317
1412
1532
1630
1662
1697
1655
1585
1484
1380
1265
1122
962
849
699
552
451
334
267
119
1
-97
-195
-303
-377
-463
-547
-663
-828
-858
-913
-973
-995
-1008
-987
-969
-1003
-1028
-1040
-1010
-1000
-1039
-1081
-1189
-1304
-1362
-1431
-1547
-1752
-1987
-2209
-2383
-2553
-2699
-2906
-3103
-3206
-3237
-3063
-2662
-2188
-1721
-1268
-908
-479
-129
239
713
1102
1375
1497
1718
2009
2204
2342
2530
2657
2697
2658
2674
2782
2837
2825
2747
2625
2447
2135
1791
1517
1245
905
522
143
-193
-532
-844
-1084
-1242
-1384
-1481
-1533
-1551
-1438
-1229
-1007
-750
-516
-340
-234
-118
105
327
466
512
555
650
723
765
876
1046
1148
1189
1229
1285
1373
1480
1550
1622
1685
1719
1760
1743
1739
1749
1739
1646
1458
1297
1141
977
861
709
579
422
239
105
-18
-128
-238
-312
-415
-543
-627
-706
-799
-846
-924
-1077
-1179
-1285
-1379
-1449
-1464
-1525
-1577
-1686
-1837
-1944
-2110
-2212
-2323
-2479
-2599
-2754
-2891
-3076
-3212
-3291
-3428
-3548
-3717
-3882
-4050
-3967
-3739
-3216
-2520
-1933
-1301
-689
-146
363
829
1342
1948
2277
2497
2756
2999
3189
3295
3457
3611
3490
3193
3073
3022
2954
2760
2467
2249
1886
1418
998
634
315
-65
-519
-934
-1372
-1754
-2032
-2262
-2407
-2501
-2555
-2546
-2364
-2120
-1800
-1460
-1128
-753
-411
-137
139
401
687
913
1016
1133
1221
1306
1390
1456
1497
1529
1536
1562
1609
1620
1654
1645
1635
1597
1531
1512
1438
1393
1292
1226
1207
1156
1082
942
889
749
607
500
442
360
267
203
131
97
-3
-10
31
42
-19
-95
-180
-261
-381
-519
-658
-852
-1030
-1204
-1350
-1537
-1792
-2032
-2227
-2431
-2616
-2775
-2972
-3210
-3438
-3629
-3833
-4037
-4202
-4401
-4579
-4756
-4945
-4923
-4765
-4478
-3668
-2804
-1969
-1042
-277
574
1270
1784
2468
3218
3568
3916
4201
4415
4625
4557
4628
4672
4406
4109
3862
3659
3446
3020
2692
2354
1861
1407
890
393
-16
-450
-890
-1285
-1723
-2045
-2248
-2412
-2405
-2353
-2312
-2154
-1870
-1479
-989
-597
-154
327
703
1000
1329
1630
1860
2012
2029
2090
2112
2030
1955
1908
1876
1760
1626
1523
1483
1430
1342
1305
1268
1213
1109
991
821
699
711
732
851
900
1033
1157
1238
1321
1383
1552
1524
1410
1357
1357
1330
1256
1116
958
824
573
383
207
73
-162
-499
-759
-1022
-1319
-1599
-1884
-2157
-2506
-2925
-3187
-3410
-3550
-3731
-3946
-4116
-4256
-4436
-4555
-4703
-4738
-4914
-4983
-5122
-5220
-5114
-5220
-4667
-4046
-2952
-1786
-838
234
1208
2027
2664
3427
4011
4636
4803
4901
5114
5028
4887
4697
4414
4063
3438
2812
2439
1943
1616
1144
600
148
-460
-888
-1237
-1668
-2008
-2297
-2559
-2717
-2854
-2898
-2788
-2554
-2282
-1926
-1570
-1158
-586
39
656
1149
1659
2081
2336
2486
2637
2761
2702
2525
2226
1975
1692
1300
999
721
443
216
-26
-209
-393
-521
-479
-415
-393
-357
-297
-275
-168
27
316
657
972
1284
1697
2072
2513
2818
3064
3262
3129
2947
2704
2521
2259
1916
1497
1081
588
92
-261
-679
-1046
-1469
-1938
-2285
-2525
-2751
-3015
-3300
-3517
-3781
-3977
-4141
-4204
-4174
-4190
-4275
-4396
-4475
-4569
-4525
-4672
-4680
-4743
-4842
-4926
-5062
-4875
-4386
-3412
-2104
-731
462
1577
2434
3224
4011
4764
5521
5820
5763
5701
5507
5164
4799
4377
4083
3419
2483
1765
1176
757
399
39
-250
-675
-1260
-1547
-1608
-1602
-1643
-1740
-1796
-1818
-1745
-1537
-1257
-855
-400
14
399
744
1240
1812
2254
2569
2796
2891
2781
2547
2357
2203
1890
1400
935
513
96
-330
-553
-616
-590
-541
-522
-439
-331
-117
247
659
1068
1469
1748
1969
2192
2426
2768
3034
3200
3408
3550
3781
3908
3999
3963
3736
3353
2724
2028
1273
595
-46
-644
-1318
-1920
-2404
-2776
-3008
-3144
-3197
-3226
-3148
-3111
-2999
-2913
-2853
-2742
-2741
-2758
-2843
-3005
-3179
-3299
-3572
-3798
-4111
-4365
-4738
-4935
-5243
-5329
-5511
-5973
-5881
-5753
-4610
-3010
-1408
189
1781
3021
4075
4783
5497
6681
7087
6911
6386
5833
5329
4558
3615
3118
2324
1075
-105
-1019
-1323
-1624
-1894
-1911
-1837
-1916
-1873
-1783
-1381
-819
-557
-260
-90
108
465
851
1154
1501
1779
1981
2050
2117
2336
2468
2357
2094
1885
1459
876
126
-416
-806
-1400
-2009
-2446
-2644
-2679
-2567
-2336
-1853
-1302
-743
-139
438
1118
1842
2351
2845
3279
3642
3871
3850
3804
3732
3702
3625
3541
3499
3458
3345
3184
2989
2646
2211
1461
620
-88
-783
-1416
-1994
-2397
-2694
-2913
-3053
-3018
-2845
-2585
-2370
-2253
-2068
-1940
-1964
-2052
-2134
-2333
-2580
-3011
-3533
-4012
-4460
-4858
-5232
-5441
-5659
-5854
-6296
-6427
-6460
-6583
-6302
-6221
-5214
-3511
-1488
613
2563
4357
5817
6616
6933
7802
8202
8004
7043
5660
4631
3225
1481
316
-534
-1533
-2711
-3732
-3902
-3600
-3181
-2664
-1883
-1117
-396
170
754
1546
2089
2491
2654
2651
2697
2786
2668
2611
2633
2595
2502
2098
1866
1776
1540
1137
611
31
-497
-1202
-1823
-2162
-2471
-2599
-2607
-2430
-1888
-1157
-394
428
1216
2055
2837
3340
3789
4192
4379
4388
4173
3858
3594
3223
2831
2584
2516
2448
2478
2423
2389
2414
2207
1943
1679
1323
776
139
-493
-1013
-1510
-1868
-2072
-2176
-2190
-2065
-1982
-1866
-1694
-1610
-1475
-1596
-1699
-1993
-2299
-2615
-2983
-3463
-3920
-4496
-5031
-5539
-5882
-6241
-6231
-6386
-6459
-6387
-6440
-5999
-6098
-5696
-5039
-3434
-1545
520
2418
4450
6223
6836
7244
7266
7458
6966
5591
3997
2681
982
-761
-2198
-3043
-3435
-4012
-4235
-3841
-2942
-2015
-1001
-79
1072
1951
2434
2731
2870
3029
2942
2735
2428
2298
2129
2091
2098
2170
2391
2390
2242
1993
1707
1315
742
23
-721
-1547
-2340
-2901
-3186
-3267
-3008
-2499
-1801
-851
148
1191
2185
3026
3609
3957
3886
3592
3228
2775
2302
1787
1569
1505
1578
1672
1900
2436
2963
3475
3907
4279
4302
3928
3272
2560
1812
903
-60
-1004
-1759
-2330
-2795
-2884
-2703
-2429
-2252
-2194
-2078
-2120
-2145
-2227
-2418
-2586
-2977
-3688
-4252
-4861
-5438
-5931
-6091
-6255
-5971
-6116
-5880
-5816
-5590
-5022
-5300
-5532
-5818
-4635
-2934
-409
1336
3811
6030
7141
7487
7339
8071
8043
6661
4398
2597
734
-1192
-3271
-4316
-4320
-4441
-4827
-4588
-3422
-1866
-332
567
1434
1991
2328
2023
1534
1218
1112
889
309
180
341
1101
1641
2251
3012
3626
3831
3647
3233
2637
1862
713
-334
-1370
-2227
-2828
-3024
-2892
-2344
-1560
-564
504
1523
2417
2935
3116
3092
2823
2114
1311
419
-133
-209
-224
174
918
1730
2740
3420
3871
4461
4834
4759
4271
3529
2932
2220
1331
652
82
-15
3
-229
-97
45
201
140
-245
-613
-987
-1434
-2120
-2771
-3340
-3578
-4154
-4461
-4854
-5002
-4997
-5098
-4921
-4870
-4581
-4731
-4803
-5244
-5555
-5869
-6417
-6829
-6901
-5619
-3283
-303
2466
5133
7457
8747
8848
8063
7550
6584
4423
1561
-971
-2731
-4125
-5312
-5467
-4390
-3136
-2275
-1217
253
1849
2816
2874
2393
1522
422
-925
-1934
-2503
-2490
-2125
-1518
-578
598
2104
3401
4407
4922
4847
4257
3198
2017
660
-500
-1401
-1810
-1832
-1553
-812
267
1438
2458
3285
3865
4026
3622
2836
1926
929
-144
-1048
-1727
-1771
-1501
-855
236
1512
2853
4008
4721
5094
4944
4362
3624
2635
1805
1109
509
277
232
498
1061
1498
1872
2119
2089
1870
1340
663
60
-745
-1715
-2429
-2980
-3199
-3371
-3531
-3425
-3341
-3305
-3414
-3719
-3869
-4129
-4611
-4975
-5540
-5817
-6183
-6733
-6900
-6883
-6947
-6620
-5677
-3064
717
3687
6235
7572
8599
8542
6585
4797
3947
2458
70
-2768
-4368
-4136
-4240
-4134
-2885
-1027
390
664
598
1312
1745
1265
129
-1339
-2368
-2839
-3275
-3210
-2243
-916
420
1145
1419
1978
2386
2064
1262
295
-602
-1340
-2174
-2277
-1737
-840
505
1579
2440
3290
4042
4435
4243
3513
2795
1937
861
-11
-485
-294
108
373
908
1468
1993
2453
2594
2611
2460
2222
1757
1197
803
518
501
750
921
1161
1545
1791
2008
2068
2210
2175
1895
1402
683
280
-79
-381
-595
-619
-674
-901
-1135
-1406
-1552
-1731
-2124
-2578
-3091
-3594
-4282
-4835
-4774
-4574
-4308
-4132
-4292
-4493
-4863
-5219
-5728
-5920
-5691
-4417
-1519
1826
5020
7087
8364
9230
8212
6153
4578
3090
1294
-1572
-4269
-4942
-4791
-4557
-3817
-2301
-301
734
553
512
909
935
420
-854
-2071
-2337
-2409
-2284
-1632
-359
1394
2480
2531
2161
1980
1482
291
-1210
-2376
-2956
-3452
-3573
-2945
-1663
-26
1445
2474
3294
3784
3841
3397
2507
1626
926
389
60
81
669
1620
2545
3154
3422
3403
3100
2530
1795
984
421
236
260
633
977
1676
2732
3192
3429
3384
3005
2760
2005
1227
961
708
625
529
454
712
910
910
942
897
565
223
-397
-935
-1043
-1301
-1440
-1611
-2191
-2534
-3249
-3732
-3981
-4327
-4511
-4981
-5298
-5520
-6101
-6344
-6430
-6168
-5844
-4708
-2051
1695
5819
8336
9968
10489
9455
7081
3941
1809
489
-1720
-3880
-4877
-4323
-2833
-1708
-634
962
1914
1320
-108
-1553
-2163
-2405
-3312
-4067
-4051
-3111
-1400
28
1529
3309
4468
4268
2819
978
-371
-1486
-2899
-4007
-4296
-3727
-2606
-1576
-438
991
2192
2545
1869
770
-8
-570
-1242
-1723
-1483
-407
905
2032
3114
4207
4931
5006
4090
2783
1483
154
-701
-1161
-924
-31
1080
2024
2740
3337
3688
3808
3366
2464
1619
887
410
138
28
559
1140
1441
1547
1259
1058
689
165
-467
-811
-943
-976
-707
-365
131
510
605
244
-549
-1465
-2582
-3916
-4630
-5835
-6299
-6189
-6593
-6224
-6189
-6142
-5798
-6076
-6066
-5441
-3460
-248
3803
6919
8751
9921
9455
7986
5417
3018
1634
-268
-2530
-3745
-3665
-2575
-1473
-633
352
1193
693
-442
-1481
-2380
-2542
-2881
-3399
-3235
-2212
-321
1533
2815
3829
4555
4300
2776
809
-540
-1119
-1865
-2589
-2627
-1887
-699
190
784
1376
1742
1468
303
-1169
-2005
-2226
-2352
-2310
-1700
-358
1019
1716
2040
2457
2570
2084
1090
75
-415
-594
-408
273
1200
2317
3355
3729
3443
2910
2293
1695
905
117
103
636
1262
1877
2550
3352
3627
2928
2031
1097
282
-400
-1044
-1167
-851
-278
520
1311
2182
2620
2295
1597
554
-736
-1691
-2885
-3846
-4472
-5524
-5553
-5297
-5607
-4953
-5370
-6086
-6241
-7652
-7676
-7507
-6279
-3081
1124
5455
8662
10354
10577
9691
6666
3552
1407
-601
-2043
-3221
-3073
-1250
215
1266
1984
2165
1367
-549
-2669
-4165
-4634
-4620
-3849
-2677
-898
1729
3740
5077
5522
5010
3771
1650
-818
-2491
-3164
-3175
-2582
-1707
-387
1145
2211
2577
2018
954
-116
-1427
-2866
-3631
-3342
-2372
-1227
-191
1005
1987
2152
1745
900
50
-671
-1218
-1537
-1484
-866
408
1773
2924
3747
3862
3507
2369
1184
483
218
337
766
1480
2402
3447
4068
4231
3855
2993
1721
200
-903
-1390
-1211
-520
335
1239
2065
2751
3167
3131
2733
1899
866
-165
-1196
-2132
-2493
-3209
-4040
-4365
-5118
-5211
-5377
-6074
-6102
-6809
-6703
-6919
-6408
-5918
-5648
-3201
-375
3656
6492
7910
8341
7048
4686
1789
49
-509
-638
-968
-926
486
1190
1612
1253
218
-548
-2525
-4369
-5146
-4664
-3292
-1524
387
2086
3764
4487
4622
3783
2365
927
-851
-2117
-2758
-2533
-1403
17
1199
2011
2357
2064
1351
176
-1040
-1973
-2634
-2807
-2846
-2088
-992
-98
594
774
843
588
83
-537
-904
-980
-895
-599
-178
336
666
927
659
798
685
443
702
768
1443
1880
2152
2933
3249
3293
3100
2566
2353
1963
1258
603
43
-236
-174
-168
146
706
1256
1862
2324
2782
3298
3326
3187
2356
1305
260
-1295
-2647
-3999
-4800
-4928
-4849
-4662
-4409
-4083
-3940
-4368
-4724
-5573
-5718
-6302
-6708
-6270
-5488
-2333
1214
5261
8053
8925
8670
6651
3714
872
-503
-860
-940
-789
-275
870
1217
826
79
-973
-2042
-3717
-4601
-4223
-2701
-420
1546
3313
4518
4977
4047
2331
382
-1249
-2201
-2924
-2753
-1613
362
2122
3248
3688
3457
2428
425
-1683
-3324
-4006
-4008
-3410
-2144
-567
902
1664
1905
1703
1025
130
-1106
-1987
-2189
-2082
-1514
-982
-238
724
1381
1535
1302
1080
874
816
559
776
1557
2000
2310
2204
2161
2267
1866
1718
1441
1304
1147
591
298
259
558
713
1060
1512
1962
2588
2737
3107
3306
3046
2223
986
-256
-1537
-2206
-2838
-3016
-2320
-2131
-1982
-2104
-2971
-3391
-4531
-5507
-6400
-6913
-6856
-7226
-6717
-5949
-4813
-3876
-2208
568
3679
6660
6940
6943
5676
3405
1453
-214
405
1358
1569
1893
1747
1351
177
-1541
-2825
-3244
-3999
-4231
-2996
-1229
1447
3150
3684
3591
2477
904
-958
-2076
-1851
-659
602
2113
3644
4882
5325
3945
2035
-146
-2350
-4121
-5106
-4638
-3018
-1212
356
1546
2224
1853
512
-1252
-2757
-3312
-3484
-2927
-1744
-222
1099
1785
1711
1418
880
203
-263
-684
-529
78
819
1699
2320
2250
2342
1778
1146
973
696
1381
1810
2042
2381
2190
2150
1870
1560
1805
2134
2612
3027
3316
3563
3484
3025
2300
1342
339
-596
-1572
-1797
-1794
-1430
-933
-1233
-1828
-2638
-3776
-4768
-5402
-6344
-6150
-6129
-5982
-5282
-5136
-4541
-4577
-5262
-5337
-5844
-5156
-2494
458
4534
6736
7006
6657
5010
3361
2093
1307
1768
2064
1715
1879
1694
1289
578
-775
-1423
-1962
-2926
-2828
-2079
-847
565
1079
1512
1745
1372
981
779
1319
2424
2900
3046
2978
2452
1615
229
-959
-1582
-1889
-2108
-1950
-1313
-378
237
139
-201
-920
-2158
-3400
-4024
-3613
-2132
-659
621
1728
2352
2368
1687
685
298
170
156
109
598
1328
1799
2250
1758
1618
1094
222
-256
-551
259
1099
1661
2340
2884
3142
2817
2352
2371
2876
3131
3231
3329
3362
3164
2275
1401
700
-16
-468
-1133
-886
-299
93
679
333
106
-766
-2016
-3052
-4212
-4569
-4821
-4751
-4273
-3990
-3468
-3504
-3741
-4683
-5992
-6964
-8388
-8224
-7667
-6631
-4810
-2705
503
3592
5840
6415
5372
3308
1192
-259
-373
975
2867
4322
5326
5480
4490
2417
-270
-2403
-3659
-4277
-3728
-1974
238
2243
3457
3870
3371
1931
184
-1153
-1651
-1308
-196
1312
2778
3560
3395
2526
1051
-592
-2082
-3001
-3274
-3082
-2547
-1920
-1503
-1418
-1762
-2299
-2651
-2548
-2004
-1198
-176
830
1516
1735
1460
1091
833
767
732
1145
1631
2103
2599
2397
2628
2209
1550
1050
357
595
997
1483
2549
3188
3915
4408
4142
4108
3900
3842
3945
3747
3614
3257
2426
1405
99
-525
-766
-662
-215
190
890
1047
786
353
-539
-1485
-2503
-3478
-4090
-4407
-4408
-4249
-3932
-3910
-3877
-4312
-4621
-4781
-4821
-5062
-5604
-5823
-5713
-5304
-5277
-4981
-4704
-3779
-2046
179
3001
4397
4794
4561
4113
3865
3748
3903
4559
4620
4256
3846
3022
2079
1008
238
-9
-165
-240
109
252
25
-399
-948
-1322
-1582
-1775
-1268
-237
1057
2320
2934
2991
2299
1050
-410
-1709
-2343
-2406
-2013
-1549
-1000
-548
-452
-724
-1398
-2199
-2775
-3179
-3122
-2649
-1692
-513
369
952
1167
1104
896
652
628
959
1452
2173
2956
3573
3653
3399
2840
2143
1651
1462
1925
2611
3355
4153
4532
4543
4122
3436
2754
2076
1499
1250
1312
1327
1374
1327
1300
1266
839
321
-201
-743
-1304
-1928
-2347
-2545
-2360
-2304
-2318
-2097
-1983
-1828
-2057
-2724
-2950
-3708
-4223
-4381
-4599
-3937
-3518
-3097
-2896
-3352
-4258
-5257
-6005
-6116
-5938
-5940
-5597
-4866
-3943
-2070
192
2794
4730
4997
4619
3752
3224
3155
3261
3704
4343
4491
4630
4222
3415
2295
639
-607
-1370
-1594
-1195
-458
342
838
746
337
-330
-1078
-1795
-2204
-2079
-1612
-1135
-654
-125
342
446
138
-255
-825
-1568
-1999
-2196
-2086
-1764
-1393
-813
-207
289
639
768
814
810
739
751
687
637
749
1024
1458
1936
2203
2429
2550
2432
2394
2615
2984
3432
3649
3649
3600
3569
3635
3510
3360
3269
3037
2789
2493
2447
2656
2628
2284
1712
1094
500
-209
-907
-1241
-1331
-1486
-1761
-1869
-1593
-1246
-948
-599
-349
-213
-179
-361
-526
-642
-617
-745
-1159
-1592
-2017
-2149
-2183
-2343
-2425
-2611
-2781
-2962
-3167
-3115
-2951
-2701
-2613
-2536
-2332
-2041
-1647
-1447
-1536
-1874
-2307
-2799
-3199
-3131
-2892
-2718
-2850
-3117
-3132
-2890
-2221
-1404
-556
130
579
849
1041
1228
1373
1699
2188
2701
3282
3834
4230
4339
4104
3852
3498
3109
2594
2157
1773
1239
657
166
-183
-537
-944
-1214
-1068
-947
-998
-1114
-1188
-1207
-1383
-1635
-1655
-1480
-1298
-998
-549
135
715
1024
1263
1630
2093
2271
2109
2078
2306
2372
2376
2541
2997
3393
3405
3477
3796
4068
4116
3887
3579
3144
2450
1716
946
338
-125
-429
-457
-341
-73
275
641
768
561
332
229
92
-212
-353
-349
-370
-712
-1237
-1691
-2084
-2447
-2732
-2672
-2504
-2421
-2283
-1967
-1551
-1297
-1306
-1394
-1559
-1651
-1779
-1630
-1261
-1021
-760
-802
-1097
-1451
-2052
-2795
-3437
-3965
-4464
-4781
-4883
-4720
-4407
-4145
-3584
-3088
-2892
-2951
-3380
-3701
-3716
-3424
-2606
-1429
-254
802
1653
2245
2654
2737
2507
2156
1876
1788
2052
2657
3308
3707
3702
3481
3060
2511
2038
1600
1263
942
589
436
419
292
120
40
-120
-380
-623
-521
-89
157
366
603
659
577
261
17
168
449
868
1337
1656
1991
2140
2185
2208
2182
2135
2039
1914
1860
2008
2057
2018
1914
1722
1644
1315
1077
1310
1733
2283
2678
2850
2892
2633
2186
1783
1214
673
276
-84
-266
-185
-48
132
136
-136
-392
-651
-786
-802
-724
-578
-487
-473
-470
-469
-459
-456
-476
-539
-631
-805
-987
-1245
-1816
-2309
-2621
-2851
-3023
-3200
-3196
-3050
-3085
-3211
-3239
-3344
-3605
-4029
-4494
-4826
-4997
-5078
-5016
-4840
-4586
-4176
-3646
-3150
-2670
-2311
-2129
-2060
-1967
-1529
-750
125
911
1571
2009
2161
2154
2149
2209
2319
2237
2118
2221
2441
2714
2815
2909
3013
2879
2713
2510
2460
2510
2480
2550
2623
2519
2285
2158
1994
1844
1545
1221
1143
1027
987
1036
1110
1256
1086
624
3
-629
-1037
-1171
-1064
-785
-354
106
492
843
1075
1304
1479
1543
1560
1615
1911
2201
2335
2387
2327
2122
1823
1447
1179
1147
1259
1507
1847
2077
2142
1983
1582
1105
711
502
383
373
496
796
1102
1254
1196
982
659
175
-406
-784
-1129
-1421
-1610
-1766
-1796
-1798
-1845
-1924
-2100
-2249
-2361
-2538
-2736
-3085
-3487
-3857
-4250
-4618
-4816
-4857
-4766
-4684
-4602
-4468
-4325
-4347
-4459
-4581
-4664
-4477
-4297
-3978
-3681
-3195
-2454
-1885
-1294
-1053
-942
-981
-1151
-1026
-562
10
577
1099
1496
2088
2585
2976
3425
3633
3633
3669
3820
4115
4274
4315
4460
4672
4730
4753
4694
4494
4016
3271
2545
1955
1409
805
356
14
-206
-429
-575
-574
-490
-484
-601
-849
-1083
-1248
-1279
-1170
-858
-441
-51
264
367
416
263
153
241
330
506
696
1013
1463
1881
2466
2984
2965
2647
2144
1607
1275
1114
1271
1618
1991
2427
2836
2834
2610
2108
1415
744
76
-319
-472
-372
-54
315
606
752
722
385
-235
-868
-1322
-1510
-1664
-1907
-2046
-2273
-2593
-2913
-3166
-3244
-3237
-3281
-3371
-3421
-3439
-3427
-3599
-3773
-3910
-3939
-3826
-3851
-3634
-3175
-2917
-2841
-2893
-2897
-2829
-2873
-3128
-3237
-3224
-3373
-3581
-3773
-3746
-3512
-3199
-2697
-2020
-1459
-1037
-622
-215
361
1137
2021
2769
3217
3576
3972
4347
4435
4357
4284
3960
3516
3451
3783
4256
4443
4454
4475
4287
3936
3502
3222
3065
2709
2363
2082
1781
1509
1161
776
405
-6
-384
-669
-784
-635
-387
-208
-97
-55
-260
-558
-780
-789
-499
-185
123
516
949
1381
1641
1783
1918
1957
1937
1862
1871
1997
2067
2064
1878
1601
1337
1079
981
1126
1525
1887
2169
2450
2566
2393
1847
1082
267
-563
-1068
-1234
-1187
-983
-862
-810
-798
-1032
-1468
-1928
-2387
-2808
-3276
-3684
-3825
-3848
-3835
-3774
-3604
-3315
-2971
-2704
-2514
-2302
-2061
-1778
-1537
-1431
-1475
-1653
-1884
-2104
-2222
-2228
-2214
-2278
-2450
-2470
-2449
-2392
-2294
-2136
-1850
-1543
-1231
-1071
-972
-886
-950
-1188
-1453
-1395
-1162
-948
-690
-529
-274
-156
-19
382
737
1141
1511
1759
2004
2328
2551
2654
2726
2838
3035
3301
3627
4090
4413
4514
4434
4135
3758
3255
2743
2393
2165
2056
1982
1993
2060
1946
1688
1332
996
706
465
263
114
84
140
118
60
-166
-444
-690
-958
-1084
-941
-530
-40
366
781
1188
1411
1381
1149
946
754
506
198
15
-93
-60
46
44
225
356
375
451
486
542
463
224
-67
-354
-658
-932
-1115
-1253
-1241
-1137
-1033
-934
-1055
-1198
-1470
-1780
-1946
-2126
-2083
-2002
-1948
-1843
-1818
-1880
-2009
-2195
-2362
-2512
-2548
-2401
-2193
-1914
-1611
-1487
-1421
-1489
-1662
-1762
-1855
-1777
-1618
-1402
-1159
-932
-699
-510
-444
-447
-496
-676
-799
-875
-882
-885
-1156
-1520
-1794
-2016
-2039
-1918
-1588
-1074
-805
-675
-696
-769
-766
-681
-443
-72
446
944
1609
2247
2839
3340
3585
3686
3723
3795
3973
4152
4377
4530
4468
4311
4075
3814
3512
3243
2988
2739
2379
1970
1653
1310
889
545
363
299
297
408
536
636
570
381
98
-203
-462
-692
-857
-933
-912
-951
-934
-877
-839
-808
-787
-730
-690
-757
-775
-744
-640
-515
-476
-353
-199
-128
-64
-148
-282
-442
-554
-489
-419
-324
-135
17
-28
-123
-246
-293
-354
-462
-465
-359
-240
-103
9
14
12
-176
-435
-609
-747
-817
-957
-1102
-1127
-1063
-917
-755
-566
-369
-244
-253
-378
-530
-624
-653
-692
-675
-552
-448
-424
-436
-475
-575
-663
-698
-690
-685
-773
-899
-1092
-1283
-1447
-1638
-1824
-1952
-1993
-1891
-1620
-1468
-1394
-1412
-1495
-1508
-1386
-978
-397
45
454
855
1113
1214
1286
1522
1770
1898
2069
2519
2966
3353
3748
4092
4260
4230
4031
3920
3744
3403
3002
2531
2197
1982
1790
1654
1475
1245
1079
810
475
60
-383
-730
-1015
-1128
-1016
-944
-1066
-1316
-1502
-1587
-1738
-1997
-2156
-2244
-2334
-2255
-2085
-1807
-1575
-1529
-1544
-1579
-1613
-1608
-1451
-1162
-826
-471
-99
272
529
549
519
467
489
650
804
911
991
1036
1020
973
953
982
986
949
880
801
816
902
888
761
509
190
-140
-437
-573
-585
-620
-784
-957
-1057
-1038
-1028
-1089
-1133
-1170
-1174
-1178
-1033
-767
-476
-329
-327
-441
-576
-651
-774
-890
-915
-821
-588
-351
-254
-168
-326
-632
-924
-1182
-1364
-1531
-1639
-1750
-1828
-1851
-1845
-1799
-1729
-1624
-1432
-1175
-718
-218
218
588
861
915
763
631
552
597
570
773
1214
1441
1511
1648
1783
1734
1655
1631
1723
1778
1795
1939
2055
1951
1743
1473
1157
894
688
667
658
532
362
95
-223
-625
-1026
-1363
-1720
-2008
-2110
-1946
-1736
-1674
-1616
-1509
-1481
-1599
-1631
-1410
-1147
-837
-545
-244
28
175
175
153
245
342
509
632
810
1049
1208
1339
1521
1635
1655
1536
1258
1054
975
994
1079
1111
1221
1379
1410
1462
1548
1591
1543
1300
964
753
569
399
338
380
421
390
220
33
32
37
61
206
388
517
513
380
213
75
-85
-264
-490
-728
-819
-753
-669
-529
-348
-365
-532
-770
-1037
-1105
-1040
-893
-691
-549
-482
-524
-661
-911
-1225
-1536
-1692
-1741
-1672
-1409
-1203
-1067
-1045
-1162
-1390
-1652
-1861
-1797
-1584
-1443
-1196
-736
-278
4
214
357
405
280
315
513
712
866
1080
1236
1148
917
737
571
452
422
501
621
694
707
667
548
190
-228
-560
-806
-893
-852
-638
-400
-397
-446
-474
-578
-737
-735
-546
-277
-34
192
368
327
147
-80
-365
-690
-894
-848
-566
-120
423
931
1294
1490
1530
1469
1334
1152
1072
1089
1200
1426
1701
1895
1965
1893
1705
1514
1429
1384
1365
1412
1385
1279
1177
1206
1201
982
626
282
52
-29
-33
6
35
-11
-169
-378
-529
-679
-808
-875
-878
-775
-757
-758
-709
-702
-774
-943
-1259
-1523
-1542
-1467
-1283
-1129
-985
-877
-878
-1041
-1334
-1619
-1794
-1874
-1865
-1729
-1467
-1279
-1162
-1108
-1126
-1261
-1477
-1626
-1795
-1866
-1802
-1622
-1438
-1322
-1320
-1365
-1554
-1651
-1535
-1413
-1264
-1113
-895
-701
-517
-236
100
204
94
9
-10
28
105
269
493
780
1064
1383
1645
1711
1622
1381
1085
825
666
560
454
351
325
282
207
197
186
116
133
148
180
193
97
66
26
-8
61
250
495
740
939
1100
1306
1446
1463
1437
1407
1467
1550
1620
1717
1904
2182
2266
2221
2111
1919
1740
1601
1597
1671
1758
1893
2096
2239
2176
1973
1754
1467
1103
861
667
545
517
532
466
292
66
-183
-403
-643
-760
-733
-712
-669
-680
-669
-663
-839
-1001
-1088
-1091
-1036
-1029
-877
-657
-492
-404
-399
-443
-634
-904
-1176
-1355
-1519
-1572
-1538
-1457
-1279
-1125
-1005
-1030
-1117
-1216
-1306
-1381
-1506
-1620
-1640
-1593
-1655
-1804
-1925
-2052
-2134
-2094
-1952
-1691
-1362
-1053
-845
-695
-628
-622
-613
-692
-698
-702
-764
-763
-708
-572
-483
-384
-273
-162
-46
80
160
225
393
565
696
768
847
984
1108
1246
1505
1796
1989
2036
1943
1793
1568
1252
921
627
488
461
477
565
664
715
639
562
498
431
417
427
590
780
941
1185
1366
1489
1563
1585
1645
1639
1522
1411
1327
1213
1222
1300
1436
1513
1499
1496
1391
1229
1051
890
758
624
526
477
450
529
628
677
647
551
434
306
152
-102
-459
-781
-1046
-1258
-1423
-1557
-1639
-1692
-1718
-1657
-1486
-1333
-1202
-1109
-1052
-1070
-1121
-1116
-1067
-1013
-1021
-1111
-1234
-1282
-1300
-1326
-1344
-1331
-1246
-1137
-1105
-1117
-1114
-1098
-1113
-1187
-1251
-1253
-1229
-1207
-1222
-1163
-1053
-979
-957
-1008
-1146
-1270
-1425
-1562
-1640
-1698
-1665
-1572
-1470
-1345
-1153
-967
-722
-535
-348
-169
-66
81
259
385
421
402
325
357
431
485
540
593
743
962
1113
1217
1330
1389
1419
1438
1411
1454
1524
1573
1631
1657
1656
1633
1621
1645
1723
1743
1661
1614
1529
1426
1343
1256
1179
1060
964
882
785
696
643
676
803
963
1168
1304
1389
1439
1414
1396
1309
1171
976
824
714
649
584
502
433
235
-14
-140
-182
-257
-301
-385
-466
-527
-586
-542
-522
-559
-621
-693
-705
-619
-456
-382
-395
-329
-227
-226
-301
-339
-418
-479
-481
-523
-452
-395
-364
-332
-373
-403
-431
-549
-699
-804
-941
-1058
-1192
-1334
-1430
-1504
-1584
-1680
-1779
-1783
-1691
-1601
-1388
-1114
-916
-755
-702
-650
-622
-685
-763
-836
-857
-877
-901
-828
-745
-741
-704
-722
-639
-527
-468
-374
-329
-342
-349
-370
-375
-351
-295
-156
-78
-73
-12
109
257
370
510
672
761
768
834
937
994
1073
1158
1278
1403
1469
1538
1529
1485
1522
1549
1582
1564
1541
1584
1520
1474
1472
1400
1260
1133
1063
995
956
902
872
906
890
868
871
854
813
681
587
565
506
411
357
345
324
308
300
303
290
210
212
224
206
201
77
-37
-51
-122
-171
-190
-282
-375
-380
-239
-89
44
110
72
-85
-295
-442
-664
-943
-1133
-1204
-1224
-1178
-1080
-952
-848
-816
-856
-901
-951
-957
-957
-844
-662
-581
-574
-610
-632
-646
-643
-663
-690
-745
-775
-780
-794
-822
-775
-635
-533
-501
-445
-386
-333
-259
-242
-297
-331
-385
-443
-493
-525
-580
-611
-578
-528
-495
-498
-556
-629
-666
-635
-578
-526
-411
-284
-218
-229
-272
-297
-299
-264
-172
-48
76
199
291
302
248
154
76
34
50
169
366
609
844
1078
1239
1301
1252
1155
1079
1048
1068
1123
1144
1165
1198
1249
1320
1397
1365
1164
899
664
547
380
207
116
48
3
-33
-52
72
188
240
278
255
237
287
361
445
492
505
600
672
607
498
411
343
371
466
552
625
710
811
852
788
664
536
425
325
318
423
529
584
558
445
236
-17
-218
-345
-492
-567
-617
-656
-647
-621
-589
-541
-562
-706
-793
-852
-844
-911
-1018
-1007
-952
-852
-765
-732
-767
-806
-803
-767
-744
-641
-507
-458
-382
-288
-185
-29
81
176
199
150
151
206
231
160
8
-199
-395
-562
-645
-657
-616
-606
-568
-520
-487
-439
-447
-465
-554
-661
-711
-685
-698
-720
-677
-627
-606
-535
-423
-296
-211
-168
-73
56
158
159
167
129
76
137
241
406
569
654
715
767
830
877
878
862
830
776
719
649
662
752
821
830
768
675
643
607
561
478
447
454
486
563
648
724
716
661
586
538
546
518
545
616
647
686
682
632
524
448
487
471
434
452
520
584
592
536
466
318
137
106
118
193
273
297
272
231
116
-90
-318
-579
-837
-1014
-1098
-1075
-909
-702
-521
-420
-389
-371
-398
-424
-454
-537
-603
-603
-561
-514
-524
-643
-773
-850
-903
-889
-882
-863
-817
-717
-573
-456
-321
-245
-276
-351
-416
-495
-523
-506
-488
-517
-566
-667
-804
-887
-903
-859
-940
-1043
-1125
-1131
-1075
-1015
-892
-775
-628
-577
-576
-505
-394
-298
-234
-232
-194
-80
-51
-75
-95
-64
-89
-193
-240
-229
-173
-132
-66
15
137
321
470
587
579
532
559
554
528
462
386
372
383
421
436
434
515
624
691
715
777
771
741
754
785
826
849
863
828
798
869
970
1078
1204
1270
1285
1286
1250
1222
1121
984
883
793
737
711
739
798
901
936
942
918
895
825
747
645
553
510
455
402
297
239
207
117
-50
-286
-414
-481
-491
-443
-432
-304
-205
-169
-128
-133
-145
-162
-228
-224
-137
-134
-175
-132
-65
-53
-13
18
37
-23
-157
-266
-328
-373
-410
-463
-500
-474
-380
-303
-306
-299
-299
-306
-404
-503
-556
-587
-606
-626
-613
-594
-561
-590
-589
-563
-557
-593
-600
-534
-469
-356
-266
-199
-219
-270
-324
-376
-401
-400
-415
-440
-418
-365
-323
-301
-298
-277
-215
-174
-174
-153
-190
-200
-131
-29
62
160
265
338
386
399
474
504
442
362
250
214
263
326
351
322
273
343
412
472
596
658
707
744
751
785
785
779
784
836
903
923
978
979
941
911
835
702
537
429
331
333
398
461
605
754
846
840
757
585
388
239
154
101
152
249
331
400
362
202
-28
-233
-396
-525
-592
-619
-630
-605
-541
-497
-540
-577
-615
-622
-617
-640
-673
-656
-610
-554
-522
-530
-559
-568
-589
-603
-568
-519
-443
-427
-496
-607
-712
-767
-713
-671
-663
-605
-565
-560
-582
-551
-531
-594
-625
-663
-698
-700
-635
-541
-451
-409
-429
-477
-524
-519
-465
-427
-428
-334
-268
-189
-83
-35
-56
-215
-400
-522
-566
-545
-499
-408
-291
-232
-199
-149
-106
-123
-142
-129
-92
-39
60
225
382
505
552
627
708
771
825
839
869
915
991
1013
974
920
896
893
902
932
956
953
910
882
881
880
827
808
780
749
784
805
817
839
834
787
691
560
456
421
420
353
245
186
233
361
390
336
299
303
275
162
73
10
19
44
77
103
96
128
174
201
239
235
122
41
-34
-50
-94
-189
-265
-343
-360
-332
-333
-334
-308
-342
-367
-378
-374
-374
-438
-519
-549
-527
-505
-473
-440
-445
-415
-379
-333
-258
-218
-138
-98
-47
33
78
151
133
87
46
-2
-44
-127
-184
-250
-259
-201
-126
-69
-91
-161
-237
-290
-300
-325
-353
-322
-218
-191
-233
-315
-351
-393
-424
-425
-403
-312
-306
-274
-216
-151
-51
-12
-53
-82
-70
-81
-46
40
177
365
482
470
462
481
565
639
643
575
492
458
391
358
314
293
281
306
365
366
366
378
425
488
464
344
176
51
-7
-37
-50
-71
-113
-107
-83
-125
-139
-115
-79
-69
-118
-129
-110
-111
-61
-29
-21
-61
-143
-170
-127
-54
-39
5
11
10
-24
-93
-190
-316
-380
-402
-453
-525
-558
-609
-574
-519
-518
-463
-401
-336
-257
-251
-292
-373
-407
-467
-522
-544
-571
-572
-547
-454
-375
-342
-355
-357
-333
-299
-288
-349
-380
-341
-268
-158
-103
-116
-103
-78
-42
-9
11
32
48
40
30
29
59
32
-5
-25
-65
-151
-272
-313
-290
-257
-193
-144
-78
25
79
73
26
-10
-39
-73
-123
-153
-106
-44
21
72
96
112
165
224
214
218
255
306
428
524
550
584
602
570
512
491
453
439
450
468
492
421
349
293
208
88
-33
-125
-185
-192
-197
-193
-174
-164
-162
-124
-140
-168
-157
-174
-180
-207
-236
-255
-311
-359
-364
-316
-267
-173
-48
82
180
237
237
263
283
317
346
315
291
240
221
225
227
181
99
93
94
63
36
-25
-48
-70
-100
-105
-163
-236
-286
-295
-329
-341
-368
-383
-333
-229
-150
-97
-101
-134
-101
-156
-220
-237
-244
-227
-163
-76
-5
93
187
301
393
456
556
597
539
465
435
402
368
359
388
372
336
279
210
165
84
-11
-105
-164
-162
-112
-53
-30
-33
5
38
50
115
133
98
79
112
139
166
199
198
213
219
195
157
131
88
59
45
-28
-28
2
21
151
301
389
410
389
362
317
231
104
8
-61
-160
-282
-366
-445
-512
-561
-557
-506
-493
-483
-464
-424
-376
-372
-347
-340
-288
-244
-255
-237
-198
-134
-75
-58
-33
-14
-11
-8
-28
-30
-13
-15
-23
8
-6
-57
-123
-161
-143
-131
-94
-112
-121
-79
-61
-84
-113
-210
-280
-318
-409
-370
-271
-159
-5
56
82
80
40
5
-41
-75
-34
27
28
66
22
-68
-114
-145
-229
-332
-394
-448
-480
-524
-561
-574
-612
-582
-512
-432
-369
-375
-388
-339
-288
-268
-278
-273
-258
-213
-165
-174
-143
-69
-32
-22
-27
-107
-188
-249
-275
-274
-264
-253
-231
-155
-47
35
111
172
176
139
81
56
74
131
171
207
215
191
146
107
95
114
131
164
209
240
262
239
187
153
113
105
114
80
62
7
32
81
68
21
-43
-16
40
76
98
101
132
211
304
368
408
400
411
468
471
437
375
302
249
193
109
2
-88
-134
-127
-101
-82
-74
-32
51
170
272
321
334
345
385
432
501
585
617
622
644
639
561
475
407
367
325
191
98
75
49
81
108
85
57
36
14
-46
-120
-198
-199
-227
-305
-368
-415
-447
-445
-410
-441
-474
-532
-574
-558
-575
-581
-557
-506
-411
-289
-180
-131
-98
-96
-90
-80
-90
-55
-26
-25
4
57
81
116
115
94
87
49
84
120
163
200
233
277
284
333
339
330
285
223
138
86
58
27
50
63
27
-33
-96
-154
-189
-215
-210
-219
-241
-243
-213
-149
-44
22
28
21
-3
6
55
95
127
174
190
114
30
-55
-87
-24
-1
-4
-7
28
124
248
357
380
382
429
423
441
466
516
549
518
466
361
266
196
138
76
47
-8
-56
-51
-45
-41
-32
-29
-42
-41
-69
-54
-24
-62
-58
-23
-16
-16
-78
-123
-106
-134
-132
-158
-248
-354
-380
-378
-419
-476
-515
-511
-528
-564
-643
-712
-738
-790
-789
-757
-758
-766
-730
-681
-642
-621
-618
-599
-543
-474
-482
-506
-512
-440
-309
-226
-142
-131
-96
-34
-2
-3
-49
-25
-55
-84
-96
-129
-112
-82
-30
46
125
167
174
191
176
138
88
31
23
61
83
114
121
68
31
15
-50
-138
-230
-280
-294
-352
-378
-391
-384
-304
-251
-214
-144
-49
80
226
322
349
453
562
622
652
641
618
631
645
641
633
622
591
597
632
592
528
492
477
486
474
435
400
392
335
316
318
298
287
206
131
93
20
-71
-124
-85
-28
31
52
22
4
-1
86
176
203
156
144
142
147
139
76
34
3
15
10
-22
-79
-113
-115
-131
-133
-90
-48
-48
-17
-47
-53
-35
-23
5
55
107
110
86
15
-50
-143
-223
-290
-298
-300
-321
-319
-304
-279
-249
-237
-237
-278
-291
-234
-190
-131
-92
-26
52
125
215
251
270
293
342
371
334
328
287
291
320
279
255
204
186
193
179
204
248
262
257
252
250
218
194
175
153
178
178
154
151
168
154
139
111
35
28
47
61
67
40
30
126
208
270
311
337
394
419
432
435
416
426
441
421
414
391
391
400
413
437
374
322
280
204
118
83
112
121
127
86
64
37
-6
-35
-98
-174
-259
-321
-379
-433
-426
-426
-428
-413
-383
-336
-298
-234
-226
-196
-183
-176
-198
-206
-160
-123
-142
-206
-287
-320
-321
-309
-313
-343
-338
-323
-323
-325
-350
-411
-464
-470
-462
-455
-399
-343
-301
-249
-225
-232
-307
-380
-416
-454
-511
-538
-576
-595
-556
-499
-429
-418
-397
-370
-333
-243
-132
-40
14
100
147
157
171
162
178
128
64
37
45
72
116
145
94
43
53
36
56
63
14
10
-40
-28
28
12
3
-12
0
28
-13
-26
-32
3
86
144
124
93
112
117
95
84
62
68
68
111
173
189
166
115
73
46
13
-10
-10
-66
-61
-9
6
45
121
149
159
170
156
173
251
289
310
321
314
311
318
253
187
169
169
252
269
221
224
179
114
89
68
66
57
67
64
79
55
52
64
31
25
6
15
111
193
239
266
264
178
144
77
-11
-80
-159
-209
-273
-295
-270
-204
-188
-191
-207
-196
-162
-132
-104
-113
-117
-70
-20
36
56
59
47
6
18
64
94
94
110
165
190
194
164
146
162
140
116
122
160
146
114
88
82
95
82
101
137
178
243
232
179
141
131
114
68
34
6
14
44
62
105
130
101
54
2
-52
-104
-141
-173
-187
-148
-127
-99
-69
-107
-144
-185
-176
-139
-104
-34
20
19
25
53
78
94
106
136
152
158
189
203
198
219
182
133
145
109
61
-22
-108
-124
-114
-134
-173
-221
-176
-109
-107
-104
-78
-66
-117
-162
-229
-244
-289
-338
-339
-326
-337
-346
-360
-376
-318
-308
-311
-287
-259
-276
-267
-282
-305
-262
-209
-143
-94
-102
-130
-173
-193
-168
-158
-177
-208
-247
-243
-163
-129
-111
-145
-149
-133
-154
-156
-200
-249
-241
-234
-204
-185
-219
-204
-191
-207
-197
-231
-260
-220
-215
-205
-226
-181
-158
-127
-82
-70
-39
33
101
94
70
7
-62
-68
-64
-80
-93
-98
-35
-3
19
34
15
-6
21
95
151
138
132
177
194
171
188
198
176
122
75
91
101
120
117
106
83
100
74
31
12
79
77
14
45
121
241
274
252
206
178
157
117
75
33
22
48
60
54
44
-14
-38
-32
-44
-85
-117
-120
-66
12
41
73
72
53
14
-56
-76
-71
-97
-102
-65
-80
-84
-84
-114
-138
-152
-175
-168
-125
-74
-36
-34
-36
2
0
-24
-41
-106
-80
-22
1
30
62
79
86
122
117
75
36
33
23
38
66
76
98
120
165
179
122
123
154
177
208
187
170
169
177
178
127
99
87
134
153
116
86
46
28
-7
-21
-34
-100
-129
-138
-107
-49
-32
13
71
92
34
22
66
118
172
145
102
90
90
107
134
178
175
104
81
96
157
187
125
93
87
86
85
35
-26
-76
-131
-96
-61
-60
-85
-129
-135
-168
-173
-224
-222
-163
-116
-83
-80
-80
-55
-20
-15
-32
-52
-103
-121
-124
-147
-143
-136
-115
-80
-99
-105
-142
-146
-153
-126
-79
-96
-110
-116
-152
-197
-232
-273
-268
-267
-220
-180
-187
-175
-177
-179
-201
-229
-216
-219
-171
-178
-211
-217
-213
-187
-135
-74
-56
-69
-100
-130
-101
-113
-157
-147
-153
-147
-95
-28
-19
-15
-9
14
43
42
52
38
29
-1
-52
-60
-28
22
-15
-76
-108
-93
-44
-6
9
11
-32
-39
-72
-80
-86
-114
-108
-93
-39
-35
-34
-15
43
99
102
62
39
37
8
-5
0
11
36
47
62
55
31
1
-4
1
61
68
-2
-20
6
86
142
115
104
143
158
145
132
167
199
214
220
198
205
216
228
200
185
213
241
272
296
283
285
275
265
243
211
177
112
62
72
108
114
117
87
52
30
-4
1
28
18
-1
-11
-21
-46
-68
-72
-44
-33
-56
-50
-3
11
43
32
-2
-34
-65
-62
-36
6
-5
-39
-54
-10
50
52
34
90
136
151
155
171
185
187
231
256
240
220
201
197
178
150
134
154
164
145
156
175
156
164
166
143
135
150
166
205
208
180
173
144
139
123
68
17
-52
-76
-49
-39
-78
-140
-167
-167
-139
-134
-163
-145
-76
26
74
86
53
-6
28
116
139
127
148
159
196
219
271
315
279
209
164
109
88
131
172
168
131
92
55
54
48
31
29
17
5
-10
51
105
129
117
100
172
195
188
131
88
99
119
97
34
-31
-91
-83
-74
-99
-135
-170
-178
-166
-154
-146
-148
-138
-95
-40
12
32
36
36
30
36
26
10
3
-1
33
60
75
69
69
76
54
62
39
-15
-43
4
14
-25
-30
-31
17
47
44
12
-12
-4
16
7
-32
-21
36
78
84
57
27
35
110
162
144
66
22
-12
-56
-60
-59
-58
-31
-20
-30
-7
22
-19
-72
-59
-66
-62
-49
-56
-80
-103
-85
-85
-92
-71
-74
-61
-63
-75
-51
-43
-47
-25
-32
26
70
60
47
41
46
80
128
173
189
219
224
224
268
298
319
278
244
251
242
230
236
286
324
337
321
299
239
205
159
123
113
140
165
166
164
127
102
120
103
30
14
-10
30
54
36
32
40
84
123
164
141
122
113
91
145
161
94
69
83
114
160
172
173
176
168
151
101
87
75
85
118
125
155
141
91
60
57
39
16
-37
-48
-12
-14
-32
-67
-81
-41
-55
-85
-93
-109
-107
-92
-71
-53
-70
-92
-63
-14
5
3
4
33
86
77
76
57
51
90
100
82
15
-11
31
47
72
77
18
5
-2
6
47
32
3
6
28
60
42
-33
-36
3
36
79
75
64
67
62
35
-11
-32
-27
-20
-9
-4
4
-21
-77
-101
-103
-79
-87
-117
-156
-145
-89
-69
-78
-87
-84
-38
-12
-24
-4
48
76
103
100
67
95
152
176
153
85
24
37
53
41
50
103
134
151
133
100
96
80
108
136
102
66
54
72
120
99
82
60
10
16
35
3
-53
-70
-65
-80
-87
-70
-37
-4
-20
0
54
25
9
-19
-29
-2
-12
-4
26
99
115
71
12
11
20
7
-31
-95
-91
-52
-50
-71
-35
10
-12
-87
-191
-252
-274
-272
-281
-301
-324
-337
-334
-356
-322
-285
-309
-306
-305
-318
-332
-337
-326
-293
-227
-182
-176
-160
-142
-138
-81
-53
-40
-36
-66
-91
-110
-89
-77
-35
-7
5
-14
-28
-93
-167
-171
-157
-165
-153
-99
-82
-22
-8
-25
-31
-26
-38
-13
18
-4
2
-4
46
120
106
103
89
99
124
136
115
93
139
147
145
131
80
77
121
112
84
57
27
52
53
5
-19
-54
-57
-69
-72
-78
-112
-50
-13
-18
-58
-97
-52
2
63
120
101
56
80
115
115
129
110
88
87
73
63
26
-28
-25
16
27
44
60
80
103
120
102
94
88
92
132
122
108
122
88
91
103
85
90
9
-56
-28
-26
-20
-4
-28
13
21
-26
-65
-62
-30
-13
12
-18
-63
-42
10
38
78
82
15
23
28
-4
38
36
61
137
125
141
102
18
-3
-41
-93
-110
-105
-67
-22
-5
-22
-80
-73
-55
-19
32
11
20
-7
-61
-120
-145
-169
-194
-137
-91
-61
-19
-17
31
45
-4
-9
28
40
21
65
97
129
137
132
112
87
79
35
-21
-49
-42
-23
-82
-118
-128
-156
-165
-146
-129
-145
-141
-129
-158
-156
-148
-176
-210
-254
-242
-237
-230
-215
-208
-184
-194
-243
-234
-204
-188
-201
-213
-220
-262
-265
-281
-258
-219
-221
-218
-237
-263
-273
-245
-224
-195
-197
-206
-181
-193
-180
-170
-185
-197
-166
-167
-211
-247
-253
-221
-237
-290
-334
-351
-315
-274
-269
-252
-278
-251
-207
-174
-133
-101
-79
-74
-76
-97
-111
-105
-78
-54
-74
-59
-40
-24
-20
-45
-30
-46
-51
-47
-24
20
39
38
19
51
62
53
66
54
37
42
66
91
108
113
105
77
60
56
60
103
105
80
31
-14
-3
-2
43
30
21
37
44
101
101
67
23
-32
-55
-51
-46
-27
-3
33
53
56
85
92
65
45
46
57
33
60
107
132
131
126
120
119
160
123
113
134
113
88
81
49
19
47
11
-50
-63
-77
-86
-82
-101
-71
-49
-78
-65
-38
10
35
1
-19
-13
23
51
75
62
37
80
93
97
100
117
104
38
-3
6
31
39
31
81
115
125
135
130
130
115
105
104
102
109
135
112
108
98
97
71
65
39
-13
-24
-38
-37
-20
1
4
20
36
11
2
-1
-36
-56
-85
-109
-99
-129
-124
-69
-52
-48
-64
-69
-39
-20
-28
-15
-19
-25
-32
-38
-4
43
86
105
126
128
118
103
131
142
100
64
-19
-37
-35
-68
-74
-89
-125
-104
-131
-114
-78
-95
-83
-67
-52
-46
-60
-65
-81
-85
-93
-100
-68
-71
-52
-52
-76
-37
-8
-14
-38
-57
-63
-80
-107
-162
-185
-145
-135
-153
-160
-179
-148
-145
-148
-120
-90
-77
-70
-72
-76
-98
-107
-119
-157
-156
-177
-166
-166
-204
-189
-136
-154
-186
-206
-244
-267
-270
-272
-280
-308
-316
-235
-184
-150
-148
-164
-144
-108
-90
-92
-98
-89
-86
-110
-136
-156
-199
-235
-211
-192
-186
-184
-169
-122
-96
-97
-83
-55
-39
-56
-67
-80
-84
-24
-7
14
0
-65
-85
-68
-37
32
64
37
40
46
39
29
-13
-53
-32
4
-16
-75
-128
-108
-77
-55
-56
-106
-112
-120
-138
-165
-162
-166
-196
-170
-150
-148
-165
-189
-161
-94
-40
-10
0
12
21
10
-6
1
35
76
91
99
95
75
123
138
131
155
179
170
212
230
193
159
137
113
93
150
132
117
123
190
258
239
239
272
290
309
355
330
336
328
260
209
202
191
187
205
181
187
205
212
240
257
270
260
262
287
307
331
308
319
325
295
302
291
271
295
292
246
244
222
199
217
177
104
58
21
7
19
55
55
33
22
35
57
54
27
-4
-15
-8
-6
-7
-31
-55
-65
-100
-115
-105
-74
-51
-5
5
-9
57
64
85
117
141
145
120
127
125
132
127
146
150
162
180
211
174
124
152
141
142
153
109
117
155
119
71
38
23
33
9
-1
-27
-18
12
5
21
-6
-50
-92
-99
-80
-81
-95
-126
-107
-113
-154
-185
-176
-152
-146
-142
-174
-219
-276
-263
-235
-200
-193
-225
-220
-234
-189
-157
-136
-93
-111
-110
-146
-140
-124
-130
-124
-186
-206
-220
-240
-229
-245
-245
-231
-253
-247
-270
-288
-227
-223
-170
-151
-144
-131
-168
-184
-191
-151
-145
-166
-136
-114
-101
-137
-148
-75
-119
-173
-123
-77
-78
-122
-152
-125
-111
-102
-140
-169
-183
-186
-177
-206
-231
-265
-274
-234
-246
-259
-231
-247
-189
-135
-122
-114
-155
-155
-112
-119
-171
-185
-182
-124
-69
-95
-119
-142
-148
-116
-110
-139
-154
-168
-157
-120
-104
-137
-185
-211
-187
-178
-168
-156
-143
-159
-207
-231
-247
-238
-189
-157
-141
-123
-101
-90
-47
5
17
7
25
76
111
113
126
118
131
155
119
126
134
167
229
223
221
212
217
249
261
263
264
297
322
353
365
325
308
312
358
411
396
401
446
486
530
495
433
435
417
446
452
404
359
337
336
333
326
303
344
341
286
270
280
261
256
233
242
280
289
299
292
290
286
295
267
199
169
152
126
103
109
130
105
79
35
16
-1
-16
16
24
19
23
57
55
90
78
53
73
113
156
154
147
101
104
114
91
106
124
145
184
158
108
119
136
163
134
80
62
52
27
-2
-42
-87
-147
-187
-128
-113
-151
-190
-209
-176
-172
-153
-153
-157
-113
-94
-73
-111
-99
-56
-33
2
-33
-91
-164
-164
-123
-100
-127
-148
-169
-160
-120
-103
-122
-127
-167
-169
-182
-210
-179
-155
-170
-154
-151
-154
-154
-201
-207
-182
-169
-191
-170
-131
-167
-170
-134
-143
-127
-124
-135
-136
-130
-126
-157
-177
-205
-201
-220
-236
-241
-271
-296
-312
-303
-295
-255
-224
-229
-208
-156
-148
-143
-127
-155
-165
-163
-145
-139
-163
-177
-127
-69
-106
-99
-146
-164
-139
-138
-97
-69
-80
-97
-78
-83
-47
-14
15
40
35
29
17
37
54
37
-26
-63
-70
-84
-96
-169
-224
-207
-199
-201
-208
-237
-253
-271
-239
-211
-229
-195
-189
-152
-115
-93
-103
-105
-96
-99
-47
-21
23
66
82
86
109
158
184
184
168
154
165
182
166
180
243
259
234
188
191
198
212
204
177
192
179
131
73
80
98
78
-7
-75
-60
-51
-27
11
10
13
49
63
61
57
43
67
85
99
157
157
132
137
130
158
207
191
150
128
134
161
138
113
126
149
197
218
192
167
175
196
238
243
165
94
66
87
128
62
19
38
35
46
32
7
-3
14
44
62
58
78
81
97
118
127
134
119
135
146
137
100
84
110
155
166
120
147
166
162
183
166
138
93
59
57
74
63
61
78
59
80
70
10
26
41
36
-18
-89
-111
-133
-76
-10
18
29
12
-4
34
52
58
47
7
20
28
28
28
