-6
-11
-58
-81
-74
-82
-74
-105
-139
-134
-139
-135
-100
-106
-100
-96
-34
10
-5
3
-3
2
-2
1
-1
1
-1
0
-1
0
0
0
1
0
0
0
0
0
0
0
0
0
0
0
0
0
0
0
0
0
0
0
0
0
-1
0
0
0
0
0
0
0
0
0
0
0
0
0
1
0
0
0
0
0
0
0
1
0
0
0
1
1
0
0
0
-1
1
1
0
0
0
0
0
0
0
1
0
0
0
1
0
0
0
0
0
-1
0
0
0
0
0
0
0
0
0
0
-1
-1
-1
0
0
0
0
-1
0
0
0
0
0
0
0
0
0
1
0
1
0
0
0
0
0
0
1
-1
0
1
-1
0
0
0
0
0
0
0
-1
0
0
0
-1
0
0
0
0
0
0
0
-1
0
0
1
0
1
-1
2
-4
8
-71
-99
-66
-80
-79
-77
-112
-135
-131
-131
-116
-130
-111
-134
-183
-197
-225
-247
-289
-294
-273
-269
-271
-198
-163
-145
-111
-106
-86
-66
-35
-38
-44
-46
-71
-76
-39
-27
-24
-17
-54
-44
-18
10
65
68
89
88
63
78
76
121
144
128
130
134
161
187
134
112
109
107
140
136
119
106
79
75
82
55
55
75
52
20
4
-7
-6
-12
-10
-14
0
4
8
8
13
1
-9
-7
-4
8
10
14
10
9
10
2
-8
-7
-11
-6
1
22
12
17
4
-14
1
-4
3
-1
-5
8
22
10
20
1
-10
12
7
3
6
15
2
4
6
-9
-5
5
10
-1
-1
16
11
7
8
-6
-12
-2
6
6
6
15
11
-1
11
-3
-3
6
-4
2
-8
0
9
13
-1
4
4
7
18
14
15
12
12
-10
-19
-12
3
16
20
13
-7
3
2
1
-6
-11
1
2
-1
8
13
9
-5
-12
-5
5
11
4
8
1
6
-9
-4
-10
-16
-2
-1
10
-7
-13
-10
-17
5
6
3
14
-11
-8
0
-7
-2
-6
-8
3
2
-7
7
4
6
7
-3
-3
-7
-1
4
-4
-6
8
13
3
2
2
-4
-10
-9
-18
-15
-8
-5
-9
-17
-3
2
-7
1
-2
-5
21
2
2
4
-10
3
-2
-15
1
-7
-11
16
5
-14
-20
-8
-12
-5
-4
2
1
-8
-4
-7
0
-11
-3
1
-11
7
2
-11
3
-7
-14
-9
-8
-12
-18
-6
5
4
4
-11
-16
1
-4
2
12
-8
-17
-12
-23
-4
-16
-7
6
0
6
-2
2
19
4
-7
0
-5
9
9
1
3
-5
-2
8
-5
-4
-4
-3
23
11
11
11
-14
-3
-3
-10
-6
-8
3
0
4
2
5
2
-2
1
5
15
9
14
3
-17
-5
-18
-11
-3
-5
7
-3
-14
-2
1
-8
4
2
-4
0
-5
0
-4
6
-5
-14
5
-1
8
19
5
9
3
-4
0
5
7
12
14
9
19
13
-2
-6
-7
1
3
13
10
8
-1
-5
-9
-6
7
6
10
10
2
-2
-17
0
2
0
8
-1
-4
-5
-12
2
-7
-11
6
5
5
15
15
23
26
2
-3
-4
7
21
7
1
8
7
4
1
-5
1
0
10
13
9
5
-1
3
3
6
5
0
-8
-3
2
-1
17
9
-1
10
-2
-7
13
9
11
11
-4
-2
-20
-23
-4
2
19
23
14
15
-9
-4
12
16
27
24
32
-1
-10
-6
22
-2
-19
-23
-3
31
5
1
-13
-29
-17
17
37
57
32
31
39
-14
-14
3
-20
-38
-40
-34
-26
-29
-21
-15
-13
1
-6
-3
3
9
3
-4
-6
3
-8
-21
-3
-11
-6
-6
-27
-6
-2
-2
-6
-33
-25
-31
-38
-27
-26
0
14
8
4
-3
-19
-1
-4
-9
-9
-20
-11
-3
-13
-23
-19
-12
-14
-27
-18
-3
0
-23
-22
-19
5
-7
-21
-14
4
18
-5
-22
-27
-27
-28
-11
-13
8
36
33
13
-5
-31
-34
-29
-40
-29
-34
-14
6
-2
-16
-35
-39
-22
-22
-13
2
-5
-3
-32
-42
-55
-52
-8
4
4
11
-6
-15
14
-1
-32
-38
-40
-4
7
10
14
7
13
-20
-28
5
16
29
-5
0
32
7
6
-10
-34
-8
21
61
78
33
-17
-29
-9
21
15
-5
0
8
24
44
26
18
9
10
18
4
12
-9
-18
-2
-5
-12
-7
-7
22
46
20
-3
-13
-3
8
16
-22
-43
-19
21
48
30
-6
-19
1
21
17
24
18
28
40
7
-10
-7
-27
-1
29
14
24
14
-1
16
7
-6
6
-12
-6
17
16
11
11
15
31
36
3
-17
3
34
72
59
29
32
9
-2
-12
2
23
34
32
16
23
47
42
28
13
26
27
34
40
4
-5
-24
-12
16
26
34
29
49
67
64
39
4
-11
-19
-24
-43
-22
7
8
-2
-10
-23
-9
-2
-4
5
-2
5
1
10
33
22
23
42
16
-26
-63
-87
-40
5
12
12
-9
-31
-16
-4
9
45
33
5
-8
-28
-25
-29
-38
-21
-21
-21
-24
-28
-6
-13
-17
-21
-3
-2
18
23
7
5
-6
-31
7
-61
-94
169
134
-70
-91
-24
88
20
-112
-54
58
-31
-143
-67
14
-22
-95
-34
37
-33
-56
1
14
-35
-53
29
19
-29
-19
22
12
-59
-77
-22
-36
-85
-78
-62
-42
-52
-42
-46
-47
-42
-35
-25
-33
-31
-9
25
3
-48
-45
-54
-44
-42
-53
-29
-38
-59
-34
-14
-32
-39
-46
-34
-16
13
27
49
17
3
4
-14
-17
-41
-39
-54
-39
0
-2
-29
-46
-42
-1
7
32
36
9
-9
-22
-43
-64
-52
-43
-32
-32
-51
-66
-51
-42
-25
0
-1
13
-4
4
20
23
18
19
22
27
40
48
42
49
82
61
50
44
16
3
15
31
34
17
10
-11
-2
7
6
19
1
1
33
23
2
-3
-10
14
27
47
51
40
39
31
8
3
31
39
23
22
27
31
20
4
7
16
25
20
44
85
78
98
87
68
41
20
22
43
72
83
105
84
28
11
4
-3
21
45
39
-1
-38
-11
39
28
5
4
-23
-23
-11
-22
-13
-9
-62
-53
5
12
38
47
44
29
31
42
37
67
47
27
16
-5
-10
-13
-7
27
44
57
55
24
6
-14
-8
5
35
26
21
53
69
48
12
4
9
39
64
75
54
40
51
72
52
0
-15
-16
15
28
33
14
-35
-82
-76
-42
-53
-86
-82
-59
-45
-43
-42
-33
-27
-55
-77
-50
-25
-22
-54
-40
-34
-31
-21
10
23
-2
-12
-13
11
14
14
-7
-33
-49
-34
13
1
-7
-16
-43
-14
5
13
27
-16
-16
-16
-22
-15
-54
-68
-76
-71
-37
-30
-59
-83
-83
-81
-86
-66
-63
-114
-143
-106
-79
-88
-86
-94
-94
-67
-51
-16
-25
-61
-88
-95
-58
-58
-72
-44
-36
-40
-46
-76
-43
-29
-40
-40
-27
-23
-10
-10
18
10
-45
-59
-73
-66
-58
-68
-46
-24
-35
-25
-39
-95
-92
-73
-27
-5
-16
-59
-64
-73
-80
-61
-73
-46
-50
-64
-42
-2
-4
-6
22
12
-6
-11
4
2
3
8
8
13
7
-3
-2
2
10
25
35
33
16
16
10
20
15
34
37
33
50
39
1
-18
-1
10
5
21
10
-14
-19
-32
-37
-44
-25
-2
-5
-40
-61
-22
-15
-33
7
14
-13
31
41
5
9
28
65
42
-7
21
45
91
114
104
94
53
43
70
69
76
80
86
122
110
97
124
101
94
113
93
90
99
97
114
88
56
64
63
72
80
117
151
164
168
145
128
101
113
144
166
152
161
187
177
178
159
189
204
188
169
173
190
188
203
200
189
198
154
126
150
126
123
131
132
139
114
99
80
72
110
105
95
83
68
70
97
102
85
71
80
86
121
128
121
124
99
93
62
74
70
85
85
53
98
67
58
89
40
20
-13
-5
9
23
21
-1
-9
-6
-34
-36
-9
-23
-13
-60
-105
-92
-77
-92
-105
-99
-80
-77
-62
-56
-102
-106
-101
-110
-118
-103
-106
-101
-82
-138
-149
-130
-125
-80
-55
-37
-42
-65
-93
-95
-68
-44
-62
-61
-103
-102
-125
-83
-44
-80
-80
-143
-67
-109
-64
-58
-74
-69
-123
-114
-131
-120
-122
-99
-94
-146
-148
-150
-177
-186
-173
-165
-206
-225
-225
-199
-187
-186
-200
-199
-168
-159
-177
-185
-186
-176
-159
-156
-141
-145
-142
-123
-136
-112
-59
-48
23
63
57
54
60
52
26
65
64
62
19
-22
6
10
19
29
-22
-62
-85
-81
-71
-83
-109
-117
-92
-81
-47
-20
-17
-20
-37
-68
-85
-105
-136
-125
-109
-101
-75
-75
-80
-55
-18
11
20
18
-21
-47
-36
-42
-51
-62
-53
-35
-38
-53
-67
-76
-78
-94
-88
-72
-67
-63
-89
-122
-144
-137
-116
-82
-44
-9
-4
-14
-10
18
55
90
105
127
154
172
153
182
230
253
274
277
290
308
345
352
358
333
293
304
342
376
361
350
327
299
306
355
350
327
296
299
318
306
285
242
231
256
267
223
202
186
182
192
213
203
236
252
227
226
214
232
294
363
368
360
365
369
360
308
276
290
276
251
258
215
154
114
78
78
72
33
12
-18
-10
-6
34
68
102
112
88
122
157
161
145
147
155
183
178
143
125
90
61
47
75
113
165
158
139
140
101
109
100
68
48
45
55
80
109
100
112
118
96
92
85
124
166
174
134
118
117
164
142
128
5
89
72
-31
37
-75
49
-44
-92
-137
-97
-101
-130
-147
-119
-50
-102
-80
-43
-37
-37
-53
-101
-70
-85
-47
-17
-34
-67
-80
-36
-33
-20
-30
-46
-63
-97
-129
-156
-192
-241
-264
-243
-238
-247
-271
-260
-204
-229
-254
-258
-252
-221
-218
-237
-207
-204
-190
-173
-183
-189
-208
-195
-162
-145
-160
-187
-222
-241
-244
-273
-266
-258
-263
-281
-310
-325
-345
-314
-297
-301
-295
-252
-217
-165
-148
-143
-142
-142
-130
-121
-118
-115
-89
-90
-74
-67
-68
-89
-123
-178
-187
-147
-146
-163
-185
-207
-207
-158
-115
-95
-95
-81
-80
-89
-109
-151
-173
-171
-152
-132
-130
-117
-112
-76
-54
-92
-90
-62
-2
-10
-8
-38
-40
-9
7
42
31
25
69
138
151
122
72
13
-18
-35
-52
-66
-17
13
1
-2
-12
24
23
-13
31
58
52
86
96
141
183
153
142
138
124
172
199
143
133
142
159
231
242
229
240
204
225
248
258
238
219
228
221
232
235
202
197
195
130
132
133
128
170
138
140
153
166
184
165
180
187
200
206
194
182
196
190
219
221
195
201
198
190
210
216
220
261
269
253
265
265
263
274
272
276
267
237
222
253
248
236
256
267
311
368
335
319
364
375
395
404
371
361
310
304
333
356
348
321
319
308
325
321
313
302
286
291
299
310
285
276
258
221
227
205
159
172
210
200
239
273
293
328
342
336
322
304
305
323
317
297
290
283
282
249
254
260
216
162
148
120
95
104
120
191
178
157
154
123
111
110
55
7
-13
-51
-55
-80
-75
-67
-92
-114
-148
-170
-149
-138
-141
-144
-184
-227
-233
-224
-196
-135
-128
-167
-182
-198
-196
-246
-250
-251
-237
-202
-220
-185
-161
-168
-173
-190
-243
-229
-209
-214
-258
-290
-290
-332
-356
-362
-357
-362
-360
-391
-410
-439
-481
-459
-472
-473
-473
-481
-468
-453
-421
-399
-389
-401
-451
-437
-437
-422
-431
-475
-498
-556
-570
-591
-587
-557
-578
-586
-586
-577
-567
-540
-510
-536
-557
-584
-597
-549
-517
-531
-539
-552
-568
-603
-632
-623
-620
-601
-577
-549
-507
-510
-515
-490
-487
-500
-468
-422
-396
-360
-354
-354
-331
-284
-249
-235
-196
-176
-177
-164
-211
-197
-176
-189
-184
-149
-118
-84
-110
-132
-102
-132
-154
-158
-130
-125
-120
-100
-66
-30
-45
-60
-61
-53
-19
1
6
38
79
103
95
98
103
102
116
101
122
128
100
118
126
136
153
151
173
178
182
180
197
222
227
257
290
310
370
395
430
475
490
470
467
469
467
464
456
504
507
486
454
435
444
441
449
464
490
485
493
489
494
503
517
528
502
489
508
511
478
436
429
451
458
476
537
553
535
506
479
458
448
460
461
463
435
451
482
506
513
494
468
434
428
463
474
456
459
439
408
403
393
358
338
339
335
353
324
283
292
271
242
269
282
274
250
260
314
351
347
334
302
292
273
261
262
226
197
184
190
165
121
103
87
78
48
-4
5
29
38
34
-20
-60
-70
-100
-91
-75
-77
-52
-30
-10
-23
-73
-104
-64
-59
-44
-6
-37
-35
-71
-102
-99
-104
-107
-109
-112
-128
-171
-202
-223
-226
-241
-283
-314
-356
-369
-341
-327
-343
-359
-354
-363
-358
-368
-371
-338
-354
-370
-370
-394
-416
-452
-461
-414
-382
-376
-365
-377
-410
-401
-419
-402
-398
-442
-454
-473
-494
-531
-562
-580
-585
-604
-658
-686
-685
-698
-711
-755
-789
-830
-786
-704
-675
-689
-717
-723
-761
-756
-732
-719
-677
-646
-629
-608
-605
-599
-620
-611
-580
-566
-554
-535
-540
-594
-632
-615
-579
-580
-547
-529
-533
-517
-552
-606
-598
-547
-513
-469
-421
-361
-330
-353
-381
-391
-384
-373
-357
-362
-367
-359
-368
-352
-353
-362
-381
-359
-345
-337
-330
-355
-340
-304
-309
-326
-293
-272
-248
-233
-198
-170
-139
-121
-124
-105
-70
-55
-19
0
25
94
82
56
19
2
-28
0
24
20
57
15
2
19
-4
22
46
46
54
48
55
107
132
137
129
84
91
121
156
209
251
241
250
284
310
343
383
344
347
367
352
350
341
360
396
455
470
472
436
392
405
400
436
469
509
549
574
581
599
600
600
595
552
527
503
524
562
549
542
510
465
492
509
517
565
595
578
574
563
540
545
530
495
462
411
404
413
403
363
362
375
386
390
395
388
348
351
321
304
326
359
376
363
313
288
290
276
286
271
233
212
174
187
191
147
136
86
64
65
43
47
21
21
36
-4
-2
-4
-41
-31
-31
-27
-38
-78
-122
-114
-135
-152
-154
-130
-144
-154
-140
-174
-174
-145
-151
-152
-132
-121
-96
-73
-56
-54
-90
-110
-94
-92
-131
-143
-161
-188
-181
-224
-215
-197
-189
-171
-195
-195
-222
-254
-251
-252
-259
-286
-278
-288
-318
-320
-365
-411
-443
-440
-438
-451
-442
-442
-436
-441
-458
-433
-430
-407
-393
-409
-427
-429
-430
-467
-473
-475
-518
-505
-496
-495
-495
-519
-525
-543
-556
-543
-523
-488
-469
-490
-528
-517
-479
-453
-458
-440
-455
-470
-447
-433
-421
-411
-386
-379
-349
-309
-314
-335
-352
-337
-302
-321
-362
-402
-374
-322
-319
-321
-320
-282
-319
-343
-339
-346
-355
-394
-427
-450
-442
-413
-387
-364
-317
-335
-349
-338
-321
-268
-291
-279
-244
-271
-215
-155
-146
-141
-144
-158
-64
7
71
82
94
136
109
116
128
92
47
22
11
66
77
55
10
-27
-11
16
14
42
57
56
86
98
143
193
232
276
296
302
309
312
323
333
349
352
333
356
372
347
317
282
252
307
341
362
366
328
322
367
377
359
349
367
430
443
486
510
512
481
428
406
409
417
466
538
557
560
544
538
546
544
580
589
607
615
602
599
579
556
554
560
533
541
566
555
533
490
472
468
470
492
491
510
553
558
547
561
539
536
537
525
510
517
510
502
503
454
424
413
387
371
381
348
370
391
305
257
246
196
177
188
161
178
176
146
131
127
149
150
159
144
152
164
152
147
138
148
110
70
75
68
57
70
65
72
54
29
30
44
57
17
12
35
31
8
-29
-56
-40
-96
-146
-170
-247
-238
-237
-294
-294
-329
-357
-344
-354
-355
-386
-439
-423
-404
-398
-372
-381
-373
-369
-391
-407
-417
-419
-362
-358
-380
-368
-384
-408
-457
-452
-432
-433
-433
-463
-476
-508
-520
-518
-538
-538
-524
-545
-555
-532
-516
-515
-507
-517
-500
-486
-491
-465
-463
-446
-456
-441
-424
-441
-440
-422
-447
-443
-428
-468
-483
-501
-497
-469
-469
-514
-545
-555
-599
-612
-557
-517
-475
-448
-435
-434
-417
-384
-360
-318
-306
-300
-301
-329
-330
-327
-305
-248
-200
-183
-206
-190
-188
-165
-102
-82
-37
-14
-23
-9
14
21
65
64
44
27
-21
-19
-11
10
38
43
22
2
-5
11
37
51
54
32
20
28
20
30
46
72
103
149
162
160
141
87
98
119
156
196
163
146
217
244
234
220
204
272
295
264
240
209
235
274
274
294
310
327
379
413
451
440
426
445
414
407
417
396
430
451
426
419
354
388
440
435
457
432
433
469
450
425
404
395
396
396
408
446
455
444
449
462
477
459
431
424
412
402
422
421
454
482
458
436
416
450
487
501
555
563
549
544
544
566
568
534
530
529
508
494
458
450
460
428
424
413
403
408
393
384
381
348
337
351
359
366
336
343
328
293
263
254
240
228
230
197
195
168
143
170
190
210
191
199
189
205
235
237
226
175
154
131
75
58
79
112
121
101
34
-13
-35
-9
28
32
17
6
-32
-74
-136
-203
-186
-172
-134
-193
-185
-141
-147
-162
-235
-281
-251
-199
-214
-225
-226
-238
-263
-280
-289
-290
-288
-286
-289
-320
-409
-485
-512
-538
-568
-568
-576
-567
-562
-596
-623
-620
-619
-618
-619
-633
-581
-572
-567
-537
-507
-479
-471
-493
-509
-499
-505
-494
-490
-515
-540
-552
-568
-567
-559
-527
-493
-465
-492
-483
-504
-527
-584
-553
-585
-554
-611
-550
-585
-511
-571
-550
-927
-1512
-255
118
1094
-489
-1016
-1090
-594
103
-1150
-470
-414
222
52
-467
-721
-630
-426
-486
-451
-502
-228
11
-239
-410
-452
-404
-117
-441
-393
-231
-107
11
-209
-296
-242
-4
-84
-36
-107
-30
88
53
67
-4
17
-13
-37
-98
6
23
-7
-33
-13
94
78
35
4
13
70
106
55
137
153
182
162
159
128
134
222
231
241
212
247
229
218
201
189
253
371
371
376
319
360
438
476
454
409
415
419
449
403
375
353
376
376
365
304
284
267
316
403
369
337
200
240
258
322
334
246
352
408
449
362
344
389
434
428
338
416
443
529
518
398
405
414
430
432
418
418
505
466
450
392
353
393
388
371
340
376
373
394
330
255
219
207
206
161
205
250
316
259
157
160
266
313
248
183
212
342
281
250
171
157
224
255
230
191
196
229
283
227
130
22
70
141
162
99
51
50
150
131
39
-57
-51
81
128
56
-55
-84
-21
55
-10
-77
-126
-82
-130
-164
-172
-177
-196
-224
-291
-304
-292
-333
-335
-368
-326
-332
-347
-389
-397
-403
-414
-422
-417
-396
-447
-462
-435
-392
-372
-368
-366
-384
-408
-365
-358
-364
-371
-396
-384
-369
-385
-375
-403
-431
-399
-379
-336
-357
-372
-371
-312
-348
-358
-330
-324
-342
-380
-407
-408
-370
-379
-388
-431
-493
-523
-459
-437
-482
-526
-568
-531
-479
-483
-533
-536
-534
-535
-500
-549
-576
-547
-518
-471
-483
-503
-518
-422
-364
-378
-409
-472
-395
-353
-369
-420
-370
-361
-417
-412
-422
-401
-344
-323
-330
-329
-341
-354
-383
-373
-316
-349
-338
-353
-309
-348
-403
-213
-203
-214
-371
-288
-133
-61
-113
-188
-149
-129
-121
-159
-90
-85
-111
-90
-38
-31
-17
-33
-12
89
117
193
192
200
173
203
216
214
218
171
216
207
247
243
230
233
256
237
231
275
311
382
313
311
286
322
379
343
373
390
422
385
359
374
328
359
354
232
406
462
550
414
258
429
491
544
421
329
405
411
469
493
427
329
355
481
502
507
430
446
503
447
472
447
449
459
476
529
552
581
502
496
549
580
558
501
484
523
530
510
520
496
465
494
505
484
472
481
484
445
418
376
366
352
391
425
364
334
314
314
295
282
273
275
243
264
240
156
109
128
202
313
341
299
308
291
269
250
272
262
223
132
152
167
118
75
0
-7
32
43
19
-58
-56
23
58
-40
-97
-44
35
85
3
-43
-76
-43
-29
-85
-113
-50
-36
-31
-50
-107
-96
-101
-61
-84
-140
-155
-151
-157
-179
-176
-196
-207
-215
-238
-267
-252
-207
-211
-257
-293
-324
-292
-264
-329
-392
-407
-383
-336
-299
-383
-377
-393
-418
-429
-441
-442
-422
-380
-458
-434
-465
-500
-487
-483
-458
-479
-483
-476
-473
-491
-460
-467
-482
-470
-460
-409
-441
-444
-422
-432
-443
-452
-480
-485
-462
-499
-471
-492
-423
-472
-477
-640
-563
-362
-399
-220
-606
-466
-601
-532
-171
-212
40
-480
-696
-571
-326
-8
-176
-276
-357
-340
-261
-248
-193
-264
-226
-203
-153
-92
-223
-205
-245
-198
-171
-268
-231
-298
-245
-145
-110
-151
-244
-142
-45
-7
-95
-122
-85
-87
-76
-39
74
-14
-91
-122
-45
49
53
18
9
77
92
138
154
178
236
226
192
142
181
179
165
213
243
300
308
299
279
343
383
393
298
298
381
463
523
460
471
446
512
497
493
481
459
502
512
503
523
545
556
596
568
612
635
626
623
642
654
694
669
595
594
660
761
806
776
626
573
615
685
820
820
725
698
639
675
638
608
575
569
641
676
690
668
645
622
605
615
638
586
552
559
598
674
670
591
556
528
556
582
575
576
590
603
580
514
483
462
504
531
485
427
353
375
381
352
305
328
284
244
203
174
166
206
201
164
110
58
93
87
110
98
129
122
116
145
72
75
124
126
127
132
100
77
59
53
33
17
19
51
36
-17
-60
-135
-142
-183
-144
-111
-109
-154
-217
-230
-223
-205
-248
-256
-261
-276
-341
-360
-334
-358
-337
-380
-411
-399
-427
-421
-415
-373
-359
-406
-476
-523
-500
-455
-420
-492
-487
-461
-420
-395
-412
-420
-423
-423
-402
-417
-463
-485
-520
-534
-532
-598
-606
-621
-623
-585
-649
-689
-643
-593
-555
-562
-667
-695
-631
-544
-480
-448
-410
-395
-433
-452
-412
-379
-366
-346
-339
-266
-282
-279
-306
-364
-353
-374
-357
-311
-293
-306
-314
-352
-373
-333
-344
-331
-304
-287
-252
-264
-209
-212
-192
-231
-225
-187
-176
-174
-269
-298
-359
-342
-305
-298
-350
-360
-324
-279
-267
-238
-215
-230
-194
-198
-186
-156
-95
-59
-83
-43
-27
-44
-45
-89
-77
-92
-5
20
17
15
-38
63
65
101
111
60
151
154
135
119
122
166
206
256
291
344
297
326
343
353
366
336
352
397
390
368
365
377
419
475
476
465
482
485
481
439
442
481
568
597
551
530
499
523
554
516
471
452
450
478
467
447
510
566
582
567
544
556
576
554
526
534
580
624
657
643
619
611
641
683
667
713
639
643
630
656
670
633
649
629
615
601
531
531
561
584
582
543
519
505
508
446
446
451
442
412
425
447
483
475
489
480
445
468
458
455
433
382
416
464
505
519
515
497
470
448
435
440
428
410
417
392
379
380
380
379
290
247
231
219
220
145
65
46
64
60
56
30
37
16
-47
-89
-96
-89
-109
-123
-184
-186
-142
-102
-120
-175
-226
-255
-277
-260
-248
-237
-263
-336
-377
-388
-387
-392
-395
-362
-384
-432
-435
-414
-383
-367
-413
-434
-446
-465
-486
-545
-599
-654
-653
-635
-598
-634
-670
-641
-626
-592
-598
-599
-589
-578
-547
-585
-566
-552
-541
-533
-585
-633
-627
-619
-603
-591
-637
-600
-559
-522
-519
-566
-609
-607
-603
-595
-618
-686
-668
-621
-598
-590
-625
-632
-589
-578
-567
-594
-623
-598
-598
-591
-633
-668
-660
-668
-615
-624
-623
-609
-586
-552
-625
-644
-607
-591
-630
-648
-656
-630
-603
-614
-584
-517
-501
-459
-456
-447
-382
-318
-332
-568
-472
-399
-191
-162
-299
-287
-323
-174
-69
22
22
-45
-38
16
-6
-23
16
137
179
196
192
201
161
95
131
182
207
108
41
65
61
52
72
52
49
76
33
36
-1
-27
-38
-50
64
143
152
115
78
130
208
216
222
244
311
387
434
451
460
421
426
480
468
491
474
466
496
522
553
567
511
459
419
384
418
414
400
388
390
418
393
340
324
322
329
325
344
349
350
358
332
336
355
379
376
413
417
409
435
436
458
448
461
506
534
508
467
460
455
489
517
487
455
421
396
419
430
462
473
462
490
535
541
486
479
484
509
495
460
478
483
515
483
447
430
358
310
259
223
259
252
167
126
88
119
141
106
92
60
73
83
80
50
14
43
46
21
-6
-10
-2
15
41
75
78
53
-8
-72
-92
-49
-5
-23
-44
-71
-92
-101
-94
-102
-90
-94
-131
-179
-193
-211
-167
-194
-268
-335
-397
-343
-315
-268
-261
-290
-293
-301
-266
-243
-273
-325
-379
-433
-430
-428
-433
-438
-486
-509
-525
-538
-509
-510
-503
-547
-611
-634
-643
-624
-629
-629
-594
-577
-602
-598
-648
-653
-637
-652
-617
-585
-635
-674
-703
-693
-639
-649
-680
-698
-755
-758
-717
-695
-652
-676
-743
-728
-717
-726
-720
-710
-701
-680
-681
-729
-712
-691
-677
-674
-705
-727
-682
-649
-618
-613
-679
-702
-702
-695
-655
-654
-675
-683
-634
-579
-534
-530
-548
-553
-511
-462
-436
-397
-362
-342
-300
-298
-336
-334
-295
-259
-228
-252
-270
-237
-207
-170
-123
-109
-108
-100
-67
-38
-81
-115
-150
-168
-144
-141
-162
-143
-126
-64
-17
-16
-38
-88
-50
-30
39
82
55
95
157
209
231
260
302
317
302
300
296
296
343
377
409
376
361
316
266
334
377
394
361
365
367
381
392
422
411
400
393
367
379
411
451
432
422
392
414
425
441
434
415
486
504
484
530
532
558
594
584
612
594
578
572
574
597
585
581
579
555
580
608
655
666
652
642
647
645
648
670
622
607
609
586
582
547
529
517
507
481
472
451
480
466
454
478
435
452
457
494
527
491
473
458
468
463
445
414
399
398
376
342
335
315
331
311
245
248
239
257
228
183
182
216
253
250
242
254
253
293
230
184
220
198
203
188
165
163
183
180
157
132
117
105
70
14
-12
3
-2
-5
-8
-18
-64
-41
-41
-69
-99
-134
-88
-109
-139
-141
-153
-143
-121
-153
-157
-173
-213
-246
-282
-307
-342
-377
-363
-354
-338
-346
-400
-429
-442
-442
-426
-389
-371
-363
-395
-458
-470
-491
-486
-475
-501
-503
-549
-583
-559
-540
-566
-585
-601
-612
-603
-618
-647
-655
-632
-632
-595
-607
-634
-598
-572
-543
-557
-592
-604
-567
-537
-537
-534
-581
-573
-542
-543
-531
-547
-541
-533
-538
-557
-550
-521
-499
-454
-427
-392
-356
-340
-326
-353
-359
-382
-419
-436
-451
-415
-409
-434
-438
-454
-433
-435
-458
-414
-336
-318
-324
-361
-389
-354
-298
-241
-245
-264
-257
-225
-198
-187
-157
-157
-152
-158
-116
-76
-46
-24
-6
10
3
21
24
33
70
95
144
193
182
189
162
158
193
178
211
219
188
183
191
213
208
223
269
325
315
266
212
237
290
290
292
260
285
359
369
383
395
383
403
403
430
462
470
484
493
450
457
491
557
596
588
603
639
699
708
699
682
711
718
705
702
711
747
731
752
733
774
829
800
784
779
767
780
809
810
825
831
837
799
751
724
690
725
737
702
711
684
685
692
679
672
684
667
626
613
599
608
618
561
546
587
593
597
573
562
568
551
545
518
502
507
539
578
543
513
509
486
514
521
528
547
519
503
453
395
344
301
273
283
278
240
207
192
160
146
141
56
-1
-19
-11
-11
-7
-57
-99
-121
-134
-105
-66
-43
-63
-89
-146
-157
-141
-121
-102
-111
-163
-163
-168
-167
-162
-189
-211
-258
-252
-242
-253
-269
-305
-292
-239
-234
-245
-284
-298
-265
-282
-322
-347
-340
-340
-320
-313
-347
-398
-463
-507
-501
-436
-408
-415
-455
-515
-535
-555
-525
-521
-530
-518
-534
-515
-517
-511
-499
-491
-468
-447
-441
-405
-376
-380
-344
-346
-340
-347
-346
-294
-313
-375
-391
-379
-375
-360
-374
-386
-377
-382
-366
-345
-330
-304
-329
-373
-389
-426
-449
-438
-445
-412
-408
-397
-353
-344
-339
-334
-356
-405
-414
-431
-438
-435
-392
-324
-303
-285
-249
-231
-250
-247
-244
-205
-204
-250
-284
-287
-220
-151
-130
-161
-174
-228
-214
-195
-178
-111
-122
-167
-178
-190
-177
-136
-112
-85
-74
-62
-29
-17
-42
-37
-46
-52
-22
-44
-42
-34
-40
-50
-49
-66
-25
-2
-3
13
-3
13
46
112
157
191
210
190
168
170
163
186
249
273
294
313
346
393
392
352
301
289
297
313
345
361
397
417
437
443
448
434
453
506
524
534
526
544
531
516
530
524
530
534
534
520
520
538
567
556
566
583
607
566
509
523
540
549
546
531
506
502
513
502
480
460
445
474
487
481
435
453
481
492
474
453
422
432
482
490
497
459
451
478
509
511
489
447
435
442
422
377
359
368
359
357
346
315
293
255
219
223
232
239
221
200
171
185
196
165
175
216
233
207
178
165
163
179
176
217
208
169
152
120
118
132
119
96
109
89
88
85
45
1
-97
-155
-138
-123
-146
-161
-209
-242
-248
-228
-242
-263
-246
-279
-320
-333
-355
-367
-362
-351
-325
-305
-347
-355
-355
-364
-367
-404
-409
-420
-415
-368
-354
-390
-394
-396
-383
-389
-407
-402
-414
-384
-380
-426
-448
-496
-571
-583
-597
-586
-574
-589
-592
-617
-648
-675
-682
-674
-680
-677
-672
-693
-708
-722
-714
-683
-664
-690
-682
-669
-670
-691
-742
-748
-736
-698
-687
-669
-681
-702
-664
-643
-654
-680
-738
-757
-729
-719
-746
-762
-740
-726
-723
-752
-752
-727
-686
-611
-584
-570
-570
-572
-529
-504
-500
-486
-452
-426
-374
-364
-376
-347
-334
-358
-349
-328
-331
-328
-320
-313
-311
-309
-284
-242
-234
-223
-217
-196
-157
-101
-76
-47
-40
-34
-6
27
44
31
-21
-31
-1
3
29
37
39
77
87
115
147
194
246
243
258
291
309
298
319
354
379
417
419
423
454
470
475
455
456
437
464
483
457
429
394
412
452
445
428
378
359
406
420
442
459
419
420
436
446
467
472
478
521
528
545
544
532
568
598
627
609
634
663
644
637
659
620
614
670
676
706
664
600
628
601
582
578
538
498
508
498
503
495
469
449
410
421
403
357
313
252
257
276
261
268
233
213
211
222
244
248
242
227
241
245
215
201
207
234
217
218
209
187
177
176
191
197
202
221
242
231
198
154
186
180
168
175
155
150
168
160
155
180
186
184
209
186
143
113
59
44
27
42
33
12
-20
-75
-103
-124
-132
-133
-136
-156
-193
-244
-278
-268
-291
-290
-315
-348
-341
-359
-382
-399
-393
-390
-388
-356
-365
-351
-332
-348
-329
-320
-354
-347
-352
-407
-414
-421
-448
-504
-565
-621
-601
-607
-649
-654
-702
-759
-799
-812
-793
-826
-851
-895
-890
-835
-816
-826
-837
-841
-862
-812
-812
-788
-758
-750
-737
-758
-754
-739
-711
-696
-731
-710
-676
-678
-637
-664
-682
-642
-649
-616
-610
-611
-569
-582
-551
-530
-534
-533
-520
-531
-527
-535
-521
-528
-539
-501
-505
-456
-381
-373
-362
-342
-332
-290
-289
-289
-332
-341
-301
-289
-285
-250
-241
-238
-224
-263
-282
-291
-304
-290
-299
-308
-287
-293
-262
-207
-177
-158
-153
-115
-60
-25
-26
-28
-20
-24
-7
23
65
63
112
165
186
234
224
264
287
304
313
316
348
349
313
265
275
279
316
383
357
297
274
298
354
385
393
361
353
347
376
395
394
395
403
401
388
412
426
453
473
468
465
467
467
477
490
493
473
486
485
477
465
498
539
525
463
439
458
482
522
519
477
436
437
476
505
474
472
433
427
418
410
436
411
437
502
499
500
511
513
569
569
586
617
611
602
615
590
605
598
600
625
599
591
537
506
520
516
532
541
514
505
477
452
469
460
425
418
405
416
417
393
351
297
272
277
284
290
258
217
235
227
242
206
168
149
130
159
171
180
184
147
88
75
74
74
82
112
94
70
47
34
37
35
41
35
50
43
31
32
26
-1
-26
-64
-64
-79
-86
-72
-101
-111
-134
-145
-170
-196
-211
-229
-249
-273
-278
-258
-282
-333
-359
-376
-382
-399
-396
-394
-411
-456
-489
-502
-498
-506
-527
-542
-537
-526
-536
-559
-561
-579
-564
-526
-495
-458
-444
-448
-482
-452
-436
-475
-438
-427
-455
-434
-451
-463
-467
-483
-512
-524
-518
-513
-493
-514
-527
-485
-443
-407
-401
-394
-396
-386
-382
-384
-359
-368
-360
-348
-348
-363
-362
-375
-324
-333
-383
-398
-381
-357
-346
-317
-324
-328
-328
-358
-354
-357
-359
-354
-354
-336
-319
-268
-257
-224
-193
-165
-148
-162
-190
-201
-210
-178
-176
-197
-197
-211
-234
-229
-201
-196
-194
-184
-130
-91
-116
-107
-99
-111
-83
-64
-52
-73
-61
-42
-36
-11
-6
-9
-16
-28
-39
-52
-67
-48
-29
32
84
112
127
127
161
182
243
284
281
283
279
263
293
324
385
443
460
476
510
531
504
496
537
594
614
633
608
587
591
581
572
580
599
621
630
596
590
613
628
626
628
626
646
638
645
679
659
651
611
629
658
671
691
684
684
697
704
720
749
740
728
761
822
827
799
785
753
718
697
694
713
754
785
812
823
795
787
760
718
683
649
644
635
614
591
549
497
457
411
400
385
359
402
395
397
382
359
327
295
277
275
248
211
172
147
130
111
131
126
107
105
93
86
96
95
107
85
77
92
90
79
81
81
84
66
26
13
10
0
1
3
-14
-45
-68
-82
-105
-111
-143
-162
-144
-149
-171
-170
-208
-220
-262
-343
-362
-366
-360
-343
-384
-400
-385
-375
-336
-343
-366
-399
-380
-360
-366
-369
-387
-398
-394
-395
-389
-343
-333
-354
-364
-363
-380
-353
-354
-385
-380
-413
-445
-421
-403
-432
-448
-457
-441
-458
-465
-453
-421
-419
-444
-456
-469
-490
-437
-445
-530
-555
-577
-567
-543
-562
-594
-616
-643
-630
-577
-558
-531
-503
-519
-530
-542
-579
-585
-551
-549
-558
-553
-564
-576
-539
-544
-512
-481
-497
-451
-426
-427
-407
-391
-404
-374
-374
-383
-378
-384
-365
-338
-342
-339
-336
-363
-351
-321
-313
-308
-291
-303
-247
-221
-224
-200
-209
-197
-203
-239
-253
-266
-210
-189
-203
-181
-193
-184
-128
-77
-8
-8
-36
-29
-20
12
31
15
47
107
106
144
175
131
130
126
130
181
181
188
193
182
187
196
193
202
230
237
279
283
311
335
369
387
391
432
480
512
505
507
518
529
546
594
626
632
638
637
648
660
661
682
697
722
739
726
681
681
721
711
726
732
725
736
699
670
694
674
647
644
647
643
623
600
616
622
591
594
588
594
589
578
553
524
501
515
520
495
487
464
468
442
428
433
423
418
422
412
411
373
344
347
317
308
284
258
288
266
256
264
244
222
196
201
217
232
212
199
179
197
206
200
245
233
226
216
174
177
183
176
174
155
135
138
119
112
59
-1
-30
-58
-47
-64
-113
-135
-154
-198
-262
-284
-318
-318
-318
-348
-356
-364
-341
-354
-367
-379
-358
-340
-307
-321
-316
-320
-361
-341
-371
-390
-421
-430
-428
-436
-453
-480
-470
-497
-514
-516
-482
-474
-516
-537
-557
-536
-536
-544
-560
-605
-601
-623
-647
-618
-621
-623
-606
-620
-665
-687
-710
-724
-722
-730
-727
-684
-654
-646
-624
-653
-662
-654
-677
-683
-663
-652
-642
-610
-614
-597
-576
-562
-526
-504
-512
-557
-541
-546
-557
-555
-553
-532
-509
-493
-494
-466
-459
-468
-472
-505
-490
-474
-477
-493
-491
-484
-473
-460
-478
-495
-475
-474
-462
-419
-422
-406
-346
-329
-340
-314
-335
-315
-282
-278
-232
-198
-180
-173
-241
-266
-207
-179
-168
-144
-99
-98
-120
-139
-97
-51
-25
-21
-33
-29
-18
1
4
44
47
32
70
51
59
67
61
100
143
132
123
154
172
201
191
153
128
85
62
93
125
126
174
235
242
245
243
231
227
225
220
251
271
279
354
404
464
488
486
472
470
483
466
472
481
470
476
502
474
445
419
409
455
482
500
523
505
531
531
485
465
405
416
443
434
468
468
485
485
486
486
511
499
470
466
428
440
469
480
466
434
405
392
412
420
439
448
469
492
494
522
525
521
496
485
515
543
557
554
508
508
524
503
484
449
422
383
389
406
446
400
361
366
387
431
420
419
368
340
311
323
337
322
280
211
194
156
147
142
109
106
52
63
94
52
49
-9
-49
-93
-133
-95
-32
-71
-142
-166
-205
-200
-213
-227
-213
-194
-154
-138
-164
-207
-253
-266
-265
-226
-210
-237
-246
-243
-260
-277
-304
-317
-332
-368
-380
-413
-415
-431
-466
-469
-505
-530
-551
-592
-628
-641
-659
-651
-647
-699
-691
-738
-772
-766
-785
-739
-709
-736
-750
-740
-724
-684
-636
-634
-630
-642
-642
-593
-586
-587
-569
-565
-579
-564
-551
-570
-556
-547
-563
-583
-617
-635
-651
-648
-645
-634
-620
-635
-625
-680
-640
-587
-615
-578
-574
-559
-547
-538
-552
-545
-529
-562
-533
-494
-494
-484
-492
-488
-484
-465
-453
-468
-472
-500
-474
-421
-426
-412
-415
-396
-309
-234
-217
-197
-238
-279
-224
-207
-213
-199
-215
-200
-230
-262
-225
-200
-181
-168
-163
-170
-154
-119
-135
-141
-140
-130
-159
-216
-205
-171
-79
-42
-29
1
29
119
108
99
149
194
242
288
373
437
494
527
564
642
711
759
764
744
762
782
778
806
774
742
764
732
695
724
730
727
749
749
769
760
753
769
798
810
775
757
744
699
717
733
750
808
820
841
879
874
926
925
857
869
841
820
817
769
757
699
650
623
607
585
544
551
530
480
480
443
391
369
352
337
288
286
263
230
230
236
257
211
166
118
92
63
-38
-82
-126
-186
-230
-283
-302
-343
-447
-488
-533
-592
-630
-692
-741
-767
-831
-826
-809
-831
-837
-878
-833
-766
-698
-588
-519
-443
-333
-229
-81
76
220
338
464
623
750
858
962
1082
1172
1279
1410
1478
1528
1553
1565
1607
1666
1695
1688
1703
1691
1644
1637
1576
1534
1514
1466
1420
1319
1207
1107
969
832
709
606
495
428
378
315
220
135
63
-61
-135
-162
-129
-112
-167
-229
-265
-296
-343
-375
-411
-461
-492
-530
-548
-572
-609
-664
-678
-698
-747
-804
-856
-892
-924
-941
-956
-996
-1075
-1138
-1235
-1297
-1309
-1374
-1441
-1543
-1612
-1678
-1777
-1853
-1961
-2050
-2148
-2208
-2270
-2390
-2420
-2485
-2533
-2557
-2622
-2698
-2701
-2696
-2684
-2642
-2698
-2590
-2429
-2132
-1708
-1371
-925
-574
-339
-157
-40
221
477
643
820
958
1112
1279
1412
1561
1699
1737
1825
1901
1900
1973
1987
2013
1998
1898
1813
1647
1503
1388
1244
1086
870
665
450
301
224
134
49
-47
-128
-202
-201
-165
-119
-59
23
79
119
163
240
339
436
536
576
651
689
753
839
915
1017
1066
1115
1143
1152
1170
1175
1181
1159
1082
1040
1004
942
900
827
727
629
513
424
344
280
206
102
-19
-143
-240
-301
-358
-463
-493
-517
-511
-479
-497
-502
-502
-520
-505
-538
-600
-658
-696
-719
-734
-755
-799
-825
-838
-851
-898
-924
-993
-1046
-1142
-1226
-1354
-1524
-1612
-1705
-1801
-1878
-1902
-1685
-1414
-1142
-793
-445
-133
75
313
598
930
1120
1252
1408
1508
1608
1720
1901
2137
2266
2381
2506
2613
2709
2771
2820
2880
2891
2809
2727
2612
2473
2346
2222
2063
1859
1633
1385
1161
1010
882
720
605
505
417
371
349
389
448
422
422
429
449
511
548
597
633
648
623
631
715
778
843
934
971
1031
1089
1144
1196
1203
1159
1137
1125
1105
1018
937
882
833
787
711
623
477
370
206
88
-44
-161
-234
-372
-485
-651
-760
-829
-902
-950
-1067
-1172
-1261
-1309
-1359
-1419
-1504
-1580
-1676
-1699
-1779
-1833
-1919
-1990
-2011
-2080
-2175
-2224
-2300
-2301
-2357
-2414
-2480
-2598
-2707
-2859
-2958
-3108
-3249
-3366
-3385
-3292
-3157
-3013
-2771
-2500
-2206
-1884
-1560
-1155
-825
-587
-332
-134
50
213
320
521
668
789
887
922
1035
1079
1235
1347
1427
1529
1557
1605
1616
1623
1582
1499
1437
1337
1171
1026
937
818
687
496
300
200
133
64
32
41
49
54
0
-55
-122
-167
-187
-179
-138
-124
-139
-160
-173
-161
-112
-76
-19
64
171
272
398
512
619
706
769
807
875
956
1058
1102
1094
1076
1000
934
885
840
833
743
710
630
569
526
403
300
155
47
-45
-107
-236
-366
-576
-719
-829
-869
-1001
-1112
-1221
-1310
-1376
-1422
-1470
-1519
-1606
-1775
-1822
-1900
-1924
-1941
-2084
-2081
-2113
-2084
-2086
-2205
-2297
-2407
-2483
-2560
-2610
-2682
-2729
-2894
-2956
-2994
-2953
-2807
-2649
-2403
-2055
-1689
-1328
-904
-410
32
463
836
1161
1494
1707
1912
2116
2294
2459
2628
2717
2814
2889
2919
3040
3155
3307
3379
3394
3418
3377
3280
3163
2989
2795
2524
2242
2005
1727
1449
1151
868
673
571
489
468
447
426
409
389
421
459
475
470
414
395
425
484
565
598
688
743
798
908
1001
1094
1213
1334
1459
1591
1688
1802
1892
1951
2007
2026
2038
2029
1971
1870
1781
1629
1525
1415
1232
1141
1007
854
676
490
346
204
77
-118
-352
-574
-778
-920
-1062
-1196
-1333
-1518
-1657
-1842
-2003
-2063
-2141
-2204
-2263
-2378
-2496
-2604
-2733
-2843
-2916
-3001
-3091
-3169
-3216
-3243
-3325
-3398
-3512
-3553
-3643
-3741
-3841
-4015
-4072
-4144
-4083
-3978
-3790
-3505
-3181
-2776
-2382
-1881
-1342
-808
-309
153
607
1057
1434
1757
2008
2221
2432
2523
2685
2726
2860
2940
2997
3091
3067
3080
3032
2964
2934
2793
2557
2317
2016
1743
1413
1063
684
264
-117
-440
-667
-812
-955
-1057
-1094
-1092
-1104
-1079
-1035
-964
-924
-887
-857
-807
-728
-623
-492
-365
-168
-51
108
239
438
638
769
946
1079
1231
1390
1503
1634
1741
1813
1843
1822
1815
1739
1666
1558
1388
1275
1104
951
722
514
302
87
-47
-252
-448
-624
-837
-1064
-1258
-1489
-1660
-1787
-1885
-2000
-2128
-2223
-2353
-2413
-2485
-2559
-2594
-2681
-2729
-2818
-2841
-2899
-2930
-2970
-3010
-3026
-3104
-3100
-3159
-3217
-3198
-3253
-3241
-3312
-3380
-3399
-3499
-3644
-3789
-3883
-3862
-3780
-3645
-3375
-3062
-2561
-2102
-1628
-1066
-501
153
681
1219
1707
2106
2522
2892
3152
3335
3410
3515
3646
3771
3919
3957
4027
4037
4004
3992
3928
3888
3815
3631
3378
3095
2785
2404
2037
1628
1112
671
219
-68
-269
-418
-445
-472
-480
-492
-516
-475
-378
-269
-166
-61
127
271
387
479
569
774
940
1164
1299
1486
1638
1785
2054
2213
2468
2600
2678
2792
2843
2923
2955
2932
2850
2679
2476
2262
2078
1923
1723
1523
1241
983
803
630
443
205
28
-243
-504
-749
-1024
-1183
-1325
-1450
-1550
-1691
-1876
-2006
-2116
-2143
-2108
-2169
-2170
-2225
-2272
-2256
-2301
-2411
-2582
-2721
-2808
-2833
-2841
-2869
-2917
-2958
-3093
-3206
-3352
-3463
-3608
-3764
-3889
-4194
-4235
-4315
-4255
-3977
-3818
-3316
-2878
-2366
-1715
-1125
-378
373
1038
1673
2234
2774
3281
3743
4137
4383
4631
4706
4797
4911
4894
4942
4847
4745
4635
4484
4377
4257
4045
3782
3406
2956
2507
2018
1550
961
383
-262
-928
-1481
-2045
-2417
-2707
-2895
-3012
-3065
-3038
-2977
-2796
-2576
-2342
-2043
-1779
-1437
-1070
-751
-342
-6
353
750
1066
1478
1796
2131
2479
2740
3102
3342
3553
3681
3687
3700
3593
3416
3151
2840
2439
2018
1594
1108
719
317
-155
-516
-841
-1079
-1271
-1540
-1793
-2063
-2303
-2554
-2765
-2926
-3042
-3091
-3095
-3064
-3075
-3123
-3204
-3279
-3277
-3285
-3199
-3183
-3197
-3273
-3351
-3439
-3542
-3580
-3754
-3819
-3996
-4060
-4159
-4240
-4342
-4393
-4470
-4513
-4660
-4877
-4792
-4786
-4380
-4185
-3587
-3040
-2381
-1524
-908
245
1020
1909
2629
3266
4002
4596
5001
5381
5599
5692
5650
5437
5467
5266
5190
4876
4656
4477
4139
3971
3657
3467
3211
2798
2330
1851
1352
870
240
-341
-895
-1580
-2119
-2627
-2952
-3177
-3431
-3536
-3581
-3426
-3163
-2876
-2443
-1940
-1365
-871
-352
222
825
1495
2009
2580
3179
3551
4091
4492
4964
5467
5689
6023
6161
6305
6409
6295
6206
5970
5652
5207
4609
4028
3380
2715
1970
1202
446
-366
-1086
-1758
-2261
-2657
-2995
-3156
-3251
-3250
-3201
-3245
-3193
-3168
-3157
-3083
-2957
-2828
-2666
-2573
-2540
-2556
-2447
-2465
-2394
-2385
-2463
-2424
-2662
-2725
-2901
-3146
-3323
-3605
-3861
-4081
-4412
-4753
-5113
-5484
-5616
-5586
-5276
-4892
-4272
-3515
-2546
-1515
-473
812
2032
3261
4308
5212
6005
6736
7240
7627
7918
8004
7911
7546
7126
6794
6459
5981
5494
4966
4525
4032
3444
2903
2442
1898
1278
605
-34
-613
-1350
-1996
-2592
-3132
-3629
-4160
-4503
-4595
-4546
-4437
-4207
-3839
-3272
-2663
-2008
-1182
-273
619
1403
2091
2801
3477
4040
4416
4931
5352
5687
5935
6035
6372
6507
6655
6626
6512
6410
6035
5612
5086
4503
3838
2875
1996
1161
321
-482
-1423
-2152
-2897
-3598
-4226
-4739
-5041
-5313
-5525
-5699
-5765
-5667
-5559
-5388
-5074
-4739
-4353
-4030
-3789
-3422
-3106
-2964
-2820
-2785
-2836
-2759
-3075
-3229
-3340
-3770
-3954
-4349
-4807
-4971
-5519
-5976
-6276
-7104
-7399
-7480
-7368
-6707
-6099
-5341
-4060
-2898
-1634
45
1595
3314
4801
5842
6974
7974
8508
8946
9143
9094
8967
8314
7450
6860
6193
5463
4734
3839
3213
2544
1540
840
232
-466
-1172
-2114
-2956
-3512
-4212
-4920
-5326
-5634
-5788
-5892
-5999
-5611
-4912
-4251
-3426
-2394
-1296
-44
1072
2126
3472
4633
5468
6227
6754
7260
7623
7520
7586
7543
7368
7128
6674
6322
6050
5577
4997
4407
3792
3190
2389
1583
820
136
-604
-1303
-1862
-2275
-2600
-2828
-2944
-2858
-2668
-2536
-2340
-2174
-1909
-1729
-1671
-1541
-1478
-1445
-1466
-1573
-1560
-1635
-1869
-1982
-2330
-2527
-2802
-3233
-3608
-4011
-4508
-5067
-5614
-6136
-6588
-7126
-7585
-8193
-8424
-8983
-9300
-9730
-9652
-8640
-7800
-6351
-4643
-2715
-279
1821
3866
6477
8672
10625
11978
12768
13639
13879
13497
12923
12095
10986
9403
7390
5652
4235
2787
1231
-264
-1362
-2316
-3365
-4348
-4948
-5127
-5486
-5969
-6353
-6462
-6298
-6289
-6135
-5530
-4646
-3784
-2948
-1882
-274
1489
2965
4443
6037
7598
8867
9661
10288
10845
11080
10797
10198
9427
8483
7321
5904
4611
3464
2268
1129
104
-666
-1245
-1776
-2178
-2440
-2471
-2495
-2437
-2190
-1865
-1385
-954
-511
62
645
1216
1835
2340
2741
3100
3221
3249
3108
2798
2339
1722
902
-4
-929
-1965
-2855
-3771
-4714
-5510
-6370
-7024
-7685
-8263
-8743
-9092
-9241
-9543
-9635
-9739
-9889
-9886
-10080
-10186
-10227
-10183
-9210
-7997
-6255
-4167
-2143
470
3057
5304
7691
9959
11897
13285
13692
13800
13521
12465
10966
9149
7263
5292
2856
323
-1633
-3130
-4461
-5745
-6764
-7121
-7283
-7648
-7790
-7412
-6701
-6127
-5928
-5603
-4868
-4072
-3357
-2649
-1468
48
1404
2554
3961
5782
7438
8714
9634
10473
11106
11137
10504
9677
8652
7288
5506
3396
1653
-53
-1685
-3102
-4128
-4696
-5024
-5155
-5091
-4548
-3830
-3069
-2168
-1310
-275
551
1206
1995
2626
3283
3759
4043
4324
4449
4432
4237
3965
3577
2979
2173
1155
233
-707
-1751
-2627
-3326
-3914
-4319
-4745
-5010
-4911
-4809
-4599
-4441
-4397
-4120
-4149
-4314
-4419
-4410
-4527
-4684
-5072
-5474
-5863
-6453
-7245
-8127
-8855
-9419
-8867
-8301
-6861
-4988
-3382
-1037
1034
2873
5134
6884
8428
9242
9231
9031
8373
7161
5725
4156
2587
1089
-630
-2236
-3021
-3374
-3598
-3642
-3627
-3040
-2628
-2544
-2304
-1914
-1473
-1217
-1428
-1568
-1196
-984
-772
-240
608
1883
2959
3782
4840
6076
7123
7807
8053
8090
7928
7066
5862
4678
3556
2509
1170
80
-735
-1330
-1633
-1626
-1137
-413
468
1098
1841
2583
3048
3599
3829
4033
4196
3937
3825
3731
3515
3500
3297
3013
2962
2543
2150
1731
1058
617
-126
-996
-1598
-2141
-2651
-2928
-3099
-3112
-2755
-2616
-2433
-2069
-1787
-1368
-1304
-1574
-1576
-1809
-2196
-2547
-3234
-3661
-4055
-4994
-5906
-6856
-7875
-8781
-10174
-10476
-9446
-8307
-6198
-4040
-1777
1455
3670
5617
7691
9580
11023
10928
9957
8850
7305
5162
2660
397
-1215
-2810
-4836
-6486
-7055
-6848
-6628
-6498
-5894
-4878
-4195
-4048
-3855
-3263
-2366
-1854
-1978
-1723
-946
-157
650
1519
3062
4969
6234
7051
7747
8370
8677
8163
7097
5893
4519
2603
464
-1472
-2695
-3552
-4215
-4411
-4041
-3058
-1847
-298
1215
3044
4809
5694
6368
6658
6574
6450
5666
4904
4047
3004
2152
1107
545
422
52
-127
-403
-624
-774
-1166
-1473
-1648
-1657
-1731
-1884
-1962
-1769
-1459
-1342
-1161
-815
-662
-636
-921
-1292
-1398
-1734
-2221
-3025
-3520
-4068
-4755
-5341
-6249
-6642
-7367
-8479
-9575
-10791
-11789
-11927
-10615
-8841
-5833
-2267
779
4693
7684
10052
12614
14404
15376
14457
12521
10022
6785
3433
-398
-3531
-5643
-7776
-9631
-11126
-11487
-10500
-9459
-8641
-7329
-5915
-4957
-4442
-4477
-4045
-2908
-2117
-1784
-1208
35
1507
3023
4382
6076
8146
9333
9596
9121
8204
6964
5152
2541
-71
-2347
-4681
-6654
-7957
-8315
-7482
-6029
-3974
-1535
1234
4184
6698
9032
10464
11462
11632
10655
9502
7561
5483
3739
1757
201
-1139
-1996
-2461
-2743
-2347
-1994
-1512
-906
-637
-318
-66
-7
429
748
1032
1384
1356
1673
2094
2024
2210
2211
2007
1738
752
132
-569
-1323
-1889
-3093
-3795
-4428
-5217
-5905
-6813
-7204
-7952
-8656
-9690
-10818
-11792
-12415
-11182
-8257
-4790
59
4270
8288
12560
14924
16796
18262
18813
17473
13984
9903
5499
1275
-2672
-6662
-8607
-9325
-10199
-10698
-10700
-9152
-6601
-5152
-4155
-2882
-2044
-1810
-2448
-3156
-2521
-1035
-130
415
1726
3640
5544
7014
7873
8838
9292
7924
5468
2466
-121
-2763
-5624
-7880
-9508
-9838
-9473
-8414
-5862
-2415
1573
5250
8435
11236
12973
13964
13687
12717
10957
8471
5677
2431
102
-1848
-3693
-4262
-4695
-4542
-3996
-3652
-2745
-1739
-532
232
482
1232
1700
1819
2079
2173
2786
3179
2990
2731
2164
2078
1636
485
-255
-868
-1484
-2128
-2850
-3275
-3265
-3245
-3570
-4191
-4491
-5044
-6016
-6823
-7749
-8290
-8613
-9364
-10172
-10271
-9294
-5865
-1644
3060
8331
11944
15139
16552
16085
15317
13958
11516
6981
2102
-2492
-6819
-9282
-11457
-12008
-10259
-8969
-7558
-6310
-4994
-2730
-1466
-1255
-1121
-1497
-2174
-3172
-3969
-3364
-1492
807
2746
4649
6759
7928
8454
8056
6685
4996
2047
-1731
-5258
-8263
-10433
-11346
-11101
-9556
-6905
-3735
-217
3663
7290
10119
11902
12337
11713
10119
8068
5619
3366
1468
-427
-1999
-3120
-3769
-3818
-3652
-3274
-2874
-2384
-1863
-1916
-1808
-1275
-534
323
918
1613
2319
2862
3143
2833
2761
2642
2080
990
-308
-1031
-1619
-1839
-1732
-1580
-791
-360
-422
-515
-721
-1117
-1905
-3004
-4284
-5401
-6223
-6873
-7347
-6883
-6743
-6284
-5861
-5702
-5696
-4821
-1717
2302
6266
10550
12971
14830
15968
14483
12704
11348
9215
5329
875
-3289
-6565
-8345
-9855
-10549
-9058
-7647
-6815
-6568
-6173
-4488
-3103
-2832
-2407
-1933
-1500
-911
-452
849
3444
5965
7220
7907
8240
7573
6303
4234
1606
-666
-3191
-6027
-8108
-8999
-9028
-7678
-5569
-2930
384
3494
6155
8611
10529
11519
11647
10768
9106
7117
5360
3478
2192
1296
41
-1003
-2192
-3307
-3989
-4273
-4346
-4321
-3975
-3322
-2782
-1811
-340
1347
2915
3962
4369
4168
3684
2789
1491
269
-548
-1371
-2110
-2572
-2371
-1525
-404
731
1571
2108
2377
1761
505
-767
-2059
-3522
-4683
-5532
-5918
-5649
-4788
-4343
-3530
-2095
-1801
-1427
-1947
-3120
-5006
-6473
-6199
-3509
920
5930
10737
14367
17428
18395
17143
15825
14140
10095
4852
-1039
-6437
-9864
-12329
-13893
-12821
-10069
-7766
-6381
-5392
-3785
-2071
-1423
-1719
-1897
-1863
-2073
-2324
-1742
601
3864
6304
7923
8656
8151
6622
4117
804
-2309
-5332
-8375
-10759
-11749
-11114
-9271
-5604
-1481
2697
6678
9622
11420
12321
12103
10595
8557
6105
3314
1047
-385
-909
-331
21
88
-98
-446
-892
-1630
-2150
-2349
-2380
-2515
-2614
-2487
-1443
-75
873
1492
1741
1441
413
-835
-2151
-2927
-3308
-3735
-3961
-3620
-2853
-1879
-839
-151
399
274
-653
-1820
-3236
-4452
-5116
-5631
-5636
-4760
-4035
-2950
-1746
-1068
-126
322
-354
-1577
-3298
-5829
-8597
-9708
-8283
-3167
2572
8460
13779
17079
19214
17727
14723
11700
8428
2773
-3600
-8813
-12324
-13174
-13107
-11671
-7602
-3453
-1225
-805
-604
16
140
-641
-1944
-2021
-1815
-1462
-435
1702
5128
7978
8913
7904
5648
2163
-1907
-5954
-9532
-11476
-12054
-11551
-9693
-6263
-1671
3604
8458
11696
13349
13180
11410
8672
5508
2513
81
-1810
-2822
-2991
-2367
-220
2343
4299
5537
5211
3869
2567
627
-1176
-1543
-1398
-1072
-543
-82
1107
2615
3035
2779
2142
847
-870
-2850
-4279
-4197
-3551
-2749
-1770
-857
17
432
240
-220
-763
-1753
-2826
-3776
-4123
-3785
-2820
-1383
75
1478
2537
2737
2448
1637
169
-1439
-2899
-4474
-6083
-6999
-8538
-9381
-9436
-8843
-4929
1445
7769
13873
17907
18814
18320
15090
10167
6576
3012
-1512
-5191
-8285
-9715
-8655
-7257
-5032
-1444
878
1065
306
-784
-1137
-830
-920
-500
728
1754
2547
3461
4725
6046
5886
3729
625
-2928
-6355
-8718
-9692
-9010
-6622
-3726
-819
2342
5423
7921
9586
9767
8481
6403
3722
1091
-641
-1244
-771
223
1329
2434
3382
3983
4256
4329
3543
2169
427
-1496
-2456
-2313
-1703
-154
1732
2547
2731
2440
1596
777
-137
-1272
-2150
-2692
-2964
-2765
-1968
-619
512
814
445
-611
-1934
-3218
-4403
-4967
-4911
-4324
-3378
-1961
-312
1399
2822
3598
3528
2835
1625
-67
-1728
-3161
-4459
-5074
-5443
-6000
-5771
-6092
-6709
-7445
-8861
-10422
-10476
-8773
-4024
2717
8776
13841
16511
16856
14748
10997
6900
3296
-662
-4920
-8152
-9426
-8417
-6287
-3574
-308
2433
2928
1486
-446
-1771
-2705
-3723
-4496
-4350
-3276
-1998
-442
1724
4032
5046
4161
1813
-857
-3077
-4604
-5059
-4300
-2504
-429
1347
2757
4208
5354
5404
4428
2514
419
-1422
-2856
-3137
-1912
1
2294
4213
5286
5977
5241
3865
2455
1213
-353
-1418
-1981
-2131
-866
318
1500
2585
2932
2011
378
-1229
-2464
-3207
-3482
-3183
-2628
-1631
-650
-77
740
1406
1113
338
-918
-1920
-2382
-2714
-2437
-1496
-303
780
1292
1472
1713
1217
265
-927
-2234
-3084
-3658
-4197
-4154
-3730
-3706
-4172
-4480
-5220
-6229
-7529
-9572
-10930
-12092
-10819
-6089
1101
9167
15681
18937
19490
17232
12004
6877
2542
-1132
-4237
-6702
-7324
-5314
-2675
180
3071
4801
4437
1575
-2250
-4905
-6110
-6729
-6094
-4263
-1400
1766
4209
6364
8363
8746
7081
4060
687
-1884
-3261
-3769
-2847
-853
1279
2743
3061
2919
2742
1967
453
-893
-1779
-1666
-888
410
2629
5401
7256
7780
7241
5642
3961
1621
-306
-735
-648
491
1388
2377
3724
4100
4064
2740
760
-1360
-3661
-5212
-5791
-5219
-3687
-1793
-79
1183
2052
2388
2245
1906
1498
1292
1009
979
1170
1422
1650
1367
663
-424
-1562
-2718
-3639
-3970
-4048
-3653
-2993
-2312
-1645
-1108
-1081
-1696
-2849
-4516
-5873
-7000
-7439
-8058
-8191
-8225
-8657
-8456
-8614
-5900
-289
5848
11625
14819
14999
13603
9783
4392
1198
-634
-2221
-3133
-4249
-3501
-1167
-318
513
1213
648
-1044
-4060
-6355
-5723
-3983
-2318
448
3326
5870
7597
7166
6579
5988
3815
974
-1748
-3660
-3846
-3531
-3182
-1599
-28
727
648
-376
-887
-777
-1207
-1406
-697
561
2015
2988
3730
4736
5132
4126
2623
1208
716
524
-48
892
1622
2340
2803
1567
974
104
-1806
-3238
-4589
-4979
-4278
-3866
-2789
-846
862
2194
3187
3026
3791
4013
3448
3750
3353
3373
2519
849
-541
-1947
-3646
-5022
-5959
-5849
-4815
-3672
-2153
-361
880
1629
1195
382
-449
-2085
-3732
-5015
-5743
-5763
-5925
-5836
-5502
-5760
-5820
-6969
-8346
-8832
-10229
-10880
-10593
-8793
-3087
3586
9908
13982
14286
12406
8076
2612
-1073
-2791
-3143
-2137
-924
943
3804
4749
4238
2993
121
-3173
-6498
-8286
-7050
-4194
-659
3158
6142
8041
8285
6429
4087
1632
-1221
-3264
-4083
-3404
-1141
1394
3437
5048
5301
4287
2568
469
-769
-1208
-1263
-441
960
2299
3372
3602
3403
3089
2176
1014
317
5
422
1029
2439
3276
3891
3285
834
-238
-2409
-3091
-2727
-2096
24
1428
2882
4094
4560
4721
4540
3774
3481
3273
2700
3379
3389
3114
2282
217
-1342
-3121
-4410
-4817
-4260
-2992
-1251
531
2046
3632
4068
3820
2941
1440
317
-1273
-2241
-2794
-3302
-3301
-4065
-5051
-5935
-7395
-8150
-9012
-9336
-9115
-8759
-8319
-7700
-6855
-6259
-5811
-4286
-628
4049
9023
11054
11054
9818
7551
4899
3318
2862
3198
3047
1962
1292
650
-731
-2389
-4563
-5871
-6236
-5929
-3762
-482
2550
4743
5567
5079
3893
1859
119
-691
-802
131
2094
4449
6814
8020
7649
6302
3906
980
-1447
-2995
-3392
-2846
-1943
-538
970
1947
2177
1649
808
129
-443
-736
-480
25
474
462
245
-297
-737
-1555
-2079
-952
-467
1241
2650
3127
4783
4369
3350
2828
1422
440
62
36
1010
1829
1894
1967
1018
-230
-1382
-2458
-1839
-645
619
2478
4068
4807
4603
3604
2454
1113
-401
-1503
-2429
-2780
-3145
-3907
-4299
-4705
-5155
-5711
-6328
-6946
-7761
-8156
-8314
-8135
-7407
-6497
-5626
-4650
-4342
-4207
-4600
-5089
-5746
-6396
-6806
-4691
-1310
3524
7177
7368
6117
3329
271
-1991
-2790
-2184
-332
948
2055
3188
3334
2636
996
-889
-1919
-2498
-2152
-604
1092
2262
2769
2369
1733
697
-252
-223
555
2064
3903
5427
6113
5604
3881
1865
96
-1194
-1597
-1037
62
1150
1849
2033
1302
-260
-2189
-4036
-5102
-5023
-3927
-2110
-157
1151
1635
1210
681
-216
-624
-711
422
2094
3361
5019
4767
4966
4627
2767
1555
928
765
818
1524
2001
2260
3009
2327
1294
1311
856
454
1661
2978
3910
5435
5457
4817
4007
2252
728
-344
-740
-976
-859
-409
-637
-1277
-2236
-3116
-4307
-4771
-4991
-5256
-4341
-3969
-3572
-3234
-3252
-3989
-4632
-5800
-6211
-6830
-7215
-6809
-7343
-6838
-7217
-7608
-7472
-7470
-5375
-2592
1657
4794
5505
5486
3839
3334
3519
4013
6137
7681
8811
9169
7957
5890
2903
-292
-2899
-4002
-3504
-1608
1262
3943
5442
5493
4262
2171
261
-997
-1170
-78
1806
3490
5053
5694
5214
4236
2604
1150
183
-196
33
489
791
363
-480
-2090
-4058
-5195
-5630
-4701
-3235
-1387
394
1720
2128
2042
1789
1682
1884
2223
2987
3896
6286
5649
6235
3559
1362
2047
11
1445
1462
1301
3360
3187
3196
3541
2450
2571
2795
3221
4557
5733
5956
5991
4809
2870
879
-1285
-2993
-3703
-3570
-2835
-1661
-836
-629
-798
-1783
-2747
-3532
-4128
-3967
-3960
-3610
-3274
-3525
-4408
-5387
-6601
-7689
-8282
-8926
-8817
-8174
-8385
-7614
-7438
-7738
-7156
-7838
-7381
-6563
-6031
-4658
-3833
-1571
506
3890
5792
6280
6011
3333
2782
2260
2106
3541
3520
4440
5314
4671
4627
3435
2116
1118
269
64
570
1212
1724
1930
1575
795
197
-518
-811
-638
-132
485
344
-672
-1702
-2799
-3442
-3401
-3280
-2504
-1463
-510
612
1391
1452
1214
301
-679
-1194
-1172
-468
404
1039
1445
1538
973
91
-958
-1701
-1542
-998
8
1497
2633
3517
3736
3188
2906
2715
3088
3832
4438
4948
4955
4820
4160
3524
2830
2096
1623
851
420
211
-75
-153
-239
-297
-390
-566
-724
-708
-568
-459
-581
-604
-591
-679
-659
-589
-893
-1221
-1551
-2049
-2390
-2772
-2947
-2961
-2661
-2150
-1729
-1481
-1281
-1102
-1368
-1690
-2123
-2503
-2753
-3191
-3743
-3891
-3921
-3964
-4059
-4514
-4913
-5136
-5301
-5025
-4227
-3287
-2076
-1146
-215
830
1012
936
998
1059
1445
1819
2016
2360
2470
1899
1652
1392
752
613
587
984
1822
2399
3389
4478
4864
4864
4875
4946
4728
4297
3942
3784
3400
2788
2419
1875
1223
332
-601
-1181
-1952
-2557
-2585
-2128
-1673
-1131
-663
-329
-126
159
774
1541
2111
2577
3066
3407
3517
3230
3097
2978
2668
2630
2576
2621
2759
2538
2345
2230
1829
1494
1406
1202
1144
1579
2198
3001
3773
4132
4238
3845
2976
2036
1242
584
39
-222
-277
-53
108
19
-120
-466
-965
-1298
-1520
-1458
-1375
-1449
-1456
-1531
-1520
-1636
-1850
-2032
-2382
-2712
-2991
-3027
-2960
-2945
-3052
-3242
-3324
-3417
-3511
-3389
-2864
-2248
-1614
-1111
-842
-735
-923
-1537
-2347
-3269
-4280
-5307
-6281
-6793
-6617
-6296
-5880
-5142
-4438
-4147
-4001
-3622
-2820
-1760
-750
448
1826
3035
3867
4677
5109
5019
4663
4529
4537
4503
4149
3907
3408
2420
1563
805
302
-100
-90
317
696
808
836
1001
745
68
-350
-289
-163
-206
130
837
1342
1184
690
220
-342
-1120
-1645
-1541
-1100
-753
-475
-164
158
379
463
589
965
1320
1632
2109
2207
2300
2427
2192
1935
1611
1334
1052
718
418
375
512
689
667
458
407
173
150
451
824
1136
1213
1094
881
495
-11
-417
-847
-1245
-1743
-2014
-1882
-1637
-1376
-1214
-816
-487
-387
-247
-239
-155
10
53
140
325
259
-171
-847
-1827
-2860
-3837
-4946
-5740
-6072
-6042
-5667
-5218
-4804
-4461
-4276
-4477
-4743
-4974
-4886
-4423
-3762
-2907
-2073
-1349
-749
-313
-379
-716
-1046
-1272
-1568
-1842
-1744
-1432
-1054
-592
89
829
1420
1621
1889
2139
2132
2362
2791
3150
3317
3335
3602
4021
4058
4004
4031
3942
3630
3343
3365
3443
3213
2994
2957
2815
2365
1993
1913
2102
2399
2706
2871
2633
1976
1306
815
456
203
165
202
271
283
208
128
-287
-824
-1142
-1139
-817
-280
553
1504
2249
2650
2773
2752
2452
2231
1957
1783
1752
1765
1825
1704
1536
1323
1003
802
752
878
1340
1824
2201
2563
2768
2763
2662
2418
2205
1969
1670
1613
1549
1395
994
316
-332
-1115
-1846
-2560
-3097
-3387
-3728
-3816
-3556
-3144
-2652
-2431
-2292
-2319
-2481
-2546
-2579
-2339
-2197
-2275
-2424
-2828
-3237
-3563
-3797
-3846
-3835
-3862
-3829
-3712
-3462
-3160
-2950
-2938
-3096
-3292
-3410
-2902
-2359
-1930
-1465
-1305
-1109
-1209
-1530
-1388
-1146
-699
-145
617
1365
1867
2417
2769
3256
3500
3672
4036
4247
4307
4483
4633
4788
4673
4381
4098
3738
3365
3163
3197
2940
2511
1981
1387
816
-133
-1100
-1687
-2225
-2408
-2273
-1830
-1023
-319
262
761
1101
1139
934
629
327
124
-111
-405
-556
-660
-677
-503
-328
-95
111
207
328
425
669
991
1328
1590
1755
1947
1874
1697
1579
1462
1289
1040
904
753
600
304
-177
-517
-911
-1354
-1453
-1151
-614
-58
478
665
616
288
-418
-1198
-1976
-2628
-2865
-2823
-2652
-2447
-2412
-2552
-2868
-3370
-3850
-4245
-4449
-4405
-4116
-3683
-3237
-2872
-2602
-2427
-2461
-2577
-2803
-3018
-3147
-3286
-3291
-3235
-3225
-3113
-3042
-2977
-2745
-2537
-2412
-2255
-2198
-2152
-2126
-2178
-2100
-2062
-1842
-1451
-820
156
1077
1786
2259
2616
2773
2989
3189
3233
3252
3204
2891
2687
2295
2124
2132
1916
1706
1457
1641
2051
2381
2810
3165
3612
3884
3921
4096
3972
3798
3423
2843
2270
1617
1155
823
795
985
1132
1287
1240
1062
905
871
826
840
1015
1008
993
1140
1124
1129
1161
1115
966
761
550
355
234
215
251
517
1021
1548
2124
2676
3007
3090
2977
2791
2398
1905
1359
804
337
-113
-441
-639
-801
-777
-860
-993
-1031
-1279
-1501
-1597
-1615
-1462
-1146
-726
-323
-77
-109
-212
-343
-588
-878
-1183
-1366
-1503
-1652
-1618
-1404
-1368
-1498
-1809
-2207
-2492
-2688
-2737
-2617
-2339
-2079
-1826
-1533
-1210
-862
-563
-342
76
486
683
744
632
466
116
-661
-1608
-2493
-3323
-3923
-4240
-4162
-3881
-3537
-3201
-2646
-1969
-1325
-550
30
790
1546
2230
2823
3137
3198
3171
3059
2911
2786
2921
3200
3449
3624
3705
3807
3581
3152
2569
2022
1577
1233
1130
1319
1550
1777
1936
1963
1915
1775
1480
1166
823
526
305
75
-147
-220
-221
-220
-180
-62
298
674
691
474
-23
-839
-1695
-2458
-2909
-2932
-2648
-2035
-1357
-658
80
574
856
919
675
334
-98
-568
-754
-536
-292
-116
144
168
-9
-314
-676
-698
-754
-817
-793
-791
-871
-1139
-1440
-1695
-1799
-1916
-2080
-1983
-1965
-1856
-1759
-1767
-1566
-1448
-1255
-979
-671
-323
-156
-153
-273
-459
-620
-894
-1225
-1595
-2128
-2688
-3061
-3284
-3286
-3118
-3046
-2900
-2728
-2587
-2289
-1967
-1622
-1436
-1259
-1191
-1122
-1016
-986
-931
-1085
-1240
-1234
-1385
-1557
-1739
-1884
-1998
-2133
-1953
-1564
-1036
-591
-299
168
542
925
1325
1815
2477
3180
3893
4423
4742
4785
4589
4188
3683
3094
2743
2382
2252
2452
2747
3015
3115
2981
2643
2167
1646
1314
1038
745
419
271
92
-25
-75
13
297
442
392
310
165
-87
-437
-778
-1158
-1434
-1551
-1438
-1115
-841
-657
-531
-639
-833
-915
-920
-807
-631
-307
104
539
832
990
1130
1078
955
987
872
888
1021
1191
1583
1890
2125
2300
2345
2132
1812
1522
1168
892
648
458
343
129
-91
-356
-640
-900
-1000
-786
-393
17
343
570
727
706
566
494
487
539
515
590
705
676
396
-170
-921
-1706
-2421
-2903
-3084
-2927
-2616
-2152
-1655
-1391
-1323
-1376
-1412
-1416
-1210
-863
-336
158
578
833
830
678
199
-205
-668
-842
-922
-976
-649
-400
-65
203
442
744
1046
1298
1442
1574
1561
1432
1418
1280
1322
1576
1757
2193
2452
2431
2296
2172
1790
1415
1043
544
158
-214
-497
-567
-728
-969
-1112
-1284
-1439
-1546
-1605
-1487
-1272
-1181
-989
-841
-804
-875
-979
-1092
-1171
-1174
-1196
-1255
-1292
-1166
-924
-593
-294
57
507
588
559
509
268
70
-23
-11
156
303
416
805
1196
1362
1667
1926
2012
2000
1831
1812
1827
1740
1755
1699
1571
1355
1069
784
385
-54
-495
-906
-1328
-1666
-1763
-1846
-2018
-2237
-2384
-2381
-2350
-2176
-1850
-1453
-1029
-722
-457
-231
-230
-520
-917
-1308
-1627
-1801
-1762
-1584
-1403
-1348
-1513
-1728
-2003
-2106
-1934
-1628
-1131
-657
-306
-102
-109
-221
-437
-772
-1102
-1292
-1273
-1161
-967
-779
-587
-546
-665
-853
-1225
-1501
-1624
-1657
-1529
-1207
-889
-639
-654
-692
-605
-522
-437
-182
267
652
903
849
825
815
660
530
520
503
506
513
596
623
540
498
255
50
-160
-207
-204
-212
-161
-80
44
132
201
370
421
394
358
401
601
765
994
1125
1252
1375
1442
1639
1848
2024
2273
2223
2193
2122
1985
1808
1596
1428
1170
1004
786
604
758
872
963
1139
1264
1629
2019
2292
2571
2658
2532
2261
1925
1618
1402
1152
899
747
645
568
409
200
-18
-278
-508
-654
-761
-738
-719
-755
-675
-614
-520
-368
-286
-197
-142
-217
-214
-230
-314
-415
-615
-711
-736
-719
-623
-542
-498
-565
-831
-1136
-1441
-1655
-1801
-1916
-1877
-1740
-1510
-1272
-1168
-1046
-961
-964
-975
-901
-785
-682
-513
-469
-379
-358
-523
-764
-1074
-1227
-1401
-1462
-1394
-1305
-1025
-854
-700
-650
-719
-715
-724
-510
-158
336
712
1022
1240
1171
1135
1058
931
943
950
1178
1407
1662
2047
2171
2164
1873
1510
1024
485
152
-131
-198
-331
-404
-291
-311
-272
-101
135
633
983
1218
1490
1540
1549
1584
1582
1502
1457
1362
1308
1322
1122
1021
1061
904
857
778
730
879
821
851
950
1021
1139
1182
1213
1181
1108
934
679
418
-17
-465
-851
-1130
-1164
-1150
-1041
-873
-722
-632
-805
-990
-1203
-1455
-1721
-2020
-2171
-2165
-2084
-1967
-1793
-1635
-1630
-1684
-1804
-1944
-1934
-1921
-1914
-1802
-1678
-1557
-1482
-1577
-1701
-1888
-2097
-2209
-2308
-2297
-2186
-2101
-2015
-1848
-1815
-1820
-1820
-1885
-1938
-1925
-1793
-1574
-1384
-1240
-1082
-1003
-979
-1046
-1061
-1037
-947
-935
-880
-787
-810
-828
-757
-526
-246
-88
146
313
279
189
1
-111
-254
-295
-163
76
491
927
1399
1810
2097
2245
2171
2106
1876
1674
1614
1417
1440
1504
1460
1429
1222
995
863
738
817
1038
1285
1574
1862
2130
2389
2514
2493
2494
2458
2398
2402
2371
2382
2438
2393
2349
2154
1829
1527
1234
932
851
920
1042
1229
1311
1292
1244
1067
906
821
760
687
594
484
415
344
230
209
163
153
167
154
163
32
-171
-391
-653
-714
-758
-817
-839
-904
-918
-927
-972
-970
-927
-932
-915
-845
-789
-755
-795
-932
-1057
-1133
-1257
-1338
-1386
-1470
-1501
-1492
-1486
-1541
-1600
-1712
-1787
-1770
-1684
-1426
-1108
-764
-386
-140
23
83
-23
-102
-224
-362
-362
-360
-312
-271
-177
-34
-6
130
216
318
397
337
322
222
86
-12
-169
-232
-237
-213
-59
114
273
486
717
839
1005
1206
1326
1458
1477
1440
1528
1504
1660
1764
1681
1667
1497
1396
1298
1181
1157
1073
1020
1000
1124
1403
1572
1742
1801
1832
1842
1731
1712
1633
1588
1518
1358
1162
865
733
653
593
630
579
504
324
47
-202
-466
-654
-861
-903
-805
-668
-498
-454
-368
-354
-412
-470
-575
-644
-743
-856
-948
-1049
-1092
-1126
-1140
-1243
-1407
-1440
-1472
-1509
-1513
-1601
-1672
-1758
-1790
-1701
-1631
-1572
-1563
-1625
-1693
-1698
-1658
-1558
-1442
-1440
-1438
-1485
-1514
-1522
-1484
-1419
-1359
-1321
-1304
-1203
-1192
-1182
-1287
-1374
-1389
-1412
-1473
-1462
-1387
-1351
-1275
-1267
-1279
-1262
-1338
-1346
-1229
-1147
-899
-648
-406
-248
-173
-84
-86
-91
-98
-77
-37
-99
-114
-124
-134
-118
-185
-201
-295
-306
-214
-25
276
554
908
1205
1494
1880
2109
2335
2432
2358
2333
2165
1988
1840
1697
1580
1513
1475
1469
1436
1361
1321
1286
1221
1129
1010
933
901
899
1047
1261
1436
1588
1744
1848
1876
1824
1659
1444
1189
899
585
295
55
-55
-162
-288
-328
-358
-292
-210
-154
-75
6
76
185
299
453
559
580
575
574
575
558
424
214
127
28
-44
-24
76
269
390
402
402
335
199
-12
-171
-279
-410
-514
-654
-682
-699
-730
-734
-812
-918
-1132
-1380
-1546
-1591
-1494
-1309
-1109
-858
-649
-464
-282
-161
-78
-69
-238
-448
-617
-758
-841
-906
-973
-986
-963
-981
-865
-706
-469
-292
-120
54
235
396
482
574
634
657
687
670
574
536
489
435
361
293
280
266
232
236
302
348
400
438
429
561
641
747
912
1054
1197
1228
1264
1330
1359
1401
1368
1307
1281
1183
1066
959
841
731
691
627
616
654
700
813
828
811
761
649
625
586
555
606
615
590
494
397
320
233
129
-57
-140
-213
-271
-277
-304
-224
-183
-170
-121
-88
-73
-124
-179
-236
-297
-331
-360
-308
-241
-210
-167
-214
-268
-337
-455
-605
-807
-940
-976
-929
-858
-719
-567
-441
-292
-216
-235
-368
-695
-972
-1252
-1477
-1627
-1745
-1825
-1923
-1935
-1857
-1725
-1478
-1229
-1053
-854
-788
-785
-817
-868
-895
-933
-1001
-1028
-1059
-1122
-1119
-1161
-1212
-1168
-1162
-1157
-1114
-1132
-1029
-876
-663
-466
-317
-179
-88
-12
0
50
24
69
126
104
145
199
263
373
470
497
540
546
535
466
317
150
113
90
233
472
641
924
1146
1238
1224
1097
969
835
683
556
530
525
570
655
714
740
760
749
707
635
543
514
546
594
615
632
649
650
672
694
727
741
789
848
960
1038
1002
940
706
415
171
-35
-110
-41
139
405
722
966
1192
1339
1315
1235
1044
741
483
232
78
45
35
50
92
183
208
234
241
199
200
187
115
56
-43
-89
-116
-128
-73
-16
118
103
19
-141
-383
-561
-732
-856
-931
-951
-1000
-990
-937
-896
-804
-752
-727
-669
-612
-522
-412
-317
-257
-291
-322
-296
-240
-161
-28
-8
38
22
-61
-83
-116
-209
-302
-297
-223
11
249
471
655
707
637
503
298
189
89
25
52
118
292
513
644
799
909
1026
1112
1078
978
934
900
853
829
760
735
762
711
660
648
571
560
511
434
411
425
389
442
481
490
491
473
507
586
640
674
717
719
684
559
418
250
70
-109
-256
-338
-340
-325
-217
-101
-14
107
197
203
102
-11
-161
-314
-395
-403
-277
-147
10
172
242
270
184
39
-87
-243
-383
-426
-420
-356
-255
-235
-292
-428
-654
-895
-1023
-1146
-1174
-1168
-1200
-1131
-1139
-1175
-1198
-1251
-1246
-1210
-1119
-1034
-980
-930
-1040
-1122
-1227
-1373
-1501
-1593
-1600
-1568
-1466
-1326
-1157
-987
-910
-914
-952
-1059
-1085
-1159
-1202
-1192
-1150
-1038
-934
-863
-805
-675
-543
-457
-341
-272
-213
-128
-55
43
72
105
160
254
401
536
614
668
678
669
646
589
464
491
609
624
667
684
711
820
783
751
722
665
642
555
445
369
291
240
264
280
318
366
366
395
434
484
590
662
738
751
643
487
331
236
179
201
289
426
551
579
557
507
476
500
493
497
545
646
825
996
1153
1173
1057
854
562
313
94
-56
-177
-235
-225
-165
-7
151
268
338
360
270
184
93
-4
-44
-14
25
25
-35
-135
-244
-341
-423
-429
-449
-492
-490
-454
-379
-311
-281
-288
-342
-414
-412
-342
-240
-177
-125
-88
-96
-159
-262
-332
-405
-455
-487
-505
-491
-475
-399
-326
-208
-35
94
183
207
185
190
207
269
403
532
703
842
940
1012
1046
946
854
683
481
361
230
179
193
241
359
490
584
698
783
849
879
920
1012
1065
1035
950
831
659
467
339
264
214
176
179
270
360
380
368
269
187
85
-12
-86
-108
-59
-5
53
153
236
217
174
41
-108
-239
-401
-478
-507
-531
-499
-423
-285
-84
76
165
219
193
162
137
110
95
131
207
215
185
66
-118
-302
-550
-739
-913
-1100
-1196
-1214
-1155
-1095
-1061
-1114
-1204
-1314
-1436
-1473
-1468
-1431
-1330
-1242
-1202
-1218
-1275
-1311
-1369
-1375
-1387
-1392
-1399
-1433
-1428
-1408
-1372
-1298
-1221
-1103
-1003
-857
-640
-451
-233
-141
-111
-33
-68
-100
-148
-195
-181
-229
-287
-364
-407
-467
-495
-452
-355
-185
18
223
458
644
691
670
627
572
525
531
504
433
393
352
322
348
390
414
411
376
305
231
202
201
267
351
414
456
448
480
521
505
425
299
220
107
-18
-130
-203
-210
-189
-101
-20
88
211
312
426
441
356
298
293
290
299
352
415
502
648
724
775
770
691
558
427
329
218
175
130
119
185
242
289
325
330
261
176
82
-4
-72
-177
-190
-194
-184
-148
-181
-240
-328
-513
-684
-885
-1016
-1044
-1024
-909
-804
-728
-612
-508
-417
-316
-263
-162
-58
48
81
67
-32
-193
-297
-403
-471
-476
-371
-261
-137
-50
5
118
179
181
206
223
318
488
591
740
778
748
701
597
504
431
347
313
363
444
519
614
692
680
697
704
700
778
836
915
988
1015
974
860
735
551
421
333
261
295
373
450
584
704
738
716
651
505
397
346
321
387
406
417
410
388
386
413
409
409
391
328
274
230
145
73
-30
-180
-315
-371
-343
-297
-181
-78
14
35
-39
-152
-252
-361
-447
-511
-579
-559
-544
-478
-440
-501
-606
-739
-848
-912
-900
-836
-780
-683
-581
-474
-390
-353
-367
-377
-416
-517
-591
-667
-760
-874
-990
-1093
-1159
-1188
-1187
-1198
-1194
-1201
-1201
-1152
-1074
-975
-842
-750
-646
-561
-513
-469
-427
-408
-392
-399
-451
-490
-481
-405
-329
-267
-221
-215
-215
-208
-192
-137
-77
-76
-56
-50
-7
44
99
200
284
323
293
251
214
175
133
120
157
168
209
277
321
308
260
169
49
-20
-106
-128
-81
-12
79
161
202
201
131
43
-52
-157
-183
-184
-116
-52
-52
-108
-184
-272
-337
-390
-416
-380
-355
-304
-271
-261
-265
-304
-329
-325
-364
-400
-385
-328
-221
-204
-223
-213
-213
-208
-205
-216
-186
-124
-59
50
177
253
235
136
18
-129
-266
-356
-419
-401
-347
-336
-325
-322
-365
-380
-388
-356
-307
-225
-116
-28
22
10
15
-2
-37
-63
-93
-102
-120
-118
-58
-14
44
86
99
153
176
190
214
246
322
394
477
560
628
692
711
764
820
831
830
806
758
749
737
742
793
783
818
791
742
742
680
664
692
740
807
850
908
936
1007
1092
1150
1173
1125
1109
1082
1099
1129
1159
1149
1059
945
816
737
698
685
662
578
500
444
344
188
28
-46
-46
-42
3
57
87
53
10
-41
-63
-99
-136
-127
-133
-106
-89
-100
-122
-179
-259
-289
-345
-331
-263
-261
-248
-287
-366
-446
-488
-492
-486
-463
-444
-391
-296
-189
-129
-125
-201
-265
-345
-397
-358
-362
-316
-265
-247
-262
-302
-370
-436
-507
-631
-696
-686
-684
-659
-638
-651
-716
-770
-786
-761
-698
-633
-589
-526
-464
-377
-296
-293
-310
-325
-288
-215
-159
-124
-88
-37
11
22
-9
-92
-85
-95
-96
-14
111
231
295
346
378
376
321
288
274
254
209
166
85
11
27
55
113
187
212
201
165
97
23
-91
-164
-158
-159
-164
-125
-42
16
120
150
115
90
34
5
-3
-24
-30
-69
-107
-188
-240
-310
-420
-493
-605
-651
-697
-792
-872
-879
-831
-796
-788
-791
-813
-805
-746
-712
-669
-632
-604
-601
-592
-557
-518
-461
-420
-456
-525
-606
-703
-759
-779
-775
-748
-681
-605
-557
-505
-435
-378
-300
-238
-126
2
74
124
125
177
221
208
186
144
72
27
14
-2
29
32
36
56
42
16
-26
-72
-117
-142
-103
-27
106
216
255
297
370
516
647
746
819
827
841
868
934
992
1030
1024
989
957
969
1034
1088
1102
1093
1041
1026
970
894
886
857
890
922
950
1073
1219
1330
1387
1398
1395
1364
1267
1209
1137
1084
1097
1126
1164
1150
1113
1014
896
754
615
473
345
297
254
232
228
246
267
287
312
314
309
303
320
347
347
343
310
272
205
137
71
-33
-112
-153
-231
-276
-339
-414
-431
-502
-534
-567
-574
-580
-591
-598
-569
-530
-501
-489
-525
-536
-530
-538
-565
-587
-652
-713
-669
-639
-618
-519
-431
-299
-185
-123
-35
26
34
6
4
11
31
69
64
82
72
30
-51
-128
-207
-269
-302
-334
-404
-433
-452
-472
-457
-442
-399
-400
-370
-338
-318
-273
-241
-220
-204
-181
-167
-168
-136
-90
-9
58
153
201
233
248
242
280
348
371
374
362
366
401
429
444
430
371
321
242
163
70
-35
-108
-227
-344
-431
-491
-465
-424
-369
-303
-291
-302
-297
-334
-357
-398
-465
-473
-480
-460
-445
-449
-478
-527
-603
-722
-811
-829
-823
-829
-846
-862
-850
-833
-810
-775
-763
-744
-714
-741
-744
-750
-789
-799
-827
-860
-879
-900
-921
-881
-906
-894
-832
-796
-752
-716
-657
-609
-581
-565
-525
-466
-412
-375
-345
-351
-332
-335
-300
-241
-195
-186
-208
-178
-179
-198
-172
-155
-120
-86
-99
-38
27
102
227
296
333
330
306
301
349
408
409
356
277
264
266
224
207
179
190
216
195
216
256
325
411
497
616
717
810
887
890
893
908
867
795
702
654
666
672
678
715
732
757
763
751
761
711
676
658
671
702
721
766
813
834
805
771
767
762
761
736
713
699
641
617
593
601
596
584
578
536
497
430
365
330
265
191
81
1
-26
-1
73
108
126
86
54
30
10
31
53
94
168
196
215
261
283
309
306
276
255
139
42
-3
-69
-125
-180
-172
-173
-169
-187
-235
-252
-257
-255
-244
-227
-258
-240
-137
-44
64
159
219
269
303
307
286
243
175
118
68
-43
-86
-115
-161
-140
-107
-49
30
128
196
247
280
344
410
444
449
413
369
317
293
245
224
200
148
158
146
143
91
24
-41
-130
-214
-275
-288
-263
-241
-198
-159
-175
-146
-149
-176
-230
-344
-424
-483
-484
-467
-436
-442
-446
-434
-427
-376
-332
-301
-310
-382
-440
-466
-483
-518
-515
-525
-576
-603
-660
-665
-636
-614
-579
-558
-591
-603
-654
-696
-717
-705
-650
-636
-607
-584
-561
-469
-426
-439
-458
-524
-624
-708
-815
-888
-936
-937
-858
-765
-701
-650
-628
-626
-674
-783
-813
-810
-746
-646
-549
-464
-436
-401
-364
-331
-337
-358
-386
-422
-477
-487
-490
-493
-437
-432
-418
-352
-278
-204
-114
-9
63
152
180
206
264
294
315
283
266
297
309
294
312
281
208
178
135
85
50
-4
-4
-2
57
115
131
167
218
264
301
288
254
253
241
236
232
241
238
256
252
275
335
360
396
383
356
305
260
245
237
253
261
322
347
362
401
461
505
512
475
417
410
387
422
463
443
490
532
527
524
505
537
591
633
644
627
642
656
636
640
589
518
461
383
362
358
280
277
273
224
201
166
115
101
70
47
124
199
251
258
244
246
180
111
71
0
10
-2
-18
14
46
118
178
228
281
338
354
348
333
341
403
481
541
569
602
610
626
642
663
666
644
605
609
612
625
625
606
602
572
585
584
567
553
539
521
519
463
414
373
373
377
426
490
489
507
505
481
428
361
269
171
83
-17
-33
28
81
129
114
96
122
144
119
109
87
51
25
-23
-46
-86
-125
-149
-173
-165
-179
-177
-211
-207
-191
-190
-176
-140
-113
-153
-153
-189
-227
-268
-304
-309
-336
-390
-453
-475
-457
-462
-463
-442
-469
-526
-562
-587
-602
-607
-645
-676
-682
-704
-692
-693
-751
-769
-730
-694
-682
-694
-753
-831
-859
-856
-867
-870
-875
-899
-848
-781
-736
-702
-693
-710
-660
-588
-540
-538
-540
-493
-470
-433
-410
-408
-388
-360
-386
-343
-266
-259
-223
-255
-252
-216
-269
-306
-277
-281
-280
-285
-282
-295
-303
-245
-219
-206
-189
-189
-182
-191
-180
-154
-153
-207
-267
-260
-231
-156
-56
57
114
135
104
71
92
56
16
-43
-99
-111
-104
-82
-71
-89
-143
-149
-133
-118
-69
-64
-8
69
155
210
244
258
265
302
310
336
362
406
446
458
430
434
440
457
468
475
487
483
507
499
477
456
421
409
413
394
382
401
391
409
413
399
383
372
347
321
330
357
397
406
393
377
413
425
442
436
440
448
452
446
436
444
406
420
426
426
470
482
499
511
472
480
459
462
512
521
547
542
509
544
552
546
546
561
556
516
505
500
529
528
547
545
551
555
542
553
532
500
525
561
584
653
688
706
744
751
780
816
780
743
698
635
608
595
568
568
550
557
602
602
575
534
461
455
459
478
486
461
458
431
393
350
287
218
159
88
52
-3
-44
-31
-50
-70
-95
-173
-201
-217
-236
-253
-280
-251
-265
-256
-232
-241
-230
-262
-296
-301
-324
-328
-337
-327
-315
-335
-323
-347
-379
-394
-448
-510
-547
-580
-550
-469
-412
-388
-367
-329
-317
-288
-272
-237
-196
-195
-164
-144
-151
-141
-118
-148
-170
-192
-240
-263
-256
-231
-235
-222
-253
-311
-380
-429
-442
-440
-431
-413
-375
-367
-352
-334
-327
-319
-322
-381
-417
-411
-417
-365
-343
-297
-236
-273
-297
-305
-311
-343
-417
-488
-508
-538
-494
-473
-483
-501
-514
-486
-474
-415
-381
-348
-341
-342
-354
-381
-340
-339
-315
-343
-351
-348
-376
-367
-417
-430
-432
-467
-449
-427
-439
-451
-418
-403
-377
-343
-316
-277
-266
-274
-257
-256
-215
-186
-148
-150
-163
-138
-151
-144
-152
-132
-84
-91
-83
-80
-103
-158
-187
-180
-182
-112
-93
-58
5
56
111
119
99
87
58
91
136
184
220
247
260
200
177
169
187
188
173
171
213
270
292
313
345
377
415
427
362
379
422
456
510
511
489
511
539
548
521
508
496
466
477
478
508
530
545
513
494
475
504
522
536
569
561
567
594
590
613
643
680
673
645
651
625
614
606
622
676
725
696
706
707
707
710
657
638
613
572
537
549
534
519
530
499
467
390
350
345
350
369
370
358
314
312
335
345
350
342
335
324
258
233
209
136
78
9
-68
-88
-133
-161
-181
-220
-185
-162
-170
-199
-251
-283
-272
-240
-212
-202
-153
-138
-138
-154
-163
-109
-83
-91
-107
-151
-174
-233
-265
-244
-211
-153
-107
-60
-20
-39
-5
26
63
88
52
16
-20
-5
23
78
139
126
103
70
64
75
64
45
-12
-63
-62
-50
-58
-25
-82
-155
-190
-223
-161
-127
-123
-144
-179
-203
-175
-176
-192
-225
-265
-312
-360
-356
-320
-289
-253
-270
-301
-313
-356
-338
-365
-392
-374
-389
-373
-356
-351
-368
-405
-418
-418
-427
-449
-479
-537
-556
-564
-569
-522
-507
-537
-504
-480
-413
-377
-458
-480
-508
-522
-539
-563
-550
-554
-588
-618
-639
-649
-638
-683
-703
-728
-760
-751
-733
-700
-693
-678
-688
-672
-621
-590
-575
-563
-547
-512
-474
-432
-403
-385
-403
-445
-468
-460
-467
-451
-381
-325
-312
-293
-273
-239
-233
-235
-202
-173
-195
-149
-116
-104
-28
-41
1
52
29
45
43
25
27
7
15
43
112
202
203
200
194
189
217
187
160
164
145
143
150
158
186
200
180
223
177
151
190
192
206
182
140
137
163
195
237
212
232
287
347
394
357
295
265
253
253
277
262
320
352
394
459
475
493
504
506
544
570
549
506
440
407
394
357
360
369
371
362
311
295
320
314
315
297
298
303
301
291
296
312
321
392
431
453
457
464
485
476
440
368
307
264
221
173
155
162
169
179
164
147
163
179
209
233
238
221
218
213
187
223
213
197
210
172
210
248
283
257
189
137
68
101
122
109
105
107
134
159
180
179
158
165
181
172
190
170
166
178
207
250
249
232
239
188
178
203
196
191
179
156
180
154
138
116
49
-9
-43
-40
-58
-64
-124
-146
-159
-147
-99
-136
-100
-139
-171
-114
-169
-200
-262
-340
-354
-401
-417
-397
-399
-391
-388
-378
-404
-457
-490
-513
-483
-508
-555
-586
-624
-614
-613
-590
-575
-567
-536
-505
-516
-527
-579
-621
-645
-678
-648
-639
-613
-622
-637
-673
-715
-705
-708
-725
-713
-707
-703
-716
-706
-686
-676
-628
-646
-653
-596
-576
-558
-573
-559
-525
-526
-507
-515
-507
-473
-447
-431
-421
-416
-403
-398
-366
-345
-349
-343
-337
-333
-339
-322
-288
-245
-249
-240
-197
-188
-169
-140
-162
-152
-157
-180
-175
-152
-165
-177
-160
-177
-153
-169
-200
-167
-148
-136
-143
-151
-163
-144
-150
-171
-139
-139
-153
-165
-184
-177
-167
-192
-190
-189
-212
-231
-220
-190
-130
-73
-57
-15
-3
-6
-23
-14
17
14
34
62
69
66
76
81
86
102
137
173
160
177
179
192
217
202
196
218
255
279
340
371
374
353
337
352
385
371
333
334
378
408
432
496
574
582
542
484
454
473
468
469
442
408
401
418
456
490
459
430
423
464
458
439
455
436
474
477
485
526
533
540
526
498
479
457
425
403
358
333
321
295
297
272
264
247
215
243
244
267
272
241
257
273
299
339
374
370
380
392
400
417
415
402
445
414
414
407
414
436
394
357
342
329
326
334
308
339
335
359
376
336
329
343
341
340
340
317
309
279
274
276
230
187
155
103
29
-19
-59
-92
-92
-74
-87
-126
-166
-217
-253
-296
-314
-329
-311
-323
-322
-312
-297
-285
-310
-277
-260
-233
-204
-213
-200
-219
-246
-251
-284
-289
-332
-342
-359
-382
-349
-356
-386
-418
-452
-423
-411
-407
-407
-409
-368
-374
-377
-361
-369
-360
-398
-462
-449
-433
-391
-397
-501
-513
-490
-488
-477
-481
-472
-457
-424
-425
-455
-495
-526
-546
-558
-550
-527
-475
-412
-385
-397
-383
-402
-377
-367
-354
-340
-363
-403
-398
-368
-345
-366
-392
-416
-436
-390
-392
-389
-356
-383
-377
-364
-354
-309
-239
-213
-208
-201
-200
-216
-209
-208
-226
-224
-233
-239
-213
-183
-165
-182
-174
-137
-158
-175
-144
-122
-120
-90
-82
-86
-100
-62
-19
44
124
140
191
195
197
222
201
192
196
193
172
164
184
209
245
238
209
260
302
323
344
338
340
351
359
354
399
440
460
514
548
569
601
587
582
577
492
457
410
377
376
353
355
357
332
323
288
234
226
222
205
169
148
184
201
223
229
239
174
157
225
253
309
288
274
294
312
340
343
294
286
276
292
300
295
287
270
252
263
262
228
222
249
253
291
296
290
294
242
237
207
180
215
214
242
212
166
164
178
233
220
207
268
235
200
181
192
219
248
235
217
167
144
219
313
347
312
236
187
240
278
378
293
258
173
122
175
