-25
-62
-91
-62
2
60
88
67
34
-6
7
26
47
95
72
76
32
-8
5
-4
2
-2
1
-1
1
-1
0
-1
0
0
0
0
1
0
-1
0
0
0
0
0
0
0
0
0
0
0
0
0
0
0
0
0
0
0
-1
0
0
0
0
0
0
0
0
0
0
0
0
0
1
0
0
0
0
0
0
0
1
0
0
0
1
1
0
0
0
-1
1
1
0
0
0
0
0
0
0
1
0
0
0
1
0
0
0
0
0
-1
0
0
0
0
0
0
0
0
0
0
-1
-1
-1
0
0
0
0
-1
0
0
0
0
0
0
0
0
0
1
0
1
0
0
0
0
0
0
1
-1
0
1
-1
0
0
0
0
0
0
0
-1
0
0
0
-1
0
0
0
0
0
0
0
-1
0
0
1
-1
1
-1
2
-4
8
-72
-123
-120
-166
-191
-220
-270
-299
-264
-244
-236
-176
-152
-115
-81
-92
-80
-92
-113
-90
-24
-1
28
50
14
-17
-91
-144
-147
-164
-186
-199
-191
-191
-208
-245
-244
-193
-180
-219
-218
-148
-82
-37
-59
-118
-165
-215
-284
-317
-325
-336
-356
-381
-374
-342
-319
-308
-304
-348
-380
-383
-369
-388
-357
-278
-206
-142
-167
-218
-225
-240
-260
-264
-229
-165
-118
-94
-134
-51
-4
3
7
-8
8
-5
-7
-6
-7
-13
-7
-8
3
9
6
1
-8
-3
7
7
-2
7
11
11
2
-14
-14
1
8
12
7
-1
1
3
3
-5
-1
0
1
1
-3
11
12
1
-4
-7
11
10
6
3
-4
9
-4
7
13
-2
12
13
13
7
0
-9
-9
6
6
9
11
9
-1
-9
3
6
11
15
1
-12
-6
13
3
4
10
7
3
2
5
-3
-13
2
3
0
7
-5
2
15
3
-4
-8
3
6
1
7
6
5
-13
0
5
13
8
-1
2
6
1
-1
1
-2
-3
-7
1
10
11
16
8
6
13
-1
-7
-3
5
11
13
5
6
2
-4
2
3
10
3
-4
0
0
4
15
9
-6
-5
-10
-11
-3
11
12
-3
-6
-3
-2
2
-6
8
5
1
14
-1
0
3
-8
5
17
6
7
-2
-16
-2
-6
3
8
3
-9
-14
2
13
17
12
0
-7
-6
-9
4
0
2
-5
-2
6
4
3
-3
-7
-17
2
-2
2
5
-6
-6
-14
-9
-8
2
9
-4
-7
-6
-9
-7
-8
-1
2
0
-13
-13
-12
-12
-8
-6
-5
-2
-10
-14
-9
-4
-5
-2
3
-5
3
-14
-16
1
0
8
7
-1
-14
-11
-10
0
4
-7
-12
3
5
-10
-6
-7
-12
-3
-5
-5
0
-2
-10
-7
-5
-15
2
2
-5
-10
-11
-15
-5
-9
-11
4
-8
-4
-2
-14
-3
8
4
9
-1
-11
-10
4
5
-4
-11
-16
-7
-1
4
-4
-1
8
2
3
-5
-3
-5
-18
-1
5
5
3
-7
-5
-6
-2
1
1
-5
-4
-4
-9
8
7
-3
-10
-17
-7
-3
-2
10
9
2
14
13
10
15
-4
-17
-10
0
3
10
25
5
-2
0
2
15
13
8
16
11
12
7
-5
-11
-8
-8
0
7
-5
4
4
4
15
10
2
-4
-4
2
-1
-4
6
4
-2
4
-2
-1
6
3
5
-4
-3
-11
4
25
18
2
4
25
25
33
30
44
49
11
-14
-18
-7
11
8
15
10
6
-1
7
15
15
29
12
7
40
45
20
22
40
26
-12
-16
9
8
-28
-21
-14
-3
38
15
1
7
17
19
28
17
24
33
18
27
15
8
0
-3
-4
-2
-6
2
11
31
39
29
1
2
-24
-36
-13
-7
-7
-3
3
-5
-8
-18
-14
-6
-15
-27
-35
-21
6
6
6
12
7
29
14
-9
-3
-13
-16
-10
-6
-7
-7
20
45
40
22
-22
-43
-51
-37
-18
0
-9
-26
21
30
32
18
6
3
-12
-8
-29
-21
-9
-13
-7
-14
-18
-14
9
10
5
24
2
6
-4
-10
16
11
-1
-7
-33
-47
-17
-10
-12
-11
-12
-10
8
21
27
12
10
5
-39
-42
-25
-12
8
-27
-31
2
15
33
41
11
-4
-28
-48
-22
-14
-5
14
-13
-24
2
8
0
-1
-29
-39
-6
-10
-15
-20
-23
-26
-14
-31
-22
-6
-16
-2
4
5
15
31
8
1
5
-12
-12
-26
-28
-22
-18
-11
-3
-11
-2
14
4
6
-17
-37
-42
-24
-5
6
-1
-13
14
10
6
-9
-32
-38
-20
-21
-7
15
35
9
-16
-15
-11
37
46
30
6
-7
-13
8
11
0
6
5
-4
-27
-27
-25
10
33
29
7
-16
-9
7
33
41
36
27
-4
-8
-16
-14
-11
-19
8
12
-7
19
34
27
34
4
-37
-34
5
12
21
33
22
17
24
40
49
28
25
19
24
30
59
90
75
92
44
2
7
12
1
-5
-30
-30
-27
-3
24
11
26
22
41
33
4
5
7
8
-5
-5
18
19
29
14
6
-2
5
2
-24
-46
-33
-18
-17
15
20
3
12
6
17
41
36
52
25
30
23
-14
-13
-14
-15
-53
-63
-45
-5
-2
-20
-30
1
57
92
110
107
67
25
30
24
23
22
3
-3
11
-24
-53
-52
-25
6
23
25
11
9
28
39
43
60
43
41
32
28
7
-40
-48
-20
-17
-25
-14
-38
-28
-23
-46
-51
-60
-66
-48
-9
12
19
4
-3
-27
-37
-39
-61
-43
-39
-4
-3
-13
-21
-28
-41
-60
-22
-11
-7
27
25
-5
5
-11
-23
-10
-19
-43
-27
-8
-16
4
-2
-16
7
2
-25
-32
-25
-12
6
0
15
17
-9
-6
-25
-41
-43
-37
-16
-20
-33
-53
-54
-70
-65
-49
-7
37
28
-12
-27
-46
-38
3
31
39
9
10
12
23
28
31
53
61
23
3
14
34
51
31
-12
-34
-33
-34
1
4
-27
-25
-15
-17
-31
-17
-19
-37
-53
-36
5
-11
-36
-63
-52
-27
6
13
17
-8
-13
-5
16
40
14
19
9
32
37
12
14
-24
-16
-23
-53
-57
-58
-70
-72
-34
9
27
-2
3
28
20
-6
-40
-61
-30
10
11
4
-12
-31
-66
-79
-66
-35
-8
9
21
67
94
89
123
135
151
152
160
165
152
126
93
94
64
64
64
96
118
141
129
120
130
116
78
53
24
20
23
17
27
26
9
0
11
-2
-5
-4
18
29
6
32
59
20
-3
-28
-36
-4
60
75
66
101
117
127
113
110
115
111
72
32
34
64
99
127
130
111
115
102
64
53
52
51
42
38
29
-3
-51
-56
-27
-35
-36
-41
-32
-8
-12
-19
-22
-13
-3
17
24
14
-50
-91
-111
-82
-45
-33
-15
-24
-36
-30
-18
-15
-9
-23
-39
-25
-7
-7
-19
-46
-57
-76
-106
-136
-132
-108
-74
-54
-74
-96
-85
-87
-106
-119
-121
-149
-148
-120
-69
-34
-31
-4
6
-11
-8
-22
-59
-51
-40
-31
-25
-19
-28
-19
-17
5
14
-9
7
24
28
27
-5
-22
-31
-60
-115
-150
-107
-71
-56
-57
-38
-52
-66
-35
-28
-34
-67
-37
4
12
18
-48
-34
-33
-22
-86
-54
-60
7
-42
-30
-183
-424
551
20
-176
-125
-134
322
-62
-218
-68
225
54
-225
-66
212
47
-220
53
259
-24
-169
-38
10
-86
-151
-31
69
25
-94
-29
-1
-70
-137
-117
-52
48
-19
-135
-56
-83
-39
-62
-26
24
-64
-109
-49
23
15
-6
-30
-42
31
69
43
25
50
61
11
6
8
45
29
-27
40
123
129
104
114
116
86
61
115
117
83
102
111
102
62
34
44
30
14
50
88
83
59
18
10
-2
-28
-37
-12
46
55
69
87
104
114
112
102
71
55
48
54
76
72
100
102
94
104
105
70
53
53
76
96
93
120
128
98
80
64
79
133
134
172
205
155
130
150
171
157
102
54
41
2
-5
27
3
-13
14
78
121
155
183
193
129
183
279
177
96
112
166
146
72
51
148
190
101
55
68
49
9
-23
30
75
62
48
84
67
-1
-33
-19
20
-28
-60
-53
-29
-44
-13
24
46
75
61
55
18
33
37
27
11
-16
-35
10
59
82
93
80
94
65
65
47
-11
-18
-53
-25
-10
31
104
109
115
93
35
-8
8
41
40
33
34
59
60
3
-41
-6
31
34
42
32
-12
-26
-4
27
12
-39
-126
-134
-152
-172
-163
-180
-162
-176
-177
-200
-208
-210
-163
-144
-177
-140
-103
-106
-118
-124
-103
-68
-69
-105
-81
-65
-79
-103
-98
-124
-139
-145
-142
-136
-152
-142
-130
-87
-109
-115
-80
-101
-123
-100
-68
-58
-47
-21
-28
-49
-21
-38
-56
-53
-20
-31
-104
-161
-201
-206
-189
-166
-134
-110
-148
-196
-197
-189
-195
-197
-148
-117
-169
-194
-203
-211
-204
-205
-224
-203
-178
-193
-161
-135
-129
-92
-71
-83
-92
-76
-56
-28
-100
-82
-32
-19
-9
-13
-30
-70
-80
-1
34
9
4
27
71
20
33
24
27
58
92
155
176
148
99
107
100
91
100
74
62
25
-36
-47
-66
-102
-82
-47
-58
-38
-28
-63
-51
-29
-72
-81
-71
-127
-156
-180
-134
-76
-57
-55
-51
-51
-30
44
56
75
132
143
116
76
76
77
26
1
46
127
127
109
138
114
93
93
95
95
75
52
26
8
60
145
137
107
149
174
133
124
135
129
53
10
39
73
99
123
161
158
129
144
175
161
170
170
181
210
198
226
188
126
140
141
134
143
163
157
179
211
182
141
112
95
140
152
113
93
80
99
69
36
60
94
113
122
154
159
182
217
181
110
26
37
105
111
99
117
158
127
35
12
37
50
63
71
34
25
28
73
135
150
101
99
128
127
63
25
52
66
98
155
184
159
126
78
9
-35
-3
11
28
62
67
92
118
96
41
-4
-23
6
31
66
69
20
-22
-36
-46
-98
-91
-69
-57
-62
-36
-21
-63
-96
-109
-82
-64
-70
-30
24
0
-60
-77
-108
-82
-68
-112
-137
-102
-115
-150
-142
-96
-35
-34
-34
-79
-84
-67
-100
-134
-151
-167
-118
-68
-61
-65
-107
-138
-197
-210
-226
-218
-184
-176
-194
-253
-278
-268
-242
-210
-231
-282
-281
-237
-203
-224
-182
-167
-171
-190
-243
-235
-203
-189
-182
-143
-144
-169
-170
-157
-183
-168
-119
-79
-121
-109
-75
-101
-134
-165
-168
-164
-172
-188
-180
-168
-155
-164
-159
-153
-204
-233
-242
-291
-292
-295
-305
-303
-289
-258
-242
-205
-169
-126
-127
-116
-106
-122
-139
-157
-145
-154
-140
-117
-58
5
25
70
90
56
34
21
15
20
14
34
42
20
77
64
32
16
-7
-7
16
63
67
77
92
80
89
88
76
85
52
75
59
54
65
87
126
117
86
101
132
123
139
180
201
203
236
238
243
273
336
345
323
287
266
264
267
273
216
199
210
207
262
324
360
358
348
349
308
269
236
218
200
228
252
289
333
279
244
204
157
130
113
127
156
156
175
159
127
106
81
56
18
8
5
38
53
74
27
-73
-59
-14
39
88
112
110
100
86
79
112
119
52
40
51
94
126
126
134
110
69
40
3
-23
8
19
45
20
-13
18
35
0
-82
-143
-147
-145
-124
-115
-128
-114
-143
-143
-144
-102
-100
-156
-167
-140
-151
-156
-150
-150
-92
-75
-112
-84
-49
-28
-63
-118
-99
-132
-167
-132
-160
-224
-265
-280
-223
-158
-103
-129
-155
-152
-157
-134
-109
-140
-175
-179
-166
-136
-103
-103
-126
-141
-171
-195
-209
-209
-192
-179
-184
-213
-217
-182
-170
-146
-165
-201
-223
-240
-223
-211
-183
-143
-157
-198
-213
-227
-206
-206
-242
-256
-267
-271
-286
-265
-246
-270
-284
-281
-229
-196
-172
-169
-174
-176
-173
-129
-105
-117
-141
-171
-189
-222
-212
-185
-230
-261
-249
-242
-249
-191
-174
-190
-167
-184
-238
-282
-236
-146
-147
-167
-230
-242
-229
-213
-241
-293
-289
-284
-299
-257
-215
-232
-208
-177
-162
-144
-141
-187
-169
-159
-187
-202
-189
-178
-197
-226
-215
-155
-115
-92
-124
-157
-162
-138
-121
-79
-85
-86
-59
-48
-43
-80
-100
-126
-109
-83
-91
-82
-80
-80
-51
-18
66
149
183
222
210
191
169
201
236
189
188
197
198
221
196
203
230
238
241
186
176
205
223
241
226
197
157
134
150
163
167
222
268
302
305
308
353
342
329
385
400
369
361
365
367
326
271
302
360
360
329
369
452
506
494
460
438
424
421
400
446
502
525
537
569
563
557
576
597
616
631
605
562
530
510
570
553
574
575
549
556
581
594
585
609
578
554
567
570
575
561
544
537
512
513
509
515
525
512
508
513
515
510
522
477
404
352
327
338
339
313
240
155
140
144
171
225
216
96
13
10
-6
13
9
-34
-77
-97
-109
-92
-71
-97
-155
-165
-105
-88
-139
-182
-210
-234
-217
-164
-169
-211
-237
-260
-270
-337
-330
-256
-210
-241
-295
-275
-247
-248
-270
-259
-281
-353
-392
-383
-394
-399
-407
-414
-413
-434
-421
-398
-389
-416
-433
-404
-378
-400
-439
-437
-423
-399
-361
-371
-436
-457
-482
-498
-479
-480
-463
-441
-452
-496
-499
-480
-478
-526
-544
-504
-504
-509
-509
-499
-499
-450
-395
-392
-420
-488
-538
-570
-567
-561
-535
-516
-519
-500
-490
-526
-549
-545
-541
-535
-590
-674
-704
-715
-711
-684
-707
-687
-660
-696
-714
-729
-725
-704
-670
-648
-584
-548
-568
-589
-623
-607
-641
-653
-615
-574
-551
-518
-451
-410
-370
-328
-338
-346
-391
-438
-425
-391
-311
-301
-354
-370
-347
-326
-315
-298
-274
-318
-343
-333
-360
-313
-314
-313
-274
-266
-230
-225
-232
-230
-244
-229
-235
-233
-248
-271
-264
-200
-136
-100
-110
-121
-142
-196
-210
-161
-154
-179
-183
-187
-157
-177
-213
-174
-147
-110
-82
-70
-73
-95
-51
-6
31
8
20
19
-17
61
107
112
136
175
188
261
253
322
267
292
240
328
261
366
241
378
234
544
70
252
1603
-380
719
87
436
812
6
651
268
784
362
350
620
596
368
267
715
523
313
584
665
503
444
511
557
493
493
463
550
438
476
463
435
443
552
518
392
543
400
422
277
401
436
304
383
427
446
402
480
439
381
402
432
412
391
423
457
364
373
386
374
383
306
367
327
327
399
384
366
340
369
371
353
351
353
274
186
104
171
159
100
124
181
204
137
111
119
147
152
195
191
142
160
115
129
133
78
52
38
48
7
-1
44
28
-14
-23
-12
-17
-45
-62
-83
-98
-75
-76
-89
-82
-75
-77
-29
-34
20
-21
-44
-40
-109
-75
-122
-157
-152
-153
-198
-207
-235
-256
-319
-364
-335
-329
-306
-335
-331
-392
-439
-434
-435
-438
-464
-317
-287
-391
-413
-404
-370
-338
-354
-411
-365
-456
-502
-476
-437
-444
-433
-410
-435
-467
-513
-477
-464
-555
-610
-627
-589
-623
-687
-648
-631
-615
-598
-564
-622
-624
-558
-499
-462
-495
-507
-513
-520
-496
-515
-455
-390
-357
-345
-402
-404
-445
-404
-405
-398
-399
-362
-280
-211
-192
-224
-246
-224
-112
-132
-128
-167
-153
-81
-102
-65
-85
-33
-20
-68
-58
-84
-123
-158
-130
-115
-172
-139
-112
-169
-163
-130
-174
-149
-200
-212
-200
-185
-151
-155
-169
-234
-226
-209
-142
-221
-213
-182
-158
-165
-245
-226
-182
-123
-59
-13
7
0
-46
0
21
39
56
80
146
77
144
160
96
164
176
229
241
229
216
229
194
162
192
205
206
207
213
168
140
141
150
101
87
84
118
115
134
154
174
150
93
139
138
118
150
195
201
198
196
216
196
189
200
229
210
227
248
234
321
339
321
356
401
426
416
431
439
412
343
385
369
296
273
307
373
334
368
366
292
261
256
225
216
175
224
245
244
225
198
250
262
308
271
263
299
291
297
261
273
232
221
207
163
193
145
163
165
222
256
219
303
250
198
199
212
186
150
135
164
137
147
97
77
69
68
158
74
106
130
113
127
65
130
85
15
32
58
94
5
-1
-39
-107
-162
-187
-188
-204
-193
-205
-239
-247
-221
-206
-259
-210
-130
-95
-140
-200
-199
-281
-355
-297
-266
-344
-369
-323
-353
-433
-424
-345
-379
-400
-341
-301
-357
-404
-345
-314
-382
-403
-404
-404
-403
-354
-337
-355
-342
-382
-356
-362
-352
-345
-373
-358
-320
-276
-289
-255
-306
-304
-245
-270
-271
-272
-292
-326
-375
-331
-324
-311
-383
-392
-359
-404
-411
-350
-259
-251
-248
-246
-271
-270
-230
-220
-259
-263
-274
-292
-203
-195
-250
-216
-236
-286
-291
-251
-260
-301
-311
-248
-237
-284
-243
-232
-223
-188
-117
-113
-53
14
59
46
10
16
21
-28
-44
24
27
74
129
121
123
126
153
126
177
234
195
137
148
158
140
176
219
239
241
242
212
214
182
233
261
244
305
345
336
350
375
339
274
237
287
312
355
372
341
352
323
322
290
249
263
259
291
259
257
224
265
268
278
308
317
298
248
292
288
284
267
283
309
289
251
264
316
306
320
360
346
322
311
317
330
330
318
312
333
307
245
262
261
245
303
316
290
252
281
266
245
255
272
287
209
161
149
150
154
133
86
67
64
78
58
13
-14
39
69
56
45
12
36
62
97
94
57
21
68
83
63
63
115
130
116
118
87
93
55
35
56
57
50
80
23
-25
-45
-56
-52
-29
-69
-44
-54
-97
-114
-116
-107
-95
-67
-109
-154
-183
-178
-162
-153
-152
-150
-201
-163
-190
-226
-215
-238
-227
-250
-260
-294
-286
-293
-246
-261
-369
-365
-364
-360
-329
-357
-418
-428
-464
-465
-435
-409
-386
-409
-443
-407
-409
-394
-385
-387
-321
-329
-314
-265
-292
-336
-376
-345
-320
-320
-278
-251
-264
-210
-118
-71
-57
-63
-12
-45
-111
-167
-142
-233
-262
-226
-234
-284
-287
-209
-203
-225
-269
-194
-235
-263
-171
-162
-156
-149
-178
-246
-249
-224
-242
-254
-239
-242
-165
-154
-198
-222
-225
-194
-156
-104
-131
-151
-160
-127
-160
-133
-103
-152
-174
-210
-239
-295
-260
-233
-222
-202
-149
-126
-149
-134
-93
-74
-64
-69
-89
-22
27
62
95
55
43
77
68
86
152
185
178
134
204
272
199
169
185
185
119
124
133
136
167
189
177
182
208
202
192
177
178
212
193
120
138
105
80
123
130
156
185
194
188
160
146
90
69
68
97
134
130
136
163
163
177
226
256
308
366
367
345
301
292
290
296
322
378
454
517
530
557
560
510
518
485
466
454
450
516
535
554
492
437
420
401
384
371
381
405
384
363
360
363
380
384
327
301
281
240
277
325
327
363
406
456
417
406
396
379
400
363
371
338
354
417
458
470
449
389
360
373
363
332
285
294
313
289
213
194
183
130
34
43
150
114
37
4
15
-25
-72
-42
-5
23
-25
-92
-24
-24
-60
-98
-58
-22
-86
-124
-138
-84
-108
-66
-33
-32
-29
-81
1
49
33
-18
-77
-25
-24
-8
-35
-82
-53
-36
-43
-71
-88
-111
-114
-145
-177
-211
-218
-205
-293
-331
-261
-221
-235
-245
-223
-237
-290
-248
-292
-298
-292
-261
-210
-201
-171
-184
-194
-188
-152
-143
-170
-189
-188
-170
-166
-184
-243
-287
-321
-317
-288
-317
-345
-371
-381
-378
-393
-437
-440
-379
-305
-273
-247
-296
-360
-356
-328
-355
-411
-431
-434
-409
-429
-443
-456
-494
-502
-492
-434
-436
-416
-395
-368
-354
-353
-394
-491
-504
-503
-435
-371
-385
-425
-416
-395
-392
-340
-298
-342
-360
-369
-398
-355
-346
-325
-299
-280
-254
-244
-163
-112
-72
-96
-161
-197
-210
-160
-49
5
-14
-43
-43
6
-69
-152
-156
-89
-4
6
37
11
-30
-62
-73
-38
-68
-95
-93
-52
-67
-73
-30
-44
-46
-12
55
77
82
79
109
150
209
247
255
212
177
204
217
250
279
329
384
418
446
461
461
375
327
340
328
364
408
410
380
420
461
451
420
417
442
464
514
511
508
422
353
320
262
252
259
279
222
252
280
255
207
181
260
230
239
261
308
339
334
334
384
377
349
362
464
502
460
365
272
280
287
308
345
318
329
345
401
408
397
391
364
380
433
454
428
389
366
357
310
297
292
259
246
272
288
276
232
231
230
212
153
58
90
118
26
-23
20
13
10
62
99
139
128
139
105
94
116
77
61
21
-17
-24
4
48
32
7
41
42
35
20
-15
-28
-66
-56
-34
-48
-23
-13
-17
-15
-13
-36
-96
-72
-40
-48
-78
-115
-135
-147
-196
-244
-216
-185
-129
-123
-83
-69
-77
-57
-55
-70
-87
-59
-79
-116
-175
-222
-224
-212
-204
-221
-217
-191
-120
-113
-128
-144
-199
-255
-272
-278
-253
-212
-221
-219
-230
-261
-258
-263
-287
-289
-254
-203
-184
-260
-381
-446
-484
-483
-465
-441
-422
-441
-377
-334
-366
-382
-440
-430
-428
-410
-361
-414
-400
-360
-373
-381
-414
-435
-405
-399
-337
-249
-272
-302
-315
-274
-229
-203
-151
-147
-162
-149
-132
-149
-157
-149
-142
-159
-201
-172
-149
-141
-121
-87
-90
-126
-109
-87
-92
-96
-41
3
39
70
117
143
115
130
121
66
33
8
-5
24
40
26
58
93
74
24
-21
6
11
2
33
19
-7
-35
-33
-23
-6
38
62
64
82
109
102
152
132
71
28
17
60
85
166
242
220
172
164
140
146
162
170
112
77
50
44
34
3
14
36
152
205
205
180
152
173
174
143
129
102
116
162
163
176
123
99
106
94
122
130
130
137
133
102
121
89
62
88
76
106
175
220
221
151
122
134
116
55
25
30
5
23
42
78
102
106
132
196
173
225
207
205
249
251
304
321
271
279
225
211
244
240
267
200
158
195
226
249
230
186
175
151
182
187
158
138
156
203
180
184
179
180
176
166
140
98
124
148
132
77
88
121
129
139
181
202
131
132
116
106
127
93
23
-48
-6
69
69
52
-17
-108
-142
-92
-42
-46
-45
-56
-37
-52
-99
-81
-107
-126
-71
-67
-81
-170
-245
-210
-186
-189
-164
-153
-151
-158
-184
-223
-277
-277
-280
-274
-248
-223
-220
-282
-282
-242
-246
-250
-260
-245
-225
-204
-199
-274
-347
-384
-370
-359
-330
-348
-378
-401
-411
-463
-461
-478
-516
-459
-428
-394
-386
-400
-400
-359
-357
-353
-310
-282
-319
-350
-356
-347
-317
-311
-272
-233
-178
-131
-139
-144
-136
-120
-117
-150
-181
-193
-172
-68
9
-69
-124
-139
-124
-113
-114
-92
-146
-173
-178
-164
-110
-53
-70
-94
-60
-43
-29
-21
1
-5
-15
-37
21
58
69
49
28
54
33
47
87
96
157
167
168
171
164
168
151
129
133
133
108
101
82
88
115
132
167
226
253
246
271
284
262
204
153
146
177
233
264
250
219
155
141
123
91
140
185
143
81
84
77
36
52
89
129
208
248
254
222
184
197
152
179
215
238
272
246
256
255
270
234
240
280
287
358
369
362
368
360
360
361
376
420
438
404
357
304
287
270
289
269
213
233
275
277
273
216
174
95
109
88
126
124
200
285
223
269
246
251
240
214
163
170
157
191
197
116
105
61
51
99
111
130
148
108
89
75
84
69
44
79
101
86
112
150
134
105
52
76
118
116
131
83
132
120
50
73
86
65
43
2
-59
-97
-117
-126
-96
-61
-88
-149
-192
-204
-168
-98
-165
-183
-174
-256
-284
-303
-300
-294
-303
-296
-275
-289
-286
-241
-187
-179
-146
-154
-178
-168
-166
-195
-189
-220
-241
-245
-245
-251
-261
-268
-304
-279
-266
-254
-223
-242
-260
-227
-230
-258
-227
-271
-286
-257
-261
-255
-245
-227
-218
-230
-280
-358
-369
-340
-271
-214
-238
-283
-283
-242
-221
-192
-187
-234
-251
-225
-192
-179
-201
-224
-242
-241
-235
-258
-300
-319
-321
-269
-250
-246
-238
-267
-235
-205
-208
-249
-313
-330
-324
-273
-224
-219
-258
-283
-282
-281
-288
-255
-226
-195
-160
-170
-205
-275
-276
-258
-216
-170
-138
-143
-119
-94
-114
-114
-103
-138
-159
-99
-59
-43
-82
-110
-102
-65
-38
-10
-35
-32
28
54
72
69
95
118
133
160
160
149
181
208
197
153
162
226
266
258
241
246
195
157
147
128
172
217
228
260
280
330
334
279
234
168
178
175
107
94
111
313
441
588
577
441
296
62
-59
-148
-107
72
284
490
654
634
540
254
80
-25
-40
125
295
493
617
645
590
415
294
239
231
339
437
520
543
487
462
426
424
444
465
533
516
446
374
346
327
320
364
402
432
424
396
346
277
217
171
128
148
192
261
301
264
207
159
115
87
35
19
44
85
105
74
102
107
78
85
95
66
18
30
23
-36
-72
-63
7
79
80
-14
-92
-89
-122
-131
-134
-131
-106
-84
-87
-108
-123
-115
-107
-134
-121
-152
-184
-180
-149
-173
-210
-235
-288
-291
-278
-275
-283
-247
-212
-213
-216
-191
-191
-184
-135
-114
-80
-69
-56
-89
-118
-97
-116
-102
-85
-90
-105
-89
-116
-187
-209
-244
-258
-246
-233
-220
-197
-186
-205
-229
-290
-298
-269
-254
-193
-208
-242
-260
-291
-358
-380
-381
-414
-421
-452
-473
-531
-538
-531
-529
-481
-436
-388
-411
-413
-412
-445
-502
-571
-535
-510
-444
-403
-389
-430
-485
-462
-487
-495
-483
-463
-441
-422
-415
-440
-463
-498
-512
-451
-384
-312
-298
-327
-339
-372
-404
-400
-398
-423
-409
-355
-327
-326
-285
-299
-292
-278
-273
-255
-235
-207
-159
-134
-186
-218
-204
-173
-135
-136
-191
-202
-209
-177
-104
-83
-87
-48
-46
-57
-84
-132
-56
-32
-44
-55
-55
-34
-33
27
100
72
9
-26
-28
24
68
84
78
92
101
101
75
68
122
134
112
102
55
23
49
45
78
133
172
202
247
247
237
247
184
212
281
412
581
642
636
589
544
415
288
277
344
448
461
461
441
410
390
381
407
434
482
495
475
418
369
342
331
324
309
328
393
440
447
453
427
438
455
444
467
434
385
346
298
304
364
428
503
551
525
456
391
334
349
384
419
424
380
330
317
333
363
400
422
441
441
453
426
372
282
269
327
369
405
402
359
331
307
287
251
211
182
140
146
170
154
165
212
158
123
95
77
91
93
103
115
138
129
119
124
100
63
18
-9
-41
-52
3
42
14
5
30
17
10
-36
-39
-66
-120
-166
-221
-241
-223
-216
-213
-189
-140
-130
-158
-203
-291
-303
-299
-333
-316
-302
-328
-332
-316
-308
-293
-280
-290
-319
-361
-383
-351
-318
-273
-235
-275
-349
-378
-395
-399
-367
-344
-362
-358
-309
-341
-355
-361
-395
-362
-347
-380
-408
-444
-415
-382
-377
-360
-377
-359
-378
-372
-371
-452
-456
-436
-363
-291
-302
-249
-198
-210
-219
-250
-262
-307
-373
-390
-369
-321
-336
-389
-435
-463
-480
-495
-487
-470
-440
-351
-284
-290
-317
-352
-349
-327
-237
-203
-216
-205
-230
-245
-209
-195
-214
-184
-168
-155
-125
-93
-110
-114
-76
-48
-22
34
117
155
166
140
31
-29
-31
3
27
77
125
118
138
107
66
76
89
101
105
104
119
62
9
-22
-1
33
46
60
42
43
39
63
26
-39
-43
-15
20
90
132
133
148
120
132
155
150
147
160
146
180
216
239
238
209
192
185
182
187
170
170
159
136
123
135
160
201
244
279
295
260
213
214
240
243
246
215
216
221
244
245
240
229
177
197
273
321
270
197
190
191
235
309
333
303
280
281
250
292
336
338
331
358
412
431
428
418
388
383
397
376
396
428
416
388
339
324
330
352
349
332
292
237
229
209
240
253
222
234
271
252
253
243
176
121
97
91
148
230
286
333
348
375
368
355
321
288
289
322
385
425
343
298
291
245
182
108
152
163
132
134
109
94
90
83
110
97
92
128
172
203
178
127
115
124
106
117
86
32
26
35
17
49
32
9
-15
-40
-49
-60
-43
-41
-36
-58
-57
-47
-69
-67
-39
-66
-109
-196
-284
-276
-230
-214
-244
-242
-251
-296
-323
-319
-331
-337
-340
-312
-264
-261
-269
-314
-292
-232
-224
-223
-215
-210
-199
-175
-211
-258
-272
-221
-234
-245
-255
-294
-313
-294
-323
-365
-362
-389
-440
-488
-491
-520
-525
-525
-524
-529
-534
-479
-461
-458
-437
-425
-396
-342
-333
-348
-343
-316
-321
-291
-317
-344
-303
-284
-236
-145
-105
-126
-163
-225
-217
-210
-240
-252
-233
-183
-140
-145
-133
-117
-114
-82
-59
-67
-78
-64
-86
-109
-129
-165
-225
-229
-187
-175
-134
-128
-161
-196
-172
-169
-154
-133
-76
-31
-43
-15
-63
-163
-149
-129
-98
-43
-24
6
12
-22
-49
-18
1
74
132
154
170
162
154
139
140
176
245
280
336
352
318
293
251
207
151
151
231
305
341
335
273
283
319
324
306
299
259
231
241
222
184
192
215
216
214
203
195
221
235
266
321
378
405
407
425
462
496
548
557
518
482
493
534
545
554
514
471
482
458
406
386
368
346
367
380
353
358
382
437
457
422
375
327
305
303
267
231
229
229
266
287
291
248
212
184
162
187
163
164
213
234
205
228
243
269
299
302
336
354
345
331
308
287
283
224
160
145
132
117
117
74
22
8
21
57
58
84
77
29
14
12
32
82
122
95
84
97
97
84
74
65
65
92
132
122
74
36
11
29
17
-42
-106
-82
-48
-2
61
49
-32
-62
-52
-52
-56
-102
-125
-155
-150
-169
-220
-258
-259
-225
-200
-179
-221
-273
-284
-281
-309
-324
-328
-360
-382
-369
-360
-323
-269
-263
-260
-290
-327
-343
-332
-309
-310
-328
-346
-413
-489
-478
-479
-501
-479
-423
-399
-362
-327
-358
-393
-425
-491
-540
-510
-498
-491
-439
-385
-367
-385
-388
-426
-450
-435
-413
-394
-354
-294
-324
-339
-306
-297
-316
-324
-369
-374
-340
-299
-264
-289
-344
-355
-320
-282
-263
-255
-205
-169
-152
-110
-88
-110
-108
-82
-74
-64
-56
-78
-64
-72
-55
-44
-82
-74
-59
-35
-30
-43
-83
-86
-42
-4
22
20
2
-48
-62
12
84
82
52
11
-11
-24
-11
17
23
48
83
117
121
90
64
51
118
177
157
141
140
153
174
187
201
208
219
239
229
239
266
259
260
257
218
204
184
211
228
232
263
300
333
334
350
383
405
373
343
342
299
335
374
401
436
438
406
407
415
405
404
381
357
345
335
351
416
391
317
279
248
282
349
358
350
323
287
286
296
311
287
258
255
313
332
334
303
286
347
375
406
433
402
363
355
328
301
303
298
323
343
325
345
342
327
341
344
335
317
279
258
241
185
164
166
162
141
102
119
107
94
146
136
118
83
79
94
55
70
63
53
93
113
117
94
108
142
160
161
132
105
104
116
107
70
50
55
43
5
23
39
12
-12
0
-4
19
84
69
52
-1
-27
-43
-54
-46
-62
-70
-70
-7
11
-22
-77
-135
-168
-210
-265
-268
-260
-272
-289
-323
-375
-407
-423
-390
-337
-322
-308
-268
-240
-280
-291
-299
-339
-377
-371
-327
-295
-288
-223
-201
-222
-197
-202
-233
-240
-216
-190
-178
-219
-253
-265
-260
-246
-232
-228
-238
-237
-239
-232
-229
-246
-231
-247
-251
-199
-182
-176
-157
-163
-204
-257
-333
-365
-350
-322
-313
-359
-385
-382
-386
-369
-347
-391
-447
-458
-437
-436
-410
-429
-428
-352
-341
-297
-272
-321
-338
-336
-332
-312
-298
-302
-279
-272
-258
-209
-189
-197
-174
-160
-194
-184
-150
-192
-267
-297
-277
-201
-171
-160
-156
-185
-200
-220
-185
-192
-194
-180
-174
-182
-200
-199
-220
-212
-213
-196
-193
-178
-145
-116
-105
-122
-148
-166
-138
-128
-101
-81
-50
9
45
97
92
57
43
98
118
141
211
228
149
86
104
150
212
192
147
145
145
198
255
283
258
248
263
272
307
284
254
246
277
297
323
327
313
315
322
287
277
314
336
395
423
401
356
286
270
318
300
310
339
373
425
432
412
366
393
415
436
435
430
476
530
572
539
509
520
553
605
606
633
651
633
632
616
580
540
486
452
448
433
449
463
406
355
331
333
336
334
324
297
312
300
255
217
190
179
190
228
260
211
177
178
168
136
138
150
153
172
200
187
234
261
272
261
231
243
259
307
300
284
244
207
194
179
126
99
88
62
67
65
46
4
-69
-101
-113
-143
-157
-126
-115
-123
-142
-182
-214
-243
-199
-153
-157
-105
-75
-84
-88
-108
-155
-164
-187
-188
-188
-204
-217
-222
-291
-309
-288
-285
-244
-237
-257
-308
-288
-288
-293
-302
-302
-323
-350
-314
-325
-322
-325
-347
-372
-407
-399
-382
-407
-417
-411
-403
-424
-415
-444
-524
-515
-487
-441
-440
-438
-423
-435
-418
-416
-420
-393
-381
-392
-436
-458
-451
-455
-468
-438
-440
-453
-404
-421
-403
-421
-439
-433
-463
-468
-479
-481
-420
-349
-319
-323
-409
-453
-485
-494
-450
-461
-475
-500
-553
-555
-575
-573
-523
-511
-490
-459
-453
-421
-424
-379
-330
-317
-304
-291
-295
-306
-289
-307
-328
-364
-341
-261
-198
-123
-117
-96
-73
-106
-105
-110
-154
-125
-70
-35
-29
-47
-5
34
37
47
80
74
101
97
73
67
83
119
144
220
271
271
271
299
295
299
303
287
273
268
344
411
408
442
488
535
570
547
570
562
508
499
482
507
538
572
550
472
426
405
399
422
437
408
397
401
428
441
439
441
411
392
403
374
354
364
369
336
284
264
285
284
304
303
317
300
246
203
172
164
167
189
187
222
222
166
135
102
54
15
-4
-13
-46
-99
-145
-197
-287
-319
-328
-369
-362
-387
-427
-438
-436
-412
-394
-363
-348
-335
-324
-328
-306
-249
-172
-110
-17
62
160
258
385
533
707
884
1042
1226
1361
1475
1509
1561
1652
1667
1644
1634
1656
1693
1711
1687
1586
1432
1296
1179
1100
1004
837
702
597
475
351
221
99
-33
-148
-269
-355
-426
-470
-526
-575
-555
-530
-504
-392
-297
-130
10
94
256
357
528
622
685
804
799
774
837
810
702
673
579
571
524
440
419
361
286
173
0
-123
-211
-363
-430
-533
-662
-778
-905
-942
-995
-1084
-1112
-1168
-1223
-1240
-1297
-1330
-1357
-1441
-1526
-1575
-1606
-1599
-1648
-1724
-1810
-1927
-1937
-1980
-2013
-2032
-2166
-2248
-2283
-2378
-2456
-2564
-2570
-2598
-2637
-2569
-2505
-2305
-1983
-1538
-1094
-670
-305
1
295
500
764
1109
1400
1558
1672
1794
1890
1956
2036
2104
2037
1917
1848
1802
1648
1489
1332
1207
1037
763
492
260
47
-157
-338
-515
-669
-881
-1077
-1138
-1171
-1232
-1248
-1232
-1161
-1047
-952
-817
-637
-454
-262
-81
79
213
346
478
587
745
834
894
954
974
986
1003
1007
1008
966
894
840
764
734
695
600
571
558
538
528
653
783
858
972
975
1013
912
846
859
782
712
644
573
568
611
584
595
507
436
409
357
347
340
284
248
171
83
12
-127
-155
-247
-352
-368
-422
-448
-504
-537
-575
-706
-801
-879
-935
-905
-884
-883
-894
-924
-1001
-1170
-1313
-1442
-1581
-1703
-1823
-2013
-2100
-2254
-2416
-2500
-2657
-2717
-2713
-2651
-2330
-1811
-1307
-724
-282
129
474
702
1142
1630
1981
2218
2452
2701
2914
2976
3127
3253
3236
3148
3024
2983
2899
2723
2527
2380
2101
1779
1454
1159
933
629
366
145
-85
-337
-565
-768
-929
-1054
-1124
-1126
-1081
-1016
-899
-699
-465
-272
-154
20
234
480
657
765
909
1020
1060
1088
1142
1200
1282
1306
1311
1334
1291
1211
1167
1167
1162
1120
1100
1113
1134
1110
1007
970
913
813
784
756
709
590
351
159
92
7
-44
-140
-301
-377
-514
-589
-571
-643
-754
-899
-973
-987
-1093
-1157
-1176
-1259
-1306
-1397
-1470
-1450
-1463
-1464
-1532
-1615
-1675
-1774
-1850
-1932
-2100
-2221
-2420
-2621
-2761
-2932
-3055
-3148
-3260
-3420
-3589
-3787
-3847
-4021
-4185
-4112
-3982
-3494
-2884
-2330
-1589
-940
-337
210
585
1144
1703
2123
2561
2849
3029
3227
3281
3413
3552
3435
3333
3172
3024
2839
2454
2150
1879
1511
1151
706
302
-35
-451
-811
-1128
-1468
-1792
-2066
-2187
-2248
-2393
-2406
-2273
-2129
-1996
-1832
-1545
-1165
-773
-414
-26
342
640
860
1094
1326
1527
1662
1779
1892
1962
1971
1920
1876
1727
1574
1467
1392
1399
1356
1283
1238
1145
1070
915
751
705
687
635
603
525
477
422
284
284
270
218
214
154
122
125
54
55
31
-19
-12
-101
-138
-174
-288
-348
-413
-504
-591
-734
-861
-913
-998
-1062
-1144
-1278
-1402
-1526
-1586
-1660
-1794
-1929
-2060
-2250
-2379
-2548
-2651
-2681
-2792
-2899
-3007
-3104
-3206
-3279
-3429
-3469
-3374
-3191
-2676
-1933
-1220
-390
275
898
1599
2047
2601
3196
3629
3928
4112
4219
4372
4391
4373
4329
4032
3716
3378
3022
2746
2379
2035
1782
1378
987
583
200
-115
-464
-744
-945
-1199
-1458
-1575
-1632
-1634
-1661
-1562
-1345
-1148
-896
-607
-211
228
623
1036
1423
1740
2025
2219
2359
2452
2481
2480
2395
2303
2125
1945
1772
1540
1366
1158
949
834
756
669
608
542
445
401
380
410
496
591
686
737
846
909
980
1133
1189
1216
1196
1058
983
893
800
751
603
390
209
-39
-287
-489
-711
-924
-1196
-1398
-1540
-1733
-1897
-2046
-2165
-2258
-2352
-2375
-2370
-2430
-2440
-2463
-2513
-2590
-2766
-2876
-3006
-3131
-3211
-3383
-3478
-3592
-3753
-3901
-4026
-4121
-4209
-4267
-4310
-4009
-3475
-2619
-1717
-812
116
904
1597
2241
2947
3565
4055
4379
4595
4586
4475
4292
4158
3960
3545
3007
2458
1983
1454
978
633
300
-148
-631
-1050
-1392
-1687
-1967
-2100
-2196
-2324
-2514
-2581
-2464
-2297
-2161
-1929
-1575
-1185
-818
-404
143
702
1224
1610
1892
2120
2275
2333
2321
2328
2213
1964
1673
1377
1075
729
375
71
-163
-388
-621
-733
-758
-751
-730
-707
-614
-506
-358
-171
32
346
667
924
1201
1441
1574
1731
1800
1817
1746
1601
1467
1247
1046
809
553
333
98
-275
-639
-951
-1216
-1385
-1550
-1671
-1785
-1872
-1885
-1967
-2009
-2002
-2022
-1957
-2049
-2091
-2231
-2485
-2562
-2830
-3017
-3202
-3471
-3671
-3889
-4105
-4273
-4461
-4709
-4811
-4987
-5060
-5040
-4856
-4320
-3419
-2170
-903
451
1690
2794
3768
4632
5463
6269
6661
6873
7037
6771
6449
5898
5329
4912
4172
3328
2661
1903
1283
654
86
-159
-583
-1033
-1314
-1475
-1519
-1616
-1669
-1527
-1561
-1614
-1507
-1280
-888
-613
-306
122
594
1052
1503
1961
2473
2852
3025
3075
3062
2949
2696
2398
2044
1693
1256
718
338
35
-256
-462
-575
-510
-400
-289
-142
182
600
982
1357
1707
2065
2243
2520
2756
3062
3308
3275
3248
3021
2755
2347
1870
1460
981
408
-187
-767
-1286
-1694
-2063
-2307
-2399
-2502
-2556
-2565
-2475
-2257
-2095
-1848
-1562
-1291
-998
-960
-873
-756
-877
-903
-1133
-1344
-1627
-2131
-2555
-2993
-3485
-3962
-4300
-4679
-5012
-5379
-5671
-5845
-5949
-6129
-6150
-6125
-5766
-4946
-3614
-1861
-307
1549
3037
4460
5607
6534
7562
8186
8256
8018
7636
6739
5783
4560
3440
2488
1118
-187
-1053
-1800
-2276
-2587
-2674
-2497
-2500
-2435
-2232
-1836
-1455
-1104
-783
-393
-185
-97
140
403
730
922
1180
1498
1768
1953
2058
2162
2327
2356
2148
1729
1223
668
33
-609
-1185
-1587
-1977
-2278
-2364
-2196
-1859
-1488
-968
-260
479
1086
1655
2180
2687
3015
3129
3113
3116
2961
2682
2475
2280
2173
1837
1564
1210
753
348
-141
-583
-950
-1404
-1868
-2223
-2510
-2593
-2609
-2465
-2164
-1863
-1564
-1207
-864
-474
-226
-82
52
4
-96
-324
-575
-785
-1159
-1702
-2265
-2976
-3670
-4346
-5017
-5445
-5869
-6269
-6636
-6943
-7126
-7216
-7186
-7089
-6839
-6640
-5864
-4446
-2609
-128
2044
4348
6436
7814
8782
9538
10158
10305
9593
8300
7054
5205
3180
1376
4
-930
-2341
-3529
-3883
-3895
-3637
-3140
-2255
-1149
-381
0
496
1186
1647
1874
1893
1982
1960
1645
1482
1528
1729
1891
2015
2135
2253
2238
2044
1851
1669
1353
717
-113
-810
-1336
-1786
-2157
-2335
-2091
-1623
-1103
-419
567
1639
2482
3161
3781
4260
4325
4012
3657
3311
2761
2005
1287
822
479
287
282
675
1258
1705
2007
2118
2132
1894
1437
833
273
-323
-893
-1416
-1862
-2018
-2063
-1928
-1589
-1112
-583
-150
147
370
467
350
34
-299
-688
-1079
-1579
-2156
-2555
-3123
-3604
-4138
-4722
-5118
-5558
-5942
-6176
-6403
-6442
-6358
-6527
-6355
-6514
-6357
-6138
-5522
-3729
-1477
1225
3555
5913
8090
9552
10114
10589
10785
10323
8785
6574
4810
2769
530
-1365
-2468
-2909
-3560
-4120
-3510
-2279
-1046
-45
991
2040
2599
2473
2118
2013
1647
1121
362
-59
-149
-291
-317
-62
481
1007
1276
1227
1281
1121
637
-70
-845
-1457
-2142
-2893
-3202
-2886
-2203
-1411
-431
922
2380
3524
4323
5104
5635
5566
4878
3970
3027
1895
676
-429
-1072
-1396
-1519
-1407
-838
170
1098
1939
2576
3080
3329
2993
2351
1593
701
-353
-1479
-2427
-2872
-3046
-3069
-2789
-2275
-1534
-948
-547
-102
160
263
128
-117
-373
-712
-1203
-1794
-2263
-2604
-2971
-3492
-3907
-4268
-4567
-4878
-5166
-5325
-5379
-5672
-6086
-6412
-6639
-6656
-6942
-6940
-6818
-6693
-5462
-3395
-405
3063
5874
8342
10162
10653
10429
9739
8860
7518
4765
1991
-161
-2239
-3599
-4213
-3926
-2752
-1950
-1360
-30
1493
2737
3676
3992
4012
3466
2277
1248
471
68
-23
-105
-15
347
770
1265
1698
1877
1879
1326
244
-975
-2145
-3066
-3779
-4171
-4002
-3408
-2633
-1425
272
2097
3749
4940
5776
6107
5751
4944
3948
2889
1764
590
-380
-905
-989
-724
-111
736
1681
2529
3053
3337
3382
3215
2831
2234
1514
835
246
-346
-658
-754
-642
-445
-456
-469
-546
-681
-829
-976
-989
-1081
-1213
-1332
-1368
-1223
-1043
-932
-889
-961
-1146
-1391
-1793
-2099
-2528
-3100
-3569
-4090
-4496
-4640
-4673
-4717
-4691
-4861
-5072
-5210
-5560
-5569
-5576
-5534
-5557
-5421
-3944
-1549
1475
4620
7298
9543
10665
10308
9334
8354
7109
4902
1831
-662
-2515
-4052
-4784
-4515
-3095
-1302
-236
709
2220
3521
4252
4518
4299
3952
3101
1905
1179
986
1281
1692
2000
2211
2305
2213
1782
1045
147
-845
-2122
-3527
-4550
-5035
-4913
-4331
-3283
-1778
-162
1312
2685
3935
4821
5151
4991
4533
3630
2479
1507
968
823
908
1076
1405
1872
2230
2560
2751
2743
2471
1820
1070
420
139
353
769
1324
1891
2313
2495
2303
1862
1342
609
-365
-1562
-2684
-3391
-3756
-3721
-3295
-2665
-1977
-1397
-1116
-955
-856
-1026
-1389
-2056
-2729
-3328
-3969
-4299
-4456
-4374
-4254
-4442
-4743
-4963
-5415
-5876
-6275
-6603
-6970
-7567
-7963
-7868
-7524
-7072
-5350
-2209
1691
5412
8066
10350
11618
10914
8996
6831
4913
2600
-518
-3096
-4284
-4866
-4992
-4289
-2614
-496
787
1240
1855
2434
2521
2210
1746
1567
1553
1646
2235
3280
4591
5719
6194
6049
5227
3866
2056
-32
-2123
-3899
-5219
-6066
-6165
-5449
-4160
-2610
-984
464
1400
1713
1711
1581
1140
503
84
118
552
1104
1914
3102
4175
4828
5000
4759
4199
3191
1969
823
53
-350
-363
178
1323
2806
4217
5321
5843
5835
5199
3977
2481
880
-531
-1626
-2348
-2536
-2338
-1847
-1349
-1020
-706
-567
-750
-1186
-1770
-2365
-2886
-3403
-3598
-3317
-2892
-2453
-2246
-2277
-2394
-2991
-3714
-4565
-5244
-5881
-6770
-7148
-7540
-7199
-6829
-6715
-5794
-5482
-4994
-4736
-4637
-2316
496
3822
6736
8357
9864
10029
8518
6809
5579
4358
2376
-384
-2296
-2836
-3405
-3679
-2932
-1610
-239
-126
-375
316
806
1244
1630
1933
2531
3020
3544
4279
5181
5713
5916
5496
4257
2805
1223
-70
-1156
-2216
-2740
-2797
-2508
-2012
-1530
-855
-112
358
109
-601
-1164
-1356
-1264
-1080
-470
666
1866
2821
3440
4034
4655
4643
4007
3030
2076
1250
594
345
809
1960
3178
4113
4566
4665
4708
4240
3362
2606
1938
1345
667
217
238
550
845
806
592
120
-698
-1841
-2904
-3475
-3741
-3879
-3754
-3408
-2913
-2460
-1912
-1496
-1166
-1287
-2092
-2870
-3641
-4628
-5245
-5882
-6087
-6185
-6393
-6383
-6747
-6447
-6760
-6600
-6426
-6395
-6063
-6246
-4973
-2226
1466
5710
8422
10547
11400
9939
7416
4684
2657
700
-1705
-3821
-4559
-4361
-4117
-3161
-1798
-322
209
-598
-969
-1254
-1193
-780
-210
1016
2389
3615
4689
5582
6046
5921
5183
3564
1710
-101
-1600
-2357
-2542
-2038
-1105
-134
800
1402
1455
1117
518
-265
-1329
-2409
-2858
-2537
-1662
-518
945
2497
3566
3771
3281
2713
1968
953
-27
-566
-478
-42
655
1742
3166
4371
5046
5119
4484
3497
2312
1107
439
324
644
1256
1836
2433
2889
2849
2420
1707
763
-330
-1552
-2482
-2958
-2976
-2786
-2455
-1946
-1626
-1677
-2023
-2538
-3032
-3637
-4141
-4459
-4652
-4817
-5045
-5115
-5167
-5298
-5560
-6249
-6929
-7815
-8444
-8285
-8533
-7839
-6902
-4144
298
4809
8795
11073
12144
10929
7680
4140
1639
383
-948
-2162
-2264
-1504
-730
-661
-172
335
-145
-1941
-4055
-5020
-5019
-3996
-2249
66
2792
4787
6027
6462
6311
5466
3982
2072
46
-1337
-1710
-1023
322
1988
3678
4610
4586
3828
2491
903
-703
-1924
-2608
-2751
-2206
-961
710
2364
3675
4501
4638
3796
2464
1083
236
-257
-394
125
1088
2333
3015
3359
3342
3115
2481
1430
739
573
720
958
1362
2270
3213
3690
3518
3008
2461
1595
555
-254
-351
84
507
871
1235
1620
1645
1002
134
-699
-1328
-2064
-2650
-3007
-2924
-2469
-2388
-2254
-2756
-3559
-4482
-6094
-7047
-7995
-8292
-8096
-8541
-8264
-8081
-7805
-6973
-6555
-4949
-1460
1869
5635
7932
8574
8940
7065
4152
2061
422
-79
-514
-1379
-710
360
437
581
129
-519
-1173
-3266
-4553
-4477
-4001
-2644
-1206
166
1857
2827
2914
2779
2018
1011
186
-892
-1418
-1182
-442
922
1990
2815
3567
3528
2734
1597
370
-614
-1141
-1332
-1071
-454
253
959
1465
1606
1600
1373
1055
768
481
666
1224
1799
2528
3130
3616
3901
3499
2886
1988
1097
638
340
446
851
1340
1763
1841
1735
1634
1528
1207
716
335
124
-6
-174
-60
387
534
448
-146
-614
-1032
-1313
-1413
-1399
-1193
-1140
-1414
-1664
-1778
-1922
-1807
-2227
-3021
-4054
-4985
-6154
-6964
-7583
-7482
-7181
-7263
-7182
-7449
-6803
-6108
-5627
-3326
-38
3798
7046
7862
7660
6542
3684
379
-1747
-2212
-1210
-704
-385
1213
2125
2033
1213
-183
-949
-2336
-4331
-4968
-4059
-2452
-499
1064
2251
3034
2413
901
-658
-1965
-2518
-2604
-2379
-1313
326
1965
3074
3376
3196
2578
1249
-229
-1112
-1331
-837
58
1290
2607
3424
3494
3000
1987
653
-548
-1274
-1254
-679
316
1853
3279
4324
4800
4613
4343
3485
2175
1480
950
1188
1890
2380
3360
3923
3942
3656
2829
2083
1562
1053
790
806
915
1182
1093
674
504
140
-121
-660
-984
-888
-895
-796
-839
-933
-962
-1144
-1863
-1958
-1956
-1989
-1439
-1555
-1847
-2157
-3556
-4587
-6190
-6762
-6678
-6826
-6237
-6064
-5435
-5089
-4912
-4795
-2903
-100
3033
5778
6620
7097
6109
3633
1544
69
428
1085
963
1092
1458
1144
-21
-1131
-2046
-2012
-2460
-3032
-2168
-686
1172
2216
2425
2153
1329
-234
-1955
-2828
-2827
-1716
-496
674
1950
2727
2838
1912
430
-831
-1768
-2435
-2624
-1797
-115
1755
3156
3950
4222
3586
2201
495
-811
-1379
-1312
-623
387
1541
2462
3045
3251
2776
2174
1447
915
1126
1146
1964
3070
3602
4272
3930
3350
2749
1676
1031
983
1201
2027
2581
2710
3037
2724
1990
1093
-1
-240
-363
-702
-628
-424
-213
-432
-1207
-1800
-2349
-3061
-3457
-3821
-3458
-2943
-2712
-2574
-2881
-3522
-4216
-5264
-6080
-6668
-6595
-6136
-5907
-5694
-4989
-4535
-4379
-4390
-5014
-3064
-695
2247
5370
6160
7011
6014
3296
1349
-5
-11
547
428
585
1213
521
-690
-1545
-2206
-1548
-1716
-2119
-1357
-684
187
577
282
56
-482
-1652
-2438
-2304
-1217
530
1704
2503
3041
2682
1522
-288
-1990
-2852
-3277
-3454
-2855
-1624
-46
1149
1739
2131
2119
1509
563
-254
-305
328
1218
2108
2804
3158
3038
2355
1245
296
-221
-282
60
885
2127
3422
4081
4285
3798
3162
2309
1190
690
779
1621
2721
3568
4074
4061
3539
2646
1727
1146
1058
1322
1570
1769
1776
1588
968
-24
-988
-1920
-2542
-3069
-3106
-2669
-2148
-1883
-1816
-2106
-2595
-3376
-4444
-4952
-5438
-5393
-4972
-4854
-4485
-4676
-5015
-5284
-6031
-6197
-6413
-6236
-5468
-3122
380
4437
7512
8029
7712
5540
2913
611
-1054
-550
264
1050
2505
3418
3634
2716
1020
-162
-1074
-2026
-2237
-1673
-1069
-457
-114
394
823
488
-18
-530
-742
-274
644
1787
2780
2934
2446
1371
-120
-1390
-2131
-2265
-2025
-1594
-848
-23
545
777
659
251
-327
-720
-607
-44
799
1693
2368
2519
2292
1811
1711
1527
1773
2032
2523
3592
3640
3940
3791
3343
2952
1699
1123
1144
1239
1921
2587
3559
4348
4385
3922
3100
2218
1421
1029
1157
1831
2583
2913
2799
2184
1168
-103
-1358
-2332
-2825
-2803
-2433
-2036
-1760
-1947
-2254
-3022
-4049
-4837
-5695
-5771
-5715
-5338
-4698
-4257
-4313
-4795
-5705
-6416
-6963
-7786
-7810
-7512
-6448
-4237
-1479
2397
5831
6546
5916
4222
2346
961
-471
-123
1548
2723
3830
4563
4583
3588
1168
-1089
-2491
-3549
-3668
-2772
-1327
-301
-65
-198
-420
-1052
-1796
-2106
-1802
-1164
-276
925
1899
2450
2459
2113
1247
-11
-1014
-1414
-1518
-1257
-614
185
654
387
-269
-951
-1793
-2602
-2678
-2010
-831
225
943
1526
1742
1544
1388
1398
1721
2168
2644
2854
3032
3181
3011
2779
2311
1937
1930
1844
1907
2227
2558
3031
3171
3110
3075
2823
2456
2111
1936
2009
2102
2117
2031
1551
708
-236
-1054
-1621
-1874
-1687
-1102
-473
-90
-69
-377
-1112
-1992
-2623
-2823
-2759
-2692
-2491
-2215
-1973
-1854
-2005
-2050
-2623
-3796
-4615
-5099
-5145
-4972
-4586
-4094
-3734
-3741
-3644
-3323
-2782
-1788
-813
-98
16
-275
-359
-97
336
740
980
1204
1383
1227
991
821
871
957
1022
970
957
1134
1146
972
669
469
558
609
712
1088
1408
1502
1372
1220
1121
949
663
451
270
61
-112
-337
-459
-569
-616
-620
-919
-1209
-1142
-880
-588
-267
97
539
824
887
1076
1389
1597
1716
1793
1845
1870
1764
1767
1956
2224
2786
3398
3795
3976
3967
3814
3586
3304
3343
3731
4033
4079
4083
4209
4238
3843
3101
2373
1587
650
-217
-707
-526
-30
431
793
1016
990
560
-351
-1249
-1835
-2148
-2167
-2035
-1660
-1158
-787
-849
-1181
-1860
-2709
-3547
-4334
-4773
-4870
-4658
-4440
-4456
-4540
-4568
-4564
-4758
-5090
-5276
-5332
-5239
-5066
-4630
-3579
-2539
-2005
-1799
-1901
-1829
-1807
-1760
-1171
-193
545
1078
1577
2054
2575
2681
2522
2420
2079
1790
2140
2721
3535
4077
4386
4474
4051
3448
2991
2774
2504
2037
1619
1302
906
291
-180
-519
-922
-1384
-1831
-2079
-2171
-2235
-2147
-1945
-1711
-1463
-1357
-1387
-1367
-1292
-1110
-936
-784
-568
-248
-42
200
863
1662
2397
2854
3239
3715
3838
3791
3748
3993
4403
4725
4976
5154
5369
5307
5004
4559
4039
3393
2517
1693
1087
750
715
721
940
1146
1096
945
517
-50
-723
-1480
-1996
-2175
-2124
-1932
-1629
-1409
-1318
-1371
-1522
-1684
-2077
-2706
-3396
-4044
-4422
-4627
-4657
-4538
-4357
-4285
-4447
-4533
-4515
-4361
-4193
-4158
-3993
-3892
-3828
-3814
-3910
-3882
-3857
-3604
-2921
-2265
-1768
-1594
-1637
-1773
-1902
-1711
-1099
-504
-211
275
919
1517
1911
2199
2497
2598
2190
1958
2333
3013
3666
4089
4501
4602
4020
3034
2030
1097
376
-225
-477
-316
-134
136
325
216
-64
-482
-1048
-1528
-1772
-1639
-1274
-1008
-741
-426
-148
21
42
-84
-20
125
316
721
1216
1928
2566
2870
2966
3179
3371
3636
3927
4338
4889
5183
5068
4660
4163
3736
3222
2526
2257
2288
2460
2609
2775
2994
2972
2348
1415
500
-314
-880
-1182
-962
-282
346
757
921
850
496
-181
-955
-1416
-1634
-1770
-1841
-1850
-1783
-1784
-2005
-2312
-2708
-3127
-3379
-3635
-3558
-3160
-2781
-2494
-2315
-2192
-2177
-2357
-2654
-2945
-3065
-3085
-3071
-3101
-3212
-3495
-4011
-4596
-4899
-4677
-4298
-3873
-3350
-2919
-2634
-2564
-2501
-2098
-1439
-936
-521
195
1022
1865
2549
3318
4004
4321
4111
3888
3764
3682
3523
3492
3675
3785
3672
3346
3017
2538
2005
1542
1165
940
808
816
906
805
611
409
113
-153
-393
-460
-321
-246
-146
75
298
424
509
518
537
637
766
1149
1771
2345
2835
2963
2727
2436
1943
1599
1565
1648
2027
2492
2918
3301
3597
3750
3439
2753
2012
1410
959
819
1111
1739
2340
2559
2375
1956
1303
542
-124
-575
-743
-803
-843
-717
-673
-822
-1173
-1715
-2233
-2706
-2983
-2988
-2837
-2663
-2448
-2261
-2195
-2099
-2113
-2193
-2141
-2034
-1855
-1664
-1545
-1642
-1918
-2286
-2814
-3413
-3905
-4242
-4530
-4862
-5156
-5347
-5393
-5510
-5666
-5834
-6091
-6244
-6024
-5468
-4692
-3834
-3217
-2587
-2164
-1872
-1346
-666
-55
470
929
1639
2555
3258
3871
4318
4381
4140
3948
3844
3951
3905
3867
3898
3862
3776
3626
3480
3309
3064
2732
2476
2250
1870
1543
1347
1168
915
562
279
180
63
79
170
303
432
263
13
-149
-336
-443
-440
-415
-100
201
466
744
916
1029
1094
1116
1029
969
1089
1409
1955
2591
3345
3894
4146
4101
3713
3153
2603
2188
1966
1878
1908
1963
1984
2052
2032
1808
1373
777
149
-415
-738
-776
-669
-535
-524
-708
-1111
-1561
-1993
-2349
-2474
-2256
-1935
-1638
-1346
-1171
-1263
-1555
-1941
-2349
-2758
-3162
-3490
-3653
-3675
-3735
-3872
-3957
-4062
-4232
-4433
-4504
-4430
-4275
-4230
-4214
-4170
-4256
-4391
-4604
-4825
-4979
-5047
-4788
-4011
-3067
-2026
-1176
-766
-607
-714
-698
-398
187
817
1467
2268
2984
3695
4250
4724
4897
4733
4639
4938
5378
5732
5942
6016
5885
5529
4987
4606
4256
3776
3383
3004
2715
2332
1745
1201
654
24
-453
-838
-1143
-1222
-1268
-1122
-919
-868
-851
-987
-1215
-1293
-1224
-888
-421
70
693
1273
1715
1805
1785
1605
1262
974
905
1140
1508
1969
2444
2866
3227
3379
3305
3091
2777
2587
2431
2293
2417
2543
2546
2211
1648
1046
374
-365
-1015
-1358
-1446
-1428
-1293
-1030
-757
-688
-978
-1387
-1815
-2223
-2648
-3006
-3181
-3284
-3336
-3344
-3369
-3362
-3382
-3473
-3469
-3393
-3241
-2962
-2707
-2600
-2680
-2905
-3292
-3635
-3829
-3832
-3558
-3162
-2835
-2503
-2310
-2321
-2566
-2928
-3240
-3488
-3632
-3684
-3475
-3135
-2813
-2657
-2371
-2014
-1756
-1438
-1323
-889
-315
498
1457
2201
2938
3595
3911
4017
4292
4681
4986
4912
4902
5026
5088
4853
4688
4517
4023
3320
2709
2463
2311
1945
1717
1607
1375
1107
969
913
855
630
491
528
390
169
193
308
397
320
150
93
-66
-177
-58
83
151
168
215
358
460
606
868
1061
1064
1096
1133
1230
1462
1519
1596
1587
1307
955
662
534
587
662
654
777
755
681
632
576
580
505
215
-231
-812
-1365
-1763
-2089
-2190
-2190
-2149
-2130
-2091
-2069
-2100
-2163
-2316
-2457
-2486
-2485
-2583
-2686
-2626
-2482
-2412
-2273
-2106
-1943
-2020
-2356
-2566
-2621
-2611
-2547
-2402
-2260
-2137
-2235
-2429
-2575
-2738
-3008
-3291
-3547
-3543
-3233
-2843
-2352
-1759
-1132
-746
-598
-660
-689
-784
-886
-805
-482
-31
392
944
1188
1122
1013
877
812
910
1304
1990
2639
2905
3238
3669
3754
3704
3784
3908
3997
3841
3875
4278
4423
4215
3910
3535
3096
2618
2248
2206
2188
2094
2079
1981
1709
1246
752
370
-32
-373
-389
-221
-22
187
323
412
331
41
-208
-379
-503
-317
33
426
721
860
935
942
779
472
173
-3
-93
-33
148
371
452
294
101
-70
-295
-497
-571
-615
-589
-539
-504
-507
-578
-712
-772
-748
-688
-680
-774
-888
-1090
-1292
-1412
-1504
-1605
-1744
-1802
-1684
-1515
-1434
-1419
-1469
-1603
-1776
-1928
-1982
-2026
-2070
-2046
-1920
-1755
-1487
-1213
-990
-788
-727
-691
-610
-537
-396
-180
56
312
539
626
571
386
-8
-437
-867
-1248
-1470
-1506
-1528
-1449
-1308
-1267
-1282
-1379
-1523
-1694
-1825
-1786
-1605
-1484
-1341
-985
-656
-526
-384
-193
40
304
647
1336
2037
2469
2800
3079
3174
3280
3367
3505
3669
3724
3757
3800
3806
3727
3521
3158
2763
2404
2132
1987
1879
1777
1658
1397
1031
521
69
-236
-641
-1031
-1254
-1319
-1242
-1106
-952
-856
-902
-1131
-1410
-1734
-1977
-2029
-1947
-1745
-1444
-1244
-1125
-1075
-1180
-1267
-1294
-1256
-1053
-801
-567
-302
-184
-169
-192
-271
-222
-203
-237
-190
-108
74
228
342
409
334
127
-56
-264
-375
-356
-305
-173
-151
-184
-204
-364
-569
-759
-864
-831
-742
-592
-291
43
252
394
427
274
-80
-533
-826
-819
-653
-390
-75
135
224
213
69
-85
-115
-72
-17
16
11
-72
-214
-392
-689
-1053
-1356
-1565
-1698
-1685
-1514
-1281
-1135
-1172
-1277
-1385
-1461
-1504
-1505
-1382
-1139
-875
-780
-601
-471
-457
-378
-369
-160
319
922
1681
2397
2955
3284
3369
3170
2945
2649
2364
2297
2285
2337
2533
2667
2751
2762
2578
2270
1790
1322
970
680
485
440
413
359
223
-102
-493
-960
-1357
-1557
-1729
-1753
-1685
-1698
-1704
-1724
-1827
-1789
-1787
-1810
-1798
-1763
-1547
-1204
-882
-557
-247
-113
-174
-160
-6
13
81
393
678
1021
1390
1688
1750
1568
1423
1388
1286
1247
1565
1856
1952
2039
2003
1919
1780
1341
879
483
219
70
83
270
390
403
393
370
254
96
89
163
213
315
505
743
777
730
678
462
125
-225
-342
-292
-252
-228
-86
87
98
-15
-100
-221
-442
-684
-790
-795
-919
-1079
-1280
-1546
-1918
-2223
-2282
-2196
-2047
-1798
-1441
-1251
-1194
-1245
-1318
-1503
-1831
-2031
-2125
-2095
-2015
-1918
-1769
-1564
-1434
-1317
-1174
-935
-769
-683
-504
-299
-23
290
642
924
982
995
1030
1106
1038
997
1068
924
708
539
428
436
337
294
409
437
435
487
444
306
119
-135
-374
-580
-809
-961
-936
-914
-792
-636
-541
-568
-745
-894
-886
-847
-773
-497
-100
323
645
953
1218
1356
1340
1178
1081
993
960
1036
1280
1635
1931
2174
2291
2284
2141
1949
1921
1961
2052
2183
2242
2331
2312
2268
2182
1938
1606
1243
905
606
366
280
259
305
413
495
471
395
376
223
44
-63
-265
-468
-642
-783
-834
-863
-974
-1145
-1247
-1171
-969
-736
-513
-279
-181
-329
-564
-760
-893
-927
-922
-960
-1005
-1033
-1080
-1121
-1158
-1187
-1214
-1282
-1439
-1502
-1377
-1166
-989
-935
-1047
-1279
-1565
-1888
-2035
-2159
-2311
-2501
-2697
-2821
-2822
-2738
-2642
-2515
-2536
-2552
-2487
-2368
-2080
-1780
-1386
-1013
-908
-800
-602
-277
-21
143
391
631
784
827
1041
1280
1449
1541
1645
1763
1874
2002
2146
2211
2193
2165
2018
1895
1823
1689
1565
1509
1455
1478
1611
1734
1768
1665
1590
1587
1489
1460
1545
1616
1708
1823
1991
2121
2144
2137
2078
1871
1705
1648
1552
1546
1538
1584
1724
1854
1970
2072
2141
2154
2052
1834
1691
1543
1320
1141
1020
864
561
124
-210
-420
-532
-479
-411
-319
-287
-359
-452
-591
-773
-929
-1027
-1110
-1106
-1019
-953
-850
-745
-694
-631
-639
-635
-591
-504
-325
-220
-213
-233
-321
-470
-712
-923
-1038
-1168
-1291
-1381
-1352
-1254
-1186
-1203
-1328
-1545
-1893
-2176
-2450
-2703
-2824
-2902
-2973
-2942
-2817
-2640
-2537
-2599
-2666
-2720
-2751
-2725
-2616
-2410
-2114
-1896
-1782
-1627
-1420
-1307
-1244
-1145
-1095
-966
-767
-484
-220
-12
281
519
615
714
868
1020
1155
1411
1753
2050
2211
2295
2354
2388
2495
2557
2649
2822
2919
2871
2729
2558
2316
1889
1508
1292
1105
998
1062
1188
1286
1411
1539
1605
1643
1661
1668
1653
1694
1839
2015
2189
2274
2221
2046
1831
1652
1476
1397
1397
1402
1459
1460
1398
1257
1053
804
551
299
117
0
-149
-291
-441
-550
-660
-770
-857
-941
-950
-946
-902
-922
-1051
-1141
-1305
-1480
-1582
-1691
-1691
-1618
-1557
-1428
-1297
-1132
-914
-781
-702
-752
-898
-984
-1023
-1052
-1137
-1185
-1179
-1129
-1012
-872
-838
-917
-963
-975
-946
-911
-856
-793
-810
-847
-895
-955
-1057
-1214
-1470
-1696
-1878
-2019
-2125
-2247
-2312
-2383
-2409
-2389
-2396
-2345
-2221
-2103
-1982
-1806
-1585
-1345
-1157
-1039
-874
-673
-516
-275
60
372
689
896
1023
1087
1036
1020
1046
1078
1231
1509
1788
1994
2223
2475
2648
2704
2704
2687
2669
2674
2869
3078
3180
3228
3190
3042
2785
2515
2241
1940
1638
1458
1291
1210
1224
1265
1234
1092
829
583
405
264
216
214
185
229
251
288
423
487
578
675
672
647
672
671
624
523
413
349
198
-5
-90
-174
-303
-382
-471
-540
-558
-525
-502
-557
-568
-585
-686
-842
-1012
-1102
-1105
-1109
-1157
-1166
-1134
-1207
-1351
-1427
-1401
-1382
-1374
-1269
-1074
-892
-783
-817
-933
-1018
-1081
-1095
-1061
-993
-931
-944
-1002
-1041
-1097
-1159
-1230
-1264
-1225
-1066
-859
-702
-574
-512
-537
-662
-786
-764
-627
-487
-347
-252
-203
-264
-444
-620
-807
-998
-1119
-1114
-1027
-925
-838
-808
-776
-787
-871
-965
-965
-845
-656
-356
-12
213
388
483
532
636
688
777
931
1080
1259
1474
1609
1719
1771
1760
1730
1726
1695
1693
1740
1707
1661
1594
1559
1473
1285
1050
892
774
722
763
740
713
670
580
462
330
208
69
-46
-74
-48
48
56
5
-28
-32
-80
-56
12
85
154
208
316
402
512
621
639
563
555
588
570
543
496
448
410
349
298
252
163
-19
-186
-316
-417
-501
-591
-672
-798
-991
-1249
-1447
-1594
-1705
-1763
-1749
-1704
-1642
-1521
-1283
-1041
-849
-699
-623
-579
-616
-598
-576
-554
-477
-331
-121
61
126
91
55
48
14
10
95
108
99
157
143
54
-74
-180
-221
-275
-321
-306
-270
-321
-451
-527
-637
-715
-738
-713
-602
-544
-519
-527
-519
-528
-538
-482
-474
-475
-426
-373
-314
-265
-233
-164
-107
-55
-16
38
153
224
258
346
439
510
501
529
604
672
707
702
752
840
885
839
758
690
638
611
575
576
609
567
543
513
508
465
391
293
230
289
378
476
596
684
714
720
741
793
869
1003
1079
1086
1153
1252
1386
1429
1391
1298
1132
927
778
626
487
373
315
364
446
554
614
572
424
217
-15
-197
-299
-389
-440
-485
-507
-559
-652
-695
-745
-847
-981
-1059
-1108
-1111
-1023
-846
-629
-454
-314
-227
-209
-204
-221
-238
-208
-122
-47
-44
-82
-94
-74
-146
-199
-226
-217
-169
-158
-116
-98
-69
-56
-93
-120
-159
-293
-438
-591
-681
-742
-795
-778
-740
-692
-773
-937
-1104
-1201
-1174
-1131
-1109
-1084
-1064
-1076
-1087
-1029
-969
-918
-917
-949
-976
-926
-880
-825
-754
-687
-572
-496
-393
-263
-200
-199
-234
-321
-382
-403
-369
-315
-260
-179
-97
-15
22
26
104
144
147
227
365
518
650
788
964
1125
1125
1008
905
793
688
685
747
832
988
1148
1348
1487
1485
1472
1396
1261
1175
1174
1254
1324
1343
1364
1385
1348
1242
1124
979
822
702
652
642
621
666
735
704
612
488
353
238
135
66
38
-7
-43
-107
-189
-308
-526
-723
-869
-936
-940
-883
-768
-639
-548
-487
-398
-344
-323
-332
-322
-305
-317
-275
-224
-217
-206
-182
-187
-235
-257
-260
-209
-194
-162
-60
20
76
50
-28
-161
-340
-473
-555
-640
-672
-711
-743
-779
-812
-879
-976
-1054
-1142
-1216
-1272
-1277
-1311
-1268
-1232
-1182
-1111
-1061
-1023
-1036
-1085
-1167
-1170
-1169
-1179
-1115
-1058
-1029
-973
-911
-765
-605
-463
-331
-265
-259
-283
-286
-217
-161
-95
6
114
310
499
659
759
721
678
674
679
722
796
865
979
1050
1134
1206
1191
1134
1039
976
925
896
892
942
966
961
921
899
960
1020
1068
1111
1139
1238
1322
1405
1483
1504
1468
1369
1229
1132
1046
993
990
1059
1123
1150
1152
1103
1072
959
798
692
583
498
450
392
303
142
-14
-179
-375
-519
-628
-658
-681
-666
-585
-526
-481
-494
-591
-726
-844
-929
-996
-1026
-999
-945
-857
-760
-731
-740
-769
-809
-848
-885
-880
-846
-751
-611
-476
-362
-312
-273
-207
-139
-208
-361
-500
-645
-749
-760
-745
-681
-596
-587
-645
-754
-855
-935
-1000
-1048
-1074
-1071
-1027
-904
-841
-823
-792
-804
-810
-827
-827
-791
-773
-767
-687
-569
-464
-415
-320
-178
-53
86
247
394
425
411
433
483
529
616
705
777
828
861
897
963
1006
1076
1137
1121
1066
1027
1083
1121
1147
1096
1024
1001
942
867
862
843
827
844
915
993
1079
1062
1051
1093
1106
1145
1137
1098
1030
944
833
732
647
621
658
683
667
736
839
894
909
810
595
415
262
165
168
183
199
198
133
36
-71
-205
-381
-551
-672
-704
-739
-770
-805
-849
-887
-941
-963
-939
-949
-958
-997
-1034
-1005
-999
-987
-1005
-1008
-1010
-1010
-995
-955
-824
-697
-662
-645
-664
-636
-580
-606
-565
-473
-378
-283
-201
-158
-145
-206
-330
-405
-447
-466
-453
-442
-443
-454
-478
-536
-607
-681
-758
-769
-746
-702
-602
-539
-462
-404
-346
-351
-411
-482
-522
-511
-492
-405
-292
-154
-11
144
240
348
447
485
524
518
548
567
597
674
761
862
995
1110
1182
1225
1236
1217
1181
1139
1058
984
912
790
680
625
554
540
542
587
616
603
638
656
606
540
446
316
275
293
400
533
617
666
661
602
526
419
378
421
460
549
629
666
641
600
551
491
451
433
392
362
338
298
240
118
-56
-166
-280
-361
-388
-424
-419
-415
-430
-464
-530
-581
-609
-633
-647
-630
-579
-538
-548
-567
-546
-559
-628
-670
-681
-628
-543
-456
-340
-260
-203
-209
-253
-276
-300
-293
-227
-157
-60
59
167
201
190
141
34
-144
-352
-463
-490
-483
-462
-413
-345
-287
-272
-319
-379
-484
-613
-682
-702
-633
-522
-462
-391
-312
-227
-136
-75
-35
66
188
270
362
468
529
543
572
576
539
519
509
525
591
652
707
747
738
679
578
395
257
142
59
10
3
-9
-3
19
8
32
3
-34
-54
-85
-126
-121
-69
-15
-30
-66
-46
-26
33
60
110
180
213
214
199
215
197
110
14
-12
18
60
118
158
219
313
331
350
388
367
322
286
225
161
119
112
67
-60
-178
-244
-289
-333
-335
-358
-422
-492
-531
-534
-557
-609
-660
-709
-743
-725
-641
-519
-429
-376
-384
-362
-370
-395
-416
-442
-410
-315
-248
-167
-79
-65
-19
8
-9
-20
7
53
99
142
119
100
77
59
71
42
-1
36
102
166
236
296
288
228
167
97
20
-53
-86
-77
7
102
202
285
296
243
115
-12
-84
-129
-106
18
96
178
206
254
280
243
230
230
246
241
315
418
483
461
344
261
219
166
108
142
146
134
193
226
225
152
45
-89
-201
-297
-354
-333
-275
-183
-103
-85
-49
26
60
96
149
160
118
73
94
125
141
158
172
188
175
155
178
208
260
288
270
258
232
206
201
232
244
274
339
393
448
491
482
428
345
284
216
156
111
72
53
33
4
-30
-10
-42
-115
-172
-225
-259
-303
-389
-442
-428
-435
-419
-406
-392
-345
-305
-250
-245
-246
-215
-222
-244
-242
-229
-195
-175
-155
-118
-49
5
63
110
105
77
1
-45
-86
-161
-190
-192
-149
-114
-106
-119
-129
-145
-161
-172
-128
-77
-27
74
96
15
-55
-117
-167
-190
-192
-161
-121
-69
-12
4
10
-3
-65
-112
-160
-201
-208
-191
-153
-96
-66
-30
8
55
81
41
-20
-41
-34
-31
-36
-20
-4
-3
-23
-37
-56
-65
-80
-93
-115
-167
-199
-221
-277
-285
-269
-260
-228
-199
-172
-139
-105
-71
-41
-13
-6
33
60
90
180
275
360
387
364
325
303
257
217
208
185
174
157
129
117
104
135
195
196
151
134
109
78
59
59
76
94
116
128
134
131
52
-12
-57
-87
-106
-158
-214
-262
-310
-312
-321
-390
-441
-430
-374
-378
-373
-364
-320
-272
-220
-120
-33
38
110
173
179
195
221
171
147
138
157
219
274
308
299
259
203
120
41
-31
-120
-189
-233
-212
-199
-192
-169
-157
-182
-233
-253
-240
-228
-265
-245
-171
-74
-42
-24
13
27
61
30
9
73
156
228
288
350
350
340
327
266
239
216
192
174
151
167
186
183
149
103
74
59
96
100
87
54
21
17
26
20
8
34
10
-50
-109
-133
-147
-108
-89
-88
-76
-91
-57
42
155
238
292
340
415
490
553
598
612
622
593
551
533
512
490
446
401
365
307
259
196
121
11
-89
-174
-246
-292
-312
-323
-345
-389
-388
-418
-438
-389
-396
-433
-422
-439
-414
-408
-454
-475
-525
-516
-496
-460
-422
-401
-361
-311
-287
-236
-184
-138
-72
-22
82
158
192
270
277
252
220
155
134
154
145
130
131
140
115
60
2
-62
-136
-188
-216
-224
-203
-244
-280
-300
-352
-416
-494
-569
-593
-582
-565
-543
-487
-421
-389
-373
-303
-288
-270
-186
-106
-27
90
184
264
347
437
474
474
510
504
526
475
404
361
308
274
286
221
168
177
153
179
238
275
267
207
130
109
78
58
93
143
168
163
152
147
103
76
34
-7
-21
-62
-54
-3
16
32
39
70
98
94
75
42
-26
-99
-123
-163
-186
-147
-121
-126
-111
-108
-121
-133
-177
-203
-243
-311
-391
-470
-490
-496
-486
-479
-432
-414
-443
-441
-452
-441
-451
-479
-485
-433
-399
-368
-376
-335
-238
-165
-61
22
120
181
216
220
227
241
263
262
268
283
271
273
278
244
215
182
146
163
188
212
215
136
76
25
-59
-109
-149
-206
-204
-190
-171
-95
-49
-67
-74
-84
-121
-125
-159
-123
-85
-88
-55
-42
-21
41
118
208
304
369
420
516
577
640
703
716
757
838
933
987
1009
1012
976
906
850
804
754
704
625
562
540
514
481
452
394
349
310
291
301
336
309
262
234
170
160
183
190
209
193
132
117
79
103
165
169
157
156
97
37
-26
-69
-103
-156
-214
-247
-277
-324
-317
-350
-384
-419
-441
-490
-514
-482
-485
-495
-494
-505
-524
-515
-516
-544
-508
-447
-418
-394
-382
-399
-422
-439
-446
-456
-453
-457
-447
-400
-400
-334
-251
-218
-155
-99
-93
-68
-53
-56
-24
-58
-71
-59
-20
38
93
126
141
60
-5
-80
-160
-244
-331
-367
-385
-371
-334
-312
-312
-309
-313
-323
-295
-270
-252
-190
-133
-53
40
143
172
175
179
188
216
210
227
229
229
160
138
178
218
261
223
201
145
94
132
184
275
328
357
344
291
227
175
129
62
-43
-80
-111
-110
-81
-51
-46
-32
-34
-71
-119
-127
-144
-178
-200
-209
-195
-207
-207
-197
-242
-296
-328
-336
-286
-246
-191
-116
-58
-19
-7
17
51
72
94
130
185
196
212
225
175
119
45
-61
-123
-176
-211
-213
-191
-183
-149
-126
-113
-94
-150
-186
-219
-257
-301
-331
-294
-204
-129
-107
-93
-83
-140
-194
-215
-226
-195
-185
-165
-157
-194
-206
-185
-122
-84
-36
-22
-18
5
57
119
154
185
220
250
307
375
400
431
445
462
529
580
583
517
465
477
482
493
477
444
440
448
448
429
397
391
365
361
399
374
356
355
348
302
257
191
158
203
229
269
325
352
412
414
396
376
352
384
392
425
447
417
399
403
374
364
356
263
228
173
141
168
149
140
121
85
24
15
19
52
103
112
103
74
42
2
-38
-99
-146
-188
-269
-256
-197
-195
-191
-187
-173
-160
-161
-226
-301
-350
-395
-359
-294
-259
-229
-166
-154
-155
-147
-175
-194
-190
-208
-206
-193
-194
-178
-192
-165
-156
-195
-230
-263
-268
-277
-241
-179
-174
-156
-155
-201
-203
-217
-227
-224
-220
-240
-248
-219
-168
-126
-136
-154
-169
-203
-220
-227
-228
-194
-134
-85
-43
-18
15
17
8
31
16
38
42
32
14
-12
-29
-85
-109
-129
-139
-142
-187
-176
-135
-107
-69
-96
-139
-192
-240
-272
-282
-278
-286
-272
-235
-249
-241
-234
-276
-315
-355
-339
-325
-288
-247
-191
-141
-130
-61
-49
-29
1
14
42
37
30
39
26
15
2
-2
23
28
-9
-10
0
-14
4
-2
-30
-39
-45
-80
-100
-121
-118
-88
-72
-55
-45
-43
-66
-100
-140
-166
-174
-160
-147
-93
-82
-63
-33
-37
3
32
46
45
60
78
117
159
195
200
177
145
135
149
126
125
145
176
175
164
161
120
91
55
4
-25
-31
2
-14
-53
-95
-140
-151
-138
-115
-109
-99
-112
-108
-52
-65
-76
-78
-80
-66
-38
40
108
154
202
202
159
143
143
151
159
129
106
124
138
191
216
240
258
249
240
216
192
162
154
195
219
235
250
216
188
163
143
127
125
125
134
118
87
66
51
47
54
37
9
-42
-36
7
24
27
34
32
1
-5
9
36
38
30
44
78
107
115
102
73
43
22
38
26
44
81
86
85
96
86
88
86
65
46
-1
-10
-22
-1
11
5
14
-14
-22
28
44
47
22
-30
-6
23
67
104
117
79
41
74
101
132
161
183
198
191
142
97
77
74
70
48
68
62
39
-1
-33
-71
-112
-104
-103
-97
-130
-152
-151
-138
-107
-121
-156
-214
-264
-250
-230
-197
-219
-235
-226
-212
-176
-157
-159
-169
-192
-190
-183
-184
-176
-182
-182
-206
-227
-241
-221
-203
-173
-141
-103
-87
-70
-114
-160
-156
-224
-260
-261
-249
-204
-178
-195
-202
-178
-172
-190
-262
-306
-326
-313
-321
-321
-305
-284
-232
-198
-184
-209
-246
-246
-205
-155
-150
-121
-71
-84
-113
-120
-141
-146
-118
-102
-61
-37
-2
31
92
142
115
88
38
12
-35
-67
-72
-65
-64
-52
-50
-48
-53
-93
-172
-239
-250
-229
-192
-150
-168
-187
-156
-142
-128
-120
-105
-125
-138
-116
-66
-20
13
29
16
36
47
51
102
125
153
170
168
207
249
236
232
233
213
204
186
169
151
133
107
73
40
28
-9
-55
-90
-77
-65
-58
-15
-46
-37
-39
-70
-58
-38
-21
6
23
83
125
101
58
21
-16
-40
-11
46
110
134
141
129
141
145
162
129
116
144
133
145
155
134
106
68
15
-5
6
21
25
38
40
41
70
102
103
89
77
54
73
63
86
121
87
100
111
84
88
88
47
92
99
86
126
171
225
234
224
220
223
165
140
136
103
95
98
92
63
42
27
41
65
67
71
84
76
95
99
66
45
40
94
97
102
95
88
111
76
89
80
32
13
-29
-59
-68
-69
-57
-58
-17
-3
-3
41
77
99
84
64
68
72
44
19
14
-14
-3
-26
-23
-51
-81
-115
-183
-206
-210
-179
-151
-169
-215
-216
-181
-156
-160
-181
-188
-175
-178
-192
-251
-332
-384
-374
-367
-382
-381
-386
-378
-379
-410
-394
-382
-355
-328
-294
-290
-258
-225
-200
-159
-138
-132
-151
-141
-128
-83
-55
-50
-37
-34
11
-18
-33
-48
-39
0
45
45
18
8
-4
17
33
61
38
1
-30
-79
-64
-18
3
12
-9
-23
-45
-35
-38
-14
-7
-50
-35
-66
-97
-92
-80
-98
-109
-128
-134
-117
-86
-47
-15
41
78
87
60
16
16
19
19
17
7
7
14
-15
-44
-48
-66
-67
-63
-88
-83
-92
-102
-60
-70
-67
-86
-106
-86
-51
-17
-9
-7
-5
5
-34
-60
-70
-120
-131
-89
-53
-23
-17
-41
-69
-82
-111
-125
-123
-90
-80
-65
-54
-59
-34
-42
-51
-98
-135
-149
-131
-74
-65
-79
-87
-86
-62
-14
-16
-21
-35
-40
-5
45
114
147
122
84
74
90
82
80
99
121
167
204
180
200
227
238
270
267
316
334
318
316
340
352
328
322
356
414
402
381
340
332
319
338
337
318
302
273
233
196
170
152
135
122
176
181
197
199
195
207
203
200
182
190
206
215
231
261
286
275
238
215
199
183
209
261
301
313
259
211
166
159
135
118
103
84
68
40
24
-18
-78
-80
-71
-88
-93
-101
-101
-113
-107
-75
-119
-179
-186
-217
-227
-242
-234
-224
-205
-195
-195
-211
-231
-237
-268
-271
-260
-272
-266
-273
-266
-230
-254
-294
-302
-316
-350
-352
-357
-332
-272
-235
-244
-275
-334
-366
-386
-333
-282
-247
-246
-266
-264
-278
-235
-221
-180
-160
-163
-162
-145
-102
-57
-34
-1
32
30
39
83
137
167
163
160
171
169
167
162
167
150
144
152
159
159
181
202
181
169
167
160
151
120
111
100
71
66
70
98
115
123
96
63
0
-48
-46
-88
-65
-28
-4
51
66
72
58
28
-15
-25
0
-1
57
92
54
35
28
33
-16
-72
-103
-147
-127
-116
-119
-115
-153
-168
-177
-180
-150
-114
-104
-120
-112
-126
-117
-103
-143
-186
-209
-191
-123
-62
-64
-68
-85
-97
-107
-110
-111
-144
-127
-111
-92
-86
-106
-121
-157
-174
-152
-169
-190
-188
-197
-170
-151
-122
-100
-73
-61
-69
-63
-28
40
84
82
67
80
71
98
116
128
180
174
187
203
185
158
160
166
170
167
144
156
170
183
191
181
183
206
270
288
283
279
202
189
187
205
238
264
266
279
263
234
252
243
227
186
177
183
173
193
192
200
183
186
215
230
234
238
238
244
268
266
273
263
205
195
202
164
124
129
147
148
143
118
105
81
88
90
31
16
-17
6
65
71
66
39
22
18
41
62
111
116
101
117
101
71
31
7
-7
0
-22
5
-7
-71
-100
-128
-137
-139
-163
-184
-201
-176
-154
-116
-106
-93
-48
-29
-4
-36
-29
19
42
39
24
23
41
67
57
44
46
50
74
63
72
79
54
19
-9
-5
-10
7
33
30
24
26
1
-1
-2
-38
-7
40
51
74
110
125
116
103
106
137
122
92
84
82
91
90
67
85
77
53
48
38
59
15
-33
-49
-60
-46
-43
-71
-70
-67
-57
-11
-3
-46
-107
-141
-152
-117
-79
-92
-128
-142
-149
-139
-133
-98
-48
-51
-74
-109
-140
-163
-142
-127
-158
-163
-171
-177
-146
-143
-111
-91
-115
-132
-129
-123
-138
-121
-105
-78
-54
-66
-33
9
36
62
112
129
117
103
101
101
98
72
71
70
81
97
98
86
101
106
114
151
161
196
184
144
112
74
66
75
70
55
47
12
-39
-57
-49
-58
-76
-82
-115
-133
-136
-128
-115
-117
-126
-132
-129
-129
-69
-7
17
59
22
6
6
-4
-5
-6
-59
-88
-73
-72
-15
7
24
17
-1
-9
13
2
-22
-23
-7
17
40
27
6
40
30
-15
-60
-88
-111
-114
-126
-140
-125
-136
-140
-95
-71
-101
-116
-148
-132
-72
-64
-50
-71
-82
-74
-96
-116
-85
-38
-3
7
-4
-22
-29
-34
-31
-9
14
32
70
91
77
109
104
101
111
101
78
44
19
-37
-23
-42
-36
-16
-47
-55
-72
-88
-79
-114
-155
-174
-156
-155
-148
-114
-69
-59
-70
-67
-74
-56
-28
8
46
64
75
73
79
65
38
70
90
126
151
127
130
148
165
172
157
144
148
129
167
207
213
208
207
164
131
116
135
99
103
100
98
140
114
73
34
27
1
9
43
87
127
133
149
124
117
131
131
113
66
54
35
14
26
49
25
8
-27
-72
-75
-50
-33
-20
-56
-45
-61
-86
-107
-133
-101
-93
-66
-76
-118
-140
-168
-177
-145
-143
-120
-107
-116
-87
-132
-176
-159
-152
-133
-98
-81
-92
-122
-144
-133
-110
-112
-110
-86
-73
-49
-74
-98
-98
-81
-52
-25
-19
10
42
61
67
82
106
83
48
14
-19
-38
-7
42
10
-29
-47
-53
-40
-14
4
33
26
8
30
45
98
97
90
86
104
157
185
225
221
204
179
150
152
158
133
106
95
126
143
162
145
113
77
34
11
-1
0
-3
-35
-77
-135
-125
-89
-97
-104
-144
-148
-161
-160
-202
-235
-248
-254
-226
-236
-220
-154
-150
-158
-126
-140
-118
-126
-145
-134
-137
-127
-136
-170
-159
-149
-138
-94
-107
-105
-106
-101
-79
-65
-88
-95
-113
-136
-130
-140
-158
-165
-177
-155
-118
-113
-92
-90
-90
-96
-115
-116
-167
-184
-159
-145
-115
-152
-193
-165
-96
-58
-65
-57
-7
32
65
70
58
83
66
59
66
85
108
127
115
114
107
61
56
78
90
117
121
104
118
110
93
75
46
61
97
133
132
87
62
27
27
-4
-32
-12
-24
-23
-17
-4
34
79
115
146
145
132
127
103
53
61
43
6
3
-20
-9
16
14
5
-38
-62
-61
-58
-67
-107
-141
-148
-152
-122
-123
-140
-102
-98
-88
-65
-76
-78
-65
-93
-111
-112
-121
-127
-101
-112
-130
-113
-137
-147
-136
-144
-114
-71
-48
-48
-72
-60
-60
-36
-13
-41
-91
-134
-135
-111
-74
-30
-53
-99
-115
-118
-130
-103
-95
-107
-95
-113
-64
-48
-87
-87
-72
-98
-121
-141
-171
-167
-155
-148
-81
-20
-11
9
29
46
47
42
45
26
77
135
174
210
169
155
191
202
198
197
192
214
231
194
184
168
155
160
159
173
234
235
245
281
256
264
271
241
175
141
142
141
166
185
117
47
-25
-53
-21
-33
26
33
-11
-12
-19
-30
-48
-62
-94
-92
-80
-59
-38
-2
32
25
-3
-21
-48
-65
-82
-131
-138
-120
-93
-92
-105
-118
-116
-121
-132
-132
-162
-187
-191
-204
-207
-169
-206
-219
-212
-224
-216
-203
-218
-197
-179
-188
-175
-183
-186
-182
-194
-235
-216
-207
-187
-143
-155
-151
-154
-154
-140
-132
-99
-83
-100
-100
-45
-14
15
34
14
-25
-56
-63
-68
-52
-43
-24
-5
-5
11
28
31
22
19
3
1
6
18
22
16
-6
-14
-35
-34
-2
8
16
34
62
96
126
116
75
78
38
62
91
93
111
104
72
56
62
50
39
45
33
28
12
-16
-4
0
5
-26
-53
-86
-61
-55
-44
-29
-51
-46
-33
-29
-27
1
4
12
63
67
52
19
-7
-27
-35
-23
-8
12
32
26
-22
-25
-62
-95
-97
-124
-106
-106
-146
-210
-251
-211
-170
-167
-149
-157
-161
-176
-177
-181
-192
-165
-136
-111
-94
-97
-75
-37
-28
-25
-18
-4
-20
-32
-24
-25
30
53
54
48
36
45
45
27
-5
5
35
33
19
33
34
63
85
63
72
84
81
82
77
83
81
76
71
31
5
7
14
17
28
19
44
49
51
38
38
88
106
136
133
132
167
247
259
198
192
155
138
158
182
216
237
251
264
268
234
192
186
206
206
200
184
176
180
191
173
135
93
76
70
73
97
76
60
57
47
16
14
31
35
27
24
24
-4
-22
-26
-44
-52
-35
-39
-19
16
12
12
1
3
-35
-51
-28
-36
-24
0
-10
-27
-17
2
4
-39
-62
-102
-132
-109
-94
-95
-107
-123
-145
-132
-97
-74
-74
-79
-85
-80
-107
-110
-79
-88
-109
-139
-148
-142
-122
-124
-99
-43
-31
-6
26
27
18
36
35
60
49
33
18
-19
-42
-35
-36
-2
35
36
25
-6
10
8
57
78
60
20
-24
-25
-19
4
-11
-30
-41
-44
-6
13
2
-39
-68
-88
-91
-78
-76
-41
-35
-51
-52
-34
0
19
17
10
-25
-27
-22
-9
20
53
40
9
26
11
-24
-49
-67
-68
-55
-69
-96
-76
-78
-97
-83
-78
-54
-72
-107
-93
-128
-184
-190
-172
-134
-107
-102
-121
-110
-61
-49
-50
-27
-43
-56
-47
-32
-17
25
28
26
46
31
46
43
41
54
57
53
94
100
110
115
96
135
121
129
121
97
120
155
167
186
179
152
156
159
190
203
193
240
249
253
272
254
290
276
269
248
180
186
222
198
175
162
155
162
146
115
64
64
49
46
73
68
76
72
60
76
86
71
58
67
39
40
34
28
41
52
65
62
60
53
51
96
121
127
105
109
111
105
92
56
36
-5
-41
-43
-44
-44
-53
-92
-140
-181
-170
-162
-174
-191
-211
-215
-203
-160
-136
-111
-98
-106
-85
-80
-108
-124
-142
-133
-114
-100
-73
-57
-47
-40
-49
-33
-1
14
29
45
59
64
115
114
88
85
74
104
119
104
84
29
4
-4
-4
-11
22
18
-19
-15
-20
-21
-49
-75
-80
-53
-32
-66
-125
-135
-123
-122
-128
-133
-110
-84
-95
-69
-69
-73
-57
-60
-69
-55
-51
-52
-36
10
44
52
81
79
103
149
172
173
167
137
125
114
81
84
101
104
117
116
118
100
88
54
20
42
69
75
78
54
47
64
77
83
97
92
90
80
46
47
62
71
48
-13
-53
-78
-100
-103
-88
-17
0
15
6
1
0
20
21
30
39
12
10
43
89
115
119
102
105
102
96
88
81
42
64
93
98
111
90
43
9
-10
-23
-66
-79
-126
-170
-146
-138
-148
-123
-151
-158
-123
-110
-92
-58
-27
-35
-15
-29
-33
12
23
47
48
52
67
48
44
48
39
4
24
84
107
105
129
108
82
90
96
121
119
125
120
157
133
118
132
82
87
60
36
18
-25
-4
3
7
-3
8
15
10
23
7
-8
7
34
53
68
54
17
5
10
33
44
28
34
75
71
71
72
61
82
69
47
45
36
24
16
-16
-47
-60
-70
-42
-36
-58
-79
-90
-79
-81
-104
-149
-137
-119
-95
-64
-21
5
-39
-111
-123
-85
-111
-106
-95
-86
-65
-96
-86
-108
-128
-132
-128
-122
-132
-143
-157
-179
-201
-198
-237
-253
-289
-315
-291
-225
-175
-150
-121
-147
-168
-161
-147
-158
-182
-159
-137
-141
-150
-156
-156
-138
-123
-124
-127
-128
-118
-117
-129
-145
-141
-127
-96
-85
-65
-48
-2
25
32
50
26
35
48
47
29
14
-7
4
4
3
30
7
0
22
20
39
63
88
81
96
86
68
83
74
93
114
134
126
98
75
62
75
57
55
83
63
47
61
69
61
25
41
72
75
82
118
127
163
157
174
180
190
196
165
139
118
142
155
134
124
121
99
116
138
145
140
72
15
12
-9
-22
-34
-95
-143
-158
-109
-35
-6
-5
-15
-20
-21
-28
-19
-39
-55
-52
-11
47
39
35
43
39
20
-5
7
38
43
5
-36
-35
-40
-40
-24
-3
12
3
-13
-30
5
47
28
12
-1
-40
-10
-3
44
83
67
65
59
33
27
39
9
-16
-1
5
5
42
51
39
1
17
38
63
96
75
81
15
-32
-6
22
54
59
11
-5
-11
9
20
-1
-39
-54
0
13
3
-8
-28
-38
-44
-55
-73
-70
-60
-19
-14
-22
-48
-18
15
16
28
9
7
27
39
45
55
13
-30
-43
-30
0
0
1
27
35
53
72
44
35
34
15
17
24
1
-22
-12
-5
16
25
10
10
36
64
118
136
161
186
177
138
137
162
170
200
182
123
123
140
116
145
129
90
105
79
98
126
115
81
48
32
5
-7
-33
-33
-42
-70
-70
-74
-90
-40
-53
-92
-130
-149
-152
-140
-140
-130
-136
-183
-183
-169
-113
-60
-48
-70
-106
-109
-89
-88
-105
-118
-133
-121
-127
-144
-128
-96
-58
-46
-41
-40
-54
-80
-104
-93
-80
-93
-76
-70
-47
-44
-80
-83
-76
-65
-48
-47
-62
-104
-149
-153
-147
-127
-112
-124
-104
-92
-83
-54
-49
-79
-94
-68
-77
-79
-65
-77
-74
-108
-161
-184
-168
-153
-149
-190
-177
-159
-173
-185
-201
-188
-169
-141
-113
-85
-45
-26
-21
-16
-19
-10
-12
-17
18
47
61
120
158
162
154
123
132
141
132
136
149
164
126
109
123
163
195
208
190
154
128
117
118
113
101
122
131
147
130
116
139
127
143
