9
23
-13
-80
-116
-45
-6
26
15
-36
-30
-47
-57
-41
-41
-90
-25
7
-3
2
-2
1
-2
1
-1
1
-1
0
-1
0
0
0
1
0
-1
0
0
0
0
0
0
0
0
0
0
0
0
0
0
0
0
0
0
0
-1
0
0
0
0
0
0
0
0
0
0
0
0
0
1
0
0
0
0
0
0
0
1
0
0
0
1
1
0
0
0
-1
1
1
0
0
0
0
0
0
0
1
0
0
0
1
0
0
0
0
0
-1
0
0
0
0
0
0
0
0
0
0
-1
-1
-1
0
0
0
0
-1
0
0
0
0
0
0
0
0
0
1
0
1
0
0
0
0
0
0
1
-1
0
1
-1
0
0
0
0
0
0
0
-1
0
0
0
-1
0
0
0
0
0
0
-1
0
0
0
0
1
0
1
-1
0
1
-32
-22
-5
20
-6
-49
-44
-63
-60
-75
-86
17
29
30
84
95
140
153
130
148
109
103
140
107
75
52
36
54
48
35
10
7
40
16
10
-33
-33
16
-4
-20
-14
4
9
-6
-13
-12
-21
-81
-96
-13
19
-23
-5
-23
-53
-8
15
41
45
75
134
127
125
154
153
116
88
65
20
7
39
127
177
136
137
171
159
164
148
50
4
7
10
1
-6
-15
-7
13
6
4
2
6
9
-6
1
11
2
9
-4
-11
-23
-21
-1
-1
8
8
3
-11
-16
-4
-6
12
12
5
12
-12
-9
3
3
-6
-8
-3
12
-2
8
15
0
0
1
-3
7
13
-6
-7
0
5
5
2
3
-1
-1
-4
-4
10
3
3
-13
-6
-3
-3
14
0
-6
0
-3
3
8
4
-4
-9
-2
-9
11
-4
-10
14
-6
3
2
-1
4
10
10
0
-3
-8
-6
-7
-2
0
1
-9
-2
2
9
-14
-24
0
1
-7
0
0
1
6
-9
-8
17
-3
-11
5
-4
2
15
1
12
16
-5
2
4
4
11
-1
-5
-5
4
9
15
12
-2
-13
-12
-8
-13
1
-7
-4
7
-10
-5
1
-2
3
-7
-2
-7
1
12
8
-4
-12
-7
8
1
10
11
2
-8
-5
11
4
-6
-8
2
-8
2
4
-7
2
8
-9
4
0
-11
-1
5
2
11
12
-10
-2
0
11
-4
-12
-4
1
14
-4
2
4
-8
-16
2
8
4
-4
-7
5
4
-4
-3
10
8
12
15
0
-4
-8
-2
17
12
2
-6
-3
-7
8
9
1
12
3
-4
1
12
0
6
-10
-8
2
1
8
5
-16
-16
15
6
4
6
-3
-3
-7
-4
-7
0
2
2
-1
1
-2
-9
-12
-6
4
6
7
-7
0
-9
2
7
-4
-1
-1
2
-6
1
7
-8
12
6
-12
13
3
-1
-12
-9
12
25
5
-11
-2
-6
4
7
7
-14
-16
-7
2
14
-14
-23
-9
-10
-4
-3
-12
-9
-9
-3
-7
0
-1
8
18
0
-1
-22
-19
-1
10
15
3
-6
-12
8
11
7
-5
-3
-7
-8
7
-2
-16
-17
5
6
2
-9
-8
10
8
-9
-7
3
-11
3
-4
4
-1
-8
-16
-3
12
-5
-10
-20
-9
5
0
-7
1
4
12
14
3
-1
-7
-12
-15
7
3
-5
-9
-1
8
-4
-1
4
-9
-16
-5
-1
-13
-7
8
-16
-39
-45
-34
-4
-11
-12
-8
-44
-36
17
17
-5
-3
-32
-4
39
25
37
23
-5
32
31
35
40
15
-1
-1
3
-1
12
-3
-10
0
12
6
-11
1
15
15
26
-2
-10
-5
10
36
27
12
15
37
37
34
11
-8
12
8
6
-12
-15
-3
28
24
-15
-24
-52
-31
-18
-25
-25
-10
-21
-23
-8
-6
0
-10
9
21
15
-2
-6
-10
2
15
11
-11
-11
14
35
28
10
5
-12
-8
-18
-11
-7
-2
21
6
-1
-4
3
25
22
-18
-4
5
4
31
40
41
38
33
41
37
24
3
1
4
-4
-6
7
12
33
26
-5
-9
-9
-13
18
36
13
16
-35
-46
-19
7
5
3
17
3
-10
-11
-5
14
37
7
-1
38
26
36
33
13
12
5
4
10
9
28
5
-26
-9
-5
26
45
26
-15
-6
-12
-3
8
-25
-31
-40
-23
5
8
-12
-22
-29
-11
-5
-14
-1
-1
-17
-41
-25
-15
-2
36
24
13
22
4
27
14
3
25
14
38
21
-4
3
0
-20
-6
18
18
32
35
36
16
-8
-30
-23
-9
-6
-14
-8
-12
-13
-6
1
10
10
-10
-38
-21
0
19
-2
-5
11
15
28
38
-14
-28
-59
-61
-6
14
15
-11
-33
-17
-8
-19
-14
1
10
-53
-91
-75
-50
-16
-13
-61
-24
-30
-31
1
-1
-23
-30
-11
-19
-17
-49
-56
-35
-3
22
4
-28
-13
-20
-11
19
22
-1
-8
15
0
-12
-12
30
53
29
-23
-39
-20
-23
-23
-23
-8
-2
-9
-22
-5
-13
-46
-40
-40
-45
-48
-25
0
16
-6
-25
-9
-33
-17
14
4
-10
-24
-25
-19
-6
8
33
23
-8
-6
-7
-20
-31
-52
-14
7
-12
-28
-37
-19
7
-25
-74
-38
-7
1
-3
-15
-24
-4
6
-5
9
6
23
37
41
25
7
1
5
31
33
37
33
32
32
48
35
34
39
28
29
17
-2
0
-15
-13
12
5
26
39
51
30
5
14
13
49
41
48
24
-10
19
44
48
19
19
3
-22
-27
-25
-21
11
28
7
-22
-46
-62
-23
-6
7
30
-9
-24
-14
12
22
15
-13
-19
1
7
22
-2
-46
-24
4
1
15
26
10
16
45
6
-38
12
40
50
27
-12
9
19
28
70
61
15
14
4
0
-4
-25
-33
-17
-7
0
-31
-55
-21
-10
19
21
10
16
39
47
66
73
62
58
38
19
26
25
40
27
41
72
57
21
-12
-37
-59
-64
-63
-39
-9
4
-23
-33
-25
-2
16
25
8
0
-10
-5
11
44
39
18
-8
-29
-9
33
53
25
5
10
-3
-15
-31
-43
-26
-18
3
9
-18
-45
-38
-57
-50
-27
-35
-55
-63
-79
-102
-97
-94
-92
-59
-30
-63
-77
-84
-48
9
50
53
51
47
18
27
39
72
75
81
80
61
68
69
43
51
64
34
12
4
41
81
62
21
50
33
1
-2
-16
3
-21
-14
-23
-50
-36
-40
-8
20
12
-39
-35
-48
-82
-60
-16
3
-19
-2
-32
-24
-30
-40
-16
-32
-60
-87
-103
-102
-49
-20
3
-5
-4
13
8
17
2
-17
-66
-53
-18
-8
-15
-7
43
56
76
60
32
54
54
90
96
50
37
5
0
16
-6
7
21
16
11
-13
-74
-69
-37
-38
-24
-12
9
22
-9
-11
-13
-23
25
8
-1
-1
10
55
88
96
47
-12
-4
23
24
20
-4
-6
25
14
1
12
8
-16
20
67
55
28
20
26
1
-23
-33
-11
19
15
-25
-42
-21
16
0
-57
-68
-86
-72
-57
-52
-58
-107
-111
-54
-25
-6
-17
-33
-5
32
47
50
60
60
71
46
16
19
2
-27
22
4
-38
-10
23
43
34
38
27
28
52
55
16
-24
-48
-53
-63
-64
-79
-99
-125
-139
-105
-75
-39
-28
-46
-32
-30
-21
-6
-11
-20
-4
8
-19
-26
-25
-6
56
68
63
48
19
22
5
-6
-8
7
29
62
58
28
27
15
-31
-63
-41
-38
-19
-17
-19
-58
-79
-94
-93
-72
-68
-73
-84
-114
-123
-115
-119
-86
-98
-111
-92
-77
-74
-94
-108
-131
-88
-5
-5
27
69
55
91
126
113
71
41
27
22
48
12
-12
-17
-23
18
58
30
8
18
17
14
4
-14
24
44
29
42
25
37
42
22
31
16
21
16
-6
-34
-90
-33
-51
-24
22
-14
-11
-13
-27
-49
-59
-44
4
-6
-1
-9
-29
16
59
59
18
-1
-4
-35
-54
-71
-94
-82
-27
-1
-10
-41
-55
-65
-26
0
21
51
43
45
49
21
2
22
15
64
84
79
59
46
95
119
100
72
40
34
72
91
46
15
85
123
95
102
87
42
29
31
42
6
-29
-59
-62
-60
-26
25
1
-23
-34
-30
-22
-1
-8
-25
-46
-68
-70
-35
16
48
46
-8
-29
-41
-18
20
28
35
25
51
76
69
53
23
23
28
14
-22
-29
-35
-35
-9
3
28
2
-5
-12
-16
42
90
68
53
72
53
55
32
-3
-22
-37
-47
-49
-35
16
43
9
-43
-67
11
37
-1
-23
-54
-45
-15
-2
11
39
22
35
17
-10
-5
-1
45
103
108
65
49
57
83
65
32
30
-17
-34
2
40
29
23
9
-2
-19
-31
-16
-8
20
-9
-57
-60
-63
-71
-33
20
56
37
31
49
67
71
29
3
-34
-31
-21
-22
-11
-1
-27
-50
-48
-24
12
7
19
4
-11
18
42
45
95
99
84
130
119
108
96
76
77
79
52
17
-8
-5
18
32
1
-42
-68
-64
-28
-2
26
19
-15
-17
-35
-10
26
24
16
1
14
16
38
72
59
43
45
-1
14
35
-14
-18
-30
-74
-68
-80
-119
-163
-222
-203
-201
-193
-197
-200
-196
-192
-174
-188
-206
-234
-232
-248
-243
-230
-229
-184
-171
-195
-186
-167
-191
-218
-210
-169
-160
-171
-190
-202
-178
-169
-163
-126
-104
-81
-92
-107
-109
-84
-104
-117
-102
-66
-55
-108
-112
-119
-102
-71
-107
-132
-137
-105
-107
-87
-60
-72
-48
-31
-41
-32
-65
-90
-43
-56
-41
-37
-62
-56
-69
-67
-67
-94
-78
-16
-6
-44
-57
3
35
6
3
-3
-11
39
77
26
-52
-95
-83
-29
2
24
20
-5
3
9
-5
2
24
11
15
13
-21
0
9
19
14
3
-51
-95
-88
-70
-35
-38
-65
-58
-49
-20
-6
-6
10
14
3
16
33
17
22
6
-20
-6
26
18
23
52
76
81
52
57
81
102
101
62
43
48
63
130
106
60
56
42
69
71
57
50
68
71
60
84
84
65
76
102
74
81
62
1
-47
-46
-33
-3
18
-5
-15
-21
-11
-10
-26
-21
-1
12
58
37
61
85
100
113
113
107
134
163
169
140
142
161
118
126
146
159
143
88
52
72
123
156
188
148
101
115
111
122
128
110
103
77
70
82
113
163
179
184
161
181
172
166
172
119
82
73
81
80
83
65
38
82
106
66
102
114
138
175
139
183
158
120
67
78
140
177
245
199
169
214
269
275
293
297
322
297
280
302
311
304
255
285
322
292
233
197
167
208
258
232
208
170
161
155
119
84
40
17
41
80
77
53
1
-15
-23
-30
-8
8
-2
-39
-75
-68
-36
-56
-43
-47
-23
0
19
66
78
101
103
54
12
16
15
50
66
74
63
49
62
62
34
20
23
21
5
-54
-67
-35
-55
-79
-69
-69
-62
-47
-38
-16
-18
-32
-19
-4
25
28
11
4
5
21
-22
-62
-56
-33
-29
-52
-72
-6
33
18
27
-13
23
1
-5
23
32
65
-18
13
35
29
3
-65
-23
8
6
-52
-103
-90
-58
-59
-95
-111
-128
-126
-141
-127
-136
-148
-126
-97
-64
-98
-104
-108
-129
-111
-95
-99
-130
-117
-111
-101
-77
-101
-119
-99
-81
-84
-112
-140
-149
-96
-52
-19
43
33
9
48
56
84
98
53
45
11
-73
-111
-71
-47
-81
-104
-85
-98
-119
-129
-153
-139
-117
-129
-104
-127
-173
-150
-154
-191
-199
-207
-222
-182
-218
-286
-281
-266
-252
-257
-241
-216
-210
-203
-219
-216
-242
-289
-273
-249
-236
-194
-172
-123
-134
-168
-133
-132
-132
-113
-111
-83
-77
-125
-122
-79
-28
-76
-115
-91
-81
-56
-4
-1
-60
-102
-148
-121
-60
1
23
-8
3
10
4
53
86
43
68
99
115
114
76
82
87
92
79
40
92
168
213
177
186
189
219
232
187
156
158
200
196
181
168
167
143
160
164
149
118
63
44
71
54
32
25
23
19
24
45
67
58
59
88
114
108
91
71
82
132
145
163
157
160
187
211
222
204
197
195
251
285
255
209
178
205
208
187
201
202
196
211
250
258
236
160
84
95
109
145
152
138
154
176
204
256
275
278
284
257
251
256
234
257
286
270
239
206
172
155
131
137
159
180
224
205
161
104
130
184
194
198
182
139
136
167
157
131
71
51
45
38
29
-29
-114
-134
-123
-95
-102
-133
-120
-136
-151
-144
-135
-123
-80
-87
-132
-117
-114
-71
-29
-32
-58
-59
-70
-50
-42
-34
-5
-8
-21
-22
-11
8
18
3
6
-37
-71
-96
-99
-90
-51
-12
-39
-56
-65
-66
-66
-75
-95
-65
-48
-46
-60
-85
-59
-28
9
-13
-12
-9
40
13
-18
-36
-58
-22
-26
-58
-70
-60
-21
-11
-45
-19
-45
-53
-51
-32
-1
9
9
12
28
33
37
39
34
20
24
30
29
55
73
54
17
4
-6
1
-3
10
33
61
114
126
100
65
70
83
105
105
128
159
130
134
95
89
114
94
107
81
85
96
132
145
59
8
54
89
91
54
14
35
55
41
-5
3
53
117
100
51
28
30
59
69
39
73
69
33
51
38
48
69
61
85
101
64
74
31
26
75
87
79
40
13
28
73
77
74
24
12
61
44
83
127
92
31
-12
-11
-38
-62
-50
-42
-28
-27
-47
-69
-87
-122
-133
-136
-146
-155
-185
-170
-145
-179
-163
-141
-107
-69
-116
-149
-111
-75
-82
-100
-113
-85
-86
-64
-62
-59
-33
-5
54
65
44
15
-24
-21
19
18
8
-9
2
-13
-45
-36
5
-14
-18
32
40
36
28
-3
-30
-20
-30
-37
-42
-10
5
-31
-48
-68
-72
-59
-80
-111
-84
-59
-61
-111
-146
-148
-123
-94
-120
-149
-97
-55
-50
-33
-43
-72
-116
-117
-90
-63
-69
-117
-136
-128
-124
-133
-181
-211
-206
-198
-231
-270
-297
-283
-238
-244
-278
-307
-343
-338
-323
-324
-308
-297
-297
-313
-326
-335
-343
-316
-234
-255
-281
-235
-204
-205
-197
-180
-211
-206
-173
-174
-163
-127
-98
-100
-96
-99
-88
-89
-121
-134
-172
-170
-163
-167
-190
-264
-322
-327
-258
-239
-238
-233
-230
-277
-333
-336
-259
-257
-232
-276
-231
-260
-211
-170
-179
-174
-229
-205
-245
-206
-169
-94
-125
-108
-120
-139
-146
-123
-77
-100
-117
-109
-110
-150
-118
-157
-191
-245
-283
-272
-244
-219
-245
-264
-275
-255
-233
-191
-167
-184
-192
-184
-178
-191
-184
-188
-153
-151
-138
-120
-98
-42
-15
6
39
90
94
131
125
98
93
85
108
163
170
138
143
154
117
89
123
126
104
97
85
64
44
32
38
46
74
106
94
50
35
91
132
90
56
69
102
89
45
32
58
101
95
82
63
57
52
40
73
109
145
163
183
194
197
165
197
274
237
235
250
255
282
305
289
280
308
290
291
281
252
260
242
212
193
163
168
193
167
178
203
206
204
166
153
165
184
179
130
139
129
120
90
39
46
101
104
58
43
36
36
74
97
47
2
13
54
85
41
33
31
6
8
3
-23
-30
18
28
2
-18
-44
-51
-53
-37
-47
-94
-94
-105
-107
-82
-58
-46
-72
-98
-108
-118
-101
-47
-55
-58
-65
-61
-46
-86
-91
-62
-64
-52
-99
-112
-90
-102
-100
-97
-68
-66
-57
-95
-120
-122
-124
-81
-48
-44
-39
-52
-72
-51
-36
-55
-28
-13
-34
0
-4
10
41
72
109
84
8
-44
-40
-29
-11
-23
-30
-15
2
22
55
44
52
75
46
35
39
43
22
40
37
29
-6
-48
-63
-49
-42
-71
-77
-73
-93
-113
-94
-128
-156
-168
-156
-101
-51
-18
-54
-131
-136
-95
-79
-84
-132
-99
-72
-79
-111
-133
-104
-106
-137
-150
-151
-103
-68
-90
-143
-192
-199
-222
-206
-166
-154
-134
-145
-143
-80
-77
-79
-49
-51
-59
-90
-112
-135
-99
-27
-28
-52
-65
-82
-80
4
38
41
-10
-71
-36
-19
-46
-82
-72
-59
-98
-104
-122
-74
5
26
-24
-18
5
-16
-1
17
3
18
36
41
29
13
21
62
95
100
97
90
-34
-53
24
90
121
25
9
-20
-36
-46
-22
27
66
60
43
62
45
9
55
131
178
148
130
198
168
140
131
157
198
226
181
161
205
216
172
99
129
174
201
187
159
171
163
124
165
188
188
150
158
186
228
255
202
157
131
126
167
212
173
115
122
161
151
156
153
151
152
78
39
79
100
102
96
80
108
105
85
97
116
119
110
124
69
47
95
122
122
109
122
116
133
129
98
74
24
-10
-40
-41
-7
-2
-22
-18
-48
-69
-40
-19
-5
8
-31
-75
-69
-83
-96
-78
-61
13
61
35
-6
-24
24
28
9
18
34
77
83
71
84
55
88
93
109
112
80
114
84
79
86
94
111
88
56
86
102
113
88
92
129
145
200
211
148
117
115
121
149
155
144
120
131
140
118
126
145
157
175
167
141
120
127
145
145
84
-4
-4
7
-31
-22
-19
-71
-78
-39
-11
33
-29
-105
-89
-68
-68
-90
-92
-84
-60
-4
11
8
11
-3
2
33
33
28
64
78
93
89
61
51
76
88
94
95
52
34
67
41
25
73
51
53
61
35
73
100
76
87
124
154
149
141
144
190
197
161
206
214
218
216
206
161
145
172
179
186
160
120
78
83
46
7
11
-52
-104
-123
-108
-105
-144
-143
-129
-106
-76
-40
-40
-87
-123
-95
-66
-37
-52
-74
-73
-82
-76
-72
-82
-144
-163
-177
-155
-117
-84
-58
-23
-44
-78
-77
-107
-101
-69
-59
-42
-26
-64
-105
-128
-132
-93
-33
-21
-44
-54
-46
-76
-88
-160
-176
-124
-107
-45
6
40
34
-7
-3
34
103
125
95
82
67
70
70
90
99
89
90
26
-33
-40
-36
-76
-92
-62
-56
-34
-14
-28
-50
-41
-28
-23
-2
-22
-8
25
-6
-24
-52
-54
-5
4
5
6
23
45
53
63
58
94
116
150
167
169
155
109
86
118
165
148
125
109
80
121
145
112
94
38
4
28
76
85
70
51
50
76
85
142
161
150
172
146
99
78
107
134
90
61
76
95
113
119
139
108
95
79
15
-20
20
6
23
53
64
70
35
-18
-42
25
26
-48
-110
-97
-42
-13
-75
-119
-65
-36
-23
-29
-96
-114
-76
-81
-82
-31
-23
-12
7
-28
-48
-68
-106
-115
-131
-128
-108
-142
-205
-234
-215
-124
-98
-84
-74
-96
-107
-128
-138
-108
-84
-80
-107
-91
-65
-57
-14
4
20
41
34
65
77
46
13
38
97
84
67
34
55
104
113
90
73
88
66
47
17
-15
45
45
39
44
38
42
29
-8
-3
4
19
33
8
31
45
47
19
-31
-13
-32
-38
29
38
53
39
48
74
81
111
126
96
66
30
18
57
52
47
16
-59
-40
-16
-44
-31
-31
-25
-55
-78
-55
-66
-104
-119
-159
-153
-121
-157
-182
-134
-89
-74
-79
-73
-62
-73
-113
-170
-193
-153
-112
-63
-44
-62
-63
-27
-13
-24
-17
-19
9
6
9
-2
-38
3
8
64
73
43
61
65
74
99
80
71
74
71
78
37
-3
-39
-44
-55
-3
6
-40
-34
-38
-5
-21
-4
7
8
44
-5
-41
-97
-70
-23
17
8
-15
-62
-44
4
20
24
-1
-12
39
113
130
106
66
58
51
38
-20
43
64
103
-67
-163
-54
-11
237
279
313
271
169
57
-170
-317
-300
-257
-81
74
161
296
243
134
3
-133
-316
-360
-282
-161
-17
134
231
182
124
32
-74
-130
-180
-214
-185
-144
-30
65
148
179
119
94
-26
-127
-194
-258
-194
-108
-30
97
134
120
78
-13
-91
-108
-123
-48
22
33
11
-3
2
44
87
77
51
-28
-79
-91
-91
-94
-79
-51
-10
-15
-47
-62
-7
38
15
-30
-87
-18
53
20
34
23
1
48
46
42
33
-21
-23
-15
8
87
123
115
59
28
26
41
43
22
7
-6
-13
-4
16
-25
-45
-45
-55
-26
2
10
44
87
72
85
60
28
23
19
75
98
52
21
-19
-7
22
25
12
-30
-30
-5
-8
-28
-14
-47
-61
-51
-77
-64
-87
-98
-125
-180
-160
-120
-110
-117
-119
-145
-180
-146
-146
-168
-119
-112
-137
-168
-148
-167
-165
-150
-160
-168
-229
-181
-119
-127
-181
-190
-197
-212
-211
-227
-212
-187
-146
-123
-102
-103
-123
-127
-99
-56
-50
-85
-111
-126
-144
-94
-71
-80
-89
-36
-18
-23
-5
-33
-33
-64
-87
-133
-158
-101
-46
22
12
1
-6
-20
-40
-25
-45
-45
-42
-37
-2
-27
-15
-53
-33
0
11
-28
-64
-26
0
-25
-38
-6
31
65
30
-40
-44
-26
-15
-30
-73
-93
-102
-83
-28
-6
16
42
20
16
11
-37
-59
-92
-101
-73
-48
-40
-55
-60
-107
-135
-131
-189
-185
-136
-115
-137
-166
-191
-141
-93
-89
-65
-77
-44
-25
-6
30
70
76
26
37
63
116
209
226
169
135
105
53
19
15
60
49
65
88
90
77
54
16
-18
21
59
57
35
18
60
53
51
74
48
69
99
127
143
85
58
16
-47
-31
2
63
73
34
-47
-66
-4
4
-21
-67
-80
-42
39
70
102
159
103
98
74
10
-34
-32
-27
-8
14
-7
-39
-40
15
90
110
70
16
3
55
102
127
140
148
142
146
164
173
163
138
103
39
0
6
55
64
58
106
156
177
143
143
103
39
50
65
56
90
108
108
86
34
-6
0
58
48
36
21
-17
4
29
16
7
11
-22
-53
-35
-29
-6
-3
-20
18
40
23
58
46
-10
-37
-49
-118
-172
-160
-100
-86
-91
-67
-25
19
-4
-77
-137
-204
-202
-153
-122
-139
-152
-157
-160
-110
-130
-166
-176
-161
-139
-124
-116
-85
-56
-41
-45
-36
-54
-64
-19
-39
-57
-53
-7
26
62
82
55
77
137
133
161
181
147
141
187
216
160
151
170
148
129
114
60
1
-3
40
54
19
20
14
-13
-38
-27
-42
-109
-140
-99
-36
5
60
61
102
125
131
149
117
88
83
74
86
83
101
94
75
116
89
58
10
-4
10
-7
-7
15
-7
29
22
-6
-24
-9
24
-22
-33
-54
-16
14
3
-47
-47
12
32
74
74
79
105
62
56
80
76
71
75
103
170
181
155
133
121
99
62
79
74
58
110
112
105
87
51
65
65
75
57
38
41
11
6
22
56
46
-9
-30
-10
11
37
26
30
14
35
36
18
22
10
-30
-65
-70
-95
-107
-103
-84
-92
-145
-142
-109
-75
-81
-52
-72
-97
-76
-48
-38
-120
-164
-159
-161
-129
-120
-146
-125
-162
-127
-137
-132
-118
-108
-63
-50
-57
-49
-84
-118
-94
-76
-56
-133
-177
-183
-181
-147
-103
-76
-73
-54
-58
-35
-29
-48
-56
-47
-20
15
30
9
-3
-50
-22
23
23
8
-13
-27
-34
-9
10
-2
-26
-34
-51
-29
-15
-34
-44
-26
12
34
47
27
-26
-42
3
4
-20
-21
-28
-18
25
35
31
15
-31
-4
23
51
43
-14
-11
10
14
-11
-35
-79
-103
-141
-197
-179
-136
-70
-47
-61
-100
-158
-144
-106
-109
-150
-201
-144
-88
-52
2
13
-12
26
33
24
57
88
124
157
132
68
66
59
85
136
157
162
163
117
85
98
112
100
108
63
56
59
19
-37
-61
-64
-37
-14
-24
-22
-27
-2
27
43
-11
-82
-76
-83
-82
-88
-102
-61
-75
-146
-167
-188
-195
-152
-138
-120
-121
-79
-38
-61
-58
-86
-83
-60
-30
2
-7
-2
30
63
93
95
32
15
36
30
-26
-27
-32
-29
-7
-4
27
0
-28
-30
-1
-12
-29
-2
6
28
80
106
102
77
42
39
52
71
60
83
122
145
136
98
86
80
56
69
133
161
163
192
165
102
84
95
106
104
95
92
135
111
132
163
192
220
203
180
165
163
124
111
106
143
141
119
114
90
89
87
56
7
-14
5
11
-15
-34
9
26
53
72
20
-28
-68
-108
-109
-57
3
3
-8
-7
-24
-38
-6
27
28
10
5
-6
28
58
67
79
62
67
80
73
70
39
31
30
50
70
49
85
59
77
121
92
39
-12
-42
-41
-12
5
20
11
-1
-29
5
2
-45
-67
-118
-136
-112
-78
-48
-23
-48
-66
-70
-95
-143
-153
-123
-147
-173
-178
-166
-54
-25
-62
-94
-117
-61
-27
-61
-77
-144
-159
-118
-74
-25
0
-13
-26
-31
-39
-18
-30
-40
-66
-97
-100
-93
-70
-45
-77
-121
-155
-168
-147
-177
-220
-208
-205
-226
-213
-185
-162
-134
-102
-89
-73
-83
-51
-43
-50
-61
-80
-85
-99
-94
-123
-96
-73
-69
-37
-10
-1
-13
-31
-28
-6
13
-20
-62
-76
-93
-104
-105
-102
-109
-110
-58
-1
-29
-45
-62
-73
-54
-55
-41
-71
-94
-112
-100
-34
5
-24
-60
-80
-92
-84
-53
-19
-18
56
90
103
101
62
61
73
2
-37
-66
-86
-47
-8
-48
-95
-85
-67
-36
-25
-50
-55
-54
-38
-32
-75
-98
-87
-94
-60
-13
9
66
67
28
36
75
103
138
101
64
91
100
53
-7
-45
-15
5
-24
-39
-69
-89
-108
-104
-73
-90
-89
-90
-76
-94
-126
-111
-68
-6
49
35
27
27
28
8
-27
-79
-97
-105
-136
-141
-154
-137
-85
-73
-85
-78
-93
-96
-54
-59
-96
-79
-102
-103
-93
-120
-143
-92
-76
-109
-116
-88
-66
-24
-24
-53
-47
7
22
7
-15
-22
-22
-30
-20
4
26
-13
-65
-97
-75
-53
-36
-25
-52
-30
-20
-43
-66
-138
-159
-150
-121
-103
-110
-127
-152
-109
-51
-44
-34
-20
-16
-25
19
33
27
-13
-22
-30
-12
-4
-51
-66
-90
-81
-90
-106
-103
-63
-63
-67
-57
-50
-53
-89
-119
-131
-106
-36
-44
-73
-9
38
26
17
15
35
51
37
29
24
25
43
10
-26
-47
-39
-30
-26
-32
-53
-73
-90
-91
-65
-56
-76
-49
-54
-31
20
-50
-85
-61
-67
-29
-8
-54
-85
-89
-70
-22
-19
-56
-82
-112
-94
-78
-81
-44
-56
-59
-30
-43
-39
-11
16
-10
-23
-44
-75
-55
-56
-48
-67
-62
-31
-20
-10
-43
-62
-53
-65
-60
-91
-65
-39
-20
-28
-38
-61
-94
-63
-55
-41
-61
-104
-70
-21
-13
17
35
5
-5
55
94
96
60
61
78
68
46
31
3
4
23
15
-31
-37
15
13
-11
-6
3
11
0
-43
11
33
-5
-35
-72
-13
38
64
99
127
139
169
168
151
150
185
220
204
211
223
247
237
235
248
213
165
156
226
255
227
253
246
240
224
184
197
259
301
292
209
130
112
134
165
179
182
187
195
160
120
109
115
127
135
102
80
118
149
157
136
157
147
100
15
-9
90
100
100
84
61
82
97
79
18
-12
7
35
25
-50
-90
-73
-59
-39
-57
-115
-113
-79
-23
30
55
32
23
45
59
45
-12
-8
26
76
54
24
55
118
133
101
85
100
147
140
96
65
-2
-22
3
1
-37
-14
24
4
24
32
43
28
-12
-42
-37
-70
-116
-146
-174
-143
-111
-64
-32
-38
-45
-71
-111
-73
-68
-123
-126
-129
-134
-147
-152
-128
-99
-77
-90
-77
-102
-123
-124
-112
-126
-131
-112
-121
-126
-153
-182
-140
-108
-121
-132
-163
-201
-198
-163
-110
-58
-107
-97
-93
-120
-111
-115
-88
-76
-68
-54
-30
-2
5
47
96
90
99
74
78
122
116
99
76
89
94
82
59
7
20
61
85
79
70
53
43
53
44
-4
-17
20
46
27
-13
-10
0
-4
-23
-15
-16
-8
-6
-18
30
3
-36
-39
-69
-46
-24
-33
-35
-19
-15
-15
-38
-97
-160
-153
-108
-116
-132
-175
-189
-191
-229
-206
-187
-176
-151
-150
-110
-99
-115
-113
-95
-76
-70
-90
-84
-37
-23
-28
-13
-13
9
45
11
42
85
101
138
141
132
124
124
142
191
168
156
201
187
196
161
140
181
214
222
257
276
240
228
207
205
223
242
275
282
311
324
354
360
386
424
440
441
446
461
461
444
405
386
358
364
365
362
347
300
252
261
305
291
276
253
252
255
248
250
289
314
315
336
308
272
265
288
269
285
341
310
263
287
338
367
373
323
282
286
323
321
314
269
283
309
308
325
301
304
267
270
282
259
259
273
195
154
182
186
218
205
172
175
159
153
172
184
179
138
143
160
175
194
204
196
145
95
37
-15
17
100
108
26
-20
21
53
51
55
35
25
19
30
23
15
36
-15
-59
-106
-94
-64
-107
-141
-110
-75
-99
-146
-156
-188
-201
-157
-151
-145
-134
-180
-220
-240
-237
-224
-235
-243
-204
-233
-290
-309
-303
-234
-218
-255
-267
-230
-247
-254
-214
-197
-149
-124
-142
-146
-179
-142
-94
-70
-84
-144
-163
-163
-152
-155
-138
-135
-163
-160
-129
-151
-147
-162
-141
-108
-142
-150
-144
-125
-184
-188
-180
-194
-178
-220
-256
-279
-327
-333
-266
-254
-258
-291
-367
-361
-286
-252
-239
-261
-290
-285
-265
-222
-185
-198
-189
-177
-152
-115
-144
-179
-205
-165
-127
-145
-131
-81
-65
-50
-56
-67
-82
-64
-31
-10
-33
-45
-47
-57
-77
-79
9
32
11
25
30
51
65
97
93
75
81
36
39
21
56
70
110
127
104
49
69
136
145
122
95
129
151
156
132
129
177
233
227
180
104
26
54
113
93
79
79
68
78
114
107
63
38
9
25
41
76
93
75
70
128
122
129
125
100
144
141
102
99
127
149
188
137
125
157
187
189
165
164
202
236
224
189
128
109
115
125
154
154
142
123
78
87
125
122
132
113
101
155
219
205
156
108
114
147
190
198
167
176
155
167
181
159
181
163
169
160
149
175
186
234
217
237
247
247
252
214
212
177
195
205
224
250
270
253
240
253
241
231
213
213
151
111
134
181
193
128
69
49
25
-1
-20
-62
-87
-107
-110
-89
-9
52
46
6
-43
-6
36
47
33
5
12
31
19
-19
-40
-30
-31
-34
-36
-63
-73
-64
-55
-20
-37
-86
-75
-35
-5
-11
7
13
45
49
13
12
-25
4
47
41
47
34
-11
-71
-131
-163
-184
-177
-134
-184
-203
-207
-199
-171
-180
-215
-242
-204
-185
-193
-236
-286
-263
-268
-282
-244
-208
-187
-242
-260
-243
-194
-157
-178
-196
-211
-229
-243
-236
-281
-284
-263
-281
-272
-315
-349
-359
-374
-379
-406
-426
-407
-433
-409
-344
-297
-277
-267
-205
-195
-170
-185
-179
-198
-219
-170
-178
-212
-211
-184
-160
-128
-129
-172
-197
-182
-178
-154
-165
-190
-161
-177
-194
-188
-186
-182
-162
-118
-135
-144
-142
-174
-164
-151
-131
-82
-50
-18
0
35
43
36
17
16
42
54
92
99
69
55
58
63
43
-6
22
44
45
36
38
64
85
95
75
74
70
66
58
74
88
98
36
-28
-57
-22
40
10
5
-5
6
28
31
76
72
92
86
35
21
17
12
25
14
-15
-37
-21
44
85
106
101
96
82
85
71
79
145
139
123
100
87
121
121
79
83
70
67
54
6
-13
16
37
22
-16
-5
22
38
59
119
152
141
140
152
154
180
207
199
216
203
204
194
165
223
257
200
157
164
165
182
188
117
88
94
70
90
90
120
182
193
172
156
140
140
150
139
129
108
112
120
125
118
62
55
40
29
63
50
29
18
3
-4
-45
-40
-40
-59
-67
-121
-134
-143
-139
-120
-64
-37
-32
-43
-52
-60
-41
-19
4
-3
-4
20
-8
16
46
59
56
43
36
39
44
61
79
92
85
22
-6
-13
18
40
27
32
44
-34
-61
-45
-57
-64
-130
-174
-208
-183
-180
-225
-285
-315
-341
-361
-395
-386
-395
-426
-456
-466
-429
-421
-420
-448
-450
-423
-396
-367
-338
-343
-382
-405
-355
-311
-312
-297
-338
-368
-340
-346
-348
-356
-329
-287
-292
-299
-334
-315
-254
-219
-201
-211
-245
-238
-191
-160
-146
-144
-171
-185
-185
-224
-239
-217
-149
-146
-183
-192
-215
-199
-180
-132
-119
-138
-148
-118
-146
-186
-218
-205
-116
-88
-38
-89
-141
-111
-110
-85
-67
-136
-210
-193
-133
-94
-83
-127
-146
-117
-94
-56
-43
-25
2
8
-2
19
47
58
98
105
95
105
56
54
89
97
113
75
23
32
45
56
66
73
58
101
110
75
92
78
95
118
107
111
153
179
157
108
123
172
197
214
177
163
153
121
162
208
227
212
245
284
283
281
220
186
236
253
236
229
204
181
144
193
237
226
237
243
228
245
251
190
188
189
213
195
146
186
244
250
229
217
187
182
217
250
249
235
237
255
281
281
240
195
182
194
219
236
224
221
221
208
119
75
64
45
72
73
68
69
64
39
56
72
52
39
48
58
53
61
58
48
90
100
106
105
101
120
127
164
187
170
118
85
72
67
87
63
27
44
42
71
80
70
89
84
46
37
25
54
46
28
55
25
-9
-62
-85
-56
-63
-93
-109
-134
-123
-105
-115
-127
-149
-134
-94
-134
-197
-215
-218
-174
-188
-253
-238
-173
-127
-152
-230
-234
-206
-179
-150
-168
-193
-206
-158
-111
-94
-72
-126
-179
-183
-151
-119
-100
-113
-132
-119
-103
-91
-111
-136
-128
-101
-86
-108
-144
-137
-107
-120
-161
-181
-131
-99
-134
-162
-219
-247
-210
-215
-189
-203
-246
-247
-274
-280
-266
-247
-235
-234
-212
-206
-209
-232
-293
-304
-314
-311
-319
-328
-343
-340
-275
-230
-205
-228
-240
-236
-197
-198
-187
-146
-162
-131
-141
-110
-110
-146
-149
-149
-188
-199
-199
-176
-156
-191
-197
-171
-151
-163
-190
-188
-147
-121
-131
-167
-181
-160
-159
-169
-190
-209
-182
-166
-154
-165
-191
-206
-181
-150
-111
-95
-105
-94
-78
-30
-18
-25
-33
-70
-68
-28
-16
-18
-3
1
3
9
51
121
169
160
117
103
143
148
188
223
185
200
237
266
282
295
318
317
307
299
316
349
338
327
295
262
235
243
251
295
313
288
281
327
292
236
221
210
201
177
171
202
210
162
145
127
154
169
147
155
161
216
235
251
250
210
206
173
159
118
86
148
125
129
182
163
159
165
159
174
176
177
172
104
86
96
95
106
119
173
225
208
187
161
136
176
245
212
171
213
264
304
273
230
228
279
302
323
334
295
284
336
425
407
320
317
340
353
327
255
204
210
192
210
187
130
172
125
133
93
10
70
47
27
-7
-104
-81
-95
-67
-16
-27
-8
-91
-79
-33
-105
-58
-77
-44
8
-113
-89
-94
-90
-7
22
-10
-105
-152
-122
-118
-79
-86
-127
-120
-145
-87
-46
-49
-73
-122
-182
-196
-210
-254
-276
-292
-271
-231
-218
-232
-257
-249
-243
-245
-238
-212
-231
-218
-191
-180
-168
-173
-138
-96
-80
-81
-41
-54
-88
-68
-79
-90
-90
-77
-83
-119
-110
-67
-29
-24
-76
-105
-95
-90
-45
-22
-47
-90
-135
-121
-115
-141
-146
-155
-184
-181
-164
-171
-190
-216
-210
-205
-225
-277
-298
-317
-334
-281
-288
-316
-371
-393
-396
-359
-309
-288
-298
-304
-317
-342
-318
-303
-292
-239
-226
-237
-210
-228
-254
-221
-224
-181
-115
-132
-124
-100
-100
-73
-69
-68
-66
-36
20
35
30
1
-5
14
51
43
-6
19
21
-12
36
14
8
5
-14
-24
-45
-59
-83
-87
-85
-107
-59
-30
-18
15
-17
-60
-50
-29
14
43
13
31
54
61
75
89
87
118
143
126
147
155
140
98
76
95
128
103
74
95
153
103
57
78
52
72
98
122
96
52
76
118
114
131
166
184
160
124
130
151
187
173
168
168
198
247
240
280
291
280
266
215
216
244
227
189
158
191
170
136
158
138
159
184
172
185
147
149
214
195
195
167
143
119
98
107
108
119
91
72
120
115
120
135
96
100
102
90
89
81
121
96
30
40
62
138
163
131
105
94
79
108
118
93
81
77
61
20
18
-18
4
12
1
-14
-61
-98
-118
-141
-147
-98
-81
-99
-138
-158
-149
-165
-154
-134
-136
-127
-84
-47
-37
-52
-55
-73
-80
-59
-48
-52
-56
-94
-123
-101
-78
-17
6
-66
-117
-161
-182
-202
-246
-189
-164
-190
-218
-234
-195
-195
-201
-171
-145
-115
-142
-190
-155
-147
-183
-204
-221
-218
-206
-215
-267
-276
-283
-251
-238
-236
-174
-191
-220
-220
-204
-186
-191
-226
-269
-244
-185
-210
-253
-254
-267
-278
-263
-271
-194
-174
-198
-193
-167
-171
-149
-131
-156
-158
-144
-111
-118
-115
-114
-72
-49
-24
-7
28
25
-1
-7
5
20
13
-21
-31
40
105
126
110
54
44
67
62
14
36
95
123
77
54
108
124
109
73
64
64
104
143
124
127
149
141
141
117
53
44
78
83
77
91
109
93
98
73
78
109
36
23
80
98
101
64
62
124
151
139
102
116
116
102
87
33
53
98
140
170
155
205
176
125
81
59
116
101
58
28
20
12
-2
-15
7
19
6
-36
-46
-10
32
71
45
19
37
67
60
51
58
66
90
120
117
107
86
119
133
148
163
169
158
136
193
249
286
294
268
235
268
263
279
319
297
306
272
247
217
159
122
69
94
142
132
85
17
8
-3
-47
-16
3
13
29
13
-16
-6
-20
-45
-41
-67
-56
-61
-98
-93
-114
-90
-40
-66
-134
-158
-82
-61
-76
-51
-68
-84
-83
-103
-101
-63
-66
-45
-12
-2
23
1
-2
-15
-41
-39
-23
13
45
60
33
30
38
60
50
-3
-9
7
35
55
9
-37
-82
-117
-105
-102
-71
-78
-77
-123
-117
-75
-35
-41
-84
-126
-113
-66
-39
-42
-63
-53
-86
-98
-131
-191
-206
-204
-163
-138
-131
-97
-77
-53
-55
-72
-51
-40
-45
-87
-122
-107
-122
-139
-157
-157
-167
-229
-220
-241
-239
-176
-188
-197
-260
-314
-301
-305
-235
-206
-160
-143
-147
-134
-182
-156
-164
-172
-153
-127
-127
-137
-106
-144
-204
-199
-146
-102
-63
-39
-26
-31
-61
-33
-24
5
-15
-52
-56
-51
-49
-81
-74
-53
8
10
-19
-65
-12
11
-4
19
-4
-24
3
69
128
154
173
131
139
194
183
186
214
161
155
138
119
139
121
146
185
180
143
117
85
95
127
121
136
118
108
116
100
85
42
23
27
31
78
106
67
74
86
79
95
88
71
47
23
16
12
16
34
96
84
62
76
62
36
42
48
57
71
79
91
130
171
133
148
121
64
85
65
89
116
123
131
139
155
197
245
234
201
218
231
207
215
196
188
212
227
178
196
230
251
304
312
262
181
143
147
150
192
181
147
184
151
105
99
48
82
63
40
51
-32
-63
-68
-36
-14
-31
-48
-81
-117
-80
-99
-154
-136
-106
-88
-89
-106
-143
-141
-57
-23
-34
-57
-76
-46
16
14
31
61
44
14
-17
23
72
61
44
0
-75
-12
0
12
9
-69
-78
-125
-159
-148
-166
-188
-206
-218
-214
-217
-224
-237
-315
-332
-290
-281
-262
-224
-213
-211
-254
-244
-158
-86
-56
-49
-26
13
51
90
98
70
148
200
240
282
291
315
306
333
395
441
517
524
545
565
563
610
608
606
593
577
616
603
581
616
601
658
677
643
692
635
600
622
548
530
526
505
500
485
465
447
441
366
326
297
295
249
160
123
159
149
115
73
41
47
37
11
-37
-30
-28
-35
-70
-111
-121
-160
-222
-230
-201
-167
-179
-268
-276
-310
-396
-439
-493
-516
-585
-685
-789
-883
-985
-1101
-1165
-1231
-1295
-1325
-1401
-1477
-1491
-1531
-1551
-1565
-1563
-1492
-1509
-1561
-1536
-1490
-1412
-1389
-1367
-1380
-1361
-1329
-1258
-1100
-871
-596
-168
335
707
1096
1356
1636
1933
2178
2480
2625
2652
2692
2724
2706
2650
2445
2279
2036
1712
1505
1312
1108
815
487
242
-35
-260
-432
-628
-766
-917
-1072
-1120
-1186
-1271
-1228
-1167
-1077
-976
-866
-674
-456
-259
-34
237
418
716
915
1081
1254
1434
1641
1757
1849
1843
1864
1764
1620
1476
1404
1340
1219
1082
898
741
593
473
372
307
233
105
-40
-110
-164
-207
-208
-254
-294
-334
-331
-312
-302
-280
-282
-279
-227
-206
-198
-247
-268
-277
-334
-389
-484
-547
-681
-777
-883
-1020
-1175
-1315
-1407
-1530
-1669
-1786
-1941
-2036
-2135
-2246
-2338
-2474
-2502
-2479
-2530
-2545
-2590
-2573
-2544
-2547
-2506
-2494
-2451
-2357
-2154
-1781
-1119
-450
162
755
1268
1758
2154
2623
3124
3504
3669
3767
3871
3952
3924
3842
3712
3366
2935
2498
2141
1855
1446
1055
743
328
-74
-392
-610
-778
-995
-1107
-1221
-1339
-1402
-1441
-1343
-1209
-1134
-1039
-869
-621
-274
-13
269
555
808
1099
1295
1495
1710
1941
2043
2094
2095
2059
2044
1972
1921
1774
1579
1410
1281
1102
817
612
448
321
230
131
104
55
-61
-112
-133
-112
-116
-120
-53
-50
-55
-63
-53
12
70
87
74
98
81
87
84
81
50
-30
-104
-250
-363
-438
-493
-530
-602
-751
-910
-1039
-1129
-1245
-1386
-1519
-1644
-1785
-1948
-2083
-2135
-2199
-2350
-2453
-2562
-2655
-2697
-2818
-2918
-3018
-3093
-3101
-3141
-3145
-3143
-3194
-3116
-3098
-2972
-2643
-2060
-1299
-627
19
581
1222
1727
2249
2794
3231
3499
3619
3709
3784
3787
3709
3612
3408
3041
2549
2142
1881
1612
1188
751
399
24
-282
-506
-700
-870
-1040
-1212
-1323
-1368
-1415
-1393
-1329
-1262
-1165
-1028
-877
-646
-390
-106
260
595
877
1097
1356
1578
1771
1923
1960
1992
1956
1891
1815
1688
1635
1534
1308
1137
1058
956
897
819
720
712
598
502
439
439
481
430
378
396
405
375
406
478
598
539
541
565
506
447
371
282
245
102
-87
-232
-422
-508
-618
-774
-909
-1076
-1209
-1282
-1370
-1461
-1578
-1686
-1732
-1772
-1841
-1925
-2015
-2104
-2196
-2273
-2367
-2497
-2609
-2661
-2720
-2794
-2940
-3053
-3161
-3225
-3287
-3329
-3300
-3395
-3364
-3449
-3422
-3143
-2648
-1786
-950
-79
704
1512
2176
2704
3405
4023
4533
4761
4840
4931
4914
4744
4560
4348
3949
3314
2676
2202
1767
1254
752
304
-167
-565
-986
-1244
-1384
-1589
-1730
-1855
-1908
-1876
-1849
-1728
-1504
-1325
-1115
-852
-491
-91
274
688
1136
1512
1839
2068
2246
2500
2676
2757
2794
2712
2584
2393
2149
1948
1749
1511
1241
977
771
604
480
407
445
457
472
467
394
357
266
233
221
185
137
162
210
247
302
325
339
278
198
92
3
-88
-179
-346
-520
-688
-873
-994
-1175
-1306
-1422
-1525
-1575
-1686
-1732
-1723
-1731
-1738
-1812
-1915
-1952
-1990
-2061
-2152
-2284
-2398
-2572
-2756
-2882
-3009
-3141
-3270
-3420
-3517
-3574
-3660
-3696
-3754
-3750
-3832
-3890
-3877
-3842
-3490
-2940
-2018
-1001
-55
940
1770
2594
3270
3885
4569
5059
5258
5283
5180
5008
4729
4336
3961
3414
2635
1841
1174
630
115
-485
-827
-1098
-1387
-1629
-1821
-1821
-1768
-1770
-1732
-1656
-1558
-1440
-1286
-1010
-701
-359
-37
279
664
1031
1381
1717
2123
2425
2604
2696
2712
2730
2633
2480
2242
1939
1638
1328
1054
875
660
386
184
111
102
136
156
253
471
650
861
953
1006
1113
1107
1187
1185
1173
1139
994
945
897
805
717
587
381
167
-144
-314
-427
-624
-860
-1134
-1331
-1447
-1560
-1614
-1584
-1623
-1659
-1703
-1644
-1527
-1459
-1413
-1491
-1582
-1711
-1873
-2097
-2228
-2419
-2582
-2786
-3063
-3203
-3435
-3624
-3799
-3888
-4045
-4155
-4161
-4297
-4179
-4152
-4169
-4058
-4052
-3695
-3093
-2125
-837
449
1699
2802
3834
4635
5393
6007
6441
6631
6413
6107
5638
4959
4229
3533
2893
2058
1021
251
-309
-756
-1127
-1384
-1402
-1397
-1472
-1510
-1308
-1024
-787
-621
-475
-289
-130
74
332
588
785
960
1140
1398
1664
1951
2164
2297
2405
2344
2194
2001
1775
1478
1170
768
331
22
-215
-381
-453
-388
-236
-114
58
299
656
1001
1292
1550
1836
2075
2145
2180
2143
2119
1887
1626
1399
1161
989
649
375
260
108
-91
-262
-417
-519
-677
-874
-919
-884
-909
-1067
-1175
-1154
-1164
-1145
-1125
-1079
-1012
-1080
-1219
-1304
-1358
-1525
-1766
-2098
-2485
-2856
-3211
-3582
-3846
-4036
-4372
-4538
-4829
-4898
-4754
-4790
-4511
-4458
-4273
-4166
-4123
-3929
-3795
-3602
-3318
-2583
-1506
-61
1219
2616
3942
4985
5852
6349
6786
7083
6937
6346
5571
4593
3558
2292
1225
448
-327
-1214
-1954
-2200
-2183
-2108
-1975
-1518
-980
-558
-343
-55
381
684
771
801
828
781
756
676
779
918
1005
1027
1138
1341
1490
1605
1541
1407
1187
846
424
15
-315
-599
-942
-1189
-1235
-1118
-881
-542
-74
503
1066
1663
2092
2522
2841
2900
2997
2756
2576
2293
1999
1686
1135
839
556
331
164
14
-31
-105
-235
-235
-221
-143
-141
-286
-304
-379
-463
-506
-491
-478
-531
-632
-715
-790
-885
-983
-1157
-1289
-1495
-1678
-1864
-2083
-2319
-2587
-2828
-3144
-3458
-3707
-4013
-4147
-4256
-4398
-4382
-4418
-4345
-4269
-4157
-4087
-3737
-3718
-3424
-3308
-3156
-2707
-2263
-1088
339
2136
3655
5182
6311
7149
7533
7543
7667
7331
6462
5107
3784
2435
1009
-419
-1217
-1695
-2148
-2512
-2557
-1981
-1272
-630
-36
746
1323
1613
1618
1685
1801
1642
1338
997
891
808
816
780
960
1206
1407
1454
1414
1516
1521
1321
871
404
-150
-618
-1118
-1451
-1493
-1360
-1066
-670
-75
672
1525
2203
2747
3248
3544
3639
3424
3054
2596
1961
1402
724
262
127
-33
-5
-141
-121
187
292
476
604
794
875
673
539
366
170
-60
-330
-461
-511
-613
-714
-732
-633
-654
-797
-975
-1154
-1368
-1657
-1884
-2078
-2191
-2349
-2587
-2653
-2867
-3108
-3380
-3742
-3972
-4309
-4529
-4777
-4926
-4982
-5141
-5143
-5055
-4835
-4623
-4367
-4132
-3939
-3835
-3738
-3316
-2170
-425
1678
3694
5543
7261
8347
8829
8695
8384
7795
6575
4802
3044
1475
-53
-1492
-2543
-2843
-2824
-2764
-2454
-1614
-570
387
1087
1635
2071
2151
1891
1458
1140
925
712
501
464
615
914
1178
1419
1674
1833
1796
1455
1023
532
22
-595
-1272
-1808
-2115
-2180
-2054
-1600
-854
74
967
1813
2612
3209
3543
3606
3440
3045
2496
1842
1079
463
38
-178
-176
-85
119
423
780
1081
1247
1211
1195
1021
708
380
-5
-221
-409
-581
-537
-506
-569
-510
-567
-492
-452
-514
-582
-762
-968
-1265
-1553
-1771
-1924
-2025
-2073
-2054
-1996
-2021
-2081
-2295
-2479
-2714
-2946
-3291
-3706
-4008
-4283
-4530
-4758
-4765
-4814
-4670
-4648
-4435
-3975
-3596
-3191
-3083
-2920
-2373
-1283
476
2839
4965
6928
8532
9332
9452
8874
8206
7423
5948
3796
1810
100
-1416
-2587
-3137
-2738
-2117
-1719
-1178
-145
1010
1923
2302
2413
2327
1817
1138
543
241
162
301
440
788
1174
1682
2281
2477
2462
2219
1707
963
-8
-997
-1636
-2038
-2212
-2065
-1583
-798
136
1094
2009
2947
3593
3897
3824
3423
2821
2099
1340
593
7
-330
-423
-291
-34
393
1036
1602
2027
2221
2162
1808
1290
600
-2
-466
-821
-1000
-1060
-983
-747
-404
-115
248
456
450
200
-233
-670
-1088
-1447
-1818
-2134
-2318
-2383
-2474
-2464
-2331
-2155
-2023
-2006
-2166
-2462
-2800
-3231
-3660
-4066
-4376
-4708
-4942
-5169
-5409
-5392
-5344
-5216
-4869
-4714
-4488
-4246
-4350
-4127
-3998
-2916
-643
1838
4717
7089
8905
10285
10413
9511
8472
7290
5573
3267
675
-1108
-2265
-3356
-3585
-2910
-1625
-378
289
1195
2258
2897
2969
2499
1848
1013
-49
-1064
-1529
-1335
-634
303
1181
1889
2510
2989
3081
2672
1902
1075
-20
-1279
-2377
-3034
-2986
-2559
-1809
-688
669
2070
3173
3900
4333
4380
3957
3074
1992
797
-100
-673
-978
-910
-472
388
1262
2027
2472
2827
3107
2938
2486
1735
987
358
-362
-951
-1141
-883
-454
-234
-113
191
419
430
236
-159
-509
-927
-1546
-2029
-2178
-2044
-1944
-1925
-1772
-1586
-1454
-1504
-1753
-1880
-2171
-2515
-2913
-3308
-3657
-3855
-4137
-4353
-4457
-4494
-4368
-4448
-4541
-4609
-4680
-4867
-4884
-5006
-4850
-4911
-5084
-4898
-4586
-2939
-277
2979
6248
8614
10199
10972
10378
8868
7042
5125
3075
341
-2072
-3222
-3517
-3200
-2237
-805
1138
2494
2969
3517
3812
3694
2935
1707
495
-498
-1273
-1627
-1348
-507
720
1763
2456
2876
2965
2727
2008
761
-537
-1657
-2632
-3276
-3403
-2770
-1515
29
1553
2899
4044
4816
4997
4613
3857
2855
1726
577
-435
-938
-899
-509
79
887
1773
2577
3336
3498
3657
3373
2664
1841
664
-202
-711
-861
-603
-328
99
746
1113
1356
1211
710
229
-570
-1659
-2491
-3029
-3221
-3234
-3126
-2651
-2201
-1786
-1533
-1504
-1351
-1426
-1719
-1945
-2304
-2639
-3047
-3445
-3828
-4192
-4419
-4672
-4790
-4885
-5013
-5074
-5129
-5199
-5084
-5301
-5194
-5403
-5477
-5719
-6021
-5635
-3960
-685
3127
7101
9881
11974
12681
11700
9643
7324
5127
2678
-467
-3171
-4362
-4412
-3750
-2474
-222
2370
4144
4379
4465
4485
4174
3285
1801
661
-139
-627
-854
-385
746
2143
3056
3109
2601
1843
844
-649
-2268
-3578
-4261
-4490
-4342
-3604
-2076
-55
1870
3354
4307
4795
4767
4300
3441
2536
1730
1066
456
118
270
977
1820
2620
3057
3128
3182
2697
2277
1761
1304
941
473
68
-227
-166
332
961
1503
1848
1817
1672
1499
1042
556
87
-592
-1284
-2252
-2922
-3266
-3372
-3293
-3449
-3423
-3339
-3280
-3204
-2921
-2526
-2151
-2023
-2145
-2278
-2519
-2683
-3078
-3586
-4097
-4775
-5501
-6017
-6460
-6599
-6556
-6233
-6068
-5906
-5644
-5737
-5484
-5868
-6049
-5421
-3561
-9
4357
7955
10778
12381
12490
11158
8353
5726
3704
989
-2150
-4515
-5555
-4865
-3843
-2340
193
2831
4283
4449
4023
3622
3338
2498
1597
810
555
896
1467
2142
3127
4115
4586
4035
2296
518
-1032
-2644
-4284
-5503
-5682
-4924
-3974
-2747
-1066
919
2641
3521
3776
3660
3369
2829
2162
1774
1892
2266
2592
2845
3153
3681
4025
3855
3442
2657
1789
1009
675
901
1465
2040
2388
2655
2429
1798
1322
1117
966
570
9
-246
-336
-342
-407
-443
-207
-249
-920
-1857
-2522
-2926
-3177
-3637
-3936
-3897
-3612
-3347
-3131
-2514
-2012
-1873
-2450
-3288
-4030
-4490
-4862
-5357
-5600
-5450
-5321
-5309
-5031
-4775
-4350
-4233
-4862
-5609
-6265
-7102
-7471
-7872
-6698
-3345
882
5860
9498
11951
13451
12624
10055
6864
3797
1445
-1313
-4118
-5277
-4763
-3395
-1759
123
2518
4382
4368
3441
2479
1675
1064
226
-249
310
1333
2666
4163
5316
6277
6682
5862
4062
1714
-430
-1980
-3455
-4602
-4735
-3962
-2633
-1468
-523
679
1452
1426
720
-154
-583
-728
-630
-58
1131
2710
4155
5069
5541
5647
5285
4265
2679
1315
377
-59
-69
490
1937
3690
5052
5638
5440
4746
3542
2064
915
233
26
-59
-45
258
713
1065
1038
478
-479
-1756
-3211
-4415
-4954
-4750
-4096
-3209
-2359
-1457
-768
-421
-417
-950
-1927
-3414
-5155
-6602
-7492
-7898
-7672
-7202
-6368
-5431
-4900
-4264
-4000
-4015
-4178
-4897
-5834
-6529
-7604
-7800
-7684
-5931
-1922
2853
7831
10925
12216
12136
9946
6397
2919
213
-1525
-3478
-5026
-4883
-3131
-1215
524
2028
3314
3701
2308
739
-200
-462
-135
279
1086
2531
4023
5367
6276
6348
5877
4837
2859
442
-1668
-2682
-2538
-2125
-1606
-422
890
1934
2021
1478
981
102
-1206
-2721
-3619
-3332
-2183
-673
1013
2723
4289
5108
4833
3925
2917
2038
1050
45
-386
1
1250
2723
4337
5744
6592
6629
5407
3571
1762
576
30
-54
608
1958
3401
4279
4346
3969
3172
1788
-337
-2683
-4424
-5496
-5898
-5645
-4737
-3321
-1927
-1114
-790
-770
-1007
-1503
-2347
-3326
-4295
-5111
-5574
-5923
-5954
-5760
-5579
-5663
-5744
-6054
-6343
-6141
-6630
-6290
-5973
-5906
-5179
-5448
-5261
-4834
-3303
432
4592
8305
10325
10856
9995
7583
4403
1453
95
-1058
-2580
-3511
-3486
-2150
-1129
-316
690
1426
1376
117
-836
-824
123
1270
2401
3692
4764
5539
5785
5538
4911
3974
2753
1113
-627
-1587
-1633
-920
-211
318
1151
1689
1617
918
107
-259
-529
-960
-1170
-736
292
1579
2565
3247
3673
3591
2807
1429
267
-231
-80
162
567
1318
2111
3325
3987
4458
4660
4070
3434
1982
920
626
930
1965
2737
3672
4600
4984
4789
3862
2861
1872
621
-835
-2034
-2685
-2966
-3059
-3131
-2984
-2756
-2737
-2910
-3175
-3232
-3146
-3215
-3345
-3623
-3800
-3924
-4179
-4361
-4860
-5174
-5679
-6599
-7229
-7934
-8144
-7892
-7495
-6781
-6144
-5695
-5268
-5510
-4904
-2790
867
5873
9161
10930
11354
9698
7102
3658
902
-128
-1218
-2526
-3172
-2710
-1318
-282
-132
225
269
-846
-2195
-3116
-2568
-733
819
2417
4054
5293
6090
5887
5021
4155
2930
1528
227
-800
-816
-114
692
1330
1603
1590
1320
327
-971
-1803
-2063
-1750
-1268
-593
807
2542
4098
4963
5100
4889
4070
2523
841
-305
-519
-138
424
1464
2497
3396
3546
3206
2726
2274
1540
762
371
99
640
1530
2768
3863
4381
4652
4196
3360
2189
1045
598
286
-61
-321
-524
-744
-1227
-1890
-2353
-2458
-2563
-2693
-2956
-3097
-2870
-3010
-3092
-3318
-3796
-4376
-5007
-5727
-6045
-6148
-5981
-5976
-6129
-5950
-6467
-6243
-6274
-6725
-6673
-7339
-7571
-7817
-7715
-4552
-72
6091
10479
11839
11915
9799
6194
2323
-349
-983
-926
-1633
-1777
-593
701
1164
498
-257
-1109
-3289
-5188
-5465
-3947
-1002
1825
4222
6381
7276
6679
5304
3307
1456
116
-977
-1207
-601
878
2760
3966
4227
3593
2143
192
-1867
-3581
-4069
-3477
-2126
-302
1440
3207
4673
5378
5248
4386
3169
1953
790
136
450
1734
3604
4917
5397
5178
3895
2652
1194
103
65
137
620
874
1184
1956
2635
3079
3184
2888
2608
2368
1953
1785
1728
1690
1422
488
-428
-1281
-1893
-2299
-2801
-2688
-2286
-1916
-1486
-1431
-1323
-1496
-2153
-2909
-3810
-4457
-4984
-5442
-5959
-6035
-6056
-5746
-5382
-5613
-5295
-5987
-5731
-5611
-6074
-5640
-6391
-6729
-6937
-7593
-5025
-807
4763
9542
10590
10135
8087
4663
1411
-425
-188
1264
1277
737
1421
1520
739
-970
-2908
-3960
-5546
-6902
-6010
-3230
335
3443
5314
6496
6288
4383
2382
658
-267
-355
-112
1064
2830
4281
5239
4899
3333
1331
-1229
-3336
-4470
-4677
-3388
-1451
473
2245
3255
3766
3745
2945
2106
1307
838
1011
1470
2472
4071
5495
6161
6141
4924
3530
1891
464
219
741
2069
2736
3071
3041
2517
1801
1067
856
1114
1485
1915
2552
3045
3332
2868
2014
1108
-118
-1152
-1893
-2140
-1966
-1900
-1967
-1987
-2089
-2114
-2251
-2469
-2530
-2628
-2740
-3025
-3252
-3694
-4089
-4961
-6051
-6420
-7005
-6794
-6779
-6948
-6618
-6660
-6051
-5568
-5288
-5106
-5546
-6272
-6191
-4150
127
5712
9329
10294
9093
6149
3119
30
-1101
80
1535
2124
2118
2299
2326
895
-1534
-3355
-5051
-6870
-7773
-6767
-3432
209
2577
4128
4670
3907
2022
11
-764
-480
108
1168
2831
4696
6083
5956
4641
2469
-159
-2773
-4542
-4776
-3755
-2008
-266
1245
2214
2250
1560
809
444
425
793
1608
2797
4071
5033
5485
5647
5427
4690
3533
2434
1691
1630
2017
2510
3245
3472
3248
2438
1501
1166
1093
1509
2078
2570
2819
2649
2066
1457
1088
636
245
-148
-324
-384
-674
-1137
-1775
-2316
-2930
-3511
-3729
-3406
-2719
-2269
-2069
-2192
-2552
-3293
-4328
-5131
-5492
-5710
-5524
-5351
-5072
-5150
-6001
-6604
-7278
-6933
-6942
-6547
-6899
-7000
-6820
-6413
-2503
1905
7670
10755
10208
8226
4476
1376
-980
-1300
666
3220
4480
4813
4589
3158
734
-2470
-5016
-6332
-7312
-6963
-4562
-1087
2439
4082
3978
2756
435
-1927
-2977
-2448
-393
1996
4127
6255
7407
7313
5734
3185
466
-1975
-3680
-3888
-2750
-873
1028
1884
1953
1160
-571
-2218
-2952
-2399
-815
964
2892
4736
5836
6222
5735
4931
4690
4023
3619
3260
2957
3281
3121
3111
2905
2520
1833
1027
738
1081
1782
2290
2928
3095
2914
2224
1353
1056
1163
1197
954
530
63
-575
-1481
-2346
-2916
-2939
-2836
-2695
-2080
-1324
-936
-1313
-2191
-3218
-4298
-5338
-5906
-5696
-5073
-4369
-4252
-3860
-4282
-5249
-6220
-7311
-7436
-7533
-7505
-7317
-7100
-6922
-6675
-6239
-4147
-181
4270
7834
8580
7208
5130
2800
1088
620
1546
3410
4618
4730
4184
2700
235
-2669
-4810
-5564
-5236
-4429
-2719
-574
1148
1940
1417
145
-1459
-3072
-3518
-2342
113
3049
5429
6872
6972
5666
3552
1149
-915
-2126
-2254
-1280
389
1850
2581
2313
1113
-605
-2580
-3920
-4036
-2930
-940
1395
3521
4941
5270
4817
4020
3459
3540
3954
4683
5123
5265
5069
4553
4104
3420
2613
1730
1080
1185
1761
2349
2764
3036
3016
2631
1926
1441
1563
1914
1870
1669
1070
153
-1033
-2416
-3158
-3324
-2997
-2486
-1751
-1064
-853
-1035
-1750
-2654
-3620
-4541
-5208
-5168
-4725
-4002
-3374
-3072
-3231
-3815
-4814
-5976
-6834
-7410
-7156
-6941
-6659
-6375
-6655
-6617
-6653
-6730
-5478
-2897
825
4943
6681
7112
6271
4530
3230
1902
1715
2525
3263
3738
3894
3240
1641
-853
-3141
-4160
-4324
-3873
-2803
-1660
-711
-359
-704
-743
-1104
-1698
-1924
-1114
786
2986
4958
6194
6223
4743
2512
345
-910
-925
-158
1212
2340
2891
2681
1388
-282
-1963
-3127
-3409
-2938
-1627
220
1907
3151
3786
3822
3378
2650
2095
2344
3336
4583
5914
6470
6376
5616
4534
3454
2200
1250
979
1481
2195
2761
3131
3172
2894
2227
1749
1672
1833
2018
1844
1593
942
127
-784
-1660
-2146
-2452
-2346
-1844
-1293
-924
-1113
-1842
-2797
-3790
-4429
-4770
-4489
-3963
-3328
-2679
-2529
-2481
-3031
-4020
-5055
-5913
-6438
-6625
-6602
-6112
-5757
-5883
-5919
-6391
-6350
-6403
-6400
-5837
-3871
-948
3119
6083
7037
6226
4140
2537
1428
1034
1932
3355
4467
4938
4186
2572
164
-2424
-4063
-4442
-3964
-2874
-1604
-777
-407
-777
-1376
-1886
-2433
-2448
-1602
246
2496
4449
5397
5315
4080
2155
520
-344
-229
587
1564
2439
2869
2439
1387
-161
-1602
-2467
-2468
-1690
-287
1312
2808
3865
4098
3551
2548
1667
1317
1570
2444
4036
5651
6799
6784
5527
3916
2412
1393
1162
1367
2162
3209
3871
4405
4268
3712
3002
2148
1542
1211
945
806
766
604
316
-352
-1068
-1378
-1487
-1395
-1204
-1009
-1047
-1492
-2396
-3266
-3743
-3873
-3554
-3070
-2460
-1855
-1572
-1507
-1872
-2688
-3473
-4137
-4603
-4900
-4979
-4678
-4704
-4693
-4836
-4846
-4726
-4883
-4743
-4773
-4572
-4498
-4609
-4245
-3331
-2150
-555
937
1799
1804
738
-142
-550
-643
-285
393
1143
1838
2192
2208
1862
843
-375
-1239
-1582
-1461
-839
313
1673
2730
3383
3678
3427
2642
1582
786
336
167
323
750
1136
1189
1021
685
109
-643
-1326
-1666
-1499
-1037
-314
559
1500
2347
2858
3012
2886
2702
2517
2551
2810
3332
3965
4402
4443
4192
3775
3107
2416
1705
1550
1763
2108
2442
2576
2826
2836
2795
2783
2687
2523
2248
1860
1576
1552
1592
1627
1311
655
110
-154
-90
162
509
644
432
-184
-1014
-1751
-2268
-2466
-2466
-2224
-1822
-1150
-504
-283
-442
-919
-1476
-2079
-2632
-2973
-2990
-2842
-2627
-2384
-2310
-2522
-2981
-3434
-3910
-4484
-4871
-4884
-4497
-3982
-3613
-3535
-3723
-4215
-4972
-5668
-6081
-6047
-5672
-4929
-3964
-2947
-2337
-2305
-2711
-3084
-3426
-3504
-3193
-2418
-1362
-481
315
1152
2230
3526
4875
5617
5755
5647
5420
5237
5026
4923
5157
5152
4783
4394
4062
3723
2889
1839
1058
651
499
426
569
791
981
926
703
586
552
589
712
957
1402
1775
1800
1572
1246
903
668
540
715
1164
1498
1733
1752
1698
1672
1536
1441
1517
1818
2192
2654
3088
3363
3412
3148
2771
2299
1753
1277
1168
1570
2139
2723
3014
2741
1913
712
-482
-1420
-1858
-1772
-1303
-779
-325
-103
-75
-307
-968
-1831
-2646
-3072
-3136
-2892
-2385
-1900
-1650
-1834
-2260
-2735
-3240
-3605
-3809
-3841
-3536
-3037
-2707
-2629
-3010
-3752
-4472
-5118
-5608
-5632
-5133
-4582
-4065
-3776
-3622
-3524
-3838
-4431
-5019
-5516
-5848
-5673
-5192
-4384
-3475
-2937
-2448
-2058
-1627
-712
264
1098
1970
2635
3253
3697
3845
4103
4271
4230
4045
4227
4717
5021
4896
4429
4025
3665
3356
3280
3435
3615
3752
3666
3562
3564
3389
3208
3054
2896
2801
2619
2300
2024
1760
1421
910
335
49
-42
-143
-205
-149
37
266
353
547
826
1060
1251
1201
1162
1163
1186
1344
1554
1783
2211
2595
2861
3047
3026
2883
2471
1775
1120
653
387
418
653
971
1117
1035
815
515
188
-291
-624
-834
-875
-703
-488
-232
-195
-472
-1084
-1844
-2471
-2797
-2779
-2474
-1884
-1325
-1013
-945
-1289
-1996
-2991
-4120
-4944
-5158
-4714
-3953
-3368
-3060
-3036
-3197
-3553
-3947
-4284
-4476
-4629
-4693
-4530
-4360
-4235
-4271
-4452
-4600
-4523
-4329
-3914
-3349
-2730
-2147
-1537
-958
-649
-458
-505
-745
-789
-651
-78
827
1574
2064
2300
2383
2561
2673
2870
3356
3773
4118
4491
4941
5468
5775
5675
5707
5714
5728
5787
5652
5552
5274
4690
4026
3220
2449
1719
1063
659
482
529
582
541
313
15
-321
-609
-830
-1052
-1137
-1116
-866
-519
-181
175
349
511
543
475
529
613
648
556
566
834
1093
1236
1277
1132
846
524
328
360
575
888
1282
1644
1868
1937
1664
1193
599
60
-307
-399
-424
-342
-135
116
402
505
524
193
-608
-1640
-2605
-3208
-3343
-3132
-2800
-2559
-2606
-2804
-3174
-3649
-4023
-4223
-4287
-4386
-4440
-4380
-4196
-4083
-4230
-4418
-4385
-4072
-3701
-3237
-2670
-1955
-1424
-1151
-1023
-1132
-1312
-1503
-1653
-1672
-1553
-1403
-1377
-1608
-1879
-2086
-2210
-1995
-1486
-859
-265
96
423
614
760
1048
1627
2138
2549
2938
3489
4152
4626
5073
5419
5454
5151
4895
4747
4911
4951
4859
4744
4492
4111
3592
3070
2641
2374
2096
1855
1559
1198
842
444
58
-206
-257
-239
-254
-304
-291
-235
-193
-176
-248
-341
-374
-322
-243
-152
-40
-23
-112
-223
-234
-62
185
351
638
896
1030
1059
914
777
640
454
250
97
-17
-97
-129
20
362
785
1075
1019
547
-306
-1091
-1552
-1615
-1252
-799
-556
-562
-749
-1164
-1648
-2076
-2483
-2870
-3291
-3510
-3544
-3560
-3546
-3601
-3688
-3712
-3666
-3543
-3169
-2704
-2112
-1494
-1017
-711
-619
-668
-724
-731
-689
-638
-606
-674
-917
-1180
-1330
-1304
-1099
-884
-705
-655
-651
-687
-770
-708
-580
-483
-572
-738
-753
-748
-838
-804
-652
-363
-212
-350
-287
-51
352
781
1294
1804
2096
2195
2255
2431
2614
2883
3260
3583
3740
3938
4152
4407
4277
3916
3513
3144
3075
3072
3091
3160
2984
2569
2056
1485
989
501
114
-102
-187
-178
-202
-245
-325
-522
-649
-656
-492
-290
-95
70
126
77
-199
-579
-1035
-1385
-1549
-1457
-1147
-726
-269
67
72
-303
-849
-1329
-1467
-1334
-930
-332
217
529
580
502
367
152
-126
-405
-707
-892
-906
-898
-919
-1162
-1472
-1823
-2053
-2027
-1810
-1377
-967
-623
-353
-229
-211
-228
-181
-32
73
149
298
384
344
253
40
-215
-425
-550
-510
-396
-178
137
457
794
1071
1259
1336
1252
1117
962
786
497
181
-44
-221
-434
-718
-989
-1221
-1467
-1716
-1883
-1955
-2089
-2283
-2490
-2647
-2730
-2860
-2875
-2709
-2404
-1830
-1197
-757
-327
63
465
850
1146
1604
2094
2379
2667
3080
3589
3972
4114
4075
3830
3575
3351
3287
3308
3184
2909
2695
2647
2750
2802
2663
2247
1669
1177
705
323
-50
-460
-806
-1078
-1130
-1114
-1062
-1290
-1758
-2310
-2975
-3536
-3930
-3847
-3359
-2732
-2148
-1779
-1669
-1673
-1695
-1724
-1772
-1777
-1693
-1514
-1292
-1057
-774
-632
-708
-928
-1176
-1157
-870
-371
289
871
1187
1287
1243
1271
1414
1527
1594
1651
1839
1966
2017
2008
1706
1285
755
135
-322
-623
-668
-555
-287
89
463
795
940
845
645
490
441
467
638
898
1166
1270
1195
1042
747
423
99
-45
90
322
614
749
693
478
-61
-675
-1119
-1417
-1523
-1453
-1204
-930
-761
-824
-1057
-1344
-1720
-2022
-2090
-1938
-1504
-1035
-637
-346
-548
-1152
-1947
-2602
-2825
-2675
-1977
-1049
-276
349
732
907
704
420
367
410
563
758
1360
1996
2378
2657
2706
2678
2530
2349
2227
1862
1392
983
686
560
466
382
335
112
-63
-206
-388
-630
-1018
-1357
-1731
-1998
-2014
-1915
-1777
-1806
-1903
-2073
-2243
-2227
-2056
-1672
-1312
-1052
-880
-754
-660
-584
-362
52
548
1108
1585
1952
2225
2297
2185
1901
1599
1284
1143
1341
1538
1822
2076
2251
2355
2199
2113
2072
2030
1946
1881
1888
1918
1924
1881
1755
1523
1264
1013
761
519
291
106
84
207
433
704
757
590
198
-148
-309
-372
-202
24
304
464
387
268
85
-129
-340
-461
-354
68
597
1063
1233
917
244
-613
-1435
-2001
-2056
-1689
-1013
-408
-76
56
-130
-662
-1459
-2201
-2746
-3203
-3369
-3150
-2722
-2352
-2152
-2153
-2281
-2641
-3152
-3518
-3678
-3557
-3280
-2887
-2362
-1837
-1549
-1378
-1221
-1035
-795
-455
-53
362
527
426
441
436
452
481
438
483
570
668
891
1095
1182
1147
934
696
612
665
760
932
1119
1284
1423
1400
1308
1158
929
747
601
439
289
109
9
-6
43
232
500
624
595
646
798
1048
1210
1402
1691
1962
2005
1919
1882
1905
1896
1903
1877
1728
1551
1267
1213
1291
1488
1767
1887
1835
1748
1608
1435
1311
1187
1107
967
744
518
395
378
331
245
271
309
395
463
450
401
124
-308
-805
-1254
-1524
-1493
-1058
-336
393
901
1084
981
593
151
-195
-463
-535
-434
-114
283
570
655
434
-51
-722
-1447
-2025
-2350
-2427
-2410
-2336
-2190
-2081
-2107
-2249
-2480
-2674
-2786
-2847
-2612
-2304
-2220
-2276
-2459
-2676
-2965
-3299
-3571
-3737
-3814
-3778
-3631
-3339
-2977
-2593
-2481
-2539
-2542
-2402
-2000
-1425
-725
43
693
1147
1493
1725
2009
2225
2378
2452
2366
2390
2441
2370
2409
2563
2684
2652
2462
2330
2295
2342
2367
2409
2413
2312
2131
1961
1898
1897
1916
1817
1614
1260
839
505
296
346
640
929
1206
1452
1598
1667
1591
1438
1337
1312
1273
1310
1323
1317
1336
1387
1443
1508
1659
1753
1859
1924
1873
1653
1229
750
243
-122
-289
-278
-43
149
277
327
190
38
-271
-654
-1013
-1224
-1124
-754
-287
166
407
349
-28
-581
-1174
-1647
-1852
-1949
-1842
-1558
-1189
-839
-716
-773
-994
-1169
-1228
-1189
-957
-541
-31
394
523
365
31
-413
-1009
-1560
-1836
-1954
-1887
-1736
-1584
-1475
-1588
-1932
-2444
-2896
-3182
-3290
-3166
-2804
-2358
-2025
-1869
-1958
-2095
-2223
-2381
-2515
-2557
-2431
-2148
-1803
-1449
-1229
-1191
-1332
-1422
-1446
-1208
-806
-389
107
506
750
844
926
1068
1297
1590
1846
2139
2415
2517
2566
2569
2604
2597
2593
2772
3062
3336
3458
3499
3513
3221
2805
2412
2091
1943
1816
1756
1710
1752
1924
2088
2203
2226
2127
1877
1466
990
612
431
411
435
505
608
610
455
223
18
-127
-273
-337
-330
-225
-104
27
283
547
654
517
206
-159
-472
-709
-828
-789
-733
-823
-929
-984
-989
-1108
-1239
-1374
-1442
-1377
-1231
-881
-429
-73
27
-51
-257
-543
-856
-1125
-1277
-1311
-1309
-1207
-1047
-819
-647
-558
-527
-527
-518
-507
-432
-343
-197
-59
112
232
252
106
-231
-627
-1042
-1328
-1401
-1376
-1296
-1229
-1204
-1297
-1537
-1699
-1803
-1881
-1900
-1878
-1772
-1730
-1795
-1832
-1829
-1785
-1687
-1573
-1455
-1396
-1354
-1301
-1205
-1078
-905
-680
-454
-218
78
365
628
797
827
891
875
896
965
1004
1166
1312
1480
1753
2027
2263
2418
2533
2474
2173
1794
1415
1258
1262
1342
1571
1727
1748
1572
1248
961
684
548
507
631
844
958
1013
994
964
897
742
588
409
275
272
352
503
597
541
468
320
126
-93
-140
-96
-66
46
204
495
812
994
1018
896
634
284
-46
-241
-352
-382
-373
-416
-468
-637
-902
-1191
-1438
-1555
-1572
-1487
-1319
-1072
-859
-735
-651
-601
-541
-463
-438
-470
-437
-428
-432
-422
-399
-349
-258
-158
-50
140
352
556
692
727
730
634
399
190
94
110
131
175
218
181
-9
-307
-547
-730
-917
-1012
-979
-897
-781
-758
-843
-1072
-1373
-1710
-1999
-2097
-1993
-1780
-1585
-1417
-1282
-1225
-1235
-1207
-1048
-840
-626
-400
-224
-123
-103
-187
-188
-169
-200
-174
-137
-87
81
260
470
635
724
797
805
798
750
770
768
698
711
702
672
608
499
483
347
144
-30
-96
-53
-71
-102
-96
-112
-112
-53
168
483
742
965
1012
1023
1048
965
879
883
998
1088
1122
1156
1145
1102
980
869
734
542
397
326
403
596
794
974
989
833
585
300
22
-284
-439
-466
-442
-438
-491
-519
-602
-773
-978
-1053
-914
-702
-554
-433
-337
-338
-426
-494
-540
-528
-498
-535
-490
-395
-229
-84
-16
110
217
323
496
661
783
858
821
698
545
407
338
297
227
222
148
54
-53
-157
-204
-138
-35
-15
-18
-86
-195
-409
-646
-911
-1181
-1411
-1687
-1896
-1940
-1885
-1833
-1766
-1673
-1550
-1500
-1592
-1691
-1695
-1616
-1446
-1253
-1066
-886
-770
-662
-618
-554
-605
-707
-797
-817
-721
-730
-737
-720
-671
-586
-533
-400
-206
-61
21
11
36
5
-38
-30
52
297
510
719
901
1002
1129
1105
999
870
758
775
790
885
1108
1366
1624
1681
1650
1587
1489
1436
1346
1231
1183
1211
1273
1308
1275
1239
1191
1023
839
803
837
924
1051
1140
1156
954
645
426
293
187
85
7
-59
-133
-184
-190
-151
-120
-140
-165
-217
-207
-199
-202
-167
-161
-157
-122
-58
-25
-56
-148
-212
-220
-139
5
214
395
546
656
671
641
500
218
22
-95
-203
-284
-298
-269
-254
-212
-227
-253
-372
-558
-727
-825
-876
-880
-850
-864
-858
-861
-879
-986
-1085
-1185
-1286
-1400
-1525
-1553
-1533
-1485
-1525
-1561
-1559
-1573
-1529
-1443
-1286
-1149
-1041
-978
-1013
-1084
-1207
-1326
-1346
-1262
-1140
-1001
-875
-680
-480
-342
-298
-390
-527
-606
-548
-395
-171
153
394
498
521
480
490
481
476
537
647
829
956
1099
1183
1165
1145
1008
957
1012
1151
1380
1599
1798
1872
1772
1597
1485
1451
1542
1617
1703
1761
1787
1681
1526
1433
1371
1385
1399
1495
1618
1611
1582
1558
1456
1319
1084
849
617
433
364
375
438
485
466
425
298
119
-35
-162
-281
-332
-377
-444
-488
-599
-667
-690
-749
-761
-779
-741
-631
-469
-281
-207
-248
-406
-538
-554
-535
-477
-315
-211
-167
-142
-194
-346
-496
-566
-598
-568
-585
-627
-698
-798
-858
-870
-857
-766
-683
-648
-623
-645
-647
-717
-779
-882
-980
-1086
-1221
-1282
-1289
-1171
-1086
-1044
-1088
-1222
-1328
-1402
-1430
-1343
-1141
-879
-666
-530
-414
-388
-408
-477
-572
-573
-511
-321
-100
110
274
291
195
138
188
236
296
441
603
768
867
864
925
957
951
955
928
971
1010
1027
933
851
857
909
1029
1088
1131
1187
1187
1242
1306
1373
1355
1309
1286
1170
1171
1255
1360
1484
1597
1702
1724
1676
1566
1424
1374
1301
1193
1119
969
859
759
629
491
354
218
112
70
-15
-39
-56
-150
-255
-420
-659
-767
-833
-882
-873
-821
-797
-815
-811
-857
-936
-1031
-1101
-1084
-1059
-1057
-1045
-1012
-921
-790
-641
-483
-371
-250
-164
-117
-91
-112
-62
-46
-43
-64
-104
-134
-184
-257
-322
-378
-558
-748
-881
-975
-1017
-1008
-925
-815
-679
-596
-496
-545
-686
-791
-797
-777
-742
-665
-585
-476
-516
-642
-744
-788
-778
-725
-708
-628
-511
-377
-226
-112
-5
69
136
192
247
271
351
443
567
689
791
861
858
892
911
922
945
998
1049
1071
1094
1024
902
793
678
630
599
610
637
691
852
941
940
940
897
809
755
706
682
617
575
578
594
642
733
863
933
950
950
956
871
747
712
652
666
742
814
909
911
775
624
435
268
164
71
-36
-201
-311
-383
-485
-634
-780
-884
-961
-949
-892
-861
-884
-935
-1015
-1032
-978
-913
-823
-743
-678
-620
-554
-517
-533
-580
-647
-774
-868
-875
-761
-619
-463
-299
-186
-113
-5
38
0
-67
-84
-34
15
108
115
119
58
-126
-304
-406
-451
-467
-477
-465
-437
-466
-534
-533
-530
-593
-667
-715
-698
-690
-613
-503
-422
-307
-208
-128
-39
91
236
368
516
620
708
790
823
871
876
847
792
729
738
787
862
945
1000
979
913
832
700
554
458
347
271
212
156
111
28
32
92
116
162
131
64
-17
-94
-166
-172
-52
92
263
367
409
431
412
322
306
325
341
439
518
562
600
565
507
457
361
311
280
274
313
364
348
327
289
174
125
69
7
16
-13
-55
-84
-107
-156
-240
-413
-641
-803
-885
-882
-728
-593
-481
-435
-487
-618
-727
-774
-795
-704
-646
-561
-460
-415
-386
-362
-375
-438
-492
-522
-492
-441
-377
-257
-139
-50
-56
-117
-149
-189
-199
-183
-186
-163
-173
-187
-161
-226
-319
-396
-452
-392
-295
-220
-129
-83
-69
-80
-81
-32
-54
-85
-70
-31
52
152
244
300
255
192
131
53
69
116
176
308
366
335
327
331
374
405
432
451
413
312
184
62
-12
58
182
288
306
215
120
-38
-103
-168
-244
-256
-224
-147
-85
-76
-114
-144
-137
-120
-116
-162
-152
-38
56
152
213
213
231
245
276
332
380
395
433
499
517
450
359
281
180
67
-38
-7
143
289
385
454
415
332
240
197
189
180
191
227
301
282
212
84
-59
-170
-235
-339
-416
-350
-263
-204
-194
-251
-316
-385
-376
-390
-406
-424
-364
-298
-227
-226
-312
-371
-409
-359
-306
-192
-88
-16
35
33
17
47
77
74
83
96
156
235
259
277
293
236
125
-14
-112
-129
-97
-14
64
128
159
77
-30
-100
-193
-231
-197
-157
-85
-31
-13
-57
-79
-110
-117
-69
-1
92
197
223
222
200
121
32
-122
-271
-316
-311
-292
-170
-79
-86
-132
-212
-276
-330
-369
-343
-303
-238
-180
-121
-78
-73
-93
-109
-144
-230
-260
-278
-285
-286
-352
-442
-519
-579
-531
-457
-332
-217
-144
-126
-139
-142
-120
-30
47
80
116
160
235
307
334
348
350
349
344
334
336
314
334
380
403
377
348
299
242
133
60
62
36
-26
-99
-135
-148
-166
-258
-277
-254
-237
-239
-294
-367
-388
-377
-363
-331
-277
-264
-266
-273
-270
-168
-212
-283
-323
-380
-435
-465
-390
-311
-229
-209
-223
-229
-247
-253
-254
-252
-254
-250
-273
-296
-246
-203
-226
-227
-242
-214
-176
-133
-52
-29
-42
-92
-198
-297
-409
-467
-439
-413
-356
-311
-280
-210
-269
-309
-302
-346
-357
-344
-271
-135
17
118
221
267
271
246
183
160
120
110
184
179
111
79
58
80
146
256
367
436
408
320
293
272
270
312
298
260
198
200
234
273
259
207
179
82
27
4
3
73
161
254
389
469
494
427
348
342
309
401
581
702
818
867
854
837
823
812
789
772
780
804
838
873
869
780
651
586
522
440
352
287
210
137
35
-66
-171
-305
-356
-357
-384
-409
-387
-427
-415
-385
-407
-411
-446
-506
-538
-548
-522
-497
-492
-454
-407
-321
-263
-207
-128
-85
-65
-29
-26
-60
-112
-126
-128
-158
-201
-256
-258
-270
-271
-273
-330
-391
-426
-454
-433
-346
-292
-303
-359
-359
-361
-400
-496
-578
-611
-637
-666
-740
-817
-891
-943
-957
-888
-791
-697
-561
-454
-374
-290
-174
-73
105
232
273
326
310
342
422
448
448
410
349
358
376
402
434
488
515
471
409
337
237
163
64
24
42
73
175
224
256
312
265
181
160
220
280
353
456
573
680
749
807
783
670
600
528
506
523
517
514
507
477
402
324
243
151
100
101
75
103
156
187
162
61
-71
-200
-323
-359
-369
-413
-405
-357
-333
-326
-283
-282
-309
-305
-358
-361
-349
-355
-329
-359
-383
-375
-380
-398
-355
-239
-180
-213
-234
-266
-251
-237
-193
-92
-48
69
199
275
293
277
301
279
228
113
-22
-143
-249
-332
-423
-492
-598
-650
-688
-766
-793
-810
-788
-725
-671
-637
-580
-530
-537
-550
-575
-549
-479
-413
-349
-275
-161
-25
93
227
316
347
316
325
415
488
536
569
584
595
591
621
654
665
692
710
744
757
776
758
742
731
697
720
717
730
733
734
768
723
664
590
523
444
378
349
316
274
234
214
204
159
118
160
263
366
442
439
384
336
269
242
231
192
191
236
239
267
284
346
406
359
314
238
132
19
-119
-184
-177
-170
-164
-171
-164
-213
-277
-337
-365
-423
-518
-558
-535
-461
-366
-251
-222
-258
-258
-262
-229
-145
-81
27
103
138
190
170
87
68
31
-8
-67
-116
-89
-48
-21
-14
-18
7
18
-3
-42
-134
-199
-274
-335
-417
-461
-450
-481
-473
-445
-436
-432
-442
-437
-432
-456
-448
-449
-422
-349
-297
-246
-191
-169
-117
-51
2
64
176
287
367
441
449
424
446
474
516
615
716
822
881
866
822
762
710
669
592
513
481
467
454
433
403
370
379
383
378
422
426
388
338
220
118
44
-7
0
30
62
109
163
181
156
186
180
126
26
-93
-140
-164
-138
-71
-55
-89
-149
-204
-233
-232
-192
-183
-153
-131
-106
-17
58
55
14
-98
-200
-220
-217
-187
-100
-64
-53
-31
-71
-139
-209
-320
-389
-386
-374
-318
-289
-284
-235
-170
-131
-121
-76
-90
-125
-84
-114
-130
-129
-194
-205
-199
-243
-251
-247
-277
-235
-182
-157
-129
-130
-103
-131
-170
-159
-147
-93
-43
-17
12
18
18
19
-5
20
24
53
55
29
-7
-29
-36
-5
62
99
128
122
151
182
188
141
118
136
100
55
35
59
109
131
116
124
169
201
265
337
372
352
288
252
215
201
236
236
254
287
318
430
499
527
481
364
274
233
210
199
216
159
96
66
5
-89
-177
-181
-197
-163
-110
-86
-52
-13
-12
-25
-42
-93
-106
-112
-54
73
173
214
196
105
-6
-135
-270
-290
-287
-276
-246
-231
-213
-187
-176
-160
-189
-263
-258
-211
-149
-71
-14
23
-8
-80
-203
-281
-262
-251
-235
-231
-208
-173
-137
-123
-152
-210
-241
-218
-192
-155
-118
-41
44
93
136
171
216
222
202
158
168
175
199
269
301
350
351
366
376
400
416
448
429
395
359
308
269
202
169
149
141
125
112
69
29
20
68
103
96
40
-70
-152
-182
-185
-224
-186
-158
-165
-160
-211
-216
-169
-136
-160
-159
-155
-145
-122
-81
-2
6
-19
-127
-206
-191
-146
-57
3
26
8
18
32
36
39
38
-20
-60
-40
-2
43
76
116
109
94
37
-79
-157
-232
-241
-178
-129
-105
-88
-67
-72
-92
-100
-97
-111
-79
-31
23
78
94
42
-21
-107
-154
-121
-147
-134
-74
-6
37
9
-42
-60
-82
-90
-108
-101
-98
-51
36
65
46
-2
-35
-68
-125
-181
-219
-274
-292
-295
-293
-274
-237
-224
-271
-314
-320
-363
-410
-409
-354
-267
-249
-232
-188
-216
-218
-222
-152
-44
53
131
193
227
229
217
155
182
217
253
261
241
231
238
222
211
199
126
69
0
-42
-52
-13
14
49
96
70
32
-26
-86
-112
-94
-106
-105
-94
-104
-106
-113
-93
-58
-49
-92
-111
-93
-82
-96
-109
-67
-78
-83
-97
-119
-67
-93
-150
-108
-106
-135
-149
-167
-132
-73
-66
-61
-76
-58
-47
-8
81
114
90
82
19
-41
-93
-145
-145
-122
-95
-122
-95
-51
-92
-176
-251
-247
-203
-211
-193
-160
-99
26
98
134
150
139
142
129
144
144
173
173
163
197
197
164
116
120
102
69
26
24
3
-9
-32
-58
-84
-131
-164
-175
-169
-181
-186
-201
-276
-283
-298
-315
-275
-278
-268
-228
-157
-95
-71
-63
-76
-105
-105
-119
-80
-50
-21
32
73
77
100
148
185
182
134
144
203
215
214
220
206
198
185
182
217
249
234
225
229
231
207
177
102
39
28
44
85
64
13
-19
-43
-100
-159
-213
-285
-331
-309
-230
-178
-176
-191
-194
-200
-171
-142
-103
-39
-72
-83
-70
-90
-120
-93
-26
14
1
-89
-124
-116
-117
-154
-182
-185
-158
-90
-71
-51
25
86
102
35
-4
-13
-37
-36
-64
-78
-77
-42
-32
-27
-49
-75
-85
-65
-13
6
24
58
44
7
-36
-88
-122
-121
-79
-21
41
98
146
147
105
42
1
-60
-72
-58
-63
-80
-82
-119
-134
-129
-170
-222
-251
-299
-315
-328
-376
-323
-300
-314
-333
-393
-416
-402
-375
-301
-295
-278
-273
-257
-240
-225
-170
-155
-129
-70
-30
-19
15
27
24
10
-12
16
68
102
106
130
86
59
60
58
103
100
44
10
36
111
200
254
256
205
185
179
187
231
257
220
180
118
78
90
117
177
167
77
21
-10
-46
-4
12
-14
-13
-53
-66
-41
-5
26
11
8
43
70
110
122
89
92
75
53
49
72
85
108
119
96
90
83
16
-29
-41
-76
-100
-120
-103
-92
-95
-86
-62
-9
31
58
38
20
29
91
106
135
157
155
202
185
167
108
59
55
53
-11
-74
-75
-22
45
33
-29
-63
-89
-67
-72
-126
-121
-120
-132
-129
-110
-130
-169
-197
-227
-232
-223
-208
-171
-129
-67
-51
-70
-80
-66
-31
-9
-58
-156
-154
-93
-130
-165
-174
-201
-211
-222
-182
-109
-59
-49
-94
-86
-81
-38
-15
-37
5
-14
13
18
-10
28
76
98
90
83
69
74
50
50
60
115
107
83
94
55
99
97
112
122
86
89
67
61
96
112
63
38
34
31
63
72
83
68
28
15
33
59
101
128
135
155
175
195
160
165
183
149
139
99
66
41
27
67
129
120
102
93
67
47
50
42
14
6
-5
-14
32
54
42
86
90
61
28
39
36
9
-40
-48
-28
-20
38
58
16
-44
-64
-106
-124
-111
-110
-70
-39
-51
-51
-72
-70
-78
-125
-151
-179
-176
-161
-192
-225
-238
-249
-266
-320
-332
-322
-329
-303
-263
-274
-282
-268
-236
-209
-208
-195
-172
-167
-116
-91
-74
-73
-38
-14
-35
-5
17
47
22
29
57
14
-22
4
69
143
142
118
102
96
136
119
84
12
0
24
17
21
22
7
-39
-38
-54
-80
-111
-119
-84
-46
-14
18
9
11
57
23
4
16
35
129
182
170
184
228
290
310
292
237
230
221
224
253
268
252
227
181
127
122
102
91
110
128
91
53
11
-13
-68
-93
-78
-53
-15
-3
36
69
89
113
138
140
68
60
98
96
109
83
58
52
18
29
52
29
39
21
26
22
-23
-38
-85
-104
-115
-79
-38
-66
-106
-146
-123
-55
-12
4
38
24
-18
-23
-45
-2
9
-16
-12
-26
-71
-138
-172
-135
-87
-85
-116
-122
-109
-84
-53
-54
-81
-94
-57
-33
-19
8
13
29
49
51
20
-4
-22
-27
-18
-38
-56
-57
8
26
47
62
19
13
19
-28
-83
-119
-75
-11
-24
-24
27
99
153
145
74
41
66
87
97
141
202
220
209
217
211
151
129
128
100
85
79
132
169
179
161
112
109
91
75
130
139
85
53
38
46
63
45
-9
-37
-19
-3
7
-6
-22
-15
-27
-75
-76
-95
-116
-131
-149
-92
-88
-164
-162
-145
-149
-131
-155
-200
-186
-98
-77
-104
-101
-85
-86
-46
-37
-52
-50
-83
-100
-92
-87
-112
-147
-201
-224
-237
-267
-220
-168
-96
-68
-61
-51
-43
-54
-65
-77
-33
-29
-43
-40
-71
-20
6
28
44
29
-13
-28
-44
-3
30
0
6
1
17
43
67
64
39
58
-3
-13
4
37
63
56
22
43
37
-1
42
84
91
147
142
87
53
73
102
83
38
-2
25
45
81
161
215
200
198
167
154
184
123
110
161
172
156
140
121
125
93
27
20
5
61
90
125
133
144
182
188
213
191
124
100
150
196
200
206
241
252
226
168
93
29
7
-6
-17
-25
-27
-40
-23
19
-33
-47
-75
-123
-81
-95
-112
-120
-80
-41
-48
-83
-124
-149
-136
-131
-130
-101
-58
-27
-11
-69
-98
-77
-75
-22
-15
-3
17
43
86
86
89
98
83
104
147
144
94
77
87
72
103
93
62
73
59
59
46
79
84
68
47
31
-20
-64
-68
-69
-22
34
77
70
50
100
147
143
113
85
49
64
97
101
87
74
71
67
79
67
60
54
54
69
80
109
134
170
218
236
213
198
166
143
109
111
95
93
99
44
82
69
25
0
-32
-24
-3
-37
-96
-79
-92
-89
-85
-114
-161
-165
-129
-109
-96
-101
-104
-103
-75
-73
-94
-111
-120
-123
-113
-90
-63
-34
-26
-12
-51
-84
-79
-102
-94
-95
-85
-47
-11
1
-89
-131
-128
-148
-135
-199
-248
-197
-211
-238
-241
-265
-222
-189
-201
-199
-183
-190
-215
-248
-231
-210
-237
-257
-254
-211
-161
-166
-148
-145
-127
-61
-50
-32
-26
-21
-1
5
-13
44
57
69
77
55
77
73
120
134
128
143
148
132
114
37
-21
-18
2
18
26
-5
-7
-25
-47
-26
-31
-9
-20
-20
1
-7
-14
-32
-39
-3
52
49
57
50
82
109
78
108
81
59
4
-60
-50
-24
5
-4
2
0
23
18
21
40
59
107
99
85
52
60
37
30
82
135
110
73
30
98
163
125
44
-18
-72
-93
-84
-113
-62
-36
-95
-153
-119
-63
-52
-46
-74
-77
-84
-96
-102
-82
-76
-95
-101
-121
-100
-58
-52
-16
29
34
16
-72
-98
-88
-40
-45
-62
-47
-37
-7
22
36
59
70
16
-27
-63
-51
-15
-8
37
76
31
16
58
52
93
123
124
162
131
135
115
74
64
40
56
70
85
103
108
120
142
132
131
108
110
136
111
93
94
111
128
122
93
35
33
62
85
84
57
120
118
133
137
88
46
62
54
84
93
110
127
100
103
98
117
104
120
151
175
184
221
241
276
253
235
203
178
210
233
231
171
105
74
34
-4
-31
-30
-20
-24
-18
-62
-44
24
58
41
7
-15
0
-22
-23
24
18
49
32
5
34
56
59
89
88
88
112
112
100
107
79
44
52
86
149
122
122
92
54
17
-25
-18
-24
-10
-17
-21
33
78
73
0
-28
-31
-50
-56
-105
-136
-85
-47
-103
-158
-183
-182
-125
-127
-114
-69
-109
-110
-98
-100
-44
12
6
-35
-50
-68
-51
-40
-54
-79
-114
-105
-132
-143
-162
-141
-151
-158
-138
-171
-199
-211
-234
-244
-224
-187
-136
-122
-95
-91
-137
-178
-206
-211
-214
-201
-214
-190
-156
-174
-171
-167
-118
-82
-78
-74
-68
-89
-99
-59
-44
-46
-65
-65
-66
-75
-70
-84
-93
-149
-172
-127
-133
-122
-110
-94
-85
-76
-82
-77
5
63
85
36
12
27
-17
-41
-41
-48
-74
-98
-108
-117
-184
-214
-190
-139
-77
-25
3
-19
2
-7
-4
20
23
71
99
87
138
176
211
260
230
186
176
190
202
235
253
243
223
190
217
236
222
234
195
211
209
165
143
135
119
137
180
181
164
196
221
176
131
90
115
174
170
149
151
170
152
78
26
-28
-66
-79
-93
-83
-69
-42
-32
14
35
42
74
36
34
35
30
21
-4
11
39
73
83
88
63
43
71
128
134
131
107
58
44
30
0
-15
-35
-46
-21
1
-2
-3
-12
-38
-82
-94
-63
0
25
45
47
96
97
140
216
199
284
281
270
346
372
382
329
331
346
355
368
357
321
292
303
306
304
349
389
384
398
425
400
393
379
380
383
372
366
339
369
320
254
252
245
198
184
174
136
137
99
74
66
61
42
2
-5
19
-8
-36
-13
-25
-32
-103
-161
-205
-196
-180
-178
-149
-174
-163
-118
-103
-111
-174
-238
-288
-314
-294
-276
-285
-324
-328
-364
-372
-345
-346
-356
-364
-403
-424
-417
-402
-428
-445
-414
-440
-423
-376
-359
-315
-254
-216
-199
-183
-179
-195
-216
-234
-245
-245
-217
-175
-162
-163
-154
-177
-186
-194
-197
-199
-193
-145
-132
-128
-160
-201
-229
-247
-273
-292
-270
-252
-191
