32
33
-6
-42
-70
-77
-43
21
58
75
113
139
95
112
54
58
26
-8
5
-4
2
-2
1
-1
1
-1
1
-1
0
0
0
0
1
0
0
0
0
0
0
0
0
0
0
0
0
0
0
0
0
0
0
0
0
0
-1
0
0
0
0
0
0
0
0
0
0
0
0
0
1
0
0
0
0
0
0
0
1
0
0
0
1
1
0
0
0
-1
1
1
0
0
0
0
0
0
0
1
0
0
0
1
0
0
0
0
0
-1
0
0
0
0
0
0
0
0
0
0
-1
-1
-1
0
0
0
0
-1
0
0
0
0
0
0
0
0
0
1
0
1
0
0
0
0
0
0
1
-1
0
1
-1
0
0
0
0
0
0
0
-1
0
0
0
-1
0
-1
0
0
0
0
0
-1
0
0
0
0
0
0
-1
0
-1
11
13
31
65
38
7
-23
-31
-24
-9
-32
-62
-81
-79
-76
-94
-129
-140
-141
-128
-124
-136
-115
-98
-91
-98
-97
-105
-73
-68
-87
-108
-148
-175
-168
-190
-187
-175
-210
-231
-241
-232
-160
-181
-242
-246
-267
-235
-201
-183
-152
-109
-62
-24
-22
15
50
73
46
23
4
19
-6
-3
26
23
31
-10
-38
-33
-24
35
69
27
16
0
23
68
62
14
-10
-7
-4
11
-3
-11
-9
-2
7
6
6
-6
-19
-20
-11
-1
1
-2
0
5
2
-3
-5
-15
-10
-2
-3
2
-3
-4
-6
1
11
12
-5
-6
-15
-6
-2
-11
-7
-18
-9
4
4
-5
-5
-3
2
15
11
4
-7
-3
-2
10
13
-9
-22
-10
1
14
15
5
1
2
-8
7
7
0
7
3
6
0
-1
-6
-5
10
2
-9
5
-7
-2
2
-1
11
-2
2
-2
-11
-11
-6
-7
-9
14
8
2
-2
-10
2
7
1
-1
-9
4
8
2
2
3
7
12
8
-9
-18
-7
12
16
-1
0
-1
-5
17
12
0
2
0
-1
-9
9
17
25
13
-4
14
14
0
-5
-12
-3
8
4
1
-6
5
10
-8
6
2
4
4
0
-3
0
13
1
7
-2
-21
-13
-4
5
9
-2
1
0
-2
8
7
-5
1
10
10
0
2
2
-9
3
7
2
-1
-6
-5
1
-2
3
4
-8
-5
2
4
-6
-6
11
21
9
-2
1
1
6
2
0
-3
3
7
-8
-6
-8
-12
-5
-8
5
11
-2
-16
-3
4
7
4
4
16
16
12
1
5
2
-3
-3
0
-2
-6
-4
1
0
-3
6
-3
-2
-5
2
7
-2
2
-4
-7
0
6
11
7
-5
-23
-22
-11
-4
2
1
-14
-14
-9
-4
4
-4
-10
-10
0
0
0
-6
2
-1
1
14
-6
-9
-9
4
7
4
-6
-18
-1
2
4
21
10
1
5
12
1
-2
-12
-25
-6
-2
-4
-18
-1
18
8
-4
-19
-22
0
15
0
8
-8
-9
-6
-10
-1
-1
10
12
3
3
2
-6
5
8
-1
-10
-2
7
1
-2
-10
5
7
2
15
12
4
-12
-10
0
2
-13
-7
5
8
18
15
5
-7
4
8
5
9
-7
7
0
-1
6
-6
-3
7
18
5
-14
-1
-2
-6
1
-6
-1
0
4
-4
2
-1
-9
-1
-2
9
7
-3
-7
-5
5
-6
-15
-11
1
17
-7
-13
-10
-18
25
3
-7
-11
-25
-14
13
0
-27
-47
-45
0
31
38
7
-9
6
11
-2
-16
-20
-4
0
-2
-28
-28
10
4
-8
0
-1
-16
-35
-13
7
-2
7
2
-18
9
7
6
28
27
22
13
8
16
35
33
38
1
-11
-1
21
30
7
-20
-29
-1
4
-29
-41
-13
-11
7
27
13
5
-9
-22
-2
4
1
26
4
-7
-21
-38
-34
-13
21
10
-9
-7
-28
-9
-7
-23
-22
-28
-11
-15
-20
-6
11
6
13
53
25
-13
-18
-15
12
21
10
23
17
3
-9
-29
-13
22
51
15
-23
-20
-38
-12
-3
-24
-23
-31
-31
8
6
0
-5
-15
-19
-31
-25
-18
3
23
8
-23
-18
1
1
15
1
1
11
-18
-4
18
-11
10
12
-18
-21
-24
-14
-33
-20
4
4
-8
11
25
18
22
19
11
12
7
3
2
-12
3
5
6
23
34
33
18
-2
-18
0
-8
-30
-32
-8
-7
-1
17
-17
-36
-59
-22
2
-16
0
-25
-41
-24
-21
-14
-5
-10
13
27
44
46
46
28
22
40
29
-1
-2
-2
-17
20
13
-2
-1
3
-2
-18
1
-3
6
19
-12
-19
-8
0
5
-1
-23
-23
-11
-1
35
24
6
2
-12
12
25
30
19
-7
-7
-12
-1
37
30
13
-8
-24
3
41
40
42
-2
-25
0
-16
-13
3
15
52
45
-2
-10
23
39
71
86
59
35
27
32
30
38
30
31
32
14
-3
3
34
25
16
26
-15
19
41
28
36
8
16
28
9
43
71
59
75
78
58
46
7
-1
23
-20
-14
-6
-65
-70
-40
-29
-20
6
-19
-21
27
52
16
-1
9
30
76
32
-4
10
14
20
1
-20
2
-12
-30
-5
-14
-8
-14
-19
3
25
27
-4
7
36
18
-3
-18
-22
-26
-9
-19
-20
2
-8
-15
-29
-14
16
7
1
-22
-14
-4
-10
1
6
14
0
7
-35
-70
-55
-18
7
-7
-40
-73
-64
-60
-36
-26
-18
-10
26
71
46
7
-37
-62
-39
4
15
-2
-27
-52
-30
-7
-8
-18
-30
-21
-6
-14
-33
-9
22
32
33
34
27
46
40
9
-6
-2
-27
-13
-11
-24
-39
-56
-27
-11
2
-23
-47
-43
-39
7
19
-12
1
-8
-15
11
-32
-51
-39
-40
-23
-6
-22
-41
-21
-17
-25
-58
-89
-81
-45
-44
-45
-45
-52
-54
-42
-46
-73
-82
-36
-1
-2
-24
-39
-23
-26
21
31
31
37
21
32
48
15
-10
-16
-13
3
-28
-31
-12
0
2
-10
39
50
45
11
-21
-24
-21
-25
-70
-55
-38
-37
-2
-11
-28
-21
-24
-46
-68
-29
-25
-68
-72
-79
-41
-22
-10
-12
-23
30
78
62
26
21
5
7
37
49
78
104
141
159
134
111
103
110
129
103
51
44
52
53
39
-10
-66
-38
-2
6
35
13
9
33
37
39
-5
-20
-37
-34
-11
-11
19
23
2
28
94
102
66
73
102
131
129
83
41
68
94
67
52
10
-10
5
28
7
-6
-15
9
69
76
35
14
70
118
90
23
-37
-44
-8
23
20
67
60
8
9
-10
27
73
56
63
112
147
144
107
66
47
26
-4
-12
6
31
65
74
72
39
42
34
24
59
74
59
19
25
92
150
127
80
61
75
86
87
80
61
24
-10
-2
7
21
1
-15
-4
-14
-25
-28
-15
-4
-16
-1
16
9
-35
-79
-66
-49
-43
-23
-25
-13
-18
-50
-14
15
37
45
19
36
32
-19
-44
-48
-60
-42
-47
-34
18
39
31
28
11
8
19
-1
-36
-25
-36
-49
-43
-46
17
48
55
34
3
-2
16
34
-1
-32
-29
-33
-14
2
23
58
18
-34
-6
-7
-40
-54
-86
-62
-29
-6
-6
-29
-47
-44
-33
-46
-75
-72
-34
-46
-53
-72
-91
-47
-5
15
37
15
-12
0
-26
-44
-61
-89
-67
-30
0
12
18
80
114
83
27
2
-18
-34
-20
-16
3
15
-9
16
22
8
-37
-43
-33
-30
-27
-86
-95
-72
-42
-36
-21
-67
-50
-7
-20
-44
-101
-93
-63
-36
6
29
26
30
23
26
36
33
14
7
-14
-69
-121
-118
-40
-61
-85
-67
-54
-20
-44
-119
-145
-157
-171
-168
-145
-119
-108
-100
-117
-113
-88
-83
-56
-48
-36
-29
-61
-72
-75
-54
-38
-64
-99
-103
-100
-106
-70
-78
-102
-105
-129
-147
-127
-96
-116
-140
-104
-81
-57
-36
2
41
68
72
16
-31
-70
-70
-67
-80
-66
-70
-21
29
39
83
138
168
147
96
66
83
111
141
185
227
224
225
288
310
282
287
238
174
128
116
106
97
91
31
27
32
39
35
-13
-34
-83
-68
-54
-74
-66
-59
-83
-93
-80
-35
-26
-16
-18
-37
-30
-24
-3
3
8
-37
-45
-12
33
42
29
39
79
120
128
120
96
49
-14
-3
12
16
30
12
-8
-11
-6
32
82
89
85
97
80
55
51
54
59
77
70
11
18
42
52
73
73
86
127
122
81
31
-18
-39
-33
3
50
65
118
86
37
42
5
13
44
53
23
-14
-47
-45
-37
9
45
68
85
57
17
7
16
-16
-7
-15
-25
-39
-72
-42
-24
-34
-17
-25
-36
-47
-77
-60
-16
13
4
-8
-17
15
55
43
5
-35
-87
-102
-56
-18
11
45
-7
-72
-57
-3
42
57
25
-30
-90
-99
-67
-64
-60
-50
-95
-132
-136
-131
-121
-115
-147
-162
-128
-112
-80
-36
9
10
-10
7
15
19
18
-16
10
50
40
27
12
10
64
66
24
-18
-34
-48
-76
-89
-87
-94
-124
-134
-166
-212
-226
-247
-245
-230
-213
-208
-206
-214
-213
-166
-137
-143
-115
-98
-74
-5
-15
-30
-47
-71
-84
-103
-101
-101
-112
-112
-88
-101
-35
51
61
75
66
29
8
15
-5
-10
-38
-61
-86
-106
-89
-93
-101
-119
-113
-88
-111
-148
-147
-133
-143
-88
-59
-35
6
-6
-6
7
-9
-19
8
17
10
-15
-22
15
56
68
57
97
99
89
116
134
139
122
62
38
58
91
53
30
84
75
94
109
114
137
122
89
100
94
77
93
97
91
77
90
101
129
119
78
57
56
45
36
16
3
48
64
81
36
-20
10
58
66
75
62
11
10
6
30
59
71
104
118
129
161
180
179
175
174
183
184
163
141
103
77
127
157
162
158
163
220
240
225
171
148
182
218
223
170
132
120
106
90
82
58
31
29
-10
-32
-67
-90
-73
-111
-123
-74
-42
-8
10
45
59
14
13
58
58
39
14
-2
6
9
42
116
167
183
203
188
179
154
60
16
-17
-42
-55
-70
-58
-58
-67
-64
-33
-27
-51
-64
-108
-132
-135
-135
-153
-181
-178
-167
-162
-164
-146
-172
-189
-226
-255
-282
-354
-338
-322
-311
-268
-249
-240
-233
-198
-154
-172
-196
-196
-203
-199
-207
-187
-194
-208
-201
-195
-205
-221
-237
-267
-262
-248
-252
-255
-288
-297
-301
-303
-243
-219
-245
-287
-330
-324
-305
-284
-290
-270
-237
-249
-279
-228
-212
-187
-171
-258
-287
-279
-254
-200
-188
-230
-269
-269
-247
-268
-271
-262
-236
-211
-199
-201
-215
-231
-218
-205
-221
-219
-228
-232
-180
-149
-151
-86
-34
-29
-34
-57
-23
-9
-21
-37
-29
-40
-39
-16
-2
-8
-39
-29
0
13
3
7
-41
-97
-97
-90
-71
-70
-80
-89
-116
-124
-139
-143
-109
-121
-129
-132
-157
-155
-127
-105
-27
22
-10
-49
-31
7
46
93
117
109
84
95
78
50
30
34
33
25
48
27
34
30
25
73
96
81
55
52
55
53
37
2
-1
-16
-33
-4
47
85
73
53
84
125
158
183
175
179
192
225
252
238
200
214
234
228
215
196
197
200
218
235
214
200
225
274
304
289
282
294
272
253
256
241
226
221
198
200
191
174
201
198
155
119
108
110
144
154
122
91
125
152
187
203
183
201
202
214
231
206
172
130
84
91
95
100
115
103
144
159
117
109
125
126
107
107
97
63
25
6
53
77
87
99
51
18
10
-31
-43
-54
-62
-37
-28
-2
24
41
57
81
73
95
139
147
103
76
89
95
110
100
124
144
122
94
90
119
107
60
22
13
34
86
113
95
114
143
144
146
122
97
99
118
121
97
84
49
46
91
73
93
117
172
211
172
115
125
12
13
103
51
107
19
-54
-47
-8
-6
-19
-20
-18
-24
-51
-72
-88
-101
-171
-187
-160
-150
-138
-181
-210
-214
-195
-185
-225
-197
-175
-171
-199
-217
-235
-243
-210
-265
-300
-311
-316
-292
-307
-338
-317
-282
-251
-259
-258
-257
-257
-264
-245
-222
-217
-172
-189
-196
-154
-138
-135
-122
-110
-88
-80
-79
-64
-116
-140
-139
-138
-98
-92
-107
-121
-167
-222
-222
-175
-174
-172
-174
-183
-188
-189
-164
-153
-159
-178
-188
-188
-175
-171
-145
-137
-150
-181
-198
-160
-139
-80
-96
-124
-132
-156
-126
-84
-61
-22
-43
-68
-67
-110
-101
-66
-51
-63
-134
-130
-80
-43
-23
-15
-15
-19
2
-5
-11
25
39
48
31
-19
-17
52
120
120
151
173
133
106
148
183
210
159
119
129
173
203
194
178
160
189
207
206
140
94
107
99
67
9
29
55
11
20
50
47
44
27
55
60
46
35
47
71
58
40
40
42
20
54
106
81
27
34
48
26
20
8
-9
11
8
22
49
96
159
208
218
202
186
150
143
130
99
65
15
40
84
105
148
133
85
73
53
47
41
57
105
132
147
153
148
130
124
143
154
123
118
124
142
163
183
186
235
256
252
289
263
228
247
228
242
255
216
259
257
237
238
181
193
203
172
169
159
167
195
217
234
246
256
246
238
237
216
206
219
213
182
147
98
76
67
67
90
105
103
76
54
-7
2
4
-30
-91
-175
-185
-174
-137
-127
-118
-62
-25
-39
-51
-32
-43
-46
-101
-126
-129
-148
-121
-100
-87
-84
-99
-134
-128
-114
-113
-90
-75
-85
-101
-109
-111
-87
-93
-91
-59
-41
-41
-72
-74
-44
-24
-29
-65
-66
-53
-55
-44
-52
-16
8
-24
-34
-25
13
43
22
-14
-35
-47
-65
-70
-59
-53
-52
-69
-91
-102
-95
-100
-136
-137
-143
-127
-101
-113
-110
-110
-119
-136
-122
-96
-85
-27
4
25
35
21
22
43
39
20
60
61
61
55
45
30
-16
-34
-14
-10
-8
-12
-12
33
10
-18
-13
-11
30
21
-14
-43
-50
-13
17
8
-17
-53
-74
-60
-16
-5
9
9
-48
-22
30
21
46
57
41
95
164
152
139
161
173
180
139
114
154
162
168
187
179
172
180
174
181
171
118
120
118
114
88
80
73
38
39
30
37
11
-10
-3
-1
12
15
27
66
93
115
140
138
156
155
182
190
190
204
211
236
216
197
169
152
201
240
213
192
184
202
214
235
235
259
223
233
283
263
286
266
237
261
272
235
235
243
245
240
194
186
223
201
183
186
148
123
80
15
11
46
39
28
7
-11
-26
-55
-79
-127
-135
-161
-171
-190
-179
-157
-199
-192
-163
-191
-253
-261
-240
-218
-250
-268
-253
-186
-154
-226
-264
-240
-204
-177
-150
-162
-205
-208
-247
-273
-241
-246
-262
-204
-163
-197
-218
-233
-212
-184
-173
-191
-224
-219
-160
-130
-118
-63
-43
-35
-10
-2
-14
-29
-37
-65
-84
-103
-113
-104
-158
-165
-121
-92
-45
-30
-71
-100
-115
-86
-85
-66
-53
-37
-14
-47
-58
-59
-59
-78
-86
-48
-38
-57
-59
-30
3
13
-11
-31
-43
-25
5
-2
2
5
-37
-55
-34
-61
-88
-90
-120
-133
-145
-153
-138
-135
-153
-167
-200
-184
-156
-156
-148
-145
-136
-125
-128
-159
-155
-163
-152
-190
-211
-194
-220
-158
-123
-135
-145
-127
-121
-115
-116
-99
-20
-31
-31
-57
-49
-34
-40
-24
-26
-28
0
26
43
52
42
44
45
56
65
79
88
94
45
-19
-52
-23
5
23
27
44
37
18
30
45
18
-33
-30
-47
-76
-63
-69
-61
-5
-12
-7
-23
-41
-2
10
3
-14
-49
-16
6
-9
-13
-72
-94
-55
-41
-36
-7
-39
-45
-61
-87
-68
-26
3
11
62
77
99
113
116
121
105
122
123
76
65
104
117
107
112
89
40
35
16
15
20
67
84
40
32
13
-1
-3
7
39
59
58
52
69
99
113
114
74
72
46
24
74
91
114
141
111
72
67
45
77
137
148
104
77
46
32
50
65
52
20
2
-1
-27
-27
-27
-44
-44
-41
-14
13
17
3
-8
-51
-68
-23
-15
-41
-42
-39
-35
-21
16
49
36
2
-30
-47
-16
19
15
37
57
86
90
50
31
23
73
113
95
36
45
22
27
29
-9
-4
41
-72
-473
282
519
457
457
-491
-260
265
248
374
113
-213
40
82
259
285
-101
1
86
49
165
88
-33
94
16
1
118
6
-20
-27
-37
74
68
-49
-156
-205
-142
-88
-118
-138
-220
-251
-147
-68
-69
-92
-173
-189
-86
-18
-62
-163
-256
-247
-181
-116
-135
-180
-172
-213
-170
-138
-116
-90
-107
-106
-108
-127
-74
-41
-101
-92
-95
-74
-90
-130
-138
-159
-139
-71
-50
-79
-99
-99
-83
-39
24
48
14
-38
-58
26
117
154
127
110
153
168
221
243
212
224
229
223
212
196
180
150
162
190
160
82
20
-33
-14
0
-16
-43
-75
-51
-74
-81
-102
-93
-65
-101
-122
-210
-208
-150
-154
-113
-98
-130
-82
-78
-119
-113
-129
-122
-78
-81
-88
-92
-110
-69
-59
-117
-157
-116
-122
-146
-158
-192
-126
-105
-146
-119
-90
-93
-48
-66
-85
-26
-12
11
32
-4
-58
-78
-85
-70
-68
-97
-36
9
-11
-34
-91
-89
-16
-18
-13
-30
-74
-36
-40
-28
-87
-98
-69
-95
-64
-62
-84
-58
-62
-47
25
6
-5
29
20
-19
-7
-11
-11
22
19
4
-14
0
-20
-41
-32
-17
22
-31
-106
-127
-137
-96
-64
-86
-69
-68
-46
12
4
-9
-24
-21
4
0
-9
-16
10
69
140
177
130
107
133
161
191
192
161
139
109
124
169
174
149
112
119
157
187
207
183
177
170
125
100
98
138
197
204
133
64
64
111
136
102
71
62
53
75
97
115
163
160
115
111
87
51
10
27
18
-16
0
-12
-10
23
28
51
67
43
52
39
11
-12
-9
45
120
125
76
61
72
91
134
155
123
72
72
100
54
77
83
37
-24
-26
-7
-42
-53
-51
-56
-35
-37
-79
-85
-56
-47
-39
-63
-76
-7
39
55
65
68
93
106
93
57
3
-5
28
46
49
27
23
16
15
19
75
71
28
5
11
62
57
39
45
73
119
157
192
174
183
225
198
165
156
161
189
146
127
64
23
30
-1
17
-37
-92
-97
-110
-118
-131
-107
-96
-105
-104
-140
-189
-173
-114
-94
-45
-73
-112
-55
-4
-2
-10
-6
24
84
114
107
111
88
99
123
124
113
139
161
166
139
77
89
129
169
139
83
47
48
48
50
37
-10
15
30
54
66
38
28
41
40
15
-3
-30
-42
-55
1
32
43
47
62
115
125
147
129
73
65
115
183
185
143
129
175
219
228
228
214
234
223
225
195
153
160
157
111
77
94
106
107
41
-18
-24
-49
-55
-37
-90
-146
-213
-192
-87
-140
-203
-192
-190
-125
-72
-110
-114
-108
-103
-104
-110
-96
-113
-134
-150
-145
-121
-83
-66
-71
-72
-67
-65
-73
-91
-42
5
-28
-51
-57
-12
28
20
35
50
70
48
46
54
74
105
74
83
93
67
31
35
21
45
13
-6
32
17
17
42
47
53
66
58
112
126
94
94
94
80
68
64
72
94
93
73
74
36
62
82
81
88
48
64
66
65
88
112
125
91
75
92
80
88
78
37
16
18
17
6
-20
-18
-17
-58
-43
-60
-77
-53
-90
-133
-119
-84
-113
-122
-111
-97
-75
-59
-67
-82
-85
-99
-66
-40
-81
-124
-113
-56
22
38
-12
-12
-24
-71
-90
-66
-34
-13
-16
-58
-40
-33
-68
-51
-20
24
35
26
7
4
35
-5
-38
-45
-50
-20
-13
-63
-104
-94
-85
-47
-58
-78
-98
-81
-51
-82
-107
-118
-111
-146
-197
-211
-193
-197
-189
-199
-229
-218
-223
-199
-224
-246
-230
-202
-163
-150
-165
-148
-143
-91
-37
-64
-67
-83
-72
-29
-6
-16
-52
-73
-86
-125
-114
-77
-57
-31
-48
-34
5
32
43
2
13
70
123
153
138
95
69
104
167
186
163
101
91
107
78
83
87
82
114
115
92
104
124
116
99
128
114
117
131
150
192
183
189
209
187
197
213
215
237
202
205
210
176
191
209
184
150
111
57
41
14
-23
-51
-80
-81
-93
-101
-89
-41
-51
-72
-50
-74
-57
-4
3
17
65
98
164
193
206
224
185
202
195
194
203
213
211
231
220
175
155
133
116
152
168
120
68
25
33
59
35
-12
-66
-91
-51
-9
3
-46
-85
-33
4
17
24
-22
-53
-11
-14
-30
-80
-130
-123
-103
-120
-138
-124
-94
-59
-53
-31
-29
-40
-60
-37
11
22
7
2
-7
25
39
-22
-49
-68
-47
-40
-61
-111
-102
-62
-60
-81
-124
-130
-79
-18
-10
8
33
54
26
39
52
68
98
93
127
125
131
181
179
153
138
97
129
177
197
203
181
133
100
136
149
135
68
16
26
42
62
68
46
48
49
76
109
83
55
61
85
112
150
175
130
119
87
134
182
176
184
153
139
143
138
141
126
84
52
3
-14
-58
-101
-106
-98
-96
-126
-120
-125
-147
-142
-107
-73
-109
-123
-107
-46
14
47
59
61
48
29
34
29
32
39
22
25
56
85
102
130
122
103
131
100
77
61
25
-1
-35
-62
-35
-62
-48
-18
-9
17
-3
18
29
-25
-44
-52
-75
-104
-130
-98
-64
-62
-66
-76
-130
-148
-155
-134
-156
-221
-216
-224
-208
-194
-198
-176
-179
-201
-194
-191
-238
-251
-213
-189
-184
-227
-236
-214
-160
-118
-82
-80
-115
-142
-125
-78
22
97
39
-23
-75
-85
-26
-11
-25
-62
-159
-184
-173
-135
-107
-118
-145
-198
-256
-259
-254
-254
-221
-234
-250
-271
-309
-309
-275
-286
-295
-245
-209
-199
-190
-181
-124
-156
-181
-163
-161
-131
-51
-32
-53
-29
-18
-8
-3
5
-7
-4
20
20
13
-5
-3
-12
-32
-58
-100
-119
-128
-71
-48
-99
-128
-133
-124
-115
-93
-104
-106
-79
-63
-70
-105
-107
-97
-99
-112
-139
-160
-153
-88
-19
1
-31
-33
-34
-22
-19
1
16
27
76
102
106
102
120
164
211
203
215
223
207
156
103
100
114
129
142
172
149
129
99
69
97
123
134
114
61
17
11
8
12
19
42
58
63
38
18
14
3
28
48
72
72
78
136
154
167
118
72
86
89
101
101
65
42
74
74
68
98
104
124
151
178
198
209
207
193
154
172
206
235
292
283
271
263
290
322
329
278
178
159
159
132
114
126
109
97
81
38
58
63
63
75
23
29
49
56
109
127
127
112
88
44
49
116
168
165
127
97
76
97
87
57
70
91
136
160
121
104
149
162
128
122
130
141
127
80
49
64
93
46
29
30
21
18
-1
-37
-62
-68
-69
-59
-59
-89
-115
-108
-113
-49
-19
-44
-60
-75
-75
-60
-88
-91
-58
-53
-60
-43
-36
-31
-45
-92
-104
-81
-40
-80
-85
-88
-103
-108
-133
-143
-150
-177
-191
-168
-154
-136
-131
-136
-157
-156
-159
-190
-180
-165
-174
-144
-152
-186
-215
-189
-181
-202
-190
-197
-260
-272
-212
-204
-187
-182
-222
-232
-251
-224
-190
-163
-119
-110
-135
-160
-172
-176
-180
-211
-163
-73
-88
-111
-128
-108
-60
-37
-7
-10
-22
-62
-106
-76
-43
-37
-57
-69
-104
-106
-128
-99
-54
-65
-57
-90
-124
-91
-70
-40
-63
-100
-62
-47
-25
-34
-24
-26
-47
-39
-65
-79
-67
-76
-54
-87
-113
-100
-91
-87
-72
-29
-31
2
1
11
72
93
61
17
0
0
-54
-62
-76
-110
-78
-59
-41
-100
-139
-80
-37
-31
-20
-12
-29
-55
-33
-19
-41
-32
-5
37
63
92
81
56
38
14
19
18
-10
-11
-5
-42
-26
-18
-8
31
17
16
-20
-26
-21
-26
-15
-35
-28
17
25
3
-2
-11
28
57
32
28
-1
-31
-93
-99
-53
-31
-41
-84
-97
-79
-71
-113
-128
-143
-115
-110
-148
-178
-181
-127
-67
-56
-80
-127
-135
-101
-73
-40
-61
-62
-61
-50
5
32
29
47
38
48
91
60
-4
-15
-1
-37
1
-1
-23
4
-6
0
38
52
26
22
-39
-46
20
32
65
26
-10
17
27
52
45
-5
-38
-56
-52
-56
-94
-97
-96
-64
-81
-122
-155
-167
-149
-114
-107
-124
-170
-185
-160
-88
-7
2
-16
-46
-17
47
99
91
61
53
96
132
130
146
139
153
168
198
159
128
126
135
191
211
216
219
213
196
175
170
204
212
221
196
194
214
189
175
143
154
174
162
116
71
73
84
92
95
81
110
128
84
80
114
139
108
89
94
93
113
93
88
89
44
6
36
73
71
75
64
57
86
81
89
95
46
20
-7
0
40
33
20
22
-44
-105
-84
-97
-114
-142
-187
-209
-192
-168
-183
-209
-218
-193
-239
-269
-224
-191
-142
-130
-161
-146
-96
-59
-29
-63
-112
-133
-110
-39
-18
-14
-20
7
12
-10
-7
-14
-17
-18
-17
11
24
16
18
20
40
53
3
-17
-47
-3
74
61
32
2
4
31
22
22
11
-5
10
21
-50
-131
-169
-185
-153
-106
-88
-120
-115
-93
-67
-27
9
35
37
35
42
21
30
40
32
4
-45
-20
-3
46
94
53
82
87
73
95
119
94
57
47
35
22
7
-10
-19
-36
-69
-65
-45
-59
-72
-60
-45
5
32
5
-19
36
83
112
91
55
66
65
78
75
56
8
3
1
6
31
-8
-61
-78
-62
-18
3
4
31
28
27
77
144
146
93
64
95
89
95
113
112
156
142
137
120
103
120
129
96
54
71
62
51
7
-25
-34
-5
37
37
36
10
18
46
44
67
104
118
138
142
123
86
54
48
49
61
54
58
38
40
41
3
-13
-5
-39
-51
-41
-46
-46
-37
-60
-94
-124
-110
-46
-18
-68
-111
-122
-122
-111
-165
-196
-183
-170
-168
-159
-127
-184
-202
-189
-232
-224
-164
-150
-127
-85
-59
-75
-94
-83
-73
-70
-87
-100
-153
-168
-156
-116
-101
-155
-201
-217
-149
-85
-73
-98
-124
-144
-148
-156
-140
-115
-125
-132
-145
-134
-96
-110
-80
-24
-15
-38
-67
-62
-39
-20
3
-29
-77
-84
-85
-71
-86
-111
-121
-112
-90
-111
-109
-120
-110
-143
-176
-153
-101
-49
-49
-52
-65
-86
-46
40
71
22
-49
-58
-20
3
-13
-40
-69
-52
-23
-16
-20
-79
-72
-53
-67
-39
-36
-22
-41
-27
-36
-50
-42
-62
-64
-73
-66
-36
-35
-56
-70
-84
-110
-83
-37
-19
16
16
-30
-41
-37
-35
26
35
49
75
74
73
60
15
24
44
46
22
-6
-12
8
3
-10
-3
-26
-55
-82
-47
-3
-13
17
36
60
112
57
50
88
72
105
109
110
153
146
134
140
130
132
171
217
214
164
151
212
277
324
312
270
263
252
263
234
218
235
192
194
182
202
267
306
283
248
241
247
298
350
381
353
330
316
281
290
313
292
257
262
249
222
195
201
202
162
105
44
34
48
47
1
-26
-13
20
-19
-48
-65
-139
-146
-123
-123
-126
-139
-140
-90
-83
-55
-12
-46
-32
-28
-10
32
74
138
149
158
144
85
43
58
38
15
-2
-15
27
62
62
43
30
23
-13
12
8
-41
-47
-103
-131
-94
-100
-110
-121
-120
-115
-109
-129
-170
-122
-83
-91
-102
-131
-100
-62
-29
11
23
0
15
23
54
115
124
105
72
66
29
16
13
-29
-34
-24
-17
12
8
-69
-148
-149
-108
-52
-75
-128
-128
-120
-108
-131
-164
-165
-144
-111
-57
-7
29
42
49
38
51
64
77
95
136
143
79
27
71
127
162
157
65
-19
-57
-42
-24
-32
-65
-88
-50
-1
-20
-18
6
3
-30
-43
-75
-115
-103
-80
-74
-128
-164
-153
-113
-147
-184
-176
-136
-86
-113
-135
-186
-176
-155
-124
-113
-162
-178
-216
-282
-243
-200
-212
-211
-290
-346
-303
-273
-261
-259
-259
-216
-189
-181
-184
-151
-146
-122
-96
-73
-67
-152
-226
-229
-179
-156
-176
-198
-218
-251
-235
-226
-176
-148
-191
-179
-173
-136
-89
-88
-128
-143
-146
-151
-103
-109
-103
-53
-31
-61
-76
-82
-93
-83
-68
-54
-62
-82
-106
-97
-111
-116
-76
-63
-90
-79
-71
-79
-115
-147
-144
-107
-72
-62
-40
-38
-33
-38
3
20
-11
-19
-44
-3
48
48
38
13
13
14
23
0
-44
-65
-48
-18
-17
-15
-40
-48
-24
-32
-1
11
-19
-46
-39
10
60
92
58
3
-49
-4
57
55
-17
-52
-59
-32
7
40
52
49
92
95
174
191
184
170
144
163
172
197
180
170
202
224
189
164
157
183
182
166
184
177
174
184
229
244
210
200
196
183
161
174
176
189
195
177
158
175
213
194
181
192
240
293
304
277
224
194
212
252
288
302
283
316
335
355
380
392
418
402
367
367
390
353
309
304
299
303
316
247
238
233
208
218
202
192
149
142
130
129
106
80
62
34
31
55
123
185
151
148
125
87
126
141
113
103
111
105
77
63
36
18
40
34
-9
-22
-49
-107
-97
-122
-123
-135
-173
-211
-263
-225
-140
-110
-105
-85
-125
-123
-76
-78
-95
-97
-97
-113
-108
-116
-122
-112
-144
-178
-247
-309
-266
-195
-165
-126
-160
-200
-188
-169
-155
-170
-165
-181
-164
-134
-154
-141
-118
-103
-103
-140
-144
-162
-199
-219
-219
-212
-246
-270
-249
-212
-220
-254
-270
-231
-186
-188
-184
-204
-189
-151
-112
-70
-91
-69
-111
-164
-193
-182
-127
-131
-134
-115
-55
-10
-39
-77
-105
-130
-106
-100
-90
-55
-39
-27
-37
-52
-45
-49
-53
-62
-35
-12
-18
-39
-53
-90
-132
-109
-95
-54
13
35
29
28
13
42
94
87
106
138
125
110
87
110
146
144
120
111
117
105
102
77
91
95
61
35
7
43
76
70
88
61
44
65
79
53
39
14
47
93
110
124
101
76
52
48
28
26
27
27
24
0
-26
-53
-57
-68
-58
-33
-61
-54
-39
-39
-30
3
19
21
-3
-20
-5
24
88
112
74
41
12
34
13
0
41
74
90
106
105
122
155
122
125
123
111
124
146
148
148
148
139
176
189
200
231
232
232
189
153
125
111
106
81
108
141
141
124
108
94
95
87
98
105
118
134
116
128
155
198
191
153
144
162
183
139
128
128
104
87
67
84
117
103
110
128
153
108
48
45
49
73
42
-18
-13
3
42
55
59
78
18
18
27
19
16
21
39
88
136
108
94
97
77
68
81
42
-4
-10
39
56
72
38
44
60
32
31
44
52
21
-8
-44
-31
-32
-41
-28
-67
-39
-18
-16
15
-5
-13
1
-4
-7
-26
-10
29
22
0
0
28
64
73
80
77
55
28
26
58
56
50
20
24
13
-42
-44
-23
-2
-9
-36
-82
-85
-43
-50
-66
-86
-106
-73
-108
-126
-125
-129
-104
-120
-136
-120
-125
-152
-126
-125
-155
-161
-131
-87
-43
-43
-62
-64
-75
-68
-42
-76
-100
-57
-3
45
51
22
4
13
23
49
61
50
71
69
94
148
116
105
96
82
106
91
105
182
205
213
210
205
201
176
161
175
202
220
202
182
175
183
161
166
180
177
166
140
130
147
155
116
76
72
86
89
45
13
44
101
130
97
53
53
73
85
101
96
117
142
188
192
155
164
160
183
172
143
124
108
88
107
128
110
59
47
50
63
62
56
55
15
3
13
-24
-66
-109
-118
-142
-137
-86
-76
-57
-88
-150
-138
-116
-135
-101
-82
-77
-75
-95
-123
-96
-31
-5
-14
-19
-35
-56
-52
-74
-76
-56
-27
7
28
48
66
57
37
30
38
81
77
74
78
64
73
114
135
108
80
86
118
133
114
66
79
52
59
69
34
32
-6
-25
-6
-20
11
52
45
29
-25
-46
-18
8
13
7
-1
9
58
83
143
141
121
163
169
226
268
254
240
256
274
249
261
263
219
243
232
203
227
207
171
196
183
193
172
93
38
49
55
16
-56
-115
-91
-56
-54
-73
-61
-108
-155
-179
-210
-226
-213
-255
-239
-218
-203
-147
-122
-130
-142
-129
-140
-157
-177
-137
-91
-97
-110
-61
-53
-52
-30
-47
-40
-10
-38
-73
-89
-118
-70
-85
-135
-127
-117
-102
-107
-135
-178
-198
-216
-201
-202
-162
-171
-222
-244
-248
-215
-211
-231
-281
-305
-297
-292
-294
-264
-252
-249
-208
-181
-171
-176
-182
-168
-148
-158
-181
-195
-207
-183
-162
-129
-124
-96
-67
-81
-94
-106
-121
-112
-95
-98
-117
-130
-106
-107
-116
-134
-157
-141
-135
-138
-90
-88
-86
-63
-103
-117
-127
-122
-105
-128
-141
-113
-110
-98
-69
-42
-26
-23
-23
-3
-5
11
34
7
-14
-18
4
-4
-16
-28
-51
-74
-42
-46
-57
-48
-65
-8
-7
-32
-61
-67
-17
-18
-8
-1
-52
-25
45
96
148
112
108
165
183
193
177
163
152
128
113
112
77
32
76
135
117
56
69
78
125
163
115
76
83
116
114
143
157
135
118
118
128
128
134
168
190
183
169
153
137
166
216
228
223
198
197
185
165
168
180
172
175
211
203
184
165
151
120
77
102
121
106
77
37
30
13
13
29
14
18
4
-29
-51
-76
-47
-13
-48
-51
-57
-78
-45
-34
-22
15
57
66
37
-6
42
75
76
81
74
30
31
92
81
63
71
37
46
108
111
70
32
-9
-11
21
40
54
11
-51
-55
-67
-71
-37
-7
14
-40
-106
-129
-112
-61
-11
-15
-44
-60
-57
-91
-103
-88
-109
-146
-177
-182
-141
-87
-63
-67
-48
-67
-104
-56
-20
6
21
-42
-111
-91
-70
-40
-6
-27
-61
-43
-20
3
28
29
33
35
50
35
44
99
140
116
64
36
19
37
99
79
41
37
-11
-4
28
-2
-10
-11
-40
-34
-39
-46
-43
-32
-48
-80
-95
-110
-114
-114
-145
-192
-202
-217
-271
-260
-196
-182
-252
-334
-361
-267
-191
-170
-166
-177
-187
-187
-166
-154
-115
-132
-123
-113
-183
-193
-180
-127
-66
-84
-119
-165
-192
-217
-236
-203
-171
-175
-174
-206
-257
-271
-257
-249
-228
-190
-171
-195
-222
-216
-237
-219
-212
-232
-227
-216
-256
-270
-252
-251
-231
-234
-242
-210
-168
-137
-125
-136
-118
-136
-127
-115
-113
-73
-39
-25
1
35
97
108
72
80
107
154
127
88
137
155
148
166
180
169
128
96
106
73
50
45
39
89
98
77
41
12
32
60
49
42
38
22
46
12
-6
-17
13
32
-23
-40
-44
-7
42
28
22
2
-22
18
85
111
129
132
83
35
-5
-13
12
64
82
64
43
38
47
30
51
61
59
69
99
146
175
179
161
166
203
245
230
207
167
180
196
194
195
187
167
172
186
185
195
194
196
189
164
132
142
152
141
97
81
83
118
168
148
106
86
39
29
37
53
33
3
10
49
103
97
44
22
54
63
55
-6
-43
-73
-47
-2
13
16
0
-16
-62
-40
18
56
43
-5
-39
-25
-12
35
60
26
55
68
91
132
102
70
42
14
15
16
-20
-63
-59
-68
-51
-51
-65
-105
-126
-106
-101
-92
-93
-85
-62
-53
-83
-129
-136
-123
-98
-117
-108
-90
-87
-82
-92
-78
-87
-130
-129
-84
-72
-62
-44
-51
-92
-106
-75
-66
-53
-77
-116
-94
-77
-108
-154
-119
-66
-50
-75
-86
-82
-89
-79
-97
-111
-113
-171
-164
-113
-108
-133
-151
-164
-174
-165
-169
-160
-137
-102
-125
-172
-172
-132
-138
-163
-160
-202
-208
-171
-130
-86
-99
-84
-88
-71
-40
-77
-118
-157
-97
-5
18
57
64
85
114
117
100
80
91
87
57
49
48
10
16
36
103
146
167
161
107
71
58
49
80
81
49
27
-16
-42
-53
-33
-69
-58
-66
-92
-101
-65
-26
-81
-101
-112
-116
-66
-60
-59
-50
-43
14
29
32
44
37
23
27
50
57
21
27
48
84
104
77
58
69
61
59
93
129
155
148
134
144
146
149
161
158
146
133
117
132
207
223
172
126
134
178
214
190
168
143
93
91
92
83
80
93
87
66
53
55
100
130
163
183
201
207
215
239
216
188
181
184
187
183
163
173
159
131
108
170
228
156
77
61
97
137
125
121
130
132
96
68
34
-8
-11
-7
-25
-71
-97
-62
-38
-25
-16
-49
-46
-36
-50
-45
-34
-13
12
26
-24
-38
-14
-21
15
15
28
19
-54
-60
-63
-85
-58
-39
8
71
90
81
33
-39
-41
-26
-19
14
56
80
69
33
27
72
108
106
79
63
57
34
60
67
69
92
73
29
3
-14
-16
-18
-47
-29
-42
-69
-81
-82
-59
-35
-39
-53
-33
-28
-59
-74
-106
-117
-106
-81
-23
-16
-32
-49
-50
-34
-18
-15
-47
-65
-65
-94
-88
-53
-67
-85
-101
-109
-72
-56
-58
-68
-88
-100
-91
-79
-101
-104
-140
-179
-139
-74
-12
4
-39
-67
-63
-56
-15
13
-8
-12
-1
-2
-27
-19
-25
-6
-46
-53
-44
-37
-50
-57
22
37
51
43
-12
-9
1
30
46
27
21
11
16
10
17
48
86
80
39
37
43
12
6
16
24
41
48
56
20
28
28
-38
-46
3
47
46
46
66
40
33
-9
-56
-49
-50
-24
-24
-42
-4
-22
-30
-26
-70
-97
-103
-45
-11
-37
-24
13
37
62
7
-10
31
86
129
106
59
11
35
30
29
8
8
67
55
130
164
165
171
134
66
70
71
123
163
110
72
47
45
83
143
147
94
35
31
56
48
44
47
62
120
147
150
141
79
45
36
23
35
12
8
17
23
58
73
53
12
9
22
19
4
-6
-3
28
39
23
-12
-22
27
62
56
35
10
4
18
3
19
-1
-74
-71
-10
34
58
75
27
4
0
-17
30
42
42
48
18
36
97
132
112
101
113
151
209
228
220
239
242
232
213
189
209
256
265
250
262
263
260
271
298
319
330
315
239
181
134
120
179
193
178
167
149
141
145
121
101
106
122
139
141
112
69
48
38
96
127
114
83
79
40
48
44
-14
-40
-34
-33
-21
-7
-46
-66
-114
-123
-124
-92
-61
-80
-104
-101
-102
-67
-79
-120
-164
-206
-178
-156
-150
-161
-202
-246
-266
-276
-237
-215
-235
-294
-324
-322
-267
-198
-209
-198
-180
-167
-180
-160
-181
-219
-197
-189
-155
-154
-186
-196
-176
-141
-119
-122
-126
-130
-148
-129
-95
-89
-92
-82
-98
-143
-141
-141
-123
-171
-237
-268
-269
-237
-211
-190
-169
-113
-126
-115
-112
-114
-95
-84
-72
-56
-35
-41
-35
-4
-23
-34
-15
-19
-37
-65
-50
-23
-52
-85
-72
-74
-34
32
47
27
47
54
24
9
7
18
10
-56
-101
-49
5
34
46
35
64
77
60
103
119
103
127
106
123
142
150
139
85
89
108
119
118
131
114
105
127
131
112
143
169
197
216
181
135
138
126
168
184
119
86
67
86
94
71
51
61
19
15
7
-33
-53
-82
-79
-69
-60
-103
-101
-81
-78
-70
-67
-50
-29
-32
-26
6
5
-17
-64
-93
-129
-109
-29
-23
-77
-82
-62
-62
-57
-95
-110
-75
-61
-61
-80
-149
-159
-127
-87
-57
-59
-40
-20
-4
-15
-25
12
29
12
20
33
57
70
50
37
-7
32
85
98
80
7
12
43
35
2
14
-7
-19
-30
-92
-96
-53
-36
-68
-107
-101
-98
-102
-86
-61
-65
-98
-112
-61
-53
-89
-66
-76
-80
-79
-79
-48
-12
-9
-14
-47
-53
-15
32
28
6
24
45
17
-3
-33
-29
-7
-11
-3
-5
7
3
-21
-55
-46
-56
-102
-121
-118
-100
-78
-85
-71
-21
-42
-69
-47
-30
-8
-13
-43
-25
-4
9
-20
-9
8
1
9
-19
11
18
-29
-56
-58
-43
-28
-19
-15
25
69
89
115
111
107
118
90
124
202
199
188
187
193
190
146
73
59
104
122
120
118
80
116
109
101
111
74
43
36
41
73
102
125
147
138
105
87
69
47
65
39
37
5
25
30
1
-61
-109
-137
-135
-121
-112
-128
-158
-157
-151
-124
-88
-59
-32
-52
-108
-83
-1
84
80
36
-13
16
79
80
40
-38
-40
-27
-10
3
-22
-23
-22
-56
-91
-129
-151
-180
-179
-165
-211
-197
-173
-171
-139
-152
-141
-104
-89
-92
-65
-29
8
11
-52
-107
-127
-86
-95
-135
-153
-203
-188
-165
-164
-133
-133
-179
-194
-170
-166
-189
-192
-222
-252
-268
-264
-261
-294
-294
-282
-292
-283
-253
-226
-220
-216
-236
-222
-166
-121
-123
-152
-185
-206
-237
-209
-129
-105
-75
-73
-128
-131
-129
-119
-77
-52
-55
-63
-69
-64
-67
-51
-21
-16
6
-2
10
30
42
61
83
86
93
158
182
147
172
195
209
234
188
151
146
210
251
249
226
189
198
204
169
187
180
141
135
123
122
106
90
109
112
139
128
52
2
-6
36
12
-31
-47
-54
-82
-126
-124
-98
-108
-137
-218
-265
-233
-212
-216
-233
-273
-292
-263
-227
-220
-267
-318
-341
-317
-294
-297
-344
-382
-391
-417
-450
-468
-480
-521
-563
-556
-537
-534
-503
-482
-437
-392
-355
-357
-350
-333
-240
-142
-168
-107
-24
77
199
272
317
402
528
615
657
680
780
872
934
1018
1074
1175
1249
1266
1295
1283
1266
1270
1267
1255
1175
1111
1093
1072
1072
1029
937
864
768
683
654
586
527
439
336
332
298
270
250
173
131
124
96
93
87
75
79
71
-11
-29
32
63
109
58
-26
-51
-52
-64
-53
-41
-88
-107
-167
-220
-270
-346
-427
-489
-553
-588
-661
-766
-875
-1021
-1158
-1274
-1344
-1421
-1453
-1525
-1604
-1639
-1689
-1717
-1759
-1767
-1774
-1804
-1851
-1854
-1871
-1862
-1861
-1860
-1729
-1608
-1370
-1018
-607
-158
262
629
949
1233
1491
1841
2193
2431
2583
2672
2712
2730
2725
2731
2630
2384
2160
1938
1701
1481
1227
1010
771
466
152
-116
-292
-458
-624
-798
-998
-1181
-1356
-1475
-1491
-1521
-1504
-1453
-1432
-1352
-1208
-1018
-806
-610
-370
-132
88
318
533
755
962
1153
1336
1428
1508
1630
1692
1706
1690
1604
1514
1384
1211
1103
948
854
811
703
540
363
209
123
88
-22
-123
-219
-275
-357
-442
-471
-546
-552
-532
-507
-500
-513
-514
-472
-393
-286
-247
-212
-151
-135
-68
37
142
176
206
251
286
272
219
121
30
-67
-290
-514
-685
-837
-1033
-1275
-1514
-1711
-1877
-2053
-2223
-2462
-2607
-2697
-2784
-2875
-3026
-3115
-3242
-3285
-3256
-3152
-2878
-2475
-1971
-1427
-892
-345
214
647
1104
1583
2032
2462
2776
3002
3191
3290
3422
3507
3477
3291
3017
2826
2603
2329
2045
1739
1424
1091
736
417
123
-138
-398
-598
-802
-1029
-1226
-1337
-1406
-1474
-1474
-1447
-1406
-1297
-1120
-907
-673
-418
-138
194
499
788
1091
1327
1600
1830
2041
2247
2363
2438
2415
2407
2409
2299
2138
1984
1762
1594
1491
1273
1130
942
785
631
417
256
79
-40
-141
-260
-378
-479
-587
-641
-690
-710
-716
-803
-815
-805
-740
-596
-488
-430
-337
-268
-239
-116
-25
40
49
37
6
-56
-107
-192
-298
-442
-634
-900
-1181
-1351
-1483
-1724
-1942
-2195
-2464
-2666
-2905
-3080
-3265
-3451
-3604
-3763
-3902
-3929
-3781
-3480
-3013
-2465
-1813
-1196
-482
190
755
1438
2000
2567
3018
3354
3750
4007
4098
4210
4253
4148
3921
3540
3247
2951
2545
2109
1788
1456
1010
575
208
-110
-469
-791
-1074
-1293
-1535
-1736
-1871
-1988
-2063
-2084
-2029
-1980
-1833
-1603
-1319
-978
-665
-361
-23
380
742
1057
1317
1581
1903
2120
2275
2406
2501
2543
2438
2333
2241
2096
1995
1808
1652
1561
1359
1212
1034
845
763
599
504
409
295
246
142
53
-17
-113
-196
-276
-293
-292
-319
-326
-364
-430
-408
-398
-389
-323
-315
-324
-346
-355
-386
-501
-544
-623
-713
-825
-1008
-1174
-1320
-1523
-1722
-1941
-2187
-2408
-2691
-2864
-3066
-3255
-3420
-3627
-3717
-3877
-3959
-4064
-4209
-4219
-4292
-4390
-4301
-4160
-3742
-3032
-2353
-1401
-608
209
1100
1675
2437
3206
3793
4294
4628
4822
4976
4835
4729
4609
4222
3822
3269
2727
2230
1614
1112
728
252
-171
-649
-1040
-1267
-1575
-1727
-1860
-2031
-2084
-2139
-2109
-1990
-1903
-1778
-1599
-1386
-1059
-729
-336
92
537
985
1364
1731
2099
2407
2632
2798
2989
3167
3174
3091
2973
2874
2719
2485
2231
1935
1655
1363
1123
985
832
652
507
418
339
261
171
155
198
239
244
192
194
155
113
144
176
174
115
47
43
38
-45
-141
-191
-234
-341
-490
-654
-805
-946
-1152
-1343
-1502
-1702
-1855
-2028
-2222
-2408
-2557
-2759
-2940
-3035
-3214
-3421
-3575
-3762
-3918
-4113
-4341
-4433
-4531
-4578
-4652
-4723
-4825
-4701
-4413
-3809
-2857
-1862
-736
279
1278
2177
3067
4040
4930
5548
5980
6258
6379
6314
5996
5750
5377
4779
4015
3190
2468
1778
1065
487
43
-443
-941
-1462
-1790
-1942
-2084
-2125
-2137
-2182
-2244
-2226
-2106
-1902
-1665
-1427
-1178
-853
-516
-183
266
749
1259
1697
2031
2335
2576
2718
2793
2867
2854
2741
2544
2258
1986
1751
1476
1296
1118
937
784
628
636
739
929
1157
1301
1448
1550
1646
1747
1897
1971
1939
1837
1677
1500
1324
1176
1002
797
546
236
-48
-291
-590
-869
-1194
-1517
-1801
-2061
-2301
-2499
-2618
-2664
-2730
-2816
-2813
-2745
-2696
-2595
-2472
-2474
-2508
-2586
-2650
-2646
-2699
-2852
-3072
-3397
-3711
-4012
-4305
-4608
-4841
-5110
-5276
-5455
-5350
-4761
-3793
-2586
-1398
-110
1152
2264
3072
4044
4983
5676
6092
6270
6367
6109
5565
4953
4341
3577
2625
1578
748
-17
-777
-1334
-1648
-1776
-1971
-2223
-2348
-2239
-2050
-1873
-1700
-1457
-1194
-1039
-861
-609
-267
85
398
676
1087
1461
1756
2093
2469
2830
2995
2958
2849
2699
2400
2057
1707
1329
878
328
-184
-521
-792
-938
-1024
-868
-519
-120
420
943
1748
2277
2812
3248
3489
3790
3788
3809
3776
3537
3205
2792
2223
1703
1080
463
-83
-668
-1139
-1601
-2071
-2467
-2837
-3140
-3322
-3533
-3570
-3576
-3506
-3306
-3154
-2852
-2599
-2321
-2090
-2032
-1982
-2048
-2087
-2203
-2403
-2577
-2885
-3142
-3471
-3917
-4323
-4794
-5201
-5675
-6052
-6487
-6722
-6495
-5919
-4430
-2849
-1128
779
2381
3851
5059
6197
7496
8286
8364
8304
7805
6936
5794
4573
3790
2892
1486
191
-852
-1584
-2108
-2558
-2412
-2088
-1949
-1938
-1950
-1596
-1059
-616
-206
153
365
467
541
748
1180
1665
1991
2213
2384
2618
2856
2962
3088
3176
2983
2418
1732
1083
507
-139
-812
-1403
-1944
-2304
-2594
-2603
-2268
-1695
-925
-34
937
1968
2975
3912
4852
5605
6115
6286
6227
5926
5457
4866
4214
3555
2677
1836
1037
206
-534
-1131
-1682
-2111
-2660
-3240
-3649
-3843
-3887
-3914
-3833
-3642
-3406
-3182
-2875
-2464
-1987
-1646
-1472
-1326
-1272
-1285
-1384
-1683
-1902
-2211
-2538
-2971
-3452
-3884
-4458
-5000
-5502
-6030
-6373
-6752
-7202
-7466
-7470
-6529
-4981
-2803
-562
1971
4271
6089
7457
8381
9478
10072
9905
9033
7883
6276
4260
1979
216
-1015
-2330
-3745
-4725
-4991
-4867
-4470
-3925
-2748
-1602
-732
-217
269
1031
1621
1954
2094
2274
2270
2239
2133
2251
2605
2912
3060
3038
3037
2892
2539
1923
1261
513
-426
-1611
-2816
-3740
-4406
-4831
-4920
-4597
-4014
-3120
-2018
-758
773
2353
3856
5104
5963
6627
6877
6875
6692
6222
5728
5041
4301
3470
2726
2292
1932
1595
1324
990
694
418
13
-241
-566
-982
-1472
-2069
-2528
-2788
-2957
-3010
-2993
-2875
-2709
-2750
-2683
-2611
-2438
-2340
-2482
-2630
-2822
-3089
-3301
-3536
-3715
-3826
-4378
-4799
-5537
-6185
-6632
-6993
-7107
-7248
-7493
-7500
-7563
-7035
-5309
-2834
237
2858
5379
7638
9141
9763
10080
10238
9987
8413
5921
3702
1259
-1148
-3320
-4632
-5103
-5574
-6103
-6008
-5116
-3795
-2480
-1240
62
1099
1655
1725
1862
2225
2593
2611
2496
2646
2963
3312
3572
4143
4918
5421
5216
4606
3938
3075
1998
571
-847
-2165
-3487
-4579
-5228
-5251
-4570
-3546
-2243
-724
724
2189
3499
4553
5361
5764
5633
5128
4372
3641
2949
2403
1989
1909
1937
2030
2334
2698
3306
3621
3801
3763
3419
2787
2007
1185
578
-50
-732
-1188
-1639
-1927
-2142
-2335
-2193
-1981
-1953
-1930
-2018
-2115
-2273
-2560
-2781
-2975
-3164
-3533
-4035
-4418
-4761
-5074
-5491
-6016
-6382
-6662
-7045
-7226
-7239
-7052
-6593
-6463
-6310
-6153
-5415
-3530
-802
2327
5119
7658
9518
10430
10240
9782
9349
8276
6092
3224
683
-1696
-3906
-5494
-5916
-5340
-4813
-4486
-3627
-2309
-786
553
1373
2018
2255
1982
1289
661
600
983
1242
1410
1827
2593
3526
4063
4515
4984
5021
4232
2862
1456
143
-1034
-2137
-2981
-3488
-3685
-3462
-2762
-1632
-179
1298
2505
3339
3750
3815
3484
2840
2125
1443
743
-7
-524
-306
332
1252
2280
3236
4212
4682
4877
4878
4713
4277
3462
2575
1764
959
291
1
92
414
604
538
585
596
341
-212
-880
-1248
-1779
-2488
-3055
-3444
-3440
-3687
-3916
-3983
-3981
-4117
-4535
-4961
-5408
-5790
-6510
-7100
-7807
-7931
-7921
-8055
-7840
-7715
-7351
-6822
-6240
-4103
-640
3124
6407
8507
10332
11173
10153
8524
7260
5810
3683
383
-2348
-3804
-5259
-6042
-5751
-4430
-2733
-1916
-1413
-557
312
982
1013
488
-43
-743
-1540
-2026
-1735
-584
827
1799
2386
3126
3889
4172
3916
3471
2900
1725
-75
-1694
-2674
-2899
-2492
-1835
-750
503
1621
2687
3537
4242
4717
4621
4044
2847
1497
448
-401
-889
-958
-780
-306
254
1239
2418
3415
4388
4524
4441
3820
2783
1929
1286
911
600
464
699
1112
1424
2014
2419
2869
2943
2430
1804
1108
464
-211
-922
-1412
-1572
-1558
-1541
-1742
-1669
-1675
-2024
-2567
-3265
-3885
-4428
-5016
-5516
-5898
-6174
-6520
-6829
-7047
-6952
-7001
-6764
-6714
-6956
-7003
-7260
-6093
-3543
293
4255
7299
9441
10621
10318
8747
7068
5437
3664
615
-2772
-4764
-5769
-6234
-5734
-4160
-1812
48
774
1222
1965
2470
2401
1729
676
-255
-1018
-1433
-1324
-520
1102
2644
3305
3339
3219
3061
2478
1217
-62
-911
-1841
-2766
-3372
-3070
-1711
-9
1582
2910
4035
4967
5300
4805
4061
3395
2680
1597
182
-707
-679
-197
375
1199
2429
4060
5052
5268
5243
4701
4012
2794
1151
40
-629
-948
-1015
-805
236
1506
2554
3321
3499
3569
3298
2355
1341
554
-49
-615
-1253
-1758
-1968
-1802
-1474
-1417
-1313
-1505
-1995
-2601
-3351
-4049
-4406
-4653
-5011
-5382
-5607
-5747
-5916
-5815
-6111
-6045
-5784
-6098
-6069
-6651
-7053
-6066
-3658
279
4225
7317
9797
10915
10184
8313
5893
4207
2270
-1161
-4341
-6198
-6952
-7048
-6527
-4875
-2156
-29
529
797
1249
1693
1668
876
81
-444
-606
-683
-506
435
1974
3034
3036
2317
1306
418
-820
-2471
-3731
-4341
-4427
-4212
-3638
-2204
-43
2138
3666
4367
4760
4897
4400
3190
1832
1107
705
183
-134
216
1317
2587
3682
4590
5261
5488
5088
4221
3107
1927
810
28
-544
-760
-346
504
1675
2521
3157
3755
3898
3671
2884
1965
1297
564
-292
-1032
-1362
-1164
-789
-578
-418
-256
-229
-679
-1525
-2193
-3020
-3690
-4382
-5067
-5328
-5306
-5275
-5217
-5314
-5397
-5206
-5581
-6053
-6408
-7175
-7226
-7877
-7343
-3930
781
6050
9945
11956
13182
12327
9265
6222
3437
1198
-1817
-5833
-7996
-8126
-7575
-6046
-4067
-1656
437
627
-327
-772
-896
-686
-939
-1751
-1883
-1325
-357
729
2234
4182
5576
4984
2907
727
-1087
-2654
-4193
-5312
-5254
-4655
-3887
-2487
-521
1958
4130
5127
4796
3662
2368
1045
-294
-1185
-1276
-788
-58
748
2034
3803
5465
6618
6932
6471
5312
3717
2091
746
1
-414
-485
-134
192
890
1843
2796
3581
3661
3280
2739
2025
1498
1046
933
1064
803
216
-481
-717
-478
-272
-411
-383
-279
-398
-696
-1094
-953
-694
-956
-1883
-3077
-4232
-5128
-6160
-6947
-7424
-7663
-7858
-8231
-8534
-8298
-7725
-7035
-4429
-313
5243
9740
12368
13745
13428
11296
7676
4185
2170
136
-2396
-4251
-4581
-3948
-3023
-1868
-316
955
653
-1019
-2775
-3844
-4414
-4414
-4148
-3092
-1651
97
1623
2896
4311
5263
4899
2964
439
-1904
-3631
-5212
-6185
-5625
-3945
-2141
-485
1118
2941
4212
4301
3443
1959
529
-862
-2135
-2703
-2312
-1129
245
1360
2465
3917
4998
5251
5011
4479
3938
3029
1548
825
702
958
1245
1178
1660
1831
1558
1356
1114
1306
1413
1152
1057
1040
1121
1136
918
647
149
-561
-1526
-2374
-2588
-2579
-2144
-1470
-596
481
1343
1845
2203
2419
1886
939
-615
-2214
-3427
-5026
-6078
-6871
-7388
-7470
-7845
-8234
-8482
-8400
-7681
-5015
-100
5273
9815
12017
12253
11528
8519
4848
2241
306
-1183
-3401
-5021
-4258
-2766
-1338
342
1681
2375
1472
-1111
-3315
-4544
-4951
-4579
-4239
-3469
-1778
28
1435
2538
3673
4546
3872
1570
-835
-2335
-3214
-3993
-4361
-3499
-1707
-184
798
1617
2502
3112
2600
1061
-570
-1686
-2249
-2552
-2498
-1513
-64
988
1338
1533
2134
2625
2672
2160
1828
1758
1227
899
943
1422
2182
2084
1920
1564
902
627
383
698
1215
1478
2014
2367
2535
2563
2280
1981
1049
-419
-1936
-3159
-3471
-3512
-3178
-2311
-1382
-494
178
737
1651
2578
2732
2453
1469
176
-1131
-2735
-4007
-4634
-5393
-5582
-6204
-6836
-6887
-7476
-6974
-4970
-840
4493
8601
10871
11253
10503
8104
4460
1667
-17
-1115
-2710
-4025
-3513
-1896
-472
678
1653
2295
1609
-653
-2767
-3777
-3902
-3323
-2659
-1782
-405
912
1633
1738
1773
1814
1073
-587
-2322
-2987
-2508
-1878
-1272
-161
1395
2625
2889
2572
2267
2087
1586
429
-608
-914
-437
147
572
1119
1744
1804
1023
-118
-694
-710
-327
95
683
2030
2567
2918
2684
2057
2106
1193
143
-599
-1438
-1289
-803
-225
1071
1989
2655
2977
2530
2190
1697
1191
750
-90
-767
-1301
-1760
-1896
-2123
-2115
-1850
-2127
-2126
-2095
-1683
-638
122
960
1629
1884
1496
681
-671
-1564
-2334
-3229
-4250
-4799
-5669
-6638
-7690
-7628
-4021
1397
6869
10498
11921
11631
9506
5094
1351
-336
-979
-1778
-3215
-3382
-1831
-642
-70
307
639
152
-1928
-4344
-5259
-4482
-2880
-1224
295
1691
2547
2150
862
-373
-1294
-2043
-3132
-4105
-3919
-2519
-649
909
2070
3007
3261
2471
1092
-263
-917
-777
-537
-94
739
1936
3346
3989
3755
3097
1902
190
-1950
-3491
-3498
-2407
-704
755
2076
3394
3245
2535
1337
-162
-852
-2273
-3417
-3331
-2952
-1351
47
1027
2037
2131
1687
630
-558
-977
-699
-223
399
701
772
891
361
-581
-1627
-2640
-3324
-3861
-4083
-3323
-1828
-199
1045
1890
2470
2365
1606
295
-730
-1242
-1667
-2332
-2584
-2679
-3031
-3575
-4682
-4714
-2235
1728
5905
8824
9742
9702
8161
4905
2381
1173
1191
1098
-286
-702
-289
-568
-1007
-1534
-1765
-1777
-3063
-4174
-3790
-2336
-151
1813
3155
3912
3451
1748
-448
-2406
-3279
-3318
-3192
-2477
-1103
486
1757
2292
2492
2467
1537
166
-1000
-1800
-1702
-736
921
2780
4048
4632
4577
3829
2582
1128
-136
-1025
-1685
-1829
-1191
419
2038
3311
3832
3085
1986
192
-1407
-2137
-2495
-2008
-1459
-664
258
869
1222
944
503
-224
-1103
-1591
-1339
-436
860
2051
2761
2792
1793
222
-1574
-3075
-4031
-4714
-4578
-3793
-2594
-1099
371
1619
2290
2234
1289
7
-1411
-2253
-2798
-2661
-1724
-1787
-515
-721
-523
-984
-2451
-3631
-6229
-5968
-3244
2116
7690
11290
12582
11808
8725
3850
757
-704
-933
-1676
-2866
-2387
-1647
-1306
-992
-583
-373
-1801
-4353
-5685
-5088
-3298
-872
1428
3077
3670
2481
617
-558
-947
-1009
-1246
-1324
-814
24
465
948
1654
2119
1704
201
-930
-1298
-1147
-518
544
1949
3021
3125
2553
1873
1329
697
-100
-603
-376
551
1308
2164
2633
3117
2594
985
-937
-2237
-2581
-2816
-2606
-2381
-898
-285
-560
-723
-1285
-1052
-1614
-2247
-1618
-459
1043
2081
2852
3486
3149
1326
-871
-2778
-4101
-4700
-5011
-4131
-2630
-1110
280
1030
1704
1793
1008
-68
-1198
-1983
-2270
-2355
-1484
-677
-234
22
-1125
-1479
-2813
-3642
-3992
-5255
-5832
-6391
-6165
-2742
2452
8197
12842
12928
10996
7344
2139
-1655
-3573
-2977
-950
-235
648
2348
2703
1922
-213
-2838
-4950
-7519
-8933
-7298
-3963
-121
2983
4592
5498
5014
3061
1340
69
-445
-575
-847
-251
1100
2386
3413
3416
2679
1615
-194
-1678
-2236
-2064
-902
317
1127
1866
1871
1341
573
-375
-514
-253
247
1095
2128
2962
3476
3039
2123
763
-787
-1845
-2801
-2508
-1680
-536
543
695
448
-37
-1045
-1654
-2019
-1837
-713
499
2295
3837
4663
4877
4012
2201
63
-1940
-3040
-3321
-3288
-2462
-1304
-215
561
927
1364
1478
847
-29
-751
-895
-698
-455
24
199
-214
-828
-2188
-3023
-3400
-3640
-3790
-3726
-3759
-3634
-3403
-3774
-3408
-3881
-3785
-1761
1098
5334
7901
8202
7594
5427
2451
320
-515
604
1878
1727
1502
911
-787
-2675
-4350
-4814
-4544
-4703
-3839
-1670
1040
3598
4889
5110
4523
2380
-306
-2412
-3238
-2158
-434
1446
3325
4758
5180
4379
2768
1278
23
-1410
-2295
-2284
-1390
-282
555
1480
1967
1533
479
-587
-1227
-1501
-1302
-412
738
1549
1720
1277
606
-348
-820
-1221
-1145
-1095
-1137
-306
-428
-233
-631
-1142
-999
-1170
-336
706
2359
3918
4916
5083
3952
2115
-419
-2440
-3639
-3653
-2424
-827
827
2100
2538
2311
1692
727
-342
-1306
-1816
-1647
-1099
-412
183
584
48
-807
-2190
-3327
-4376
-5205
-5271
-5081
-4292
-3846
-2764
-2806
-2581
-3019
-3948
-4351
-5936
-6844
-6872
-4963
-510
4234
7750
9020
7308
4637
1257
-1863
-3030
-2373
-647
905
2227
3417
3854
2873
1631
766
-163
-1159
-2078
-2049
-1036
-171
645
1096
899
75
-1160
-1509
-529
1076
2550
3587
3998
3691
2853
1772
911
335
-58
-110
221
928
1460
1406
749
-450
-2065
-3594
-4337
-4043
-2828
-1162
584
2011
2527
1828
248
-1454
-2671
-3072
-2600
-1781
-361
1246
2030
3275
3476
3057
2824
1251
737
309
93
1017
1373
1879
1889
816
-94
-1033
-1406
-674
537
2039
3383
4127
4069
3305
2147
1037
142
-525
-783
-768
-490
-132
-16
-153
-872
-1882
-2987
-3941
-4402
-4294
-3870
-3200
-2709
-2303
-2222
-2115
-2161
-2890
-3651
-4893
-5799
-5805
-5649
-5063
-4936
-5435
-5246
-3938
-1178
1884
3679
3644
2944
1965
1351
1832
3234
5489
7210
7688
7553
6127
3577
842
-1577
-2667
-2797
-2451
-1189
-1
668
1056
1127
1070
496
-704
-1323
-899
416
2249
4138
5706
6327
5359
3407
1289
-415
-1355
-1514
-844
331
1258
1505
869
-312
-1764
-3125
-4143
-4638
-4434
-3546
-2119
-751
360
899
885
569
20
-191
267
1198
2330
3428
4157
4269
3909
2514
1458
252
-571
-664
-906
-90
811
1633
2504
2814
2964
2818
2495
2629
3090
3491
3453
2969
2172
1015
-397
-1565
-1938
-1766
-1351
-1054
-929
-820
-1191
-2002
-2709
-3074
-3004
-2739
-2322
-1655
-928
-631
-1317
-2697
-4351
-5798
-6757
-7294
-7072
-6254
-5519
-5143
-5446
-5694
-5992
-6663
-7450
-7882
-6879
-3981
269
4585
7073
7390
6559
4960
3463
2409
2464
3262
4065
4619
4800
4194
2774
1316
341
-361
-783
-663
55
985
1347
1433
1463
1098
196
-837
-1101
-391
631
1577
2349
2700
2384
1376
101
-843
-1517
-2134
-2450
-2191
-1545
-1068
-946
-1108
-1376
-1821
-2404
-2635
-2362
-1730
-812
165
1047
1422
1349
880
238
-513
-1071
-1123
-748
92
1029
1894
2406
2636
2627
2358
1976
1743
2031
2815
3707
4338
4804
5057
4971
4274
3297
2484
1703
829
-60
-501
-535
-276
36
239
428
321
-63
-448
-482
-223
66
208
241
284
309
77
-315
-599
-996
-1745
-2740
-3604
-3869
-3821
-3916
-3964
-4095
-4280
-4700
-5138
-5229
-4977
-4540
-4442
-4443
-4273
-4047
-3735
-3430
-3122
-2685
-2284
-1701
-1029
-662
-388
-289
-408
-466
-326
98
812
1592
2802
3975
4296
4113
3751
3375
3045
2845
3528
4543
5086
4976
4607
4307
3641
2547
1505
806
283
-92
-193
200
690
845
617
199
-344
-1146
-1993
-2745
-3052
-2975
-2782
-2390
-2017
-1815
-1931
-2301
-2512
-2425
-2107
-1636
-1037
-206
787
1685
2159
2227
2075
1864
1682
1874
2613
3540
4302
4746
4816
4745
4476
4128
3768
3202
2351
1405
841
877
1698
2829
3625
3761
3100
1939
710
-299
-521
-173
288
721
927
960
687
14
-744
-1655
-2594
-3319
-3707
-3621
-3130
-2407
-1653
-1248
-1339
-1791
-2517
-3273
-3711
-3777
-3588
-3394
-3229
-2904
-2495
-2167
-2125
-2283
-2791
-3417
-3637
-3705
-3317
-2595
-2186
-2093
-2395
-2532
-2187
-1820
-1527
-1366
-1521
-1677
-1688
-1322
-487
629
1318
1602
1623
1486
1357
961
758
991
1405
2053
2977
3818
4535
4651
4334
3985
3563
3216
2934
2750
2562
2126
1520
738
-266
-1367
-2422
-3174
-3396
-3244
-2793
-2251
-1786
-1469
-1416
-1608
-1782
-1741
-1609
-1231
-649
184
1004
1305
1289
1072
1002
1107
1211
1606
2012
2392
2609
2500
2401
2046
1629
1435
1513
1908
2302
2485
2763
3114
3419
3588
3528
3194
2554
1669
928
470
215
99
-167
-445
-840
-1199
-1368
-1242
-852
-299
67
240
111
-485
-1215
-2059
-2569
-2624
-2456
-2115
-1822
-1824
-1836
-1923
-2232
-2567
-2933
-3187
-3356
-3314
-2583
-1458
-494
112
232
-39
-730
-1809
-2789
-3302
-3480
-3431
-3263
-2912
-2611
-2656
-2953
-3046
-3054
-3313
-3715
-4241
-4281
-3876
-3085
-1860
-249
1429
2531
2942
2951
3121
3232
3086
3067
3365
3829
4282
4399
4337
4088
3343
2288
1283
732
733
801
853
1137
1550
1865
1883
1632
1232
764
234
-99
-135
141
539
807
1130
1545
1841
1779
1282
746
331
3
-226
-351
-167
-29
37
132
392
723
884
981
1278
1874
2464
2805
2731
2341
1733
989
405
129
302
696
1161
1739
2240
2495
2268
1812
1641
1671
1792
1882
2000
2306
2357
2138
1717
1204
429
-610
-1540
-2055
-1871
-1407
-775
-274
-113
-197
-474
-664
-650
-455
-139
87
146
116
-54
-350
-707
-1249
-1835
-2465
-3179
-3767
-4112
-4423
-4705
-4940
-5161
-5302
-5447
-5552
-5400
-5158
-4702
-4179
-3785
-3530
-3589
-3688
-3469
-2962
-2130
-1137
-752
-515
-685
-850
-750
-512
22
548
1054
1520
2331
3105
3520
3910
3962
3620
3158
2655
2660
2912
3065
3249
3269
3368
3509
3533
3364
3078
2830
2429
1930
1335
818
439
10
-309
-514
-708
-806
-1142
-1321
-1095
-636
-27
264
282
221
85
-89
-339
-518
-764
-1043
-1353
-1433
-1181
-763
1
828
1598
2241
2674
3147
3319
3373
3398
3368
3245
2965
2734
2567
2329
2111
1896
1454
787
181
-174
-176
55
471
1023
1361
1345
1076
815
578
426
357
397
445
393
117
-311
-841
-1405
-1927
-2432
-2906
-3135
-3164
-3087
-3043
-3097
-3199
-3412
-3623
-3774
-3671
-3412
-3114
-2995
-2837
-2788
-2974
-3306
-3705
-3995
-4339
-4729
-4775
-4494
-4061
-3540
-3011
-2509
-2256
-2168
-2000
-1658
-1449
-1218
-957
-946
-934
-841
-457
-79
209
807
1637
2432
3004
3606
3937
3785
3556
3397
3571
3864
3843
4016
4078
3972
3857
3494
3151
2757
2122
1513
1245
1403
1813
2175
2133
1755
1124
252
-526
-1306
-1910
-2332
-2750
-2759
-2404
-1760
-925
-172
602
1098
1178
1250
1357
1462
1583
1567
1426
1158
1067
1118
1267
1469
1600
1723
1701
1763
2028
2439
2878
3145
3271
3321
3286
3231
3114
2989
2824
2545
2321
2100
1819
1359
938
657
489
361
61
-405
-977
-1604
-1934
-1944
-1858
-1662
-1692
-1809
-1903
-2070
-2135
-2231
-2261
-2288
-2417
-2633
-2913
-3211
-3459
-3589
-3754
-3709
-3313
-2865
-2314
-1808
-1479
-1276
-1491
-1928
-2280
-2530
-2602
-2567
-2496
-2405
-2353
-2345
-2363
-2414
-2522
-2774
-3029
-3182
-3066
-2431
-1697
-1004
-300
42
24
-120
-237
-58
287
811
1728
2514
3023
3335
3563
3595
3523
3498
3492
3474
3069
2567
2261
1902
1668
1482
1286
1325
1467
1733
2056
2411
2817
3106
2959
2341
1710
1162
659
307
172
349
496
305
30
-222
-555
-849
-984
-627
-143
245
620
1047
1505
1795
1972
2024
1915
1676
1524
1582
1750
1970
2224
2203
1942
1531
1177
1030
837
868
1051
1368
1502
1316
932
421
-118
-471
-491
-268
-99
-153
-345
-715
-1061
-1312
-1429
-1471
-1563
-1719
-1830
-1915
-1995
-2074
-2279
-2570
-2882
-3122
-3191
-3116
-2876
-2537
-2331
-2159
-2118
-2106
-2086
-2145
-2137
-2069
-2174
-2443
-2550
-2477
-2215
-1969
-1878
-1776
-1849
-2145
-2398
-2572
-2547
-2428
-2145
-1586
-1041
-492
-37
290
340
36
-306
-744
-1360
-1942
-2208
-1939
-1655
-1362
-820
-197
357
570
873
1170
1427
1802
2182
2642
3059
3552
3983
4050
3923
3615
3297
2901
2445
2272
2109
2066
2187
2421
2724
2823
2573
2158
1756
1467
1266
1150
986
846
886
782
690
528
461
451
219
-51
-59
109
374
603
885
1276
1555
1535
1288
1101
965
804
628
425
56
-335
-583
-595
-240
360
998
1620
1792
1672
1335
844
356
-61
-311
-439
-414
-362
-251
-91
9
-188
-722
-1413
-1938
-2111
-2114
-1873
-1447
-1220
-1219
-1378
-1466
-1449
-1550
-1774
-1957
-2080
-2174
-2169
-2098
-1960
-1875
-1872
-1829
-1748
-1527
-1164
-819
-649
-482
-340
-281
-305
-599
-1002
-1321
-1643
-1806
-1666
-1398
-923
-603
-582
-725
-934
-1102
-1132
-961
-576
-175
99
141
26
-233
-667
-1071
-1374
-1310
-1122
-905
-375
180
683
1061
1418
1733
1766
1766
1866
2146
2610
3144
3745
3951
3829
3601
3354
3112
2876
2765
2554
2311
2176
2216
2357
2519
2567
2417
2096
1645
1147
677
236
-115
-319
-544
-641
-558
-390
-215
-142
-215
-300
-429
-622
-694
-682
-551
-412
-386
-411
-558
-841
-1181
-1224
-1120
-968
-605
-389
-182
-78
-248
-508
-746
-865
-830
-624
-385
-64
181
169
135
-2
-218
-432
-699
-741
-617
-429
-279
-201
-147
-143
-313
-583
-732
-803
-919
-1118
-1332
-1420
-1451
-1600
-1719
-1744
-1704
-1610
-1445
-1214
-897
-489
-108
79
121
65
-125
-413
-599
-457
-140
82
218
189
-4
-457
-1071
-1654
-2196
-2592
-2892
-2796
-2349
-1650
-867
-296
-150
-349
-756
-1276
-1534
-1633
-1574
-1211
-578
126
652
999
1230
1299
1213
1246
1771
2409
2993
3512
3812
4020
3903
3458
2989
2590
2333
2090
1822
1837
2005
2115
2150
2166
2157
1961
1594
1208
970
773
536
311
155
74
-77
-353
-624
-768
-808
-813
-806
-931
-1142
-1447
-1722
-1801
-1844
-1697
-1434
-1147
-1030
-990
-926
-875
-817
-742
-531
-290
-125
33
124
262
494
726
1010
1276
1372
1142
615
87
-330
-549
-519
-305
-76
86
199
203
204
124
5
-78
-334
-572
-616
-545
-321
-58
168
405
441
289
50
-280
-564
-783
-946
-1088
-1128
-985
-792
-635
-476
-349
-245
-290
-423
-495
-423
-274
-258
-308
-297
-333
-479
-681
-817
-930
-1094
-1140
-1010
-829
-805
-870
-900
-907
-901
-852
-751
-708
-718
-714
-636
-568
-507
-384
-231
-25
213
644
1227
1660
1932
1947
1845
1687
1493
1376
1332
1473
1817
2149
2453
2551
2546
2311
1834
1437
1198
1102
981
972
1103
1243
1176
849
386
-157
-702
-1167
-1530
-1662
-1572
-1392
-1053
-642
-386
-274
-464
-824
-1209
-1445
-1407
-1222
-1034
-929
-734
-585
-539
-439
-378
-217
-54
80
311
529
767
1013
1212
1300
1208
1062
919
841
887
1065
1301
1446
1486
1378
1117
813
631
507
392
365
360
282
144
14
50
184
254
314
389
414
333
175
129
167
187
132
16
-11
15
55
127
243
376
321
239
375
446
413
211
-102
-434
-916
-1383
-1764
-1966
-1884
-1609
-1274
-969
-743
-662
-802
-1123
-1478
-1727
-1878
-1911
-1686
-1390
-1174
-1032
-1160
-1383
-1495
-1560
-1538
-1440
-1233
-950
-555
-238
106
419
584
611
518
469
436
474
545
708
929
1183
1437
1544
1495
1379
1189
1006
915
912
940
840
616
316
-109
-641
-1150
-1497
-1657
-1583
-1399
-1256
-1181
-1134
-994
-858
-827
-750
-651
-571
-496
-428
-317
-168
-106
-90
-105
-165
-110
-26
166
466
714
857
821
762
761
836
990
1138
1391
1657
1924
2039
2072
2069
1807
1450
1038
789
673
681
811
876
930
910
914
951
892
832
708
550
523
576
732
829
764
575
139
-350
-757
-1019
-1120
-1080
-871
-596
-393
-279
-267
-422
-695
-1006
-1240
-1397
-1446
-1370
-1219
-1031
-885
-813
-835
-986
-1169
-1349
-1439
-1447
-1323
-1138
-937
-800
-726
-684
-855
-1096
-1473
-1814
-1968
-1926
-1644
-1145
-629
-288
-183
-183
-276
-375
-445
-489
-428
-341
-266
-138
134
344
457
391
191
114
42
130
447
866
1234
1491
1672
1699
1587
1364
1079
835
584
402
336
310
317
270
158
-27
-268
-465
-524
-559
-491
-261
40
359
508
554
475
367
292
334
566
745
818
898
1005
1058
1005
966
958
972
967
1064
1326
1716
2003
2138
2149
2004
1939
1847
1685
1596
1572
1573
1682
1811
1876
1894
1718
1405
1032
680
405
222
144
149
247
216
-7
-269
-503
-745
-973
-1139
-1194
-1129
-988
-842
-695
-621
-634
-717
-794
-845
-885
-974
-1098
-1158
-1215
-1266
-1279
-1290
-1370
-1494
-1620
-1707
-1713
-1669
-1512
-1283
-1189
-1276
-1434
-1640
-1802
-1884
-1940
-1920
-1857
-1829
-1780
-1786
-1888
-1896
-1839
-1769
-1635
-1450
-1211
-948
-651
-270
-27
12
-44
0
36
67
242
392
509
508
438
454
415
267
234
279
345
441
660
963
1120
1130
1064
925
632
302
158
224
338
462
635
729
660
473
164
-132
-372
-502
-477
-359
-169
194
567
808
935
858
698
484
444
532
745
1112
1415
1673
1748
1890
2076
2078
2087
2001
1887
1743
1541
1376
1250
1153
1067
986
944
890
787
694
623
491
321
241
123
-11
-113
-247
-326
-415
-525
-603
-686
-691
-711
-737
-774
-879
-982
-1029
-1000
-945
-900
-999
-1185
-1369
-1550
-1574
-1438
-1193
-922
-709
-628
-751
-842
-924
-961
-884
-804
-739
-740
-787
-840
-870
-896
-939
-997
-1065
-1188
-1260
-1265
-1314
-1406
-1533
-1623
-1697
-1735
-1754
-1643
-1422
-1200
-918
-767
-724
-766
-933
-1076
-1061
-929
-662
-444
-301
-54
204
422
667
806
782
762
818
947
1125
1249
1291
1311
1348
1416
1426
1359
1198
1079
912
766
655
548
541
552
558
635
783
903
1011
1022
910
779
654
611
694
811
924
1014
1118
1210
1209
1224
1211
1215
1168
1097
1069
1038
999
937
880
915
877
818
910
1025
1163
1214
1184
1092
985
917
848
767
713
648
530
402
193
-37
-317
-576
-743
-891
-900
-865
-777
-701
-650
-654
-704
-716
-694
-740
-836
-890
-863
-673
-533
-442
-381
-441
-641
-856
-1000
-1082
-1052
-954
-846
-727
-655
-559
-530
-721
-951
-1227
-1568
-1826
-1913
-1776
-1528
-1370
-1294
-1263
-1293
-1375
-1470
-1525
-1541
-1492
-1386
-1215
-983
-758
-594
-430
-339
-209
-158
-164
-126
-155
-233
-270
-246
-196
-141
-49
115
334
546
742
905
997
1120
1201
1200
1141
1068
1010
934
882
950
1050
1212
1297
1317
1339
1289
1182
971
711
624
616
574
486
377
283
221
209
185
169
133
80
83
213
427
685
843
1014
1137
1114
1030
927
818
715
639
655
687
781
790
698
622
511
353
196
98
62
113
194
245
197
166
31
-219
-469
-722
-733
-665
-634
-506
-342
-157
-20
-60
-184
-296
-439
-565
-599
-594
-490
-384
-392
-436
-531
-654
-817
-996
-1095
-1002
-862
-757
-659
-704
-783
-875
-997
-1061
-1012
-914
-772
-534
-329
-235
-290
-586
-929
-1220
-1444
-1501
-1466
-1361
-1264
-1221
-1210
-1230
-1209
-1220
-1133
-959
-755
-626
-606
-545
-498
-382
-257
-112
13
-16
-7
110
275
465
627
761
785
727
685
650
692
842
985
1064
1069
1091
1091
964
802
664
568
555
617
740
959
1160
1267
1292
1217
1066
878
677
497
387
324
250
250
335
392
432
426
395
375
374
435
459
502
545
620
687
715
757
686
685
695
716
841
946
1044
1068
1020
925
777
670
538
365
142
-75
-208
-284
-211
-121
-51
-25
-59
-123
-210
-372
-561
-758
-894
-910
-713
-394
-156
35
124
37
-212
-487
-587
-592
-581
-578
-550
-466
-390
-301
-292
-380
-574
-820
-1048
-1203
-1164
-996
-898
-822
-741
-702
-724
-817
-876
-836
-777
-743
-645
-535
-458
-443
-544
-668
-793
-868
-871
-811
-653
-445
-182
-20
6
12
-85
-275
-436
-542
-587
-579
-487
-304
-2
328
480
496
475
409
323
260
301
444
585
707
844
943
931
928
899
815
764
691
658
634
558
507
429
364
318
351
374
412
526
699
896
1009
1030
1113
1201
1200
1183
1155
1078
888
699
677
696
645
608
532
494
385
342
290
209
149
34
35
56
34
84
145
296
495
578
566
533
426
256
92
-60
-119
-147
-150
-87
44
190
356
474
459
342
127
-54
-149
-195
-211
-188
-146
-122
17
153
153
58
-73
-161
-295
-353
-385
-430
-455
-512
-567
-590
-575
-625
-756
-848
-879
-849
-884
-935
-1022
-1126
-1176
-1295
-1345
-1377
-1382
-1284
-1142
-939
-740
-634
-591
-604
-649
-728
-763
-750
-720
-639
-561
-423
-285
-220
-192
-152
-75
-39
-65
-106
-139
-163
-177
-184
-107
-37
-77
-82
-50
18
163
347
470
497
526
635
749
806
753
670
664
615
561
568
640
701
662
594
611
622
656
641
570
481
446
445
419
398
453
562
544
510
454
424
393
321
354
418
485
591
701
822
875
851
734
548
406
264
169
157
177
273
365
435
527
523
443
350
235
137
11
-44
-10
66
183
301
386
498
540
529
557
527
438
321
227
178
119
39
-33
-68
-165
-313
-388
-380
-299
-288
-372
-438
-507
-538
-569
-655
-741
-830
-956
-1062
-1131
-1129
-1019
-931
-816
-688
-620
-656
-808
-908
-977
-982
-937
-833
-656
-499
-380
-364
-452
-539
-604
-645
-650
-598
-461
-259
-128
-17
29
-1
-85
-161
-193
-223
-294
-319
-212
-126
-40
-39
-70
-46
6
28
117
245
391
493
465
357
285
142
-2
8
91
225
321
498
635
799
890
861
855
731
661
630
555
570
648
696
711
694
720
744
689
659
707
738
736
686
618
584
568
440
356
347
357
429
478
641
770
795
728
639
571
528
511
524
591
637
676
713
742
811
876
803
689
584
530
513
492
527
615
635
622
541
379
196
0
-130
-215
-364
-565
-671
-680
-629
-556
-533
-561
-594
-703
-850
-916
-1009
-1075
-1092
-1092
-1088
-1091
-1075
-1075
-1083
-1120
-1068
-946
-786
-683
-651
-734
-836
-957
-1036
-1088
-1052
-881
-721
-571
-433
-364
-364
-457
-559
-626
-655
-683
-741
-769
-731
-636
-573
-547
-630
-763
-813
-734
-534
-227
97
313
352
253
120
-54
-177
-249
-275
-267
-179
2
248
486
651
699
697
610
409
334
387
461
539
720
858
879
863
750
719
727
633
584
594
651
684
697
738
684
635
606
525
524
479
485
519
486
496
458
361
258
252
344
424
484
540
671
803
824
769
596
493
375
262
241
256
364
520
644
681
628
535
392
216
79
42
47
0
-52
-92
-147
-216
-255
-230
-256
-313
-413
-466
-487
-560
-593
-684
-731
-726
-735
-689
-661
-575
-545
-622
-679
-771
-806
-796
-819
-788
-764
-703
-702
-803
-890
-969
-959
-945
-924
-861
-820
-706
-570
-487
-485
-576
-649
-743
-860
-955
-944
-934
-925
-862
-795
-737
-699
-614
-578
-548
-514
-475
-418
-379
-264
-98
15
116
200
255
283
267
278
261
302
331
385
511
617
759
849
855
834
804
761
725
682
652
702
750
768
817
862
897
912
875
818
782
722
729
781
823
819
778
746
709
756
806
831
814
808
894
953
936
921
930
877
777
654
601
603
620
706
754
756
737
679
586
495
449
421
379
358
374
426
474
519
477
328
137
-98
-265
-391
-514
-587
-602
-625
-683
-800
-895
-971
-1022
-1049
-1058
-978
-848
-702
-581
-496
-415
-461
-580
-694
-800
-833
-893
-932
-919
-913
-901
-901
-902
-910
-925
-943
-914
-856
-812
-708
-658
-628
-573
-541
-494
-451
-373
-307
-289
-324
-373
-396
-446
-412
-302
-162
-65
28
112
159
167
144
95
4
-15
-15
3
78
198
308
378
388
368
346
307
277
252
232
232
283
292
290
281
286
374
454
488
526
518
437
345
310
307
334
364
358
362
343
306
250
159
109
160
226
235
199
188
247
341
454
562
650
670
659
654
662
699
697
653
611
549
478
429
419
471
461
393
330
282
244
215
198
156
117
65
40
1
-75
-78
-59
-95
-195
-340
-505
-603
-657
-642
-633
-721
-779
-798
-830
-874
-939
-1009
-1033
-998
-880
-723
-614
-557
-537
-566
-634
-718
-784
-758
-681
-589
-464
-326
-204
-190
-240
-303
-365
-368
-338
-375
-455
-516
-542
-529
-480
-392
-306
-257
-247
-233
-236
-279
-370
-415
-403
-373
-313
-214
-176
-93
109
248
293
284
245
175
140
130
160
238
316
396
397
320
284
278
253
200
156
109
115
131
123
180
255
248
269
327
364
446
502
566
623
659
654
671
666
590
480
354
300
337
386
467
558
605
588
528
525
543
571
541
458
405
359
305
291
329
340
305
251
198
180
205
238
300
304
261
195
162
89
8
-75
-181
-287
-364
-297
-214
-191
-223
-307
-397
-492
-606
-667
-697
-651
-580
-496
-414
-343
-278
-271
-276
-274
-293
-323
-290
-226
-148
-98
-27
37
28
-12
-112
-214
-268
-305
-330
-360
-394
-450
-475
-471
-405
-345
-282
-198
-152
-105
-60
-24
3
84
170
239
344
359
377
372
337
316
286
288
189
112
113
74
70
28
42
106
203
288
317
344
337
296
202
99
24
-39
-89
-51
11
-11
-76
-93
-54
30
76
102
119
130
173
178
192
242
275
259
194
110
100
95
51
1
-46
-62
-84
-20
59
125
197
240
248
247
270
319
308
260
232
231
247
253
278
305
334
349
357
341
350
322
285
204
106
58
23
65
128
125
16
-115
-203
-252
-266
-266
-219
-138
-91
-49
-58
-107
-183
-321
-392
-442
-435
-375
-318
-268
-218
-146
-102
-76
-123
-231
-323
-381
-402
-325
-215
-129
-41
-4
7
20
32
27
-54
-152
-170
-163
-115
-129
-134
-123
-85
-16
48
79
49
-2
-68
-119
-177
-216
-261
-270
-197
-165
-169
-207
-272
-260
-240
-289
-266
-238
-204
-186
-193
-164
-153
-152
-128
-155
-172
-179
-247
-289
-348
-381
-401
-427
-433
-369
-290
-251
-206
-153
-72
35
117
84
33
64
72
98
123
125
156
175
182
191
213
229
246
259
292
412
441
413
414
409
393
328
265
300
388
453
544
552
615
644
633
613
496
401
328
300
239
116
101
108
108
85
65
97
121
141
149
150
92
13
15
-14
-49
-38
-30
64
214
275
289
250
208
205
188
167
147
154
199
264
361
437
470
449
390
321
254
164
113
99
67
12
-48
-130
-216
-247
-261
-256
-220
-197
-145
-144
-160
-127
-104
-74
-63
-59
-60
-58
-78
-95
-121
-213
-282
-308
-351
-372
-400
-422
-438
-500
-564
-597
-612
-600
-554
-544
-519
-532
-513
-507
-457
-439
-443
-409
-433
-396
-340
-280
-220
-178
-127
-114
-98
-50
-22
11
3
-11
7
57
92
106
135
198
286
369
355
359
414
446
455
449
429
389
327
276
223
193
199
204
229
233
241
227
169
95
3
-42
-23
18
53
78
110
83
105
85
32
38
28
17
21
44
100
166
250
356
415
460
438
360
327
317
312
278
284
289
238
201
170
186
148
37
-25
-52
-85
-95
-99
-33
54
70
25
-34
-103
-206
-281
-336
-378
-425
-449
-455
-420
-386
-364
-347
-385
-423
-469
-424
-371
-360
-314
-293
-332
-420
-473
-506
-555
-579
-609
-605
-556
-490
-434
-413
-456
-518
-574
-617
-614
-579
-512
-442
-336
-240
-197
-165
-181
-222
-214
-156
-95
-103
-39
45
109
181
113
93
62
-1
-29
-51
-12
24
118
247
299
303
277
273
273
263
270
276
360
501
555
544
496
407
427
398
325
279
249
260
302
300
319
366
424
429
376
339
259
191
187
226
277
278
260
230
180
145
114
113
129
157
170
149
186
227
317
400
431
462
454
427
416
403
378
335
257
178
135
105
69
54
87
157
167
109
9
-25
-48
-58
-39
-45
-49
-27
-31
-22
-1
17
23
-36
-101
-170
-214
-215
-193
-190
-202
-289
-379
-408
-390
-361
-335
-342
-369
-347
-258
-180
-161
-149
-140
-129
-240
-354
-385
-344
-264
-211
-220
-240
-265
-357
-465
-556
-575
-566
-528
-462
-382
-318
-314
-295
-289
-289
-304
-322
-322
-329
-280
-218
-173
-132
-138
-131
-102
-106
-73
-18
42
132
205
262
314
367
393
376
323
251
268
333
350
298
223
206
232
273
216
134
59
-8
3
50
122
210
227
268
288
232
228
197
159
170
144
135
209
250
254
259
254
226
227
214
230
241
176
165
183
241
275
291
262
198
166
187
201
177
120
69
36
13
29
35
23
-44
-137
-173
-193
-208
-199
-226
-266
-241
-173
-156
-121
-98
-66
-102
-172
-213
-261
-256
-253
-310
-342
-428
-485
-457
-482
-476
-488
-487
-407
-395
-384
-366
-353
-343
-357
-344
-321
-288
-245
-213
-212
-228
-245
-222
-218
-244
-247
-326
-409
-355
-288
-209
-192
-206
-197
-211
-218
-190
-180
-117
-37
-3
-21
-33
-15
-44
-25
13
76
112
109
65
58
148
209
242
260
278
290
282
256
260
187
94
11
-30
-47
-106
-44
15
48
71
15
-3
12
5
-17
-43
-57
26
74
121
203
265
281
260
246
278
288
341
400
400
394
402
398
375
328
201
84
31
46
86
74
18
27
56
81
150
159
114
131
146
178
163
155
132
123
106
71
76
94
122
164
138
142
142
53
24
1
-25
-35
-50
-36
-40
-66
-70
-75
-84
-93
-118
-145
-169
-158
-172
-156
-128
-138
-124
-107
-83
-81
-115
-142
-164
-213
-248
-264
-299
-300
-296
-299
-316
-355
-384
-372
-336
-340
-360
-356
-357
-338
-307
-237
-170
-153
-120
-68
-48
6
56
23
-32
-26
-13
-44
-44
-66
-84
-21
10
23
38
27
48
51
22
26
83
109
125
128
130
168
172
174
180
172
171
208
228
212
187
159
112
54
23
-23
-30
-68
-106
-51
8
25
70
130
167
165
101
80
42
11
32
47
80
131
182
183
212
212
173
155
165
168
135
126
140
175
187
141
102
59
22
11
-24
-16
6
9
3
-43
-31
-30
-20
-53
-103
-102
-124
-143
-126
-99
-51
3
-48
-102
-114
-141
-190
-203
-181
-197
-167
-79
-19
24
13
-41
-54
-64
-38
-38
-35
-19
-33
-88
-163
-172
-152
-175
-199
-239
-236
-230
-256
-214
-190
-190
-254
-329
-352
-355
-343
-315
-292
-299
-306
-276
-258
-243
-204
-187
-129
-108
-105
-38
-20
0
21
-26
-21
0
-3
0
-18
-12
24
116
165
169
224
219
173
121
56
50
21
41
37
24
17
-13
-18
-11
-2
22
16
49
68
65
82
106
143
146
109
122
163
151
175
148
109
79
71
40
23
34
15
41
60
66
105
144
124
101
50
35
85
118
134
171
173
152
113
96
106
78
44
-8
-20
-19
-25
-34
-43
-59
-60
-109
-171
-208
-213
-194
-180
-137
-97
-95
-112
-153
-183
-210
-242
-272
-296
-284
-246
-223
-181
-152
-171
-157
-154
-169
-166
-192
-217
-223
-194
-150
-97
-39
-6
13
47
63
46
55
131
164
133
110
33
3
13
49
95
131
146
162
200
167
136
157
160
205
227
184
129
146
162
142
142
113
75
102
123
149
209
239
294
292
237
183
159
144
96
42
28
72
88
83
92
159
196
198
198
119
65
48
26
15
11
20
8
15
40
34
-5
-18
7
32
63
120
159
161
125
67
62
33
-2
-7
-18
5
20
25
58
73
109
160
126
58
26
40
13
42
73
44
27
34
71
20
24
74
102
92
80
68
47
48
-48
-112
-99
-118
-192
-216
-206
-168
-145
-168
-132
-120
-106
-94
-115
-152
-159
-144
-136
-78
-77
-79
-85
-91
-65
-111
-79
-69
-99
-106
-139
-129
-133
-170
-191
-188
-178
-155
-111
-82
-82
-82
-60
-73
-90
-85
-80
-31
31
65
67
57
36
7
-59
-104
-130
-125
-91
-59
7
81
107
121
91
53
36
67
85
10
-87
-99
-95
-127
-158
-122
-85
-92
-90
-133
-124
-70
-56
-100
-111
-83
-77
-75
-96
-82
0
47
65
75
52
60
85
76
107
147
138
97
93
72
59
61
72
103
147
165
128
82
61
84
134
172
137
144
165
208
212
170
116
67
115
127
121
123
96
104
79
25
-42
-71
-57
-50
-77
-12
32
6
-23
-50
-29
-83
-130
-164
-164
-88
-49
-29
-25
-62
-87
-67
-39
-42
-54
-60
-78
-80
-51
-11
44
22
0
7
31
70
89
50
-7
-20
-11
10
18
16
17
20
6
35
65
65
67
-12
-68
-33
8
22
0
-49
-20
25
49
59
50
-8
-96
-90
-76
-25
32
91
166
179
114
70
21
-27
-20
-41
-14
9
60
110
135
141
115
95
49
25
0
-19
10
17
9
51
85
87
47
-24
-64
-67
-57
-26
3
62
47
70
95
109
155
198
223
230
235
222
209
206
255
234
211
191
206
256
255
216
198
213
201
143
105
142
168
190
165
130
118
142
164
175
156
105
74
36
-3
-71
-82
-61
-60
-76
-75
-34
-19
-31
-60
-144
-163
-168
-155
-121
-74
-27
-55
-50
-56
-31
3
-14
-32
-37
-35
-20
-50
-71
-65
-61
-62
-49
-59
-92
-132
-202
-229
-209
-149
-107
-110
-104
-85
-77
-74
-83
-106
-138
-229
-266
-265
-222
-231
-250
-195
-155
-107
-106
-134
-185
-139
-24
11
-3
-71
-40
-10
-3
0
-18
27
20
1
-11
-38
-20
10
35
57
93
105
99
73
86
93
73
64
57
114
141
170
184
158
150
161
180
181
169
200
224
183
173
204
229
272
303
308
312
257
234
221
252
241
201
218
225
268
264
230
237
221
195
154
125
128
130
90
73
83
116
130
113
97
63
39
15
2
12
9
5
10
-35
-38
-13
3
37
44
47
38
16
48
59
60
46
13
-21
31
28
19
18
-71
-137
-165
-198
-282
-322
-353
-301
-272
-259
-251
-254
-236
-259
-293
-269
-272
-278
-276
-228
-191
-172
-133
-190
-213
-179
-164
-178
-233
-285
-277
-256
-227
-171
-165
-169
-153
-140
-139
-171
-148
-116
-60
14
-2
-4
-42
-59
-6
54
73
57
57
80
139
161
124
74
68
42
65
112
156
192
166
183
146
101
81
51
12
2
62
131
183
231
194
172
186
176
170
173
218
238
247
215
237
290
305
322
305
259
229
207
138
126
98
93
111
132
178
172
173
174
248
257
274
353
358
352
300
246
233
237
242
266
252
177
95
50
22
12
2
-18
-42
-86
-106
-100
-63
-32
-41
-61
-56
-22
34
25
35
35
32
30
12
59
66
97
48
-5
-24
-53
-61
-53
-67
-62
-11
-26
-69
-123
-133
-132
-92
-63
-75
-86
-120
-79
-20
50
99
59
41
14
-21
40
26
-19
-111
-189
-197
-157
-109
-138
-144
-150
-193
-185
-162
-129
-110
-105
-77
-53
-34
-64
-59
13
41
74
93
131
190
217
217
225
248
218
185
190
177
130
75
36
57
120
102
37
45
37
62
91
56
32
33
33
85
63
-9
-8
11
24
46
87
57
47
10
-79
-131
-167
-128
-65
-39
-13
-19
-39
-35
-24
-24
-59
-150
-169
-112
-45
22
11
25
29
32
61
69
55
44
38
38
30
58
55
12
18
18
59
42
29
33
22
-30
-54
-28
-63
-94
-95
-73
-38
-65
-86
-110
-62
9
4
-15
-25
-44
-41
-53
-49
-68
-111
-82
-46
-37
-35
-15
-9
27
