-43
-27
13
-31
-55
-92
-31
13
46
51
-42
-95
-91
-94
-97
-134
-45
12
-6
4
-4
2
-3
2
-1
1
-1
0
-1
0
0
0
1
0
-1
0
0
0
0
0
0
0
0
0
0
0
0
0
0
0
0
0
0
0
-1
0
0
0
0
0
0
0
0
0
0
0
0
0
1
0
0
0
0
0
0
0
1
0
0
0
1
1
0
0
0
-1
1
1
0
0
0
0
0
0
0
1
0
0
0
1
0
0
0
0
0
-1
0
0
0
0
0
0
0
0
0
0
-1
-1
-1
0
0
0
0
-1
0
0
0
0
0
0
0
0
0
1
0
1
0
0
0
0
0
0
1
-1
0
1
-1
0
0
0
0
0
0
0
-1
0
0
0
-1
0
-1
0
0
0
0
0
0
0
0
0
1
-1
2
-4
5
-11
111
222
151
137
161
206
227
270
235
118
76
118
163
168
154
123
137
136
108
94
120
167
183
176
144
137
143
152
144
116
119
108
145
162
109
106
79
40
32
50
64
54
59
21
5
57
59
1
-21
-10
-16
-6
23
28
32
-20
-61
-61
-42
19
37
67
87
88
66
15
27
63
59
83
50
60
70
14
-28
-65
-49
9
-11
-31
-2
-9
-1
-12
-2
3
12
-2
-7
-13
-5
-2
-7
-14
-12
-3
12
8
-13
-15
4
4
1
3
-14
-3
-4
4
5
-6
-6
-5
2
-3
-9
-9
-15
-1
-7
-10
7
-2
-9
3
-3
-4
1
-6
-5
6
4
3
14
2
-2
-18
-21
-10
-3
12
4
-10
7
2
-1
-3
-12
2
-3
7
7
-6
2
8
-10
-9
11
1
10
-5
-11
2
-4
4
-12
-21
-10
-10
-3
-3
-18
0
19
9
1
-11
-6
-1
-4
2
-11
-12
-13
-21
8
17
-19
-12
-7
-8
2
-16
-9
1
6
-1
-16
-17
0
16
8
-7
-7
1
8
-5
-6
-8
-9
-2
-8
-5
1
-1
10
-4
-3
3
14
1
-5
7
-7
12
8
-3
-1
-4
0
8
-4
-9
11
8
-7
4
6
0
-6
1
10
12
20
5
7
2
-15
-1
1
-2
-10
-7
3
11
7
1
-8
-15
12
20
-3
8
4
1
5
2
-3
4
0
4
13
-4
-11
15
5
6
22
10
6
12
2
5
9
1
-7
-7
-11
-7
14
4
-2
12
-1
-7
2
2
6
13
13
18
10
7
2
-14
0
-1
3
9
13
16
16
-13
4
10
6
12
3
-1
-5
4
8
6
-8
0
-1
6
13
2
-1
2
5
10
8
-6
-1
1
4
5
5
7
6
5
4
-1
-8
-7
4
19
7
8
-15
-21
3
17
9
-9
-13
-15
-10
0
13
7
-4
-10
-2
4
-11
5
10
-12
-22
-18
-8
9
19
17
9
5
2
-5
0
0
-12
-5
13
13
3
-14
0
-1
6
-3
-11
3
7
-6
-9
4
6
11
8
7
9
0
-15
-13
2
2
7
5
-14
-6
1
-2
-7
-7
-3
12
13
-7
-8
-10
-10
-6
-20
-7
-6
-4
-4
-14
-16
-24
-2
-4
1
8
-9
-13
-9
-5
1
2
3
2
-14
-6
0
-3
5
-15
-16
12
1
-10
0
10
15
0
0
-7
-9
0
-11
-4
6
1
27
18
9
9
-18
-47
-21
12
6
1
-3
21
25
11
-36
-27
5
15
8
5
13
-15
-22
-41
-33
-29
-1
26
-16
22
38
-9
-27
18
23
9
18
19
18
-10
-12
-6
-2
-4
-6
5
34
34
-12
-24
-1
12
24
11
15
-13
-46
-40
-6
25
26
-8
-23
-20
7
12
-23
-29
-11
14
5
-7
-12
-13
1
-2
-8
-7
-11
-39
-39
-25
4
33
23
15
4
9
-3
11
53
39
19
27
0
-14
-29
-29
30
21
8
-33
-49
-17
1
13
5
6
-12
4
11
-16
-2
39
29
-5
-20
-2
42
51
3
-12
-2
-4
14
-3
-38
-31
9
42
11
-2
-24
-10
8
4
12
-24
-6
18
0
-28
-11
-18
-24
-10
-12
9
12
7
-9
18
31
36
32
12
13
11
0
-7
21
16
18
34
-17
-7
32
50
49
1
0
-27
-36
-16
-8
-9
-11
22
-4
-26
-34
-14
33
33
10
-1
-20
-23
2
11
-15
-30
0
-16
-11
0
-27
-12
20
3
-10
-2
-2
2
24
35
6
17
13
-3
33
34
12
0
5
9
8
22
-19
-27
-31
-2
29
-14
5
23
-1
-15
-10
-36
-11
11
0
45
17
-24
-13
6
-6
-26
-20
1
-1
9
15
11
18
29
22
0
3
-17
-48
-58
-59
-49
-26
-5
-24
-24
-2
10
3
-5
1
33
32
2
-3
-8
0
-6
-49
-44
-31
-30
-26
-56
-37
-31
-36
-6
23
76
86
91
123
67
18
-18
-18
22
9
-3
4
-7
31
41
-17
-28
-79
-87
-30
10
35
4
-12
0
-14
5
16
26
67
49
18
-7
-4
42
43
41
34
12
25
35
33
50
7
-37
-11
-9
-31
-22
37
63
46
29
2
-42
-37
9
40
44
-3
-7
-6
-19
-3
16
-10
-39
-46
-16
9
5
-3
-25
-41
-29
-27
-2
7
-31
7
4
1
21
5
13
9
-12
-4
-24
13
58
25
34
19
22
35
38
30
27
48
57
63
63
35
29
27
-19
-10
27
23
12
0
8
24
14
28
41
7
3
50
51
29
-6
-49
-61
-59
-25
-9
-28
-30
-56
-58
-50
-29
9
-19
-51
-47
-18
12
15
-15
-52
-66
-40
7
1
-31
-49
-29
-6
-5
1
38
29
9
-7
-51
-12
19
17
25
-5
-9
-21
-15
-14
-13
27
-14
-7
0
-32
-21
-8
-5
-16
4
-10
-34
-14
-8
-31
0
18
33
27
-9
0
-6
-7
9
63
47
-5
-56
-52
-44
-33
28
-3
-24
-36
-41
-5
23
-10
-27
-20
12
22
-54
-55
-40
-22
11
-1
-9
-32
6
51
19
-35
-77
-45
-5
-17
-6
-27
-23
29
68
-21
-82
-37
1
58
34
-10
-51
-11
16
-3
-18
-85
-70
-22
-45
-59
-44
-14
-26
-15
-24
-71
-96
-111
-111
-57
-42
-32
-3
-47
-73
-60
-52
-6
-8
-23
30
25
-14
1
21
3
46
16
-17
14
-6
-44
-10
42
37
43
7
19
32
-21
-54
-53
-39
-33
-68
-55
-20
-3
5
-13
-18
-12
27
30
9
-18
-63
-58
-31
-38
-32
10
4
-11
-21
-22
26
8
-17
-21
-73
-87
-85
-90
-32
41
35
3
89
125
145
132
54
74
68
61
42
42
52
45
54
55
44
54
85
111
92
92
72
21
30
55
82
101
98
87
71
43
35
53
39
42
76
64
46
16
-24
3
60
61
37
2
3
3
88
92
59
11
-38
18
12
16
11
43
78
50
20
47
88
80
46
42
26
-11
-23
-11
3
13
1
-6
10
12
12
-21
-12
18
39
48
42
32
11
16
14
4
-23
-15
3
22
5
-24
-66
-83
-85
-73
-74
-107
-38
-3
-10
-26
-37
-18
20
77
82
33
-30
-53
-31
-10
23
37
28
46
63
83
84
83
58
56
71
79
99
98
55
44
-10
-49
-28
-31
-30
-45
-44
-91
-87
-46
-77
-55
-28
-28
-20
-52
-63
-44
-27
-51
-86
-105
-61
-32
-59
-52
11
48
52
45
50
63
49
48
53
46
39
50
65
35
-1
-21
-27
-16
-32
-58
-78
-76
-98
-104
-106
-161
-152
-127
-126
-131
-141
-148
-120
-95
-120
-92
-50
-46
-19
-24
-50
-51
-56
-46
-8
-28
-73
-71
-41
-47
-40
-81
-113
-74
-57
-25
-48
-43
-41
-43
-78
-81
-61
-86
-59
-35
-16
-8
-11
-34
-6
17
20
-2
-14
-10
-6
48
93
74
26
18
-15
-13
-34
-49
-52
-37
-6
-24
-31
-44
-25
-48
-59
-34
0
3
-20
-22
-26
5
10
4
-7
-28
-6
25
21
0
-54
-84
-56
-18
27
19
-4
-28
-24
-26
-8
-57
-80
-61
-45
-11
-28
-35
-75
-51
-48
-48
-52
-97
-103
-66
-6
-37
-72
-62
-51
-30
-33
-55
-76
-89
-92
-45
-28
-53
-66
-54
4
11
43
84
96
87
99
89
77
66
71
86
80
59
66
41
28
49
12
-25
-46
-61
-36
-7
-7
-12
2
-10
-19
-13
-9
15
0
22
48
6
-36
1
43
56
58
53
83
79
58
66
58
55
36
28
54
69
98
69
35
13
-9
-11
1
15
43
33
23
40
29
49
55
32
65
107
87
87
108
127
144
143
125
89
32
62
89
66
96
56
8
36
79
91
106
97
63
72
61
90
88
52
15
-6
-56
-69
-35
-81
-100
-93
-84
-72
-53
-37
-23
-33
-17
3
-17
-36
-49
-78
-79
-69
-40
-14
-15
-64
-102
-65
-70
-74
-43
-16
20
33
31
21
19
19
-33
-24
-10
12
30
1
26
42
33
-2
-37
-42
-41
-20
14
-18
-63
-81
-83
-80
-105
-126
-164
-203
-220
-213
-181
-152
-131
-103
-101
-86
-62
-20
13
24
41
68
117
165
122
78
70
78
104
111
152
157
136
107
103
113
57
19
32
15
8
-1
-14
-26
-88
-145
-130
-60
-22
-43
-40
-44
-32
5
-62
-71
-61
-19
16
-1
47
88
125
109
115
120
111
115
97
73
52
84
96
123
111
92
111
97
109
107
101
67
20
-8
-13
-5
1
0
-11
-5
-25
-11
30
48
47
60
93
103
73
43
50
56
71
62
57
61
54
63
37
-4
-14
-27
-23
-34
-66
-73
-43
-29
-18
-45
-78
-70
-29
-26
-54
-72
-126
-134
-103
-116
-77
-9
24
52
78
94
102
96
66
64
34
7
16
15
-17
-16
-22
-12
33
48
105
98
48
6
-2
-6
-3
9
-31
-29
-6
34
38
22
21
9
35
34
55
52
50
84
46
13
21
14
19
8
6
7
-7
-11
-28
-35
-15
0
-47
-6
71
89
92
64
44
68
85
63
28
32
53
39
45
73
62
1
-56
-62
-45
-24
-35
-58
-35
18
39
10
-38
-21
8
12
13
-2
-15
-16
-22
-55
-33
-60
-72
-18
42
44
15
-27
-14
-1
64
56
44
18
4
42
-6
-25
-559
346
394
-54
-215
-426
337
372
-117
-382
69
253
-110
-350
-11
157
-206
-281
-32
44
-110
-207
-187
18
-118
-291
-149
15
-24
-159
-127
-14
-28
-175
-230
-133
-87
-207
-311
-182
-139
-215
-281
-218
-160
-198
-237
-186
-76
-76
-153
-219
-184
-141
-206
-296
-213
-115
-149
-222
-222
-169
-188
-160
-171
-184
-133
-180
-162
-129
-138
-177
-192
-156
-180
-247
-247
-236
-248
-249
-260
-277
-263
-203
-166
-161
-150
-198
-221
-187
-114
-110
-164
-139
-99
-58
-58
-62
-27
-3
-16
-18
-43
-31
-7
-7
11
29
16
15
-29
-70
-76
-52
-24
-8
2
-34
-46
-40
-16
38
45
64
33
-20
11
12
-2
33
67
52
42
49
64
50
69
80
62
24
15
69
81
48
5
28
56
40
23
111
64
-40
-43
44
82
8
-61
-33
130
50
-33
40
99
167
145
108
164
197
148
146
207
177
98
130
182
198
114
122
163
198
231
175
150
89
111
141
181
197
122
79
115
118
132
116
111
123
91
80
118
217
227
204
175
193
203
184
202
198
240
259
212
235
264
245
257
242
168
157
190
277
321
234
171
165
201
214
208
182
131
86
76
132
108
57
71
95
95
96
88
69
81
111
109
123
114
68
123
122
132
157
155
180
173
151
202
301
291
222
255
362
355
265
274
375
430
384
339
325
380
377
280
222
173
175
229
189
146
179
152
136
104
76
71
95
156
167
147
92
61
109
162
186
157
172
200
156
120
153
125
66
108
143
142
147
128
112
161
209
181
141
154
147
163
127
132
126
97
120
77
42
-14
12
-48
-72
-16
45
-2
-62
-65
-38
-37
-123
-147
-166
-74
-61
-88
-140
-183
-149
-150
-142
-126
-115
-124
-183
-261
-262
-270
-252
-189
-190
-227
-298
-339
-302
-278
-317
-325
-262
-247
-294
-313
-282
-269
-239
-222
-225
-248
-276
-255
-257
-248
-262
-241
-254
-232
-467
-118
249
-140
-182
-586
-736
-96
-89
-428
-280
-375
-515
-225
-295
-443
-407
-463
-366
-392
-507
-443
-481
-435
-413
-526
-426
-359
-485
-502
-424
-394
-221
-246
-386
-292
-161
-174
-169
-154
-165
-184
-236
-193
-98
-75
-189
-212
-113
-62
-128
-232
-268
-238
-215
-213
-186
-231
-224
-201
-183
-181
-172
-123
-103
-108
-155
-167
-138
-90
-71
-109
-89
-78
-69
-80
-89
-36
71
82
5
-15
2
91
131
153
150
136
137
103
99
130
65
70
142
90
65
83
115
108
9
-10
81
167
176
148
123
82
56
50
79
32
-72
5
91
91
69
20
45
55
64
98
51
26
45
72
48
86
115
109
120
96
108
114
85
80
64
31
90
88
74
125
112
66
31
-4
0
16
-38
41
120
-12
-34
2
38
67
15
12
54
1
6
51
60
88
142
98
64
79
10
21
110
99
30
41
18
56
116
81
72
87
125
101
54
80
68
123
139
69
26
12
65
97
116
117
110
116
53
-7
16
96
136
95
33
6
-37
-40
37
80
62
-30
-80
-2
56
2
18
41
2
23
21
18
36
10
9
29
98
102
99
43
45
100
77
61
61
113
169
108
75
122
166
190
141
80
135
167
174
217
180
96
80
64
111
185
185
152
126
200
181
87
91
126
126
125
112
124
159
195
225
240
235
211
199
188
203
235
224
203
208
219
225
230
216
191
170
127
106
145
139
108
123
128
162
140
116
195
210
244
260
243
212
169
144
120
133
148
154
58
49
79
71
103
58
19
23
71
106
72
68
114
103
16
32
70
53
12
-12
-43
-22
14
14
48
50
45
72
94
112
143
131
106
121
142
115
107
125
124
87
39
64
82
74
46
36
110
166
123
48
18
31
41
52
63
46
60
29
11
82
67
57
27
13
41
39
-11
27
105
45
-51
-33
16
90
101
78
55
18
54
24
-20
14
32
-4
-28
-7
-8
-11
-36
-83
-37
30
-45
-95
-97
-97
-21
-55
-113
-60
-56
-100
-118
-109
-99
-97
-89
-87
-114
-115
-122
-142
-115
-60
-71
-153
-147
-97
-94
-95
-94
-70
-71
-107
-100
-47
-14
19
59
55
29
36
63
88
134
132
101
64
27
27
43
54
93
121
82
49
53
58
44
54
32
43
16
-2
21
-4
-5
-33
-33
-49
-60
-36
8
1
-101
-120
-40
-31
-58
-62
-67
-97
-94
-149
-190
-144
-136
-137
-168
-217
-220
-183
-161
-164
-207
-207
-147
-150
-86
-24
-46
-45
-47
-64
-82
-33
-20
-26
-49
-52
-64
-76
-23
-36
-136
-145
-95
-44
-27
-81
-110
-127
-118
-110
-84
-71
-86
-76
-102
-125
-108
-107
-61
-35
-28
-6
-39
-48
-27
-27
-8
4
28
34
51
38
65
96
97
87
25
-35
-37
-19
-32
-65
-94
-92
-109
-129
-139
-167
-152
-174
-131
-65
-58
-63
-65
-74
-91
-122
-111
-90
-76
-34
-16
0
-35
-87
-115
-103
-49
-28
-42
-88
-130
-89
-91
-69
-16
-31
-37
9
83
85
36
-2
-38
-18
7
35
63
67
53
33
-12
-44
-14
-10
-11
4
61
54
-19
-67
-67
-94
-133
-140
-122
-80
-82
-144
-164
-155
-157
-126
-116
-78
-12
-18
-36
-28
-40
-38
-17
-36
-7
102
102
41
32
82
143
114
59
66
59
78
120
98
136
146
122
108
95
77
75
73
35
24
-11
-3
-32
-22
-5
-16
-8
-50
-66
-45
-64
-113
-100
-100
-129
-159
-170
-175
-161
-106
-71
-74
-65
-7
35
64
114
146
145
132
146
198
193
165
203
225
237
247
276
260
258
218
204
215
217
212
160
154
158
119
108
143
163
161
197
217
210
179
165
154
180
200
213
226
217
235
225
191
204
246
190
129
170
204
182
153
143
133
156
156
161
164
190
175
175
155
138
188
195
231
245
235
210
186
161
189
190
181
153
127
159
169
146
148
114
140
170
144
111
95
81
78
78
19
27
46
65
57
9
-28
-14
-1
7
19
27
-2
-33
17
46
14
-42
-49
-55
-40
-16
-17
-51
-85
-60
-23
-21
-75
-111
-117
-99
-105
-67
-54
-71
-69
-137
-146
-107
-45
7
-17
-73
-108
-125
-126
-96
-65
-12
-70
-126
-102
-118
-125
-150
-175
-188
-182
-203
-193
-169
-160
-155
-194
-219
-203
-225
-241
-220
-207
-221
-236
-188
-188
-195
-187
-186
-242
-254
-219
-194
-167
-246
-306
-333
-342
-295
-300
-322
-264
-203
-214
-200
-205
-213
-205
-209
-202
-193
-192
-214
-209
-154
-128
-152
-165
-131
-102
-119
-96
-95
-58
-57
-134
-157
-127
-14
37
-4
-91
-83
-53
-78
-82
-88
-93
-41
19
-13
-37
-50
-56
-61
-92
-115
-93
-72
-42
-55
-89
-47
-23
-48
-68
-92
-84
-73
-110
-149
-114
-91
-104
-111
-115
-66
-49
-98
-101
-77
-108
-95
-82
-112
-121
-134
-123
-95
-110
-114
-95
-91
-94
-107
-136
-161
-127
-128
-148
-140
-147
-125
-78
-90
-54
-6
-65
-67
-61
-77
-9
12
35
80
58
56
66
90
70
30
35
26
-18
-10
-17
-40
-18
20
19
-22
-66
-98
-130
-115
-101
-42
-1
-64
-103
-103
-113
-127
-99
-93
-79
-91
-101
-61
-95
-107
-107
-80
-71
-73
-88
-82
-10
12
-3
-12
4
-16
-70
-64
6
43
77
80
69
70
17
11
45
104
119
73
54
46
39
61
75
62
57
59
24
-4
-37
-51
-35
-63
-65
-52
-56
-48
-24
47
74
41
34
86
124
178
184
165
168
195
221
216
237
234
194
230
263
219
183
198
269
313
288
224
190
159
156
153
97
112
112
108
118
57
31
5
37
63
38
6
-52
-82
-66
-23
9
-23
-50
0
15
37
1
6
34
39
24
6
-6
-1
13
42
43
42
28
26
49
59
84
62
26
12
79
107
78
81
125
122
95
72
44
39
48
90
119
130
137
127
96
61
49
40
37
17
15
12
-28
-70
-73
-69
-58
-29
-24
-34
-45
-30
-35
25
65
47
39
3
9
29
8
0
61
85
93
141
187
218
188
139
143
179
185
159
145
154
170
194
159
105
79
108
74
38
-12
-75
-128
-153
-145
-175
-173
-209
-211
-182
-176
-206
-234
-223
-221
-230
-265
-259
-237
-207
-173
-159
-136
-148
-145
-129
-133
-140
-105
-102
-86
-86
-93
-58
-73
-117
-125
-105
-62
-22
-35
-70
-90
-28
7
-26
-91
-72
5
23
34
-3
-69
-60
-42
-84
-107
-82
-100
-65
-62
-100
-84
-83
-23
39
28
-9
-67
-81
-72
-107
-135
-152
-170
-154
-118
-72
-60
-50
-32
-49
-41
-35
-71
-86
-110
-86
-80
-39
-3
-40
-59
-49
-77
-108
-124
-181
-169
-99
-70
-57
-87
-84
-50
-46
-56
-121
-182
-186
-146
-161
-140
-45
-9
-51
-80
-113
-107
-59
-20
-33
-76
-72
-38
-61
-118
-110
-101
-92
-77
-88
-121
-142
-193
-201
-204
-226
-221
-195
-177
-159
-98
-92
-101
-110
-125
-136
-130
-69
-33
-44
-112
-168
-170
-147
-117
-104
-97
-105
-103
-99
-80
-89
-117
-130
-138
-147
-145
-125
-132
-95
-82
-107
-92
-111
-107
-73
-83
-98
-103
-112
-72
-74
-103
-120
-144
-78
-29
-37
-56
-50
-35
-38
-48
-29
8
9
-12
-45
0
21
20
38
25
9
-15
0
19
-25
-67
-53
-37
-26
-8
1
29
62
56
-1
27
113
95
130
-45
-11
22
326
398
270
127
-14
261
268
273
122
149
262
297
248
145
144
202
302
239
207
183
237
217
119
111
122
176
211
178
130
78
56
41
27
13
28
64
87
75
47
29
38
70
44
44
-5
-4
61
113
136
129
92
57
37
40
48
46
43
27
49
33
23
51
92
93
59
55
50
91
110
91
66
100
174
258
274
273
257
224
243
216
163
185
180
153
143
117
153
175
182
174
170
135
133
131
123
123
103
57
82
109
66
86
83
67
92
97
126
111
78
121
131
155
168
140
144
160
213
277
265
246
251
281
257
213
196
189
225
230
223
224
212
187
156
151
161
157
173
193
201
219
185
159
161
177
142
97
62
65
97
143
130
89
117
125
111
121
116
124
149
159
160
114
118
110
70
55
59
72
68
26
11
7
13
30
-12
-37
-74
-83
-42
-53
-69
-63
-123
-168
-155
-194
-189
-123
-128
-146
-181
-251
-305
-298
-266
-239
-188
-206
-172
-155
-154
-167
-207
-192
-140
-101
-98
-75
-99
-93
-70
-67
-103
-61
-38
-37
-31
-59
-50
-22
-6
-1
-37
-45
-51
-63
-22
-33
-83
-125
-136
-153
-172
-203
-228
-238
-234
-207
-156
-128
-106
-143
-223
-229
-222
-202
-185
-164
-146
-183
-190
-205
-193
-157
-129
-167
-211
-199
-185
-180
-202
-163
-149
-138
-172
-195
-177
-197
-173
-180
-161
-154
-153
-117
-98
-99
-136
-170
-154
-98
-97
-37
-6
23
39
-18
-34
-22
20
40
53
99
101
92
57
39
59
75
84
81
103
90
116
89
28
5
4
26
-9
-5
-26
5
50
10
-22
-81
-41
-36
-46
-16
-13
-46
-53
-32
-24
12
-5
-35
-32
-16
-52
-35
-32
-34
-12
-74
-47
23
-8
-58
-45
-78
-133
-143
-37
129
147
-19
-167
-180
-41
83
183
211
191
138
134
154
89
56
108
178
233
241
149
114
123
82
40
19
32
57
93
107
68
53
1
-15
71
128
130
102
77
91
76
27
66
89
109
135
161
164
158
128
110
127
174
192
195
272
336
334
302
298
271
272
284
315
312
278
245
278
271
218
197
194
210
229
242
218
224
213
166
147
137
124
145
166
146
112
125
73
46
65
62
91
130
131
95
111
92
86
127
118
78
85
145
174
211
228
238
226
173
164
201
189
126
95
88
68
31
-24
-32
3
22
31
43
32
-5
11
59
45
-26
-27
-6
20
1
-44
-106
-118
-72
-49
-19
-19
-3
71
86
40
40
12
-24
-4
27
49
39
-6
-29
-55
-60
-41
-51
-29
-43
-14
-53
-86
-79
-83
-34
32
19
-14
-13
-30
-5
-1
10
11
27
82
73
59
71
70
54
56
81
98
108
107
80
40
-4
-42
-46
-34
-36
-25
-26
-65
-115
-159
-139
-102
-113
-149
-135
-140
-161
-163
-188
-136
-98
-112
-121
-139
-171
-170
-126
-107
-113
-150
-155
-149
-128
-169
-174
-107
-50
-66
-93
-74
-101
-121
-152
-157
-116
-48
-89
-140
-194
-220
-200
-189
-154
-147
-144
-119
-108
-94
-61
-70
-59
-19
16
39
72
65
74
99
68
33
38
27
33
51
31
47
79
125
125
75
39
70
40
-13
50
51
11
-2
-43
-71
-60
-70
-77
-77
-123
-159
-141
-143
-160
-130
-120
-148
-126
-99
-74
-63
-83
-84
-99
-87
-84
-61
-99
-134
-127
-127
-102
-49
-19
-56
-41
-42
-29
-22
-29
0
7
3
-22
-3
41
15
8
-24
-73
-67
-79
-67
-29
23
87
81
53
62
88
123
125
99
62
94
108
129
130
83
109
137
135
74
67
91
87
85
23
9
27
1
-2
-15
3
14
-30
-29
22
28
38
61
62
29
26
-31
-63
-43
-45
-40
-49
-38
48
100
37
17
-34
-40
-35
-54
-22
-26
-22
11
11
63
30
29
-24
11
-28
66
-277
-90
98
60
509
131
198
3
-123
-48
-224
-93
-87
135
379
392
269
137
73
-107
-133
-44
18
140
198
234
305
243
140
116
95
130
101
74
76
62
97
102
88
101
92
58
59
-16
-46
-43
-80
-49
-38
8
31
-8
-58
-87
-109
-132
-122
-86
-52
-21
29
42
68
49
7
-24
-56
-52
-12
21
29
38
0
7
17
28
61
17
-37
-93
-98
-96
-90
-85
-88
-58
-68
-71
-85
-144
-177
-175
-134
-96
-107
-102
-100
-137
-164
-210
-233
-221
-169
-180
-199
-193
-219
-252
-271
-306
-268
-209
-213
-204
-182
-167
-142
-107
-98
-99
-107
-71
-52
-41
-36
-30
-33
-63
-73
-63
-65
-57
-61
-66
-93
-130
-122
-118
-129
-157
-129
-138
-129
-149
-183
-155
-148
-123
-160
-149
-105
-88
-47
-75
-65
-56
-108
-152
-134
-132
-109
-80
-105
-137
-160
-150
-132
-112
-114
-110
-94
-97
-135
-129
-115
-130
-91
-67
-80
-68
-72
-89
-78
-86
-77
-44
-24
36
69
91
58
30
38
85
164
178
189
186
165
164
212
274
287
262
216
211
247
246
247
251
264
300
312
253
241
250
260
261
242
227
183
180
196
194
193
162
125
108
143
158
116
96
117
128
140
177
188
188
193
169
165
164
148
187
219
253
302
315
266
264
283
326
358
299
279
306
318
270
226
211
197
179
145
155
199
187
140
104
79
109
106
107
81
23
-8
-48
-16
28
20
-4
-44
-46
-6
-17
16
15
-32
-29
-6
59
105
89
70
60
51
52
74
78
65
63
69
94
76
30
7
-8
26
10
-17
-32
-39
-54
-49
-46
-42
-80
-125
-87
-106
-107
-83
-55
-62
-46
-48
-53
-6
54
39
38
28
-35
-38
-66
-98
-120
-140
-136
-134
-151
-153
-140
-91
-58
-138
-180
-179
-184
-139
-117
-86
-78
-94
-84
-85
-101
-95
-89
-99
-83
-64
-111
-107
-114
-87
-46
-73
-52
-55
-95
-104
-82
-105
-123
-137
-111
-56
-58
-88
-88
-45
-4
-26
-76
-56
-21
-22
-14
-27
-4
-14
-71
-125
-125
-89
-106
-134
-163
-196
-180
-189
-214
-192
-181
-211
-240
-265
-274
-312
-370
-390
-395
-383
-371
-331
-316
-404
-390
-358
-391
-363
-384
-406
-349
-299
-293
-293
-291
-254
-215
-202
-170
-151
-175
-178
-174
-128
-109
-109
-92
-96
-79
-57
-38
-70
-92
-32
38
70
85
52
39
23
-15
-62
-73
-27
40
50
51
74
96
129
124
103
55
28
85
90
64
82
81
97
125
127
93
106
125
162
160
131
144
183
218
249
207
139
166
230
257
220
172
145
177
261
272
243
276
254
213
212
212
223
192
197
277
264
240
244
241
267
282
280
273
276
274
281
296
337
358
348
338
328
323
227
173
158
197
225
256
252
251
275
279
310
309
300
256
231
257
268
210
178
205
222
214
146
121
152
204
209
115
115
120
115
121
79
79
84
112
155
147
114
114
72
39
52
116
198
205
134
41
-19
-36
0
2
-11
-31
-72
-103
-102
-82
-88
-106
-141
-155
-166
-139
-80
-52
-26
-31
-55
-66
-66
-69
-65
-72
-81
-56
-52
-47
-37
-51
-63
-85
-105
-136
-118
-100
-102
-83
-79
-112
-88
-91
-102
-64
-68
-104
-184
-168
-131
-93
-111
-111
-83
-109
-106
-74
-75
-75
-64
-95
-108
-87
-49
-23
-8
-48
-102
-147
-150
-153
-152
-135
-124
-123
-129
-155
-179
-199
-236
-234
-202
-156
-130
-170
-149
-146
-145
-149
-156
-108
-64
-83
-124
-115
-143
-138
-103
-55
-14
15
6
-52
-96
-98
-68
-16
-50
-88
-88
-80
-16
20
-30
-52
-31
-69
-36
-5
-44
-23
4
10
38
40
49
102
141
102
106
114
121
146
133
114
93
55
86
116
107
70
79
90
57
10
-39
-21
10
2
-19
-42
-7
17
15
-23
-78
-40
-27
4
28
-9
-39
-85
-56
-28
-21
-31
-71
-60
-56
-56
-8
-30
-35
2
-9
26
41
63
70
88
91
72
53
18
9
-52
-88
-79
-90
-114
-94
-97
-98
-102
-113
-138
-189
-194
-186
-188
-179
-194
-164
-132
-130
-106
-107
-34
22
44
84
92
70
24
-5
7
25
18
27
28
-12
16
58
30
37
67
71
85
96
133
128
166
173
171
219
209
227
216
217
222
219
246
234
202
189
159
154
150
125
80
53
47
65
79
60
44
26
-9
-6
23
28
29
36
59
112
165
167
166
170
159
116
120
110
132
153
165
174
208
239
215
214
177
132
129
110
136
171
156
130
99
97
110
37
-40
-70
-54
-27
-44
-98
-115
-113
-80
-73
-123
-191
-214
-194
-158
-111
-127
-106
-57
-39
-37
-24
-44
-91
-120
-118
-117
-170
-172
-142
-96
-99
-149
-156
-116
-106
-139
-168
-239
-277
-240
-196
-138
-115
-122
-126
-94
-97
-95
-79
-95
-94
-97
-88
-84
-93
-76
-73
-68
-69
-99
-128
-122
-103
-88
-69
-72
-63
-63
-105
-155
-162
-121
-80
-79
-108
-170
-171
-138
-89
-95
-125
-109
-93
-33
7
8
-7
-11
6
59
75
96
109
115
126
104
60
34
40
37
-36
-71
-82
-55
-39
-10
33
34
56
35
17
19
30
29
42
11
-5
-5
-5
-6
-24
-65
-109
-112
-115
-97
-85
-77
-71
-80
-105
-140
-150
-124
-111
-161
-120
-65
7
16
-23
-35
-41
-64
-74
-76
-79
-76
-54
-24
-23
-5
-53
-111
-78
-41
-33
-42
-59
-51
-65
-63
-89
-125
-101
-66
-15
-15
15
76
64
38
44
-1
-35
19
37
17
11
39
51
91
168
178
151
124
127
176
188
179
150
107
58
47
47
58
122
131
132
134
100
87
95
91
104
104
22
45
76
52
77
108
109
132
131
113
94
101
108
129
126
148
164
158
137
115
138
156
148
126
127
120
100
72
80
109
134
122
67
67
65
54
79
44
8
22
54
92
145
131
41
27
21
73
133
135
142
107
100
65
80
85
37
11
-2
47
40
1
-4
29
5
-31
-16
-20
24
37
1
-17
1
28
63
7
-38
-38
-27
-11
-18
-13
-41
-66
-68
-88
-89
-102
-72
-20
24
58
37
34
-18
-55
-39
-45
-51
-74
-19
29
34
38
35
15
13
4
-15
-3
-44
-54
-46
-113
-146
-90
-67
-15
-8
-1
29
-13
-45
-95
-131
-120
-111
-125
-111
-37
18
17
-5
-27
-19
8
15
16
21
35
34
24
46
72
61
47
15
-1
39
59
89
92
75
62
57
38
-7
-22
-31
-6
-29
-80
-114
-114
-77
-93
-109
-119
-136
-138
-171
-214
-214
-202
-196
-234
-271
-232
-220
-215
-236
-273
-251
-213
-199
-198
-230
-228
-168
-151
-182
-181
-174
-161
-112
-31
13
54
57
32
13
-47
-32
-12
15
22
-19
-7
-5
31
55
49
42
38
36
-32
-25
-23
-34
-15
-59
-82
-86
-99
-90
-108
-124
-118
-140
-118
-94
-85
-64
-73
-84
-91
-104
-102
-109
-112
-128
-117
-82
-69
-55
-30
9
36
27
26
63
92
114
129
111
97
59
61
73
65
61
63
95
76
71
56
79
98
56
33
-6
-10
12
24
41
69
61
1
-35
-35
3
52
34
-43
-54
-22
-23
1
37
75
50
11
0
13
44
23
-3
-21
-21
0
37
-11
-25
16
-28
-31
-23
5
66
99
101
101
123
110
122
140
75
64
32
-5
86
93
68
76
12
-46
-62
-60
-48
-61
-54
-59
-89
-103
-90
-101
-121
-143
-160
-188
-162
-136
-106
-72
-100
-168
-166
-124
-110
-131
-160
-147
-128
-101
-98
-70
-83
-91
-47
-25
-12
-11
-16
-18
25
37
5
8
-14
25
56
59
49
59
72
43
6
-1
40
68
33
24
9
25
59
64
96
99
114
114
106
117
134
118
130
140
138
139
116
117
140
161
179
237
238
223
238
252
228
202
223
235
187
92
35
26
45
62
53
22
12
27
2
-43
-72
-109
-106
-86
-84
-50
-12
-11
-45
-83
-59
-17
44
70
54
71
76
61
32
5
-2
-8
39
22
2
23
53
81
83
75
3
-8
-2
-43
-17
-32
-47
-38
-19
11
6
12
25
-24
-81
-98
-124
-92
-84
-123
-74
-68
-58
-18
-20
-43
-96
-117
-89
-31
-7
22
0
-42
-23
6
23
-3
-32
-57
-43
6
47
57
25
14
23
9
0
-62
-95
-52
-65
-64
-66
-90
-95
-126
-111
-117
-120
-69
-40
-59
-69
-59
-66
-47
-26
-53
-60
-59
-68
-68
-52
-72
-104
-97
-70
-25
14
10
19
64
41
9
-8
0
17
4
-31
-64
-141
-166
-150
-155
-161
-170
-113
-98
-99
-82
-112
-92
-63
-51
-51
-49
-22
-43
-105
-91
-92
-71
-74
-120
-86
-75
-68
-43
-2
51
64
29
19
9
21
75
111
112
85
105
138
126
60
-7
-19
24
57
73
78
61
72
62
32
27
-27
-38
-28
-62
-69
-87
-140
-159
-145
-145
-122
-100
-94
-49
-10
-6
-41
-56
-38
-28
6
-5
-50
-58
-101
-131
-154
-170
-106
-83
-90
-78
-89
-99
-85
-59
-41
-70
-124
-108
-61
-23
-39
-76
-111
-61
-9
-69
-102
-123
-112
-145
-106
-77
-95
-62
-87
-127
-98
-55
-38
-25
-25
-10
7
-3
-1
40
70
77
42
36
62
68
41
46
33
76
116
111
157
223
254
217
207
235
260
281
264
274
266
208
187
167
234
271
246
204
153
143
144
135
107
75
28
-9
-5
38
74
78
32
-9
-17
15
81
78
126
97
30
12
23
84
147
157
118
110
115
176
215
232
218
189
169
165
195
197
148
182
180
143
163
169
226
251
214
178
170
188
205
227
253
245
221
204
197
205
241
196
114
68
52
56
11
-14
2
-2
0
-32
-86
-101
-75
-38
-22
4
38
21
9
1
-2
3
-35
-40
-15
15
29
2
-18
-16
13
31
5
-51
-26
4
5
9
9
4
-2
58
58
40
6
-26
-67
-102
-96
-93
-100
-119
-121
-155
-152
-159
-165
-141
-144
-157
-157
-123
-58
-34
-42
-40
-44
-20
14
20
53
25
-5
28
16
63
68
26
43
72
84
62
80
65
22
-16
-10
27
19
32
75
79
81
92
63
62
40
6
-9
-23
-54
-81
-79
-96
-62
-41
-33
-3
-38
-23
-25
-47
-70
-95
-79
-116
-163
-160
-127
-143
-150
-135
-125
-91
-97
-107
-114
-85
-55
-84
-147
-188
-153
-82
-65
-81
-90
-71
-104
-114
-118
-157
-131
-104
-123
-136
-142
-167
-160
-119
-145
-168
-183
-170
-124
-103
-132
-169
-180
-178
-176
-192
-178
-174
-124
-76
-50
-80
-87
-130
-146
-74
-45
-33
-50
-74
-59
-15
16
6
27
60
39
29
63
111
114
95
67
43
57
84
68
89
46
15
16
74
118
114
74
59
73
66
89
112
141
95
22
9
18
26
8
-11
-24
-66
-67
-66
-25
-7
-23
9
39
46
45
25
-56
-83
-75
-96
-113
-106
-132
-104
-41
-30
-35
-36
53
90
68
40
16
86
90
102
117
122
146
172
143
156
171
180
184
126
115
91
89
133
139
154
163
172
181
139
146
167
161
131
76
47
30
73
140
161
183
173
129
113
122
167
164
143
149
165
176
139
160
195
245
256
208
193
205
249
289
261
238
256
233
204
238
295
292
249
186
109
89
85
68
46
18
17
-4
20
36
62
39
26
16
26
-2
-2
-11
-26
-4
0
26
6
38
11
0
-7
1
-3
-39
-71
-78
-20
25
47
39
-1
-26
-27
-22
-18
-25
-37
-48
-30
-15
-30
-15
28
29
-4
-42
-92
-80
-51
-68
-91
-99
-99
-68
-45
-74
-91
-151
-176
-211
-196
-214
-245
-213
-203
-209
-187
-142
-157
-133
-135
-133
-111
-146
-129
-85
-75
-122
-144
-131
-124
-155
-161
-149
-193
-209
-190
-212
-202
-216
-239
-258
-230
-181
-169
-159
-136
-108
-139
-126
-126
-119
-113
-136
-132
-137
-162
-152
-128
-135
-118
-113
-168
-190
-193
-196
-195
-139
-116
-147
-138
-160
-175
-183
-165
-145
-127
-53
-45
-28
9
-3
11
-4
-9
26
59
75
72
55
94
96
69
45
-9
0
5
2
-6
0
-4
-46
-57
-49
-34
-21
-10
-16
-21
30
37
30
-14
-24
28
56
99
86
85
90
56
86
147
138
182
241
239
235
215
234
278
308
324
325
280
242
274
353
402
367
337
318
343
356
303
289
262
253
287
284
242
189
158
160
192
208
219
232
195
162
141
123
135
162
148
130
107
68
102
114
107
110
109
104
64
3
-40
-39
-33
-61
-94
-101
-146
-169
-185
-158
-106
-150
-196
-235
-247
-250
-302
-399
-510
-582
-571
-550
-570
-589
-639
-692
-713
-720
-778
-797
-796
-772
-737
-726
-709
-695
-636
-561
-491
-365
-286
-260
-161
-57
81
212
330
518
625
742
880
999
1162
1292
1385
1479
1489
1505
1500
1470
1456
1406
1401
1344
1209
1157
1075
920
789
623
433
319
235
134
-11
-155
-246
-312
-380
-410
-355
-326
-311
-264
-246
-229
-181
-101
23
54
92
208
312
366
451
469
487
504
537
570
526
526
497
428
377
305
237
183
83
-11
-109
-211
-290
-387
-471
-592
-676
-777
-904
-936
-937
-971
-1050
-1137
-1200
-1260
-1311
-1333
-1380
-1465
-1544
-1643
-1710
-1684
-1690
-1740
-1760
-1827
-1871
-1883
-1955
-1981
-2001
-1991
-2015
-2042
-2048
-2091
-2082
-2067
-1966
-1732
-1360
-970
-554
-169
193
553
844
1152
1492
1837
2130
2337
2455
2561
2612
2653
2639
2500
2345
2155
1998
1804
1555
1354
1159
939
651
378
129
-116
-326
-511
-749
-957
-1151
-1308
-1418
-1498
-1533
-1566
-1495
-1429
-1332
-1165
-996
-793
-554
-343
-144
97
353
641
845
1061
1209
1419
1560
1580
1750
1704
1723
1694
1614
1632
1493
1383
1333
1208
1126
1122
1066
1079
932
824
752
568
511
426
324
225
71
-43
-61
-189
-234
-247
-252
-241
-306
-299
-252
-226
-146
-85
-3
90
115
173
236
314
410
413
433
422
393
402
397
385
248
83
-83
-245
-393
-532
-674
-873
-1042
-1253
-1440
-1589
-1741
-1930
-2081
-2166
-2322
-2424
-2532
-2633
-2743
-2824
-2877
-2921
-2953
-2999
-2987
-2882
-2731
-2422
-1911
-1422
-825
-312
129
660
1131
1592
2054
2422
2785
3105
3224
3386
3457
3495
3521
3394
3208
2975
2731
2524
2238
1910
1607
1268
929
592
270
-11
-307
-562
-803
-1041
-1229
-1421
-1569
-1700
-1763
-1749
-1695
-1640
-1504
-1327
-1118
-829
-537
-295
-13
232
496
743
923
1187
1449
1755
1846
1954
1996
1930
2018
1932
1904
1855
1692
1580
1500
1387
1296
1158
943
795
584
540
456
323
215
68
-61
-185
-356
-481
-548
-604
-622
-710
-674
-692
-717
-694
-649
-549
-547
-511
-463
-430
-372
-317
-224
-151
-156
-170
-294
-387
-443
-516
-593
-675
-873
-1094
-1284
-1500
-1653
-1886
-2081
-2238
-2447
-2630
-2781
-2951
-3060
-3193
-3302
-3382
-3485
-3568
-3666
-3639
-3578
-3456
-3239
-2845
-2320
-1714
-1096
-419
287
850
1440
2023
2631
3108
3485
3850
4021
4133
4231
4274
4282
4145
3862
3606
3279
2848
2424
2047
1695
1323
865
373
-69
-496
-850
-1155
-1428
-1676
-1944
-2123
-2267
-2333
-2349
-2359
-2255
-2148
-1958
-1680
-1371
-996
-622
-248
161
587
1009
1393
1794
2202
2516
2755
2924
3046
3136
3136
3038
2908
2717
2540
2358
2135
1985
1799
1678
1558
1345
1139
853
644
486
241
19
-153
-317
-490
-678
-794
-901
-950
-974
-977
-982
-985
-953
-954
-937
-874
-755
-653
-591
-504
-444
-371
-347
-342
-357
-389
-373
-421
-515
-588
-694
-857
-1040
-1287
-1504
-1700
-1802
-1810
-2020
-2207
-2375
-2526
-2572
-2650
-2722
-2867
-3082
-3120
-3169
-3245
-3283
-3369
-3317
-3127
-2782
-2208
-1595
-922
-182
451
1058
1667
2280
2944
3433
3774
4188
4327
4388
4455
4422
4376
4075
3692
3412
3050
2564
2190
1725
1286
855
388
18
-324
-639
-902
-1126
-1351
-1592
-1829
-1949
-2018
-2020
-1996
-1961
-1871
-1697
-1435
-1122
-754
-392
-68
278
710
1171
1554
1882
2200
2471
2733
2923
2956
2969
2968
2824
2653
2431
2197
1958
1594
1311
1128
934
778
735
617
474
319
109
-27
-117
-178
-211
-329
-437
-424
-468
-441
-467
-476
-417
-390
-317
-369
-375
-317
-291
-311
-360
-369
-388
-391
-443
-584
-688
-822
-1039
-1197
-1301
-1399
-1558
-1740
-1926
-2037
-2244
-2448
-2526
-2673
-2752
-2875
-3023
-3084
-3145
-3152
-3173
-3208
-3250
-3390
-3413
-3474
-3459
-3420
-3507
-3336
-3035
-2429
-1643
-858
-22
823
1556
2257
2988
3681
4339
4745
5065
5326
5261
5128
5015
4817
4564
4042
3500
3005
2418
1836
1237
820
356
-201
-683
-1084
-1396
-1702
-1928
-2048
-2107
-2259
-2395
-2439
-2320
-2113
-1943
-1711
-1376
-1028
-664
-238
245
786
1306
1785
2203
2648
3074
3343
3526
3735
3914
3850
3662
3401
3114
2771
2323
1873
1430
959
502
127
-137
-308
-469
-504
-490
-562
-632
-670
-565
-449
-381
-309
-260
-178
-62
50
184
295
432
518
534
568
546
566
582
552
460
323
138
-44
-297
-524
-721
-913
-1080
-1321
-1537
-1733
-1890
-2069
-2303
-2493
-2674
-2932
-3107
-3167
-3152
-3205
-3304
-3404
-3471
-3552
-3693
-3730
-3775
-3867
-3933
-4023
-4087
-4089
-4162
-4147
-3905
-3335
-2552
-1669
-619
482
1524
2484
3311
4194
5041
5639
6140
6412
6432
6279
5943
5655
5329
4715
3961
3194
2537
1878
1149
621
158
-270
-741
-1267
-1586
-1810
-2067
-2314
-2438
-2422
-2494
-2628
-2607
-2401
-2135
-1950
-1681
-1264
-834
-336
175
753
1408
1985
2413
2781
3172
3441
3561
3616
3583
3400
3031
2560
2164
1770
1300
805
401
65
-256
-576
-789
-870
-856
-845
-613
-218
67
301
475
815
1035
1194
1258
1272
1388
1309
1233
1168
1012
806
527
230
40
-255
-533
-727
-956
-1124
-1443
-1770
-1982
-2184
-2357
-2446
-2477
-2414
-2381
-2331
-2241
-2131
-2021
-2005
-2012
-2040
-2155
-2248
-2346
-2433
-2511
-2714
-2964
-3153
-3330
-3505
-3646
-3891
-4012
-4302
-4488
-4652
-4691
-4368
-3832
-2862
-1672
-495
808
2057
3038
4092
5004
5970
6710
7009
7215
7175
6782
6183
5520
4829
4120
3030
2015
1144
250
-479
-1142
-1550
-1797
-2123
-2422
-2535
-2558
-2480
-2472
-2434
-2241
-2146
-1978
-1795
-1476
-1037
-656
-291
201
816
1409
1897
2331
2865
3326
3518
3522
3456
3348
3052
2594
2094
1738
1098
413
-141
-634
-770
-1154
-1399
-1334
-1146
-884
-761
-448
138
573
929
1459
1895
2374
2576
2739
3092
3059
2995
2805
2559
2343
1839
1340
1039
510
-2
-623
-1196
-1559
-2043
-2383
-2650
-2640
-2690
-2807
-2841
-2715
-2472
-2297
-2106
-1898
-1543
-1429
-1366
-1258
-1182
-1215
-1501
-1695
-1921
-2263
-2798
-3342
-3755
-4183
-4678
-5257
-5486
-5808
-5993
-6240
-6391
-6346
-6389
-6026
-5103
-3417
-1616
218
1983
3875
5506
6697
7927
9125
9828
9870
9524
8872
7987
6545
5158
3946
2594
938
-714
-1970
-2833
-3466
-3984
-4038
-4013
-3914
-3815
-3588
-3091
-2519
-1971
-1499
-1026
-615
-169
230
742
1452
2092
2535
2916
3297
3777
4094
4234
4356
4331
4026
3345
2586
1815
988
70
-866
-1614
-2249
-2715
-3027
-3006
-2669
-2162
-1469
-740
181
1032
1820
2602
3225
3700
3949
4168
4207
4150
3891
3432
3050
2456
1922
1272
654
130
-461
-1017
-1568
-2031
-2440
-2707
-2952
-3120
-3217
-3176
-2964
-2501
-2001
-1611
-1205
-694
-227
13
145
133
114
-95
-461
-915
-1390
-1916
-2568
-3071
-3655
-4250
-4804
-5478
-5982
-6403
-6782
-7093
-7390
-7630
-7635
-7665
-7529
-7098
-5901
-3898
-1421
1105
3574
6161
8195
9850
11003
12052
12756
12462
11291
9932
8271
6174
3912
1758
305
-1286
-3104
-4412
-4961
-4945
-4698
-4371
-3628
-2681
-2058
-1546
-1087
-397
224
453
573
798
1009
1107
1179
1462
2143
2655
2822
2917
3123
3170
2750
2049
1403
687
-366
-1576
-2588
-3270
-3745
-4077
-4026
-3467
-2601
-1583
-409
926
2438
3708
4736
5641
6248
6497
6247
5613
4843
3921
2923
1862
1039
515
120
-147
-448
-476
-574
-776
-1030
-1318
-1486
-1890
-2385
-2615
-2820
-2898
-2810
-2587
-2092
-1563
-1095
-636
-36
495
740
775
749
576
244
-226
-789
-1155
-1604
-2218
-2812
-3247
-3652
-4122
-4574
-4884
-5115
-5403
-5680
-6042
-6177
-6509
-6548
-6622
-6568
-6538
-6501
-6323
-5625
-3891
-1397
1485
4028
6563
8661
10193
10756
10987
11088
10529
8788
6441
4242
2156
-110
-2185
-3224
-3696
-4047
-4454
-4108
-3018
-1713
-643
428
1612
2365
2477
2126
1947
1881
1766
1329
882
806
930
1046
1156
1457
1942
2091
1654
1094
539
-126
-1123
-2167
-2911
-3520
-4040
-4307
-3937
-2912
-1631
-192
1430
3134
4734
5895
6653
7105
7185
6739
5786
4580
3343
2131
964
-11
-541
-722
-640
-199
422
1246
1737
1884
1917
1697
1226
491
-330
-1105
-1784
-2388
-2771
-2915
-2663
-2243
-1887
-1284
-717
-366
-143
-63
-131
-340
-791
-1304
-1650
-1989
-2261
-2594
-2797
-3062
-3352
-3764
-4122
-4468
-4644
-5019
-5477
-5591
-5781
-5629
-5804
-5736
-5540
-5488
-5532
-5785
-5685
-5458
-4661
-3024
-317
2823
5384
7739
9539
10824
10917
10366
9827
8680
6433
3644
1031
-1045
-2827
-4235
-4483
-3785
-3112
-2570
-1583
-72
1683
2938
3806
4326
4421
3960
2989
2100
1764
1765
1447
1083
909
1164
1403
1201
1145
1205
852
-196
-1601
-2693
-3371
-4122
-4680
-4635
-4020
-3020
-1844
-332
1699
3874
5559
6622
7181
7442
7275
6422
5234
4059
2891
1712
567
-106
-200
55
498
975
1631
2322
2670
2751
2729
2494
2008
1135
226
-349
-890
-1328
-1613
-1658
-1547
-1508
-1505
-1434
-1267
-1090
-1184
-1329
-1366
-1533
-1742
-1796
-1711
-1581
-1614
-1836
-1951
-1979
-2172
-2557
-2856
-3202
-3623
-4156
-4617
-4849
-5194
-5311
-5709
-5862
-5992
-6364
-6448
-6746
-6877
-6925
-7093
-7233
-6260
-3617
332
4007
7027
9742
11547
12123
11117
9779
8914
7094
3605
-52
-2723
-4475
-6015
-6570
-5401
-3273
-1575
-735
409
2242
3813
4555
4789
4764
4435
3429
2069
1378
1822
2700
3031
2924
2778
2842
2510
1446
400
-427
-1692
-3671
-5735
-6795
-6874
-6634
-5913
-4440
-2405
-340
1327
2965
4638
6038
6609
6387
5714
4641
3647
2523
1900
1786
1848
2041
2236
2583
3035
3393
3669
3849
3614
3089
2364
1562
1164
970
1006
1345
1498
1451
1280
1119
1005
618
-20
-835
-1718
-2625
-3383
-3843
-3668
-3171
-2813
-2410
-2053
-1763
-1569
-1554
-1797
-2097
-2552
-3191
-3974
-4310
-4435
-4525
-4605
-4728
-4719
-4787
-5051
-5391
-5521
-5663
-5948
-6277
-6578
-6784
-7131
-7420
-7253
-6682
-4004
-33
4647
8801
11410
13153
13801
12312
10127
8039
5891
2977
-1070
-4052
-5401
-6270
-6187
-4980
-2628
-69
1015
1607
2646
3410
3664
3488
2982
2752
2492
2147
2348
3315
4821
6101
6372
5936
5144
3800
1969
-346
-2424
-3979
-5529
-6915
-7266
-6532
-4974
-3101
-1293
567
2048
2843
3313
3283
3031
2702
2232
1742
1326
1313
1972
2956
3864
4769
5404
5715
5429
4608
3684
2816
1787
932
460
321
1153
2013
2987
4019
4507
4751
4319
3296
2266
927
-437
-1753
-3080
-3679
-4000
-3991
-3467
-2908
-2065
-1526
-1537
-1679
-2094
-2549
-2962
-3424
-3671
-3867
-3841
-3667
-3567
-3432
-3605
-3882
-4237
-5147
-5753
-6626
-7190
-7531
-7893
-7691
-7405
-7193
-7022
-6878
-6807
-6119
-4158
-37
4766
8827
11401
12530
12725
11194
8224
5864
4146
1610
-2132
-5127
-6234
-6339
-6205
-5147
-2664
-58
859
601
1177
2024
2316
2078
1904
2290
2813
3083
3441
4719
6572
7484
7036
5746
4338
2847
760
-1459
-3059
-3787
-4288
-4728
-4388
-2935
-1255
124
1087
1495
1496
968
219
-480
-790
-654
-356
321
1119
2262
3589
4629
5464
5693
5428
4666
3404
2032
825
269
319
591
1055
1878
2841
3858
4696
5095
5298
4888
4050
2758
1210
200
-330
-485
-464
-723
-824
-1041
-1781
-2390
-2891
-2950
-3000
-3573
-3848
-3698
-3301
-2807
-2465
-1855
-1475
-1856
-2748
-3941
-4837
-5552
-6312
-6886
-7586
-7978
-8209
-8460
-7828
-7575
-6758
-6703
-7285
-7528
-7983
-7586
-4592
392
6277
10841
12854
14187
14018
11219
7948
5198
3089
-92
-5066
-8075
-8316
-7999
-6968
-5041
-2204
700
806
-45
338
1223
1598
1387
882
1477
2798
3452
4546
6216
8191
9030
7250
4846
3080
1141
-869
-2920
-3846
-3246
-2936
-2584
-1217
712
2473
3221
2805
2071
893
-652
-1775
-2398
-2003
-1020
-106
1004
2253
3606
4648
5067
4550
3697
2435
455
-894
-1550
-1329
-198
1069
3094
4936
6052
6695
6576
5983
5108
3572
2204
1444
962
730
1014
1894
2823
3278
2978
2376
1456
137
-1553
-2954
-3421
-3519
-3448
-3143
-2502
-1537
-971
-1009
-1295
-1772
-2662
-4207
-5873
-7057
-7640
-8084
-8264
-8218
-7852
-7274
-7317
-7072
-7159
-7200
-7535
-8483
-9076
-9183
-8546
-5092
602
6942
12415
14837
15483
14780
11164
6811
3243
520
-1954
-5671
-8103
-7339
-5983
-4332
-2213
-112
1827
1256
-1146
-2226
-2224
-2123
-1591
-974
612
3108
4762
6224
7514
8351
8333
6108
3012
692
-1052
-2273
-3054
-3089
-1567
16
852
1814
2623
2829
2262
505
-1444
-2851
-3592
-3264
-2161
-210
2320
4377
5702
6173
6067
5489
4132
2109
108
-1369
-2546
-2790
-2008
-393
1808
3784
5317
5949
5655
4592
3272
1955
794
137
-80
395
1200
1814
2602
3462
3814
3365
1978
628
-493
-1784
-2783
-3017
-2135
-891
-190
329
815
867
240
-1139
-2453
-3461
-4657
-5742
-6655
-6907
-6451
-6451
-5920
-5798
-6012
-5940
-7484
-8120
-8854
-9499
-9297
-10261
-10317
-9930
-9171
-5005
1229
7983
13721
15386
14679
12797
8028
3190
351
-1485
-2429
-4669
-6263
-4704
-3320
-2185
-883
-181
301
-1498
-4656
-5584
-4805
-3409
-1160
786
2953
5781
6850
6989
6829
5860
4709
1965
-1011
-2157
-2119
-1384
-465
504
2300
3478
2981
2183
981
-395
-1703
-3548
-4712
-4490
-3163
-853
1460
3875
6415
7590
7194
5812
3996
2634
1166
-513
-875
-830
-227
777
1591
3070
4335
4721
4604
3578
2590
1922
1114
1129
1606
2217
3069
3500
3560
3456
2850
2207
1398
215
-778
-1498
-1698
-1513
-1343
-789
-143
285
402
13
-253
-559
-1038
-1738
-2391
-2540
-3046
-3657
-4423
-5103
-5229
-5459
-5791
-6194
-6532
-7128
-7334
-7986
-7812
-7511
-7421
-7192
-8249
-8014
-7959
-5283
236
5588
11393
13195
12755
11372
7145
3551
923
-445
-1100
-2904
-3839
-2846
-1713
-1209
-232
143
56
-1554
-4482
-5029
-4578
-3339
-1098
774
2957
4895
5677
5676
5126
4243
3151
1484
-352
-771
-259
653
1747
2265
3203
3459
2507
1299
-277
-1722
-2712
-3636
-4069
-3322
-1707
672
2755
4259
5884
6335
5668
4114
2348
1258
771
417
598
1421
1735
2350
2462
2141
2522
2603
2336
1845
1196
1604
2033
2489
3439
4225
4922
4708
3498
2381
1488
740
73
-681
-1045
-1073
-1329
-1541
-1822
-1521
-1215
-1332
-1207
-1094
-569
-216
-382
-409
-648
-1204
-2120
-3282
-4304
-5292
-6057
-6616
-6560
-6376
-6303
-6129
-6822
-7017
-7428
-8270
-8388
-8739
-9213
-9046
-9406
-7809
-2931
3089
9358
13202
13719
12393
8750
3425
-244
-2094
-2342
-2389
-3198
-2128
-233
283
608
320
-574
-2077
-5302
-7347
-6655
-4862
-2037
1272
3977
6360
7190
6137
4799
2803
870
-711
-2139
-2090
-820
887
2814
4029
4446
4204
2677
462
-1787
-3959
-5129
-5185
-4555
-3002
-819
1723
4041
5245
5621
5253
3973
2278
726
-196
-184
310
1572
2967
3598
4028
3457
2620
1704
899
1027
1065
1513
2213
3256
4848
5962
6562
6447
5744
4444
2767
1332
773
946
876
459
-20
-595
-1358
-2413
-3046
-3023
-2564
-2061
-1310
-351
597
1119
551
-206
-1454
-2949
-4230
-5168
-5367
-4940
-4451
-3867
-3686
-4023
-4627
-6086
-6917
-8037
-8847
-9158
-9325
-8715
-8584
-8031
-7280
-6654
-2080
2665
8091
12701
12437
11670
8590
3923
1014
-525
-311
596
52
163
797
-272
-1323
-2800
-4271
-4758
-6648
-7083
-4580
-1881
1391
4388
6034
6805
5538
2333
-27
-1686
-2810
-2289
-1231
1091
3608
4872
5839
5559
4043
2149
-966
-3810
-5253
-5954
-5175
-3287
-1000
2009
4099
4926
5146
4397
3215
1731
384
244
621
1183
2396
3558
4915
5840
4963
4115
2208
343
-355
-923
367
2147
4013
5570
6062
6322
6048
5314
4535
3619
3012
2658
2079
1809
1768
1386
521
-549
-1852
-2888
-3585
-3618
-2939
-1803
-497
142
397
-74
-1005
-1873
-2510
-3105
-3601
-3633
-3612
-3342
-3103
-3107
-3424
-3940
-5141
-6192
-6776
-7324
-7305
-7661
-7824
-7958
-8148
-8575
-9062
-8806
-8336
-4512
940
6743
12358
13398
12674
10107
5374
2075
116
-283
455
-280
-768
-93
-1009
-2125
-2774
-3764
-3678
-4703
-5137
-2744
-361
1826
3672
4117
3995
2367
-637
-2016
-1991
-1168
683
2184
4023
5702
5391
4245
2461
242
-1668
-4131
-5693
-5240
-3844
-1723
409
2075
3476
3487
2189
941
-141
-450
-65
630
2232
3821
4964
5683
5411
4645
3891
2593
1139
505
-26
650
1871
2802
4444
5272
5445
4999
3887
3381
2977
2765
3344
3965
4467
4580
3662
2696
1463
-234
-1839
-3317
-4146
-4087
-3486
-2137
-568
620
1116
443
-532
-1821
-2964
-3510
-3641
-3348
-2885
-2442
-2052
-1839
-1684
-1862
-2978
-3964
-5144
-6127
-6505
-7066
-7528
-7505
-8064
-8452
-8040
-8004
-7291
-7251
-6915
-6178
-2772
2877
8454
13036
13132
11144
7494
2638
-984
-2603
-1618
-122
-43
-48
475
18
-1091
-2177
-2881
-2985
-4053
-4639
-2870
-546
1544
2775
2937
2821
2143
1193
1182
2209
3637
4522
4414
3969
3215
1888
163
-1656
-2674
-3031
-3342
-2842
-1159
595
1575
1622
1256
791
-382
-1446
-1379
45
1988
3591
4906
5973
5965
4923
3381
1862
690
445
914
1414
3210
3780
4465
5334
4566
4135
2828
1753
1673
1687
3125
4639
5747
6593
6039
4681
2959
902
-509
-1469
-2110
-2594
-2573
-1852
-1014
-11
219
-180
-807
-2022
-3099
-3669
-3384
-2819
-2235
-1821
-1472
-1129
-1237
-1517
-2049
-2711
-3698
-5158
-5867
-6296
-6266
-5915
-6575
-6675
-7570
-7948
-7501
-7459
-6092
-6003
-6009
-6136
-6055
-4093
-164
5105
9684
11883
10104
6316
2329
-1367
-3122
-2956
-1043
1222
1946
2421
2525
1331
-692
-3014
-4775
-6176
-7067
-6178
-2877
882
3920
6100
6743
6033
3874
1372
383
240
573
1213
1986
3048
3267
2479
1319
13
-1265
-2719
-3795
-3530
-2187
-853
63
946
1902
2368
1859
1494
1984
2812
3233
3294
3506
3748
3347
2739
2591
2896
2970
3150
3683
3846
4415
3386
2340
2064
1019
926
1099
2130
3993
4970
6051
6069
4905
3475
1521
55
-694
-1126
-1117
-520
55
659
1254
1094
554
-801
-2620
-3859
-4603
-4279
-3366
-2233
-1197
-897
-703
-929
-1452
-2136
-2883
-3509
-4045
-4499
-4724
-4781
-4811
-5152
-5431
-6049
-6661
-6893
-7154
-6464
-6150
-5353
-4677
-4711
-4768
-5242
-5123
-4438
-2411
1220
5143
7440
6973
4583
2200
170
-1429
-1280
382
2586
3564
3337
2723
1158
-1679
-4280
-5496
-5524
-4578
-2617
693
4040
5826
5992
5145
3263
632
-1492
-1937
-295
1819
3615
4928
5161
4189
1774
-1099
-2850
-3720
-4020
-3386
-1527
1210
3121
3484
3076
2559
1636
127
-773
-91
1585
2998
4057
5106
5830
5372
3662
2092
1275
945
691
1320
2624
3484
3974
3328
3332
3448
2867
2717
2537
3055
3207
2778
2620
1990
1249
329
-273
-139
311
1047
1692
2058
1657
668
-923
-2206
-3051
-3632
-3167
-2278
-1010
4
326
371
-327
-1513
-2632
-3576
-3875
-4004
-3867
-3299
-3195
-3472
-4224
-5011
-5210
-5669
-5478
-5005
-4945
-4665
-5279
-5780
-5939
-6501
-6294
-6202
-6074
-5361
-5548
-5509
-5194
-3320
-92
3353
5432
5157
3669
1714
-78
-1142
-814
873
2728
3377
3548
3117
2016
99
-1460
-1498
-600
550
2166
3780
4406
3837
2516
1394
-18
-1732
-2493
-1879
-573
794
2229
3423
3430
2041
364
-807
-1383
-1224
-180
1521
3177
4151
4217
3676
2655
1584
579
-27
387
1307
2211
2607
2738
2761
2457
1679
944
783
1083
1691
2598
4139
5705
6112
5267
3417
1378
321
-718
-197
1417
3023
4645
4726
4261
3424
1691
240
-1037
-2014
-2192
-2154
-1390
-230
495
910
711
64
-753
-1285
-1340
-944
-520
-410
-772
-1532
-2560
-3346
-3593
-3247
-2666
-2288
-1950
-1964
-2278
-2649
-3101
-3348
-3725
-4656
-4974
-5058
-5065
-5167
-5562
-5530
-5472
-6087
-6291
-6250
-5586
-5305
-5456
-5336
-5142
-4999
-4378
-3036
-601
1834
2265
1366
-231
-822
-654
-30
1733
4427
6647
7528
7098
6230
4884
3015
1748
1255
1490
1603
1907
2317
2460
1828
596
-375
-1204
-1943
-2113
-1642
-502
794
1594
2100
2105
1726
1198
724
508
695
952
1423
1921
2486
2814
2589
2097
1583
978
609
489
969
1986
3038
3927
4023
3423
2388
1157
259
-270
-264
196
825
1477
1947
2577
3268
3277
3038
2601
1744
844
-209
-885
-737
-128
498
1036
1372
1611
1271
481
-172
-356
-345
-356
-173
46
289
69
-497
-924
-1210
-1257
-1314
-1519
-1560
-1602
-1625
-1565
-1170
-610
-235
-453
-1300
-2328
-3083
-3542
-3693
-3339
-2963
-3092
-3630
-4187
-4561
-4717
-4859
-4924
-4852
-5003
-5321
-5638
-5679
-5592
-5603
-5802
-5742
-5377
-4976
-4365
-3677
-2716
-1678
-929
-374
-52
-267
-207
-119
-82
706
1833
2758
3055
3110
3479
3859
4137
4480
4691
4808
4522
4467
4974
5714
6277
6350
6180
5622
4579
3530
2620
1972
1682
1645
1895
2129
2101
1839
1426
859
369
-39
-322
-485
-597
-367
91
530
568
65
-454
-878
-1077
-1037
-660
122
1119
2110
2826
3157
2994
2507
1892
1280
909
818
1116
1651
1901
1956
2238
2101
1532
877
294
106
45
190
658
1333
1758
1731
1346
716
137
-305
-977
-1261
-1082
-726
-329
-299
-106
98
-87
-694
-1679
-2378
-2816
-3258
-3272
-2716
-2035
-1858
-2246
-2636
-2919
-3424
-4051
-4459
-4556
-4709
-4995
-5127
-4891
-4407
-4113
-3790
-3613
-3516
-3300
-3175
-3008
-2804
-2769
-2637
-2622
-2585
-2250
-2018
-2025
-2135
-2106
-2062
-2004
-2091
-2022
-1779
-1587
-1021
-338
661
1893
2911
3396
3674
3994
4357
4372
4094
4166
4545
4767
4816
5289
5722
5745
5125
4270
3775
3392
2883
2797
3005
3212
3135
2755
2368
1959
1443
868
121
-446
-591
-710
-773
-816
-951
-1103
-1281
-1251
-550
507
1380
1907
1895
1589
1075
342
-20
36
180
501
671
892
1306
1451
1601
1494
1091
645
82
-220
17
433
844
1164
1370
1123
431
-96
-195
-151
-134
-112
109
295
280
233
172
205
-260
-928
-1394
-1545
-1525
-1561
-1537
-1374
-1406
-1954
-2768
-3564
-4222
-4574
-4701
-4471
-4145
-3971
-3997
-4110
-3966
-3692
-3431
-3210
-3070
-3003
-2856
-2491
-1908
-1090
-491
-473
-771
-1288
-1844
-2286
-2543
-2365
-1999
-1763
-1607
-1541
-1601
-1730
-1833
-1818
-1321
-650
-67
125
160
447
673
743
807
1269
1802
1932
2090
2341
2450
2407
2420
2981
3926
4659
5319
6017
6377
6246
5795
5454
5167
4507
3660
3016
2534
2388
2594
2967
3201
2805
1910
707
-477
-1242
-1360
-939
-280
447
856
811
334
-358
-1001
-1403
-1535
-1309
-879
-316
344
876
1346
1549
1294
634
-165
-636
-854
-904
-705
-287
139
254
155
242
673
824
748
666
568
451
428
654
1126
1536
1679
1617
1285
920
643
315
-149
-440
-863
-1360
-1820
-2263
-2288
-2447
-2738
-2897
-3080
-3101
-3132
-3155
-2999
-2808
-2796
-2884
-2718
-2200
-1464
-879
-462
-148
-262
-617
-1142
-1477
-1376
-1181
-958
-721
-751
-930
-1139
-1265
-1121
-837
-571
-225
155
401
546
559
352
-105
-649
-1341
-1944
-2395
-2516
-2253
-1862
-1450
-1164
-1085
-1063
-867
-269
658
1392
1901
2293
2453
2617
2888
3167
3714
4092
4484
4792
5087
5391
5352
4966
4184
3286
2520
2017
1919
1984
2198
2422
2421
2206
1579
788
121
-436
-766
-750
-613
-299
-12
120
158
-48
-636
-1310
-1873
-2128
-2153
-1832
-1264
-757
-473
-574
-854
-1332
-1809
-2141
-2183
-1908
-1444
-828
-238
282
739
1007
975
893
736
287
-124
-382
-227
55
388
561
532
226
-399
-917
-1231
-1228
-1163
-1236
-1344
-1430
-1494
-1387
-1130
-759
-323
-82
-15
110
130
125
-18
-468
-832
-1034
-1121
-1015
-949
-905
-1033
-1245
-1376
-1541
-1552
-1299
-999
-476
182
809
1297
1315
1043
679
267
-81
-352
-459
-518
-715
-1057
-1457
-1565
-1509
-1505
-1711
-1994
-2184
-2491
-2760
-2885
-2933
-2712
-2226
-1441
-498
96
344
405
245
387
690
1253
1736
2154
2680
3071
3307
3455
3583
3703
3711
3771
4104
4469
4690
4481
4071
3649
3127
2453
1880
1467
1169
883
731
749
710
507
27
-513
-971
-1326
-1437
-1399
-1128
-892
-929
-1168
-1531
-1917
-2294
-2628
-2699
-2323
-1746
-1117
-567
-230
-226
-541
-957
-1275
-1338
-1160
-779
-218
123
252
132
-248
-596
-1057
-1327
-1182
-760
-217
282
879
1348
1477
1455
1423
1408
1476
1552
1645
1616
1500
1255
1031
827
714
758
586
353
108
71
277
450
590
815
921
809
602
531
560
467
276
212
370
533
516
438
376
243
55
-53
-43
35
6
-197
-386
-609
-845
-1121
-1405
-1698
-1884
-1881
-1839
-1831
-1837
-1806
-1872
-2142
-2364
-2421
-2391
-2437
-2508
-2445
-2480
-2632
-2687
-2259
-1517
-835
-428
-192
85
225
403
774
1356
1877
2089
2001
1895
1758
1496
1412
1739
2160
2662
3125
3373
3509
3146
2540
2124
1772
1359
836
344
86
-49
-99
-81
-60
-299
-918
-1636
-2226
-2495
-2718
-2864
-2833
-2783
-2605
-2389
-2174
-1830
-1537
-1464
-1654
-1991
-2161
-2143
-1915
-1361
-596
-21
210
213
273
574
933
1213
1414
1403
1254
1136
1190
1516
1808
1991
1949
1828
1902
2233
2688
3095
3249
2996
2442
1690
1199
1054
940
1003
1088
1058
1111
843
472
200
-194
-402
-488
-424
-77
277
630
896
900
736
342
-174
-674
-1068
-1184
-1263
-1343
-1296
-921
-376
-28
242
330
180
-253
-906
-1281
-1411
-1441
-1410
-1400
-1201
-1082
-1036
-987
-909
-657
-486
-563
-829
-1251
-1796
-2318
-2597
-2760
-2666
-2546
-2645
-2766
-3034
-3206
-3046
-2849
-2529
-2210
-2033
-1820
-1460
-870
-134
607
1124
1502
1579
1518
1499
1551
1623
1769
1713
1653
1556
1320
1215
843
568
355
119
155
316
466
630
475
224
-64
-379
-518
-485
-401
-309
-158
-39
9
-173
-478
-780
-1171
-1516
-1733
-1771
-1449
-952
-415
331
1023
1425
1605
1592
1567
1477
1315
1341
1599
1935
2354
2792
3007
2864
2515
2135
1717
1379
1078
966
1035
1258
1766
2302
2732
2918
2786
2459
2001
1565
1340
1239
1029
703
345
61
70
372
826
1179
1145
778
214
-360
-869
-1243
-1381
-1362
-1387
-1405
-1300
-995
-553
-106
286
534
446
14
-402
-569
-500
-210
145
434
398
85
-233
-518
-808
-1199
-1745
-2480
-3227
-3803
-3961
-3762
-3426
-2978
-2606
-2410
-2444
-2605
-2691
-2773
-2813
-2880
-2892
-2982
-3057
-2960
-2906
-2754
-2829
-2833
-2777
-2990
-2993
-2819
-2348
-1589
-929
-77
494
736
831
912
1209
1484
1891
2432
2904
3306
3321
3141
2872
2332
1849
1459
1440
1770
1954
2202
2475
2648
2604
2113
1462
869
300
-121
-160
208
739
1142
1335
1303
1090
556
-15
-449
-563
-302
197
948
1627
1960
2081
2071
1907
1676
1419
1159
1015
964
1011
1253
1550
1697
1760
1717
1875
2222
2403
2489
2368
1867
1106
335
-248
-468
-508
-339
30
377
540
585
464
78
-414
-975
-1331
-1533
-1509
-1131
-577
-16
347
529
398
18
-570
-1232
-1628
-1820
-1843
-1652
-1346
-1014
-815
-833
-943
-1250
-1515
-1605
-1512
-1078
-697
-378
-158
-264
-508
-858
-1377
-1831
-2182
-2461
-2618
-2671
-2707
-2789
-2958
-3200
-3336
-3401
-3282
-3055
-2893
-2763
-2907
-3130
-3276
-3382
-3346
-3219
-3184
-3264
-3340
-3202
-2979
-2650
-2150
-1722
-1284
-910
-398
256
763
1291
1892
2331
2556
2713
2797
2753
2670
2689
2746
2873
2872
2915
2912
2628
2473
2364
2555
2857
2986
3172
3222
3099
2842
2470
2009
1431
905
536
307
273
450
828
1210
1509
1742
1704
1563
1378
1217
1144
945
758
655
475
298
262
404
657
817
1027
1204
1122
998
857
799
796
727
823
952
1136
1294
1465
1556
1453
1237
902
576
116
-489
-807
-857
-774
-516
-408
-367
-574
-1042
-1435
-1670
-1663
-1497
-1275
-1041
-734
-430
-308
-286
-388
-586
-894
-1260
-1406
-1269
-1026
-762
-539
-376
-297
-445
-515
-453
-223
101
390
672
731
585
173
-238
-673
-1067
-1203
-1316
-1350
-1400
-1550
-1690
-1905
-2179
-2293
-2248
-2176
-2170
-2110
-1961
-1818
-1783
-1855
-1927
-2027
-2294
-2674
-2863
-2900
-2817
-2506
-2140
-1678
-1189
-663
-169
142
454
685
792
927
1129
1521
1797
1879
2108
2415
2716
3173
3632
4057
4438
4622
4640
4426
4027
3556
3245
2965
2686
2481
2195
1982
1711
1281
1013
795
583
425
322
368
416
356
354
367
318
251
174
183
253
274
122
5
-115
-248
-336
-389
-263
-128
-93
0
75
142
52
-156
-302
-300
-167
44
262
518
658
556
380
224
37
-161
-370
-562
-595
-589
-626
-784
-985
-1175
-1346
-1482
-1485
-1382
-1288
-1195
-1160
-1086
-838
-623
-648
-828
-1081
-1244
-1285
-1193
-804
-205
319
551
509
377
165
-86
-213
-147
-38
91
120
169
306
404
279
-106
-678
-1335
-1870
-2245
-2219
-1852
-1403
-1046
-806
-795
-1007
-1418
-1982
-2469
-2936
-3281
-3431
-3274
-2840
-2294
-1825
-1536
-1394
-1424
-1540
-1539
-1290
-995
-633
-105
343
600
710
781
842
737
637
695
823
1020
1270
1563
1778
1979
2131
2242
2408
2484
2574
2641
2649
2769
2801
2558
2221
1819
1567
1346
1092
941
819
757
545
310
208
55
-66
-252
-354
-272
-250
-100
133
332
417
356
313
310
360
481
624
709
906
1128
1338
1517
1541
1462
1234
897
667
556
649
884
1059
1229
1269
1092
801
464
90
-152
-263
-277
-298
-356
-331
-330
-420
-519
-598
-656
-764
-951
-1015
-915
-761
-598
-487
-380
-266
-227
-295
-347
-351
-367
-274
-9
420
888
1308
1663
1887
1834
1583
1142
605
223
-1
-29
34
147
297
308
145
-84
-300
-520
-705
-887
-1033
-1041
-1023
-1026
-965
-1015
-1188
-1504
-1945
-2331
-2629
-2791
-2793
-2595
-2287
-1984
-1741
-1697
-1721
-1712
-1737
-1743
-1669
-1446
-1161
-923
-600
-340
-293
-277
-276
-156
51
228
544
814
990
1148
1243
1432
1585
1636
1645
1586
1458
1256
1174
1164
1101
1078
907
742
686
610
705
809
865
1029
1082
957
807
614
393
230
238
507
824
1028
1179
1296
1276
1201
1058
931
800
622
506
632
923
1202
1461
1568
1550
1440
1254
1107
1014
880
782
652
615
652
525
251
-96
-400
-724
-957
-991
-891
-676
-503
-394
-318
-407
-610
-857
-1064
-1087
-1018
-902
-713
-534
-530
-600
-594
-589
-626
-614
-507
-307
-168
89
479
682
678
560
462
308
193
174
153
99
55
-25
-84
-88
-174
-311
-445
-623
-811
-903
-968
-1134
-1446
-1796
-2037
-2184
-2390
-2611
-2764
-2897
-3005
-3117
-3146
-3090
-3001
-2928
-2871
-2701
-2465
-2222
-2043
-1972
-1804
-1606
-1534
-1430
-1408
-1285
-1173
-1056
-858
-715
-509
-431
-332
-189
-38
153
266
341
422
503
614
812
1074
1428
1701
1911
2140
2249
2276
2099
1945
1778
1560
1375
1335
1390
1498
1587
1639
1759
1851
1843
1769
1635
1564
1537
1568
1615
1678
1721
1664
1566
1321
1111
994
1026
1224
1440
1729
1848
1835
1782
1647
1599
1396
1215
1183
1147
1203
1202
1196
1164
922
541
131
-227
-453
-491
-394
-273
-224
-257
-393
-588
-750
-877
-985
-1115
-1232
-1216
-1059
-738
-401
-107
138
201
103
-147
-316
-319
-263
-40
263
604
795
711
495
192
-178
-509
-700
-818
-839
-776
-722
-558
-528
-656
-771
-969
-1136
-1153
-1081
-908
-820
-919
-1060
-1220
-1397
-1524
-1604
-1637
-1658
-1761
-1839
-1842
-1824
-1869
-1977
-2201
-2476
-2730
-2785
-2558
-2179
-1704
-1179
-741
-441
-317
-218
-183
-246
-264
-248
-110
110
420
688
891
1010
1040
1024
1032
1061
1166
1237
1360
1584
1766
1889
1928
1870
1857
1830
1761
1642
1461
1286
1123
1124
1207
1340
1382
1310
1180
1033
976
975
972
986
1020
1060
1079
1216
1316
1241
1248
1284
1324
1331
1301
1329
1313
1225
1113
996
874
787
692
550
442
362
175
41
-124
-208
-227
-350
-456
-653
-871
-1007
-1104
-1131
-1145
-1152
-1170
-1234
-1260
-1371
-1460
-1526
-1570
-1593
-1679
-1676
-1706
-1744
-1586
-1350
-1099
-922
-814
-710
-700
-632
-503
-321
-149
9
109
121
113
93
96
99
47
-94
-266
-474
-680
-917
-1158
-1320
-1443
-1549
-1585
-1544
-1504
-1530
-1585
-1627
-1658
-1757
-1744
-1665
-1574
-1531
-1544
-1481
-1447
-1487
-1611
-1667
-1731
-1813
-1934
-1966
-1848
-1681
-1410
-1095
-714
-320
-102
40
146
240
350
475
722
967
1173
1485
1655
1826
1903
1955
2011
1950
1990
2048
2103
2142
2154
2176
2135
2003
1839
1659
1537
1410
1343
1328
1279
1163
1014
943
902
827
894
988
977
842
718
673
688
807
918
1079
1224
1262
1329
1327
1258
1207
1146
1120
1146
1241
1275
1245
1158
985
796
521
289
109
-99
-216
-437
-654
-812
-906
-974
-1110
-1210
-1308
-1432
-1497
-1531
-1494
-1300
-1115
-994
-897
-816
-735
-793
-868
-815
-701
-579
-497
-428
-348
-308
-255
-145
-67
-10
42
12
42
87
112
91
59
95
157
172
168
242
279
210
65
-190
-422
-636
-878
-998
-1044
-1055
-1060
-1097
-1089
-1084
-1100
-1093
-1112
-1171
-1240
-1299
-1273
-1283
-1260
-1255
-1213
-1088
-976
-782
-619
-448
-246
-63
140
321
430
571
770
921
999
1024
969
996
1092
1160
1208
1186
1231
1270
1274
1296
1265
1212
986
718
597
523
568
729
890
965
937
918
823
690
517
329
231
169
227
399
578
790
877
792
682
455
264
219
235
388
581
762
931
980
1018
1020
934
870
880
834
795
776
761
776
776
711
581
337
65
-154
-378
-533
-605
-671
-738
-823
-931
-1008
-1114
-1195
-1287
-1326
-1435
-1532
-1607
-1649
-1519
-1402
-1257
-1139
-1138
-1128
-1096
-1005
-800
-657
-576
-556
-634
-685
-688
-624
-443
-225
-13
46
-42
-92
-109
-210
-304
-383
-484
-571
-676
-736
-700
-681
-689
-703
-755
-857
-1009
-1096
-1076
-1036
-1026
-1059
-1017
-960
-997
-998
-887
-746
-602
-524
-474
-428
-395
-357
-304
-142
-139
-140
-92
-51
76
235
430
565
598
580
538
515
582
738
895
981
1000
963
978
940
898
900
960
1068
1020
974
974
906
674
345
128
104
116
182
361
554
636
671
684
640
617
579
595
684
743
880
981
965
1009
977
893
892
852
865
897
896
965
1097
1215
1163
1057
890
750
692
611
690
859
897
828
680
583
448
183
-78
-321
-421
-457
-542
-607
-659
-727
-792
-871
-947
-918
-890
-845
-785
-798
-851
-861
-880
-850
-742
-673
-514
-378
-266
-67
100
231
380
507
502
419
363
372
381
324
241
210
258
253
176
124
79
-22
-172
-271
-276
-317
-431
-546
-667
-784
-812
-778
-658
-476
-415
-470
-559
-667
-821
-886
-885
-874
-851
-771
-576
-360
-167
4
104
189
211
191
135
112
228
340
399
413
326
240
140
95
181
306
484
633
710
814
873
908
909
825
733
628
609
704
808
904
943
822
646
456
321
194
139
177
256
381
446
481
450
420
397
372
464
551
608
720
815
868
851
802
726
589
437
374
500
654
817
1057
1148
1199
1102
864
696
482
298
148
30
-5
-41
-31
-55
-133
-277
-515
-718
-898
-1021
-1019
-972
-937
-943
-961
-1019
-1157
-1324
-1424
-1478
-1414
-1289
-1145
-988
-854
-774
-800
-867
-973
-1051
-1007
-868
-678
-449
-216
-66
15
-33
-167
-234
-261
-321
-403
-494
-582
-592
-625
-622
-659
-713
-687
-690
-691
-698
-754
-839
-903
-886
-833
-872
-916
-939
-898
-797
-773
-728
-611
-520
-512
-524
-416
-281
-229
-187
-137
-32
78
168
209
226
242
234
203
213
269
284
267
260
208
173
202
226
323
434
514
644
734
824
829
759
704
655
626
540
449
409
381
331
333
440
471
469
465
447
533
613
641
669
663
625
604
637
733
829
910
991
1110
1203
1243
1263
1232
1186
1169
1207
1270
1276
1241
1241
1205
1114
971
845
731
655
481
257
69
-71
-117
-184
-312
-473
-610
-766
-952
-1055
-1105
-1051
-939
-847
-807
-884
-994
-1023
-990
-976
-966
-928
-889
-808
-613
-390
-172
-46
3
24
-21
-125
-231
-288
-302
-250
-196
-101
18
61
63
50
3
-79
-187
-291
-339
-306
-256
-204
-183
-226
-283
-351
-446
-505
-499
-549
-586
-636
-721
-822
-909
-980
-1049
-1019
-941
-841
-692
-553
-459
-368
-289
-116
65
237
452
614
722
799
804
752
705
741
755
784
836
911
1076
1139
1191
1221
1165
1084
997
891
841
846
838
821
831
888
889
867
806
792
797
756
727
752
815
857
860
895
952
1046
1053
1028
1029
996
984
955
937
917
879
882
941
954
940
902
878
769
647
599
586
576
515
416
304
62
-186
-365
-566
-704
-817
-877
-927
-966
-990
-1016
-1041
-1122
-1184
-1261
-1341
-1400
-1520
-1596
-1591
-1534
-1482
-1433
-1287
-1180
-1187
-1193
-1192
-1133
-1070
-944
-783
-643
-489
-374
-383
-423
-424
-374
-292
-227
-206
-189
-215
-294
-387
-483
-556
-699
-827
-952
-1009
-1029
-1060
-1101
-1158
-1127
-1122
-1125
-1106
-1080
-1069
-1114
-1158
-1177
-1178
-1128
-1159
-1169
-1051
-853
-619
-326
-82
105
243
275
343
355
343
399
508
639
775
964
1096
1172
1200
1192
1134
1011
911
935
1060
1199
1373
1457
1483
1461
1338
1199
1055
919
843
904
979
1006
1004
958
901
751
640
580
583
641
675
763
887
997
1064
1097
1088
984
863
788
739
689
701
747
797
781
756
721
653
562
419
282
111
2
-31
-40
-61
-110
-193
-326
-455
-512
-563
-592
-631
-694
-714
-729
-733
-729
-801
-997
-1145
-1212
-1233
-1203
-1153
-1018
-935
-858
-757
-719
-701
-721
-756
-740
-688
-527
-356
-268
-237
-219
-142
-62
-17
-19
-109
-236
-325
-385
-452
-566
-712
-872
-943
-1027
-1114
-1125
-1082
-1015
-979
-963
-872
-815
-838
-867
-876
-810
-730
-642
-607
-556
-437
-324
-185
-79
-37
-20
-28
38
144
184
273
445
609
739
858
1002
1147
1218
1251
1293
1341
1416
1375
1311
1271
1228
1221
1192
1130
1074
1002
923
931
979
981
986
931
802
606
407
366
404
424
450
478
446
444
449
476
505
426
330
266
225
201
295
363
373
399
329
278
262
251
298
323
370
428
498
539
562
629
587
428
262
102
22
-37
-140
-173
-210
-316
-422
-502
-666
-821
-940
-1046
-1094
-1191
-1207
-1075
-955
-848
-750
-698
-603
-536
-558
-661
-761
-823
-822
-768
-755
-759
-781
-829
-920
-963
-934
-907
-809
-729
-635
-548
-466
-356
-328
-320
-353
-306
-227
-169
-107
-54
-20
-35
-80
-169
-303
-521
-655
-762
-737
-715
-649
-529
-439
-407
-447
-452
-482
-471
-379
-295
-220
-153
-120
-49
29
154
264
388
435
495
553
609
656
673
716
724
750
735
711
725
746
741
772
820
865
832
739
695
702
699
629
519
422
371
302
296
299
229
112
71
71
0
-20
-49
-17
54
87
97
144
193
162
196
232
275
351
439
478
409
339
275
245
128
-34
-178
-299
-330
-287
-208
-101
-34
-19
19
35
-41
-75
-102
-149
-192
-224
-264
-247
-177
-186
-210
-315
-350
-378
-469
-549
-613
-667
-735
-771
-788
-763
-718
-715
-716
-724
-720
-721
-636
-514
-410
-328
-326
-334
-430
-513
-616
-648
-564
-460
-336
-226
-152
-82
-39
-96
-140
-202
-238
-251
-196
-98
-79
-51
-24
19
59
3
-74
-164
-188
-223
-273
-270
-336
-350
-354
-352
-368
-440
-469
-463
-443
-356
-269
-194
-102
-77
21
98
166
267
386
500
628
729
836
960
1054
1101
1032
914
819
790
705
623
577
501
527
560
566
627
605
580
523
488
464
468
465
392
322
261
219
153
145
145
201
249
309
356
375
366
288
262
274
266
240
229
258
323
386
446
496
503
376
297
283
228
178
166
187
235
270
252
221
177
110
63
83
90
86
67
33
-31
-86
-121
-193
-271
-346
-427
-420
-415
-418
-412
-406
-437
-540
-604
-623
-654
-700
-711
-721
-721
-704
-671
-656
-643
-548
-428
-326
-288
-307
-312
-318
-288
-241
-280
-257
-237
-188
-158
-178
-168
-194
-187
-223
-309
-411
-456
-462
-495
-546
-582
-631
-633
-635
-564
-475
-509
-488
-428
-404
-376
-424
-422
-384
-352
-253
-221
-195
-178
-117
-65
-9
81
84
116
117
111
145
136
151
230
280
321
330
295
292
304
319
357
426
428
409
384
340
327
283
245
217
138
77
39
75
142
155
132
53
4
-39
-69
-63
-9
101
198
240
290
310
315
356
401
461
506
517
502
460
409
341
340
379
453
533
610
649
682
619
518
442
398
364
260
173
58
13
10
-42
-111
-115
-131
-166
-221
-295
-362
-353
-393
-467
-518
-596
-586
-542
-552
-522
-441
-412
-425
-428
-380
-377
-382
-382
-328
-279
-308
-295
-308
-299
-300
-269
-249
-224
-246
-244
-217
-195
-197
-231
-249
-276
-222
-244
-271
-277
-234
-186
-200
-204
-209
-245
-282
-336
-372
-417
-410
-415
-426
-410
-346
-283
-240
-204
-202
-145
-96
-95
10
125
192
285
368
450
515
516
499
498
498
536
581
601
610
636
628
615
579
496
442
370
293
256
316
416
491
574
585
574
499
392
376
363
291
256
279
276
340
399
467
491
411
396
414
469
513
528
499
473
467
453
448
469
473
469
469
483
509
504
514
486
442
357
279
239
170
124
66
60
42
-30
-106
-245
-362
-404
-504
-580
-649
-661
-649
-644
-659
-706
-791
-865
-948
-934
-840
-796
-743
-731
-712
-735
-788
-807
-737
-619
-523
-461
-371
-257
-188
-156
-148
-155
-116
-121
-132
-79
-89
-103
-140
-189
-191
-242
-294
-321
-320
-258
-210
-200
-190
-240
-284
-297
-323
-302
-277
-210
-160
-125
-144
-178
-170
-142
-150
-181
-161
-110
-40
-5
5
-31
-52
-12
80
156
228
284
345
346
308
320
362
441
426
379
391
367
423
516
576
544
482
451
380
350
383
382
380
315
270
305
264
255
259
280
242
163
135
86
147
200
214
241
247
285
252
225
297
366
373
451
539
517
521
517
527
486
413
360
412
486
487
488
435
389
389
339
257
167
89
44
3
-87
-217
-316
-371
-396
-491
-541
-557
-549
-527
-558
-544
-493
-470
-491
-504
-551
-594
-588
-614
-667
-693
-624
-542
-479
-414
-407
-421
-479
-472
-380
-339
-297
-266
-270
-179
-163
-192
-166
-138
-67
-21
6
47
94
98
69
55
102
95
114
132
149
178
190
208
216
185
136
44
-65
-90
-106
-100
-155
-203
-228
-243
-208
-154
-97
-40
-14
49
102
156
210
265
284
298
346
392
444
487
491
523
529
490
446
442
398
291
230
267
314
374
362
279
260
172
126
127
116
143
128
50
-30
-58
-49
-109
-152
-173
-222
-230
-207
-130
-83
-101
-103
-105
-69
-41
6
104
100
70
60
95
176
202
214
241
225
164
109
63
9
28
15
-38
-154
-297
-381
-405
-438
-506
-580
-572
-494
-493
-475
-443
-431
-417
-368
-367
-451
-496
-497
-499
-535
-578
-577
-598
-658
-666
-621
-592
-609
-599
-603
-552
-465
-408
-360
-314
-226
-110
-79
-42
51
73
163
246
296
351
355
314
248
183
124
150
113
47
19
-56
-49
-57
-56
-31
-52
-63
-18
54
154
256
238
204
209
208
166
177
193
237
293
257
266
252
211
213
244
291
290
225
263
379
453
482
486
498
527
561
584
558
528
531
543
552
500
442
377
332
287
290
288
307
293
216
169
110
82
101
100
111
107
135
201
181
210
228
234
245
230
241
170
99
97
39
-12
-22
-59
-57
-59
-37
-33
-41
-83
-144
-67
-4
-21
-26
-64
-63
-78
-115
-100
-177
-271
-357
-434
-504
-515
-528
-533
-543
-612
-667
-680
-667
-655
-601
-557
-534
-463
-396
-329
-297
-227
-156
-121
-98
-91
-50
-30
-40
-33
-70
-78
-95
-169
-195
-183
-151
-80
-53
-55
-53
-107
-103
-138
-147
-78
0
6
-20
-13
-2
18
11
-9
-41
-49
-49
-81
-100
-113
-58
-12
-7
0
-60
-81
-62
-5
51
99
123
128
152
202
295
315
263
255
239
258
268
187
153
121
118
114
78
57
21
10
13
-4
10
-40
-10
9
-15
-11
-63
-34
-6
-34
-11
-32
-57
-66
-86
-135
-218
-273
-281
-277
-284
-224
-199
-167
-139
-155
-129
-114
-69
-21
-1
76
159
240
273
296
346
322
257
210
235
231
236
210
68
43
-24
-65
-70
-119
-129
-118
-116
-93
-78
-99
-143
-211
-245
-276
-284
-307
-312
-209
-128
-62
-55
-113
-106
-128
-154
-200
-285
-292
-285
-332
-275
-204
-159
-104
-78
-101
-148
-177
-172
-69
-2
49
94
55
54
93
112
117
97
58
28
28
18
46
62
107
139
94
103
119
195
255
242
197
141
144
215
240
217
229
266
314
319
353
354
268
227
190
261
322
332
366
349
363
386
389
403
372
364
377
372
402
379
353
343
308
308
277
273
265
236
207
200
161
68
-23
-47
-49
-63
-101
-116
-133
-123
-67
-57
-52
-51
-37
-38
-84
-73
-57
-40
-42
-18
16
-5
-25
-63
-119
-110
-91
-53
-7
-56
-103
-114
-86
-97
-126
-163
-160
-107
-64
-68
-146
-219
-223
-216
-235
-224
-229
-267
-304
-324
-351
-298
-304
-334
-371
-431
-425
-408
-401
-318
-270
-252
-235
-267
-274
-286
-215
-192
-162
-106
-95
-32
47
59
39
64
52
23
34
68
80
85
81
57
30
7
-15
-42
-70
-110
-127
-84
-52
-117
-189
-250
-274
-275
-251
-234
-247
-189
-165
-206
-193
-154
-176
-203
-252
-260
-196
-138
-101
-72
-48
0
17
-9
-73
-97
-58
-47
-42
-21
-6
29
27
-23
-21
-27
-11
46
112
123
123
133
163
177
131
91
86
44
80
119
76
68
77
62
6
-33
-45
-20
15
67
101
122
131
115
88
52
45
40
40
39
93
134
147
142
160
166
134
82
22
53
98
138
204
249
278
283
242
194
163
110
78
48
68
91
101
44
2
-2
-33
-64
-127
-124
-89
-61
-49
-54
-26
27
37
13
16
51
102
137
161
205
233
279
255
236
218
190
167
149
152
212
238
221
214
137
133
164
135
159
163
143
150
186
206
224
215
215
256
238
239
216
236
196
147
145
147
128
80
75
4
-10
-1
28
144
184
138
122
61
65
83
62
44
44
94
121
181
217
241
246
215
166
139
138
169
136
92
85
66
121
136
77
14
-34
-66
-85
-109
-131
-145
-131
-171
-153
-138
-172
-219
-250
-219
-194
-236
-302
-272
-238
-179
-105
-100
-113
-77
-48
-58
-50
-26
-22
22
69
33
-12
-70
-85
-65
-52
-42
-105
-143
-138
-71
-16
-35
-70
-106
-139
-137
-146
-182
-184
-243
-276
-298
-314
-255
-238
-247
-200
-200
-195
-179
-187
-165
-173
-164
-202
-255
-237
-232
-189
-166
-196
-160
-117
-79
-23
-36
-83
-95
-109
-66
-15
14
38
1
-15
-29
-31
-50
-39
-52
-73
-45
-15
46
77
49
24
40
4
-32
-39
-45
-24
-15
-3
20
13
-52
-97
-95
-139
-153
-154
-137
-62
-33
-28
-63
-6
14
42
102
77
54
85
158
222
226
192
184
201
236
239
204
235
199
123
126
137
181
203
216
257
278
262
211
151
191
162
134
148
164
167
120
122
76
39
59
92
77
55
59
38
76
146
128
73
52
75
89
64
59
72
115
197
256
268
268
298
346
331
322
282
227
215
217
263
256
267
274
241
224
206
153
103
86
89
103
111
114
104
70
80
68
79
95
87
74
56
70
78
94
94
83
88
66
83
135
188
202
196
179
170
182
214
205
187
202
175
209
263
270
254
221
207
204
182
177
173
128
156
96
30
8
-18
9
2
-4
-13
-13
15
-12
13
98
117
170
175
154
136
148
141
165
209
182
196
216
298
317
309
249
183
156
118
98
70
24
-25
-51
-68
-124
-167
-190
-215
-201
-219
-228
-250
-262
-214
-187
-214
-259
-318
-311
-287
-257
-247
-220
-217
-274
-303
-303
-331
-394
-445
-485
-475
-440
-417
-334
-311
-326
-325
-337
-339
-310
-267
-279
-239
-186
-176
-162
-190
-202
-172
-200
-217
-217
-202
-182
-147
-139
-108
-79
-157
-139
-125
-135
-94
-88
-98
-137
-138
-123
-93
-59
-48
-86
-128
-134
-130
-108
-147
-104
-103
-99
-97
-113
-89
-125
-95
-68
-46
-18
-30
-17
1
20
36
26
47
14
-4
20
-33
-58
-65
-28
-1
16
17
0
63
123
169
205
209
214
214
207
230
300
328
305
301
300
332
390
405
371
325
305
300
345
336
340
407
419
428
386
323
307
285
331
338
324
274
238
239
261
263
196
184
198
205
161
113
64
36
48
56
52
32
-30
-41
-3
18
-18
-86
-102
-104
-98
-132
-158
-108
-120
-180
-208
-233
-209
-189
-184
-164
-142
-115
-73
-9
36
79
65
55
98
127
87
94
101
112
43
0
-5
-23
-63
-94
-111
-127
-135
-168
-169
-193
-175
-194
-184
-221
-244
-236
-257
-222
-184
-156
-170
-117
-33
9
25
26
68
92
96
65
42
31
32
76
142
181
184
204
219
205
203
221
223
200
135
116
83
93
73
27
21
48
80
53
-40
-119
-83
-46
-31
-63
-48
11
26
12
-32
-72
-65
-76
-110
-70
-12
59
86
136
120
37
-39
-78
-68
-84
-49
-4
-25
-28
-40
-78
-102
-144
-146
-192
-224
-204
-207
-213
-262
-264
-257
-227
-188
-188
-140
-91
-82
-91
-141
-179
-179
-140
-94
-134
-158
-175
-163
-144
-152
-147
-149
-143
-150
-164
-187
-163
-165
-173
-158
-171
-157
-147
-164
-152
-71
-54
-70
-61
-60
-48
-91
-111
-93
-102
-103
-113
-145
-136
-142
-172
-150
-167
-173
-135
-145
-159
-207
-218
-208
-160
-96
-71
-23
0
-19
-21
-52
-75
-44
-47
-32
-34
8
-6
52
126
112
116
112
91
130
161
204
332
387
377
362
338
342
354
342
335
300
284
287
281
227
198
148
88
57
0
-37
-77
-114
-92
-60
-88
-107
-101
-43
-7
31
38
61
48
33
43
44
59
75
71
42
62
98
167
141
165
209
205
173
124
117
101
124
139
46
22
35
53
22
-56
-66
-87
-69
-85
-91
-45
-81
-104
-101
-63
-59
-115
-93
-139
-135
-71
-27
13
13
0
-18
7
-28
-84
-102
-113
-38
4
17
30
61
41
9
13
3
3
-15
-5
9
10
17
10
-23
-57
-66
-40
-23
4
-28
-54
-46
-64
-98
-132
-160
-189
-207
-237
-298
-273
-243
-162
-153
-209
-250
-274
-220
-221
-153
-109
-148
-182
-235
-209
-113
-55
-33
-37
-37
-3
47
85
102
53
-4
-20
-24
-19
9
16
45
62
72
59
19
21
-13
-22
-61
-83
-51
-94
-127
-137
-134
-55
-30
-8
-37
-44
-49
-21
46
21
28
3
14
75
82
59
71
62
114
153
165
180
169
163
156
131
177
247
238
215
179
154
165
198
184
179
160
134
125
87
90
88
89
63
5
-29
-54
-22
29
57
56
59
62
96
89
78
56
-1
-27
-23
-5
-81
-114
-110
-101
-65
-63
-84
-131
-135
-118
-135
-157
-176
-137
-123
-161
-155
-149
-102
-83
-62
-62
-54
-47
-61
5
-23
-49
-92
-127
-87
-83
-65
-64
-90
-94
-153
-153
-149
-180
-173
-182
-203
-231
-221
-217
-217
-209
-149
-115
-104
-100
-79
-65
-92
-94
-110
-132
-91
-65
-44
-15
-46
-51
-7
34
43
35
36
30
14
5
16
7
26
2
-24
-27
-17
-5
-23
-43
-1
8
2
-25
-53
-48
-90
-104
-98
-49
24
73
63
92
109
119
166
147
144
115
102
76
69
96
127
175
179
176
176
186
145
180
169
184
173
146
130
115
91
55
68
111
109
78
84
114
171
117
89
64
57
29
-11
-40
-42
-60
-80
-98
-108
-93
-21
-7
-17
-38
-74
-89
-119
-105
-117
-97
-96
-132
-134
-108
-82
-85
-119
-117
-118
-117
-70
-73
-105
-137
-167
-171
-169
-177
-220
-267
-264
-233
-206
-244
-275
-277
-282
-247
-264
-223
-196
-171
-140
-157
-140
-115
-126
-83
-63
-47
-18
-21
-6
3
23
-42
-90
-79
-45
3
24
26
24
65
31
2
65
66
73
111
80
85
88
81
104
77
104
37
24
73
111
151
131
87
43
34
22
14
-35
-4
-24
-15
29
0
-4
-36
-66
-114
-110
-97
-70
-16
14
30
8
-8
1
2
32
30
