-48
-48
-34
-25
22
33
15
29
42
49
64
31
36
49
63
64
14
-3
2
-1
0
-1
0
0
1
0
0
0
0
0
0
0
1
0
0
0
0
0
0
0
0
0
0
0
0
0
0
0
0
0
0
0
0
0
-1
0
0
0
0
0
0
0
0
0
0
0
0
0
1
0
0
0
0
0
0
0
1
0
0
0
1
1
0
0
0
-1
1
1
0
0
0
0
0
0
0
1
0
0
0
1
0
0
0
0
0
-1
0
0
0
0
0
0
0
0
0
0
-1
-1
-1
0
0
0
0
-1
0
0
0
0
0
0
0
0
0
1
0
1
0
0
0
0
0
0
1
-1
0
1
-1
0
0
0
0
0
0
0
-1
0
0
0
-1
0
-1
1
0
0
-1
0
-1
0
0
0
0
0
2
-3
4
-8
65
77
83
110
81
53
5
-30
-37
-11
2
-6
-33
-17
29
56
52
51
54
62
84
87
66
54
49
78
118
114
112
91
91
96
94
97
97
110
122
124
144
169
164
155
141
150
176
181
180
171
154
129
103
88
111
134
112
59
56
40
23
53
47
19
-13
-27
-13
-5
-3
-4
-41
-53
-72
-95
-114
-121
-140
-177
-180
-131
-106
-42
6
-15
-18
-8
14
-2
-17
-4
-5
-2
-1
1
3
8
6
2
9
-2
2
6
0
5
11
12
0
-4
-1
4
19
8
-6
7
7
-5
5
-8
-1
14
-5
-1
-3
-9
-11
-14
-12
-11
-6
-5
0
2
-9
-7
14
4
-7
-11
-19
-14
9
22
3
9
-7
-7
-6
7
16
-2
1
-7
3
-4
7
2
-15
-10
6
20
7
-10
-21
-8
1
4
-3
7
-2
-3
-10
-7
-13
-19
-12
-14
-7
1
-3
-5
-7
-12
-6
-1
1
0
-6
2
3
-6
2
-6
-7
-1
-3
-1
-6
-4
9
12
13
4
5
-9
4
11
5
9
7
0
0
2
-8
1
-10
-12
-4
-6
-5
-3
-15
-4
2
-11
-2
-2
10
-2
-2
1
-2
2
-12
4
-9
2
3
0
8
-6
-2
1
13
3
6
5
-5
-7
6
14
10
3
-3
-8
-9
1
-2
-4
-7
-15
-9
-12
3
-3
-17
-10
-6
6
19
16
2
-8
-13
-11
9
8
0
-8
0
-4
16
11
8
-7
0
12
2
16
0
-1
-24
-2
-5
6
15
2
-10
-15
1
18
15
-2
-4
-10
-6
-1
1
5
-1
6
-2
-10
-5
-3
3
-8
-18
6
4
12
22
2
3
6
15
19
14
24
9
-14
-15
-3
18
19
3
-1
-6
6
17
16
8
2
-9
-1
9
4
9
-1
-6
-11
6
5
-6
0
-18
-22
0
8
11
0
-13
-8
7
11
9
2
-12
-2
14
13
18
11
-5
-7
-7
13
19
4
-8
-3
-10
-11
-9
6
17
11
1
-9
4
18
19
-1
-13
-1
17
23
3
-3
-3
4
11
6
1
-1
0
-8
-16
-8
5
3
4
0
-15
-5
3
20
12
10
1
-1
10
-2
2
-1
-23
-10
-9
-14
10
3
-7
-11
1
11
11
2
-2
2
7
19
6
-6
-8
-13
-5
-2
-4
-15
-7
-2
-12
-10
-2
-1
-5
-4
-13
-12
1
14
0
-3
-1
-10
8
19
4
-15
-1
11
13
16
-7
0
-3
-14
7
10
-17
-5
-11
-34
-13
-15
-11
-15
-11
-5
-4
-11
-33
-38
-25
-15
2
-14
-37
-28
-11
17
25
11
-1
-15
-3
13
0
33
39
31
25
-14
-1
8
-4
-13
-34
-22
0
-8
-16
-33
-32
-24
-28
-8
23
17
-4
2
11
7
5
11
0
-4
-24
-38
-41
-33
-12
11
9
-13
-22
-32
-31
-29
2
2
-5
-7
-7
-7
-3
8
19
23
4
-5
-12
-8
-14
-10
-8
-6
-3
0
17
15
-12
-1
6
12
27
5
25
41
28
19
-8
-19
-12
17
2
-11
-23
-17
-15
7
16
2
-2
-10
11
27
30
22
3
-3
-3
9
29
26
-1
-34
-20
-18
-13
-3
-23
-13
-10
8
19
-8
-18
2
11
2
3
9
14
7
-3
-13
-5
27
16
-17
-8
-1
-5
26
-4
-22
13
-3
3
-9
-11
4
31
34
30
18
0
21
2
-11
23
4
-17
-14
-23
-17
3
-3
-20
-31
-13
5
29
15
21
25
4
20
15
11
14
33
32
52
39
25
15
2
-16
4
3
-9
-15
-15
5
32
42
7
-3
15
16
30
25
-7
-22
-12
3
27
37
1
-31
-32
3
19
33
7
-24
-20
10
42
34
36
33
0
-1
13
6
-14
-23
-9
-19
-14
-21
-45
-27
2
10
0
17
16
37
52
33
19
67
81
53
33
-3
-20
-8
4
8
3
-39
-46
-47
-51
-21
-4
-2
-12
-26
-19
-37
-33
-25
-18
8
42
59
45
30
-14
-4
27
21
31
-3
-31
-52
-29
11
45
47
21
27
6
-3
0
8
34
58
26
-6
14
56
75
68
7
-37
-42
-49
-29
-60
-61
-52
-38
-24
-24
-49
-42
-48
-67
-39
-34
11
31
-9
-61
-74
-90
-81
-68
-76
-43
-58
-91
-65
-31
-23
-22
-23
-26
9
46
44
47
42
20
28
13
17
50
16
-8
-1
-34
-55
-39
-23
-35
-46
-80
-65
-29
-56
-62
-52
-37
-24
-18
15
39
33
-5
-22
-16
-27
-11
-18
-14
10
-18
-22
-10
19
57
77
57
2
-27
-41
7
45
42
26
-20
-60
-56
-15
2
-25
-51
-74
-79
-51
-55
-86
-101
-119
-93
-47
8
33
-18
-45
-32
-4
26
21
19
40
38
30
42
32
-2
-38
-47
-32
1
32
7
-36
59
69
82
48
-63
-167
93
101
119
107
-272
208
-60
13
-68
-299
61
-13
71
10
-142
-15
40
62
67
-47
-6
31
80
10
-5
-3
-10
4
-26
17
12
31
47
0
41
-26
-16
44
34
80
27
36
75
66
60
-17
-29
-10
-42
-44
-61
-36
-27
-17
-3
-44
-18
-30
-17
0
34
69
32
21
3
23
18
-17
178
99
89
33
-156
86
5
81
104
13
75
-223
-43
125
275
450
-97
-118
-30
-8
257
1
-68
-48
132
225
49
-126
-101
77
156
-2
-185
-171
-54
34
36
73
-2
116
12
64
116
50
-153
219
375
150
185
-97
175
142
-13
-13
-434
189
173
-14
38
-293
147
226
-11
-26
-263
52
285
126
142
-259
84
183
34
-96
-127
-45
2
41
-35
-80
-23
8
12
-16
-38
-79
-68
65
-8
-47
-4
-34
1
-57
-23
-41
-89
-19
-54
-101
-100
44
32
-20
-200
-90
-456
-227
528
-27
166
-95
-190
466
-366
-316
401
77
766
-121
-58
-123
-335
63
-203
-33
-7
103
41
189
-103
73
146
-208
-250
-242
-79
104
47
107
183
49
-101
-281
-109
59
-79
-148
-297
-104
118
2
-102
-47
60
55
-42
-51
10
84
115
76
138
230
180
71
-39
-29
68
63
-47
-65
-14
64
19
-53
-43
31
26
-42
-59
-27
62
53
-12
-55
-46
-46
-42
-43
-80
-77
-65
-38
7
-26
-31
-23
-4
62
60
24
-18
-36
13
7
-18
21
64
44
14
-60
-79
-47
-9
-26
-121
-126
-100
-41
-2
-41
-82
-94
-28
86
82
29
-40
-8
64
40
-12
-48
4
9
-50
-89
-92
-77
-83
-96
-109
-87
-77
-43
-14
34
49
47
57
95
154
106
87
107
131
178
113
84
131
107
106
50
49
115
114
58
-20
-3
48
86
110
103
102
75
-7
-9
47
61
-28
-59
37
74
14
-96
-79
-42
-34
-106
-129
-104
-88
-59
-72
-28
13
3
-49
-86
-72
-69
-52
-13
13
-1
-121
-156
-85
-47
-97
-175
-127
-75
-14
-61
-124
-101
-66
-16
-24
-29
-33
-1
14
11
-19
-45
-31
-10
-51
-128
-151
-154
-134
-127
-109
-136
-155
-134
-83
-47
-28
-48
-83
-34
-11
-75
-74
-60
-22
26
59
40
-18
-11
68
136
110
104
132
155
157
114
145
211
196
156
84
116
131
104
81
21
-13
-54
-86
-104
-116
-109
-107
-58
-4
-61
-122
-190
-104
-8
-11
-11
-69
-68
-23
-36
-39
-47
-42
3
15
-6
-19
-12
16
81
84
118
147
100
114
73
39
30
52
85
64
-22
-68
-59
-48
-11
-25
-43
-54
-14
61
41
-7
38
89
91
72
102
148
127
100
83
93
111
113
97
58
26
5
-21
-31
10
16
5
-14
-15
3
26
-12
-45
22
97
105
59
53
113
98
55
18
22
46
25
-23
-23
48
58
-6
-50
-3
48
45
23
69
71
41
47
77
133
113
47
-18
-26
-24
-48
-65
-65
5
46
3
-11
7
34
47
54
45
62
95
157
188
147
157
144
183
198
210
194
139
203
240
231
208
193
210
280
241
203
180
211
233
202
179
198
253
201
146
100
70
65
49
-15
-59
14
33
-19
4
34
19
-1
12
15
37
48
54
5
0
63
79
96
101
108
130
73
32
5
19
54
-9
30
114
99
32
-17
14
32
-26
-61
-38
4
-31
-104
-94
-96
-73
-119
-194
-195
-177
-137
-144
-132
-114
-198
-233
-229
-179
-156
-157
-119
-57
-106
-6
-95
-35
-14
-209
-51
-186
-145
-119
-175
-126
-126
-265
-207
-175
-166
-157
-203
-124
-149
-115
-85
-95
-67
-104
-117
-70
-70
-48
-36
-42
-61
-95
-88
-70
-47
-68
-78
-38
-53
-78
-119
-113
-85
-28
-97
-175
-182
-127
-135
-190
-217
-213
-130
-180
-164
-141
-181
-156
-204
-206
-189
-152
-133
-126
-90
-82
-97
-88
-95
-73
-25
-52
-90
-66
-39
-7
-24
-53
-36
-48
-45
-90
-92
-53
-16
15
-26
-94
-116
-105
-95
-108
-123
-123
-117
-65
-41
-76
-64
-21
-24
-7
-11
-2
10
19
-37
-56
-11
46
50
21
56
98
90
46
52
109
133
23
-21
19
55
-23
-89
-119
-73
-20
-116
-169
-134
-53
-8
-14
-50
-29
-4
-22
-41
-37
-1
43
9
-52
-92
-56
-22
-41
-24
-35
-6
45
44
42
49
64
97
40
34
87
112
118
101
90
116
147
105
48
13
19
-10
7
48
16
10
-6
-43
-27
-14
-37
-83
-120
-110
-74
13
42
53
61
61
85
110
151
178
166
133
123
114
126
126
129
96
102
127
133
171
134
164
208
197
156
174
205
164
110
53
38
58
92
95
81
128
144
146
185
200
209
250
243
248
268
297
311
281
302
303
270
239
143
133
225
228
165
97
72
75
45
24
30
80
116
118
126
115
150
174
119
135
127
144
172
128
106
104
143
155
153
75
39
68
93
112
103
91
78
72
74
110
117
75
79
126
110
68
48
43
82
113
132
131
92
67
87
92
50
11
21
93
132
88
33
70
113
125
124
114
125
144
135
64
5
73
93
47
7
-25
31
80
8
-52
-83
-74
-53
-80
-43
-26
-62
-148
-173
-114
-91
-78
-69
-74
-56
-50
-78
-125
-74
-19
-26
-43
-65
-35
10
12
-53
-74
-90
-72
-58
-100
-127
-154
-192
-222
-268
-270
-225
-194
-202
-243
-251
-226
-170
-122
-146
-168
-130
-81
-57
-68
-122
-135
-115
-94
-98
-155
-209
-232
-245
-222
-154
-122
-83
-92
-50
-16
-62
-72
-49
-27
-34
-47
-25
12
-22
-49
-73
-50
7
-4
-43
-56
-30
10
-20
-64
-103
-126
-29
-28
-86
-117
-109
-83
-99
-111
-130
-119
-110
-86
-81
-30
14
-30
-22
-4
-9
28
55
88
132
82
69
73
85
95
46
-25
-45
-6
12
-11
-64
-84
-87
-82
-63
-75
-85
-59
-36
-27
-14
13
3
-24
-78
-49
-9
20
57
39
27
21
16
13
9
-16
-35
-23
-25
-8
25
12
-40
-118
-112
-83
-49
-33
-44
-59
-47
-53
-74
-65
-88
-45
-41
-68
-48
-38
-32
-30
-64
-26
26
53
52
59
87
117
180
166
111
100
96
126
114
46
10
3
-25
-16
-26
-22
-25
-48
-53
-48
-37
-67
-81
-114
-174
-203
-220
-197
-140
-156
-163
-190
-181
-96
-84
-138
-152
-76
-54
-74
-55
-28
-21
-53
-54
-32
-7
25
36
19
33
52
84
74
26
22
39
119
120
74
34
-7
-42
-20
-13
-19
-58
-116
-126
-139
-147
-123
-79
-93
-110
-138
-94
-56
-40
-36
-56
-74
-65
-34
-22
-17
-39
-71
-91
-35
26
6
-15
-1
-9
10
34
76
109
72
36
-23
-40
-3
10
2
-63
-114
-79
-48
-34
-64
-32
4
-27
-37
-28
40
44
-5
-57
-34
49
100
109
93
78
92
122
187
205
157
147
124
159
208
213
234
214
182
144
146
192
188
172
159
147
174
179
153
154
104
71
80
84
106
80
65
61
65
118
137
134
142
137
107
108
110
113
58
67
82
47
12
37
76
73
55
-28
-18
44
68
105
119
131
108
85
154
220
259
253
237
260
289
335
382
328
256
193
210
235
247
179
125
131
161
209
213
224
205
189
189
214
278
331
310
252
236
217
277
322
329
332
280
273
306
365
409
416
413
444
471
488
486
471
455
427
436
401
396
410
389
385
324
304
299
311
332
326
310
318
298
315
330
307
261
243
252
264
237
207
207
156
133
111
123
130
120
101
86
79
108
133
150
138
84
45
13
10
-17
-49
-56
-51
-39
-51
-34
-22
-9
-47
-98
-88
-89
-102
-110
-129
-191
-213
-179
-116
-97
-107
-80
-64
-75
-56
-28
-31
-30
-76
-93
-84
-33
-16
-34
-27
-34
-1
3
-19
-43
-74
-91
-100
-112
-95
-116
-147
-151
-177
-211
-282
-284
-240
-278
-293
-252
-222
-195
-204
-224
-261
-286
-307
-310
-287
-216
-191
-249
-275
-272
-189
-178
-233
-242
-240
-240
-241
-232
-199
-178
-218
-261
-249
-214
-181
-181
-190
-193
-210
-171
-179
-170
-198
-235
-242
-277
-267
-239
-242
-240
-277
-304
-256
-231
-171
-192
-227
-204
-192
-136
-144
-130
-70
-41
-2
-34
-76
-68
-62
-64
-113
-141
-156
-136
-96
-87
-71
-70
-49
-28
-28
-47
-83
-88
-45
0
33
11
-25
-51
-80
-106
-135
-134
-79
-48
-43
-60
-53
-12
-25
-15
-19
-51
-27
-23
-8
8
-28
-62
-42
-44
-84
-86
-60
-59
-84
-95
-77
-13
37
38
54
100
154
176
180
152
135
138
123
140
119
59
103
127
105
96
94
110
138
183
157
166
215
240
301
314
290
308
297
264
254
232
230
231
192
181
157
143
179
172
161
167
199
224
224
218
227
288
362
375
378
368
381
419
439
439
438
438
386
344
329
296
267
220
174
174
153
175
163
160
193
191
151
83
85
107
118
121
94
70
56
55
90
95
100
90
98
167
217
272
275
257
252
286
359
361
312
276
252
294
319
328
326
296
285
285
286
294
261
218
228
215
243
280
276
283
288
279
315
382
374
309
279
267
329
409
408
377
333
321
330
357
328
277
286
307
281
280
351
375
368
364
360
343
359
367
352
373
365
333
303
250
237
220
180
132
123
156
194
234
191
186
198
210
219
192
187
215
219
191
187
153
176
175
125
79
70
103
110
126
103
84
64
46
64
54
35
22
-41
-68
-61
-101
-85
-76
-72
-91
-141
-188
-228
-216
-188
-122
-99
-150
-147
-106
-67
-6
-13
-43
-66
-94
-101
-63
-32
-64
-73
-113
-143
-125
-146
-151
-174
-203
-204
-187
-203
-190
-187
-208
-224
-242
-244
-224
-250
-262
-224
-232
-244
-246
-234
-240
-243
-237
-229
-170
-134
-131
-114
-103
-98
-78
-79
-86
-60
-52
-28
-59
-71
-66
-77
-91
-126
-155
-191
-210
-226
-241
-238
-280
-310
-301
-287
-233
-217
-227
-243
-257
-256
-207
-209
-236
-214
-189
-178
-195
-245
-300
-271
-243
-243
-271
-282
-278
-234
-220
-213
-190
-181
-188
-209
-194
-151
-135
-145
-202
-234
-245
-270
-279
-309
-323
-293
-270
-273
-278
-264
-261
-244
-227
-226
-204
-215
-249
-244
-208
-187
-224
-280
-310
-333
-320
-330
-335
-333
-356
-348
-322
-303
-336
-327
-288
-240
-225
-252
-269
-283
-270
-251
-207
-182
-155
-156
-182
-175
-166
-137
-102
-78
-61
-18
9
56
116
139
152
155
133
137
162
195
181
147
105
96
141
146
138
138
158
182
220
246
239
228
225
187
185
203
224
260
277
249
242
255
254
266
200
185
213
237
276
265
274
272
233
200
211
242
290
308
249
225
236
241
223
221
202
201
185
154
130
109
102
61
45
48
68
107
75
67
84
99
120
167
211
233
253
249
269
278
281
252
230
234
236
238
249
265
294
326
328
356
353
315
307
361
391
389
343
336
359
361
308
293
272
287
339
177
177
53
50
53
55
96
44
130
107
154
154
40
71
77
96
152
165
189
144
133
76
72
147
128
136
121
103
139
121
106
38
-18
-9
14
12
-16
-56
-100
-129
-171
-183
-158
-156
-184
-170
-142
-152
-127
-100
-114
-118
-131
-167
-162
-159
-173
-165
-150
-142
-146
-167
-206
-229
-220
-201
-216
-220
-242
-265
-249
-279
-309
-321
-295
-272
-291
-290
-257
-236
-211
-215
-234
-220
-183
-157
-156
-175
-206
-257
-257
-245
-241
-219
-220
-187
-147
-126
-140
-125
-94
-38
-23
-53
-62
-51
-30
-76
-79
-54
-40
-26
-70
-110
-142
-146
-182
-216
-224
-223
-198
-176
-203
-167
-108
-88
-114
-176
-196
-167
-175
-210
-228
-223
-190
-185
-232
-269
-229
-235
-258
-272
-220
-156
-150
-176
-202
-222
-216
-217
-210
-190
-172
-132
-130
-149
-138
-100
-91
-96
-125
-186
-198
-171
-151
-118
-113
-121
-127
-128
-103
-84
-85
-123
-132
-135
-139
-108
-127
-157
-155
-155
-150
-146
-167
-167
-171
-195
-220
-193
-137
-84
-63
-113
-138
-117
-63
5
67
105
111
99
88
113
143
172
172
155
173
151
171
208
235
198
148
102
71
73
61
80
116
115
128
141
144
185
152
127
113
74
92
115
145
126
86
68
73
109
129
184
238
236
253
273
248
241
232
227
247
255
260
281
288
299
333
329
320
157
320
411
151
359
213
44
284
134
113
185
94
91
74
73
-9
40
172
71
92
171
47
66
172
105
124
230
98
65
177
132
90
153
150
105
188
197
103
117
109
41
108
131
95
58
-10
-37
-56
-77
-95
-74
-75
-107
-107
-106
-120
-109
-115
-165
-207
-183
-192
-210
-181
-200
-142
-106
-122
-150
-160
-140
-136
-146
-152
-163
-176
-160
-163
-149
-108
-121
-117
-100
-123
-103
-85
-80
-97
-86
-95
-153
-153
-116
-100
-149
-150
-149
-158
-115
-94
-99
-41
15
39
-20
-64
-56
-57
-52
-58
-96
-121
-123
-142
-185
-195
-184
-168
-145
-139
-116
-75
-75
-101
-111
-113
-122
-137
-153
-159
-140
-113
-134
-198
-232
-285
-283
-305
-314
-323
-287
-224
-213
-230
-275
-271
-237
-174
-147
-147
-152
-125
-146
-174
-164
-171
-145
-170
-221
-236
-240
-207
-146
-152
-174
-162
-142
-130
-119
-85
-59
-31
-13
-23
-41
-27
-17
-22
-16
24
33
42
70
65
91
133
141
168
203
256
301
327
355
358
373
398
390
391
399
406
367
339
312
281
297
257
240
244
243
236
241
219
132
92
101
104
121
158
174
159
151
121
127
163
166
163
173
170
139
136
148
157
157
151
159
164
179
174
162
145
126
129
148
167
175
169
112
93
106
126
163
221
186
174
204
197
183
156
123
99
100
91
65
47
50
20
36
31
39
40
22
22
10
14
12
62
103
78
83
94
98
97
115
141
148
187
178
147
128
117
102
101
110
90
77
50
10
18
12
-12
-18
-3
-10
-58
-75
-61
-43
-6
25
13
-29
-46
-47
-12
7
-4
-13
-22
-27
-44
-82
-106
-153
-170
-141
-142
-104
-87
-46
-27
-58
-54
-36
-8
14
14
-19
-15
-13
-28
-23
-32
-47
-61
-66
-105
-124
-140
-171
-173
-177
-160
-138
-134
-115
-101
-119
-134
-160
-177
-160
-146
-144
-188
-223
-233
-245
-225
-243
-239
-191
-193
-208
-180
-174
-179
-197
-203
-190
-222
-255
-296
-294
-243
-228
-246
-263
-279
-293
-268
-280
-321
-333
-306
-337
-345
-348
-356
-334
-301
-300
-300
-265
-260
-276
-276
-281
-283
-283
-287
-266
-272
-284
-308
-339
-356
-370
-356
-315
-312
-279
-273
-297
-266
-229
-220
-212
-211
-213
-186
-175
-142
-112
-124
-149
-148
-131
-100
-71
-58
-88
-96
-91
-74
-58
-52
-20
-16
-66
-57
3
67
82
105
52
50
71
79
146
130
122
82
99
109
92
104
94
97
102
117
129
133
117
115
128
142
154
182
198
210
217
184
187
209
221
220
192
197
230
240
253
265
264
267
298
291
277
311
333
291
276
294
301
286
272
311
327
332
353
358
356
356
328
307
345
392
416
427
440
487
479
424
407
420
438
450
468
455
433
416
406
381
389
402
405
413
357
321
315
356
423
433
406
385
383
386
359
344
307
315
360
373
387
382
350
310
284
282
272
277
307
338
338
314
311
293
274
261
229
216
215
212
225
212
195
201
193
171
158
114
83
80
95
132
169
193
139
63
2
-1
5
-6
-47
-107
-131
-135
-129
-141
-179
-185
-185
-161
-127
-147
-181
-223
-239
-227
-167
-120
-109
-122
-165
-177
-190
-260
-268
-325
-370
-357
-390
-431
-451
-442
-440
-433
-427
-436
-398
-392
-387
-366
-379
-328
-308
-306
-310
-337
-338
-324
-329
-334
-333
-325
-335
-358
-356
-312
-275
-289
-308
-299
-306
-327
-345
-356
-389
-405
-367
-337
-309
-304
-331
-318
-297
-322
-340
-328
-318
-347
-361
-385
-375
-374
-411
-412
-391
-348
-322
-319
-326
-339
-350
-325
-334
-335
-358
-356
-362
-381
-372
-372
-323
-286
-321
-360
-376
-394
-387
-355
-345
-316
-310
-314
-323
-344
-320
-304
-284
-240
-258
-304
-308
-292
-287
-264
-226
-209
-208
-205
-192
-159
-157
-178
-203
-196
-171
-150
-133
-134
-131
-136
-137
-104
-72
-78
-69
-57
-41
-75
-88
-54
-26
-47
-65
-70
-46
27
63
61
59
49
11
-17
6
30
15
5
3
30
104
129
133
161
168
144
109
126
152
196
216
173
138
123
171
207
216
205
155
118
100
124
143
156
129
115
112
128
135
146
138
122
193
246
266
278
267
283
292
301
323
331
350
365
336
298
293
301
329
303
262
251
200
195
202
223
255
260
267
230
242
239
222
238
255
267
268
276
247
254
261
243
254
266
249
225
250
250
245
221
203
208
186
173
160
179
172
130
130
177
238
279
294
289
315
325
340
356
370
356
336
358
339
312
281
267
252
225
179
145
129
137
108
56
46
52
11
-8
7
16
47
89
95
51
55
75
101
88
78
84
86
87
84
58
26
20
4
-13
2
-33
-51
-67
-83
-100
-91
-89
-152
-177
-180
-149
-101
-93
-123
-115
-119
-126
-114
-133
-89
-71
-110
-119
-106
-74
-77
-93
-156
-169
-167
-195
-199
-223
-254
-243
-250
-283
-263
-248
-252
-262
-266
-276
-280
-257
-264
-273
-298
-305
-257
-204
-189
-175
-195
-195
-194
-258
-242
-247
-246
-261
-248
-180
-174
-145
-128
-169
-161
-190
-193
-179
-229
-230
-248
-256
-254
-278
-245
-202
-187
-169
-178
-157
-198
-223
-212
-223
-176
-124
-109
-42
-104
-118
-122
-137
-87
-151
-152
-176
-165
-120
-132
-84
-118
-178
-176
-172
-96
-88
-121
-114
-104
-88
-107
-64
-21
-61
-88
-137
-163
-146
-194
-212
-249
-224
-204
-176
-121
-162
-164
-183
-180
-212
-198
-161
-110
-81
-59
-74
-113
-77
-48
-14
-5
-24
-46
-52
-6
21
-19
21
-47
-93
-52
-145
-141
-182
-156
-170
-178
-155
-211
-192
-177
-165
-134
-175
-132
-89
-67
-31
-108
-115
-83
-66
1
-54
-44
-28
-32
-12
-21
-14
-31
-11
-58
2
-21
14
11
27
35
37
70
19
2
-25
-88
-96
-73
-110
-47
-86
-40
-28
8
28
103
91
34
99
48
136
132
123
189
176
209
245
224
251
201
201
293
294
413
391
385
321
324
324
289
318
279
209
250
241
245
317
264
314
224
182
193
178
179
216
262
257
298
280
283
276
292
269
333
303
253
246
229
268
249
303
250
333
330
222
244
210
275
273
236
188
242
212
166
136
132
94
109
147
52
136
60
131
108
53
-14
-66
-19
-64
-29
-50
-49
-30
-6
1
-41
-18
-41
-50
37
66
51
90
107
134
185
151
156
97
77
90
42
60
53
51
64
42
20
5
-16
-11
-75
-11
-83
31
-2
-41
-25
-78
-3
-35
0
-49
-17
-25
29
53
55
88
10
90
6
3
27
-106
-11
-54
-90
13
-115
-26
-79
-115
-82
-129
-102
-45
-166
-91
-121
-148
-38
-106
44
12
9
83
1
54
55
-23
57
-88
42
20
-46
22
-92
-12
36
-47
21
-54
2
9
-57
-46
-33
24
-23
29
-9
-133
102
-119
70
12
-62
68
-128
-40
-230
-93
-156
-114
-60
-157
-103
-97
-143
-85
-171
9
-77
15
13
67
202
150
212
157
195
84
146
173
184
197
189
116
159
136
160
178
65
134
61
45
145
18
143
63
57
64
10
146
76
142
94
161
136
164
180
148
138
158
79
179
165
98
141
40
127
48
172
-5
169
51
14
175
-35
228
11
107
83
3
146
81
128
94
71
81
120
99
142
105
131
37
109
58
20
110
66
143
69
102
115
79
105
5
106
169
111
278
73
199
116
172
238
43
303
122
214
346
177
217
235
160
182
217
123
20
157
7
35
137
-144
148
-124
-8
-85
-133
-65
-144
5
-128
-63
-59
-88
-87
-49
-90
-99
-39
-183
-18
-47
-109
-75
16
-144
63
-29
-63
66
-141
27
-114
46
-75
-8
-58
-29
-133
-49
-24
-133
114
-122
50
83
-10
54
53
-46
74
26
71
77
90
101
-58
126
-19
-1
81
40
-79
11
22
-58
112
13
-39
51
-55
-22
14
16
4
140
-15
108
-45
63
-59
35
218
-76
298
91
69
171
122
62
263
11
208
146
27
57
-74
-70
-60
6
-157
37
-147
-12
-141
-43
-121
-22
-69
-121
53
-244
60
-9
-33
-27
-10
-98
58
2
-65
55
-147
21
-217
-7
-13
-225
-26
-60
-249
-25
-182
-244
61
-250
-121
20
-255
-88
-147
-1
-78
-54
37
-31
0
68
-54
19
52
54
-91
165
27
14
221
-25
162
31
-2
137
-130
158
168
57
406
-20
251
217
131
164
247
102
270
94
94
198
-13
140
62
-24
92
-72
44
13
-24
-102
-219
-55
-203
-190
-44
-143
67
15
18
-7
131
14
56
44
-41
351
-174
446
119
78
243
14
194
6
123
126
-138
263
-60
-206
409
-312
227
-7
-125
4
-249
5
-201
-235
7
-247
28
-46
9
-246
158
105
-311
512
-209
88
206
-21
282
-4
317
22
-27
413
-419
320
-30
-15
165
-105
204
-244
349
-76
-29
302
-182
210
-5
148
184
10
302
-159
197
-150
219
-85
113
179
-126
245
-53
142
-1
137
-56
215
39
97
53
142
72
12
229
49
195
133
217
162
108
322
21
338
206
152
236
283
197
102
210
54
128
42
221
-22
55
257
-231
252
-46
-23
201
26
195
116
206
112
17
152
1
155
131
38
213
-55
165
-26
36
-23
138
-70
370
-156
165
218
-338
466
-241
142
127
-144
13
-96
-6
-212
119
-190
6
-76
-168
63
-339
156
-263
82
-63
-110
59
-235
-9
-156
28
-210
66
-150
56
-191
-229
-177
-356
-184
-257
-150
-188
-48
-302
71
-315
-177
-27
-159
33
-87
-23
-57
99
-25
-26
71
24
205
-118
453
-148
-79
437
-458
136
144
-532
321
-268
-235
232
-507
125
-403
-74
-119
-323
9
-353
-362
88
-468
-127
-71
-403
-216
-235
-258
-335
-138
-423
-348
-353
-245
-442
-299
-296
-395
-339
-217
-555
-172
-524
-228
-620
-91
-559
-345
-15
-735
182
-357
-253
-67
-341
-419
6
-619
147
-500
-185
-110
-499
93
-670
-75
-196
-380
-186
-32
-574
6
-357
-411
26
-371
23
-398
21
-240
-293
36
-122
-265
232
-392
-68
56
-234
185
-75
41
55
-41
76
96
-330
437
-369
92
239
-478
276
-156
-218
96
51
-331
544
-447
473
-136
124
310
-304
814
-449
651
81
25
545
-277
683
-110
104
767
-719
1004
-344
10
608
-512
855
-268
413
451
-339
812
-176
111
464
-294
437
-136
167
212
-127
449
-65
97
471
-392
681
45
204
421
121
489
53
602
-93
437
210
147
415
272
53
374
367
-240
914
-233
362
489
-25
433
181
270
3
270
276
-157
473
180
-19
277
90
29
127
60
4
238
-29
408
-261
455
119
-348
576
-295
306
13
143
249
-277
495
-366
98
258
-339
510
-94
209
-235
406
-274
-117
315
-398
267
67
-151
250
-14
-113
292
-196
27
183
-204
109
22
-3
-216
410
-406
141
-42
-204
24
28
-81
-107
468
-493
501
-160
24
463
-194
295
368
-315
745
-166
-34
616
-585
224
264
-310
118
-173
-101
-171
-75
38
-617
287
-380
-497
494
-651
-150
76
-513
-210
-81
-578
46
-193
-499
152
-440
-141
-92
-596
161
-501
-295
160
-790
330
-699
-45
-512
-301
-433
-218
-375
-91
-34
-491
142
-515
125
-291
49
8
-90
-138
-20
-298
-28
-494
173
-593
88
-495
-331
-133
-545
-129
-353
-421
-168
-475
-483
1
-804
216
-815
-175
-317
-262
-464
63
-660
5
-166
-633
540
-935
255
-274
-59
78
-10
-118
185
-236
-406
504
-623
152
-115
-243
125
-510
-70
-51
-585
131
-379
-24
193
-911
700
-571
-560
310
-503
-459
72
-394
-578
492
-1005
446
-381
-473
402
-852
482
-457
-219
323
-222
-176
614
-675
518
-42
-309
626
-347
408
-48
201
154
-105
371
-67
88
90
-104
114
44
23
319
-88
124
89
-173
81
21
-349
696
-689
363
268
-617
876
-284
9
974
-914
1258
-551
273
527
-690
1162
-698
642
198
-547
1314
-754
252
979
-1355
1524
-759
335
759
-861
1364
-851
554
365
-789
1825
-1072
902
369
-549
1004
-802
1001
-198
221
1124
-892
1255
-216
-464
1361
-1317
1208
-310
28
579
-587
988
-501
721
182
-209
883
-490
346
445
-489
928
-470
444
428
-940
1439
-833
240
947
-1159
1262
-758
146
765
-1090
1215
-606
-19
798
-1244
1484
-1012
701
55
-371
903
-1059
1226
-840
358
649
-1272
1656
-1062
104
689
-1197
1200
-768
388
226
-808
995
-1076
664
-195
-184
387
-624
949
-1271
1087
-396
-838
1410
-1913
1050
-329
-805
1039
-1477
857
-1103
-150
241
-1287
942
-940
-56
195
-734
653
-912
1103
-1175
496
363
-1462
1657
-1429
322
205
-1070
925
-821
334
-111
-539
331
-979
588
-779
191
-203
-272
468
-713
282
-571
-161
-50
-738
847
-1125
247
-165
-870
916
-1071
286
-27
-639
467
-727
783
-571
61
259
-1010
819
-1072
765
-344
-206
547
-694
348
-551
-208
-301
-52
139
-461
343
-338
-223
82
-22
-446
460
-663
641
-819
557
-310
-571
1017
-1596
1268
-456
-10
739
-622
637
-208
-613
1035
-1145
596
-278
-57
53
-528
268
-899
52
204
-848
473
-398
-1073
941
-1061
348
-388
127
-278
-169
666
-700
376
297
-341
332
512
-798
880
-382
241
328
-357
818
-765
678
-37
-822
1548
-1502
862
21
-733
887
-1219
1173
-895
75
731
-1142
1037
-626
487
94
-285
711
-914
1188
-332
66
373
17
57
78
475
-66
-172
356
184
-586
899
-544
-301
541
-211
-1
563
207
-484
559
126
-203
369
669
-813
847
176
-248
669
-42
344
-333
944
-300
-131
772
-992
1052
-489
597
578
-833
1481
-1551
1337
-426
37
996
-1081
1300
-841
641
165
-391
930
-564
765
5
-141
496
-572
503
-141
85
296
-358
528
-205
104
157
103
269
-65
188
-183
198
115
433
-357
405
173
-108
570
293
-447
984
-516
450
411
-133
743
-658
1146
-866
611
92
-187
318
-244
88
-352
244
-97
-242
367
-416
-396
67
-925
312
-650
-205
257
-737
335
-398
-782
280
-1009
393
-324
-494
777
-1026
378
-55
-511
244
-277
374
-467
741
-501
-508
750
-1663
882
-450
-468
611
-1008
806
-966
165
-73
-589
394
-317
194
-590
529
-789
260
-238
-601
42
-488
140
-395
344
-311
-215
158
-423
-868
376
-877
66
194
-898
242
-798
-98
284
-668
395
-672
292
126
65
-206
-22
-316
-68
203
-431
523
-280
252
146
-195
-69
107
-554
715
-58
-191
659
-521
-48
-111
-65
-234
317
-36
118
104
-257
59
-321
1057
-1128
871
-220
-1032
1552
-1458
796
-542
387
498
-858
1383
-1652
1168
-749
58
706
-666
870
-378
173
954
-1089
1421
111
-1215
1559
-1608
1185
-319
358
242
160
226
-158
433
458
-566
1197
-66
139
702
-768
1421
-1265
1758
-924
111
984
-880
902
-406
295
-404
694
-300
39
62
-34
-204
415
-159
-843
846
-1081
946
-61
-310
799
-820
472
126
-429
734
309
-82
1031
-790
671
-384
784
355
-156
1374
-1317
1441
-52
-473
1453
-1075
949
886
-787
2424
-1300
1568
-172
-118
715
-189
946
-403
1044
239
106
1380
-784
865
83
-798
1329
-788
1014
-366
719
220
-21
1025
-272
148
458
-371
329
856
-287
275
-9
-367
-436
824
-609
468
989
-1137
551
-851
697
-962
1505
-782
37
678
-898
1009
-1064
845
-1369
1870
-1282
977
-739
-275
-110
-297
1311
-1214
1364
-1047
192
-488
411
-519
-421
176
-826
-10
353
-944
418
-376
-142
-44
-226
263
-846
758
-288
-641
599
-1106
833
-66
-870
954
-556
-174
4
-615
-598
435
-1278
1065
-924
291
-537
-193
181
-924
811
-1033
101
-15
-1215
829
-971
551
-720
-680
309
-701
-524
820
-1739
1166
-1641
462
908
-2307
2706
-3203
1107
-686
-1275
1846
-1786
714
-635
-266
327
-1486
358
-1194
103
387
-735
142
60
-1798
1198
-662
103
359
-479
32
-343
365
-813
809
-1375
29
-143
-304
768
-561
-454
290
-1403
680
-1120
664
-853
267
-48
-909
991
-2475
1597
-586
-157
439
-803
579
-798
489
-1123
-90
-95
215
1012
-267
-110
-969
232
-592
-431
51
251
27
1423
185
-158
876
-1120
23
283
-462
827
515
126
412
-512
-318
192
-551
965
-567
232
196
115
-483
-534
-359
-867
-11
291
631
95
-36
173
325
-266
42
-53
490
3
390
-98
1220
-116
-542
1032
-519
75
924
-233
478
492
-499
181
510
-535
117
755
19
796
318
169
663
-259
956
15
125
918
-364
341
580
-324
-56
580
-50
460
483
-183
335
225
9
-163
124
-158
-563
375
-197
2
382
107
-88
-16
-242
-100
195
512
-65
-78
198
-216
536
163
275
390
391
391
-125
435
-343
203
697
-105
728
68
412
396
-162
530
-223
461
754
198
866
289
350
629
265
301
376
558
813
647
727
102
-105
261
-342
-132
-89
-273
319
-305
-53
-772
-1215
-1102
-1397
-1091
-1164
-1058
-1262
-1053
-1578
-1692
-2047
-2139
-2239
-1732
-1573
-1712
-1208
-1931
-1788
-2238
-2616
-2453
-2391
-2471
-1921
-1895
-1767
-949
-505
490
769
1882
2136
2241
3024
2587
3557
3671
4261
5279
5094
5692
5225
4860
4494
3401
3311
2581
2349
2064
1713
1163
110
-475
-1439
-1927
-2561
-2791
-2563
-2475
-2284
-2263
-2221
-2238
-2137
-2008
-1522
-404
551
1809
2032
2878
3469
3371
4222
3917
3996
3960
3476
3542
3116
3074
2526
1583
1067
191
-235
-1086
-1235
-1676
-2752
-2460
-3249
-3266
-3608
-4387
-4412
-4631
-4576
-4373
-4129
-4067
-4163
-4496
-4455
-4819
-4746
-4666
-4742
-5099
-5546
-5602
-6991
-6531
-4703
-2766
438
2386
3726
4699
2789
1827
2469
3451
5642
7698
10514
11478
11047
9650
7559
6484
4250
3319
4082
3440
4087
2941
1408
-219
-3952
-5297
-7144
-7033
-6148
-5522
-3755
-3729
-4383
-4707
-4997
-4854
-4273
-2732
-817
1286
2947
3884
4504
4227
3524
3404
2925
4007
4588
5008
5503
4220
3596
1870
426
-662
-1335
-1239
-1471
-1285
-1207
-1647
-1833
-2326
-1906
-1936
-583
1303
2511
4092
4416
4226
3578
2946
2661
2890
3500
3923
3798
3538
2115
589
-1191
-2581
-3459
-4145
-4164
-4671
-5047
-5943
-6924
-8239
-9336
-9666
-9455
-8772
-7716
-6637
-6115
-5994
-6012
-6372
-6712
-6228
-6579
-4102
521
4826
10032
10728
10803
8980
5614
4486
4854
8518
11740
13959
15529
13772
10708
5834
1689
-394
-2037
-1020
-636
114
-147
-2603
-4833
-8667
-11331
-12047
-11257
-8284
-5521
-2687
-685
-829
-1681
-2838
-2585
-1301
629
3551
5370
7490
8222
7430
6069
4095
2444
1491
994
1902
2896
3433
2429
339
-1870
-4165
-4902
-5654
-4007
-3005
-1445
-220
-327
50
52
446
1857
3493
5473
7838
8580
8211
6617
5129
3705
2806
2455
2452
2826
2436
1173
-602
-3111
-4717
-6132
-6695
-6283
-6127
-5417
-6236
-7351
-7933
-8829
-8743
-8708
-7619
-6303
-4927
-3627
-4018
-3584
-4463
-5456
-5549
-6304
-5083
-1366
3527
9075
11474
10522
8975
5041
1809
1198
3754
8721
12062
13892
13104
10288
5375
-134
-2985
-4163
-3050
-1399
-400
384
-1590
-3750
-6856
-10323
-11155
-10364
-7079
-3227
-573
1544
2106
706
-924
-1887
-776
1307
3887
5798
7367
7765
7173
5155
1886
-257
-1525
-1910
-1644
-238
1031
1117
-747
-3283
-5221
-6681
-6300
-5068
-2851
-148
1695
2488
1876
1294
663
928
2852
6056
8691
11168
10932
9042
5897
2441
601
59
686
2038
2799
2567
608
-2342
-5076
-7035
-7274
-7023
-5435
-4496
-3751
-4383
-5508
-7105
-7995
-8083
-7565
-6302
-4596
-2833
-2356
-2683
-3668
-4960
-5823
-6659
-6823
-6161
-5000
-372
5112
9766
11232
8668
5765
2342
113
1346
6001
12031
14958
14985
12450
8097
3332
-1646
-3324
-2413
-717
1344
1534
833
-1704
-5408
-8279
-10894
-10991
-8433
-4570
-768
610
1365
792
-859
-2581
-2661
-504
2006
4842
6094
7003
6709
4900
2324
-450
-2146
-2358
-1804
-720
-205
319
-550
-3275
-5839
-7448
-7467
-6361
-3937
-1357
733
2236
2124
1501
689
441
1962
4824
7891
10490
12081
11935
9773
6656
4316
2682
2963
3558
4426
5079
3918
1834
-1274
-4414
-6122
-6482
-5762
-4935
-4249
-3795
-4889
-6568
-8666
-9729
-9413
-8760
-7594
-5889
-4444
-4069
-4537
-5055
-6004
-6858
-7440
-7003
-6109
-5196
-4461
-2303
2819
7303
9906
8918
7268
5974
4083
3992
6780
11812
15391
15144
13381
10221
7044
3392
562
831
1588
2390
1296
-494
-2642
-4874
-6445
-8486
-9499
-8762
-6732
-4387
-3107
-2420
-1614
-1273
-1858
-2437
-1221
1076
2906
4337
4554
4837
4456
2956
1397
-660
-1683
-1799
-1330
-983
-817
-802
-2033
-4024
-5831
-6396
-4924
-2591
-683
1033
1701
2503
2373
2264
3192
4569
6616
8005
8811
10075
10423
9860
8281
6067
4316
2651
2154
1420
1247
604
-989
-2861
-5429
-6837
-7751
-7843
-7501
-7109
-6442
-6497
-6731
-6940
-7101
-7478
-7077
-5997
-4543
-3333
-2385
-1615
-1622
-2160
-3179
-3259
-3295
-3109
-3359
-4541
-4776
-6292
-4915
165
5659
10701
10064
7772
5480
2113
1567
3221
8485
13622
15750
15270
11922
8782
4681
904
-1446
-2172
-602
-100
-847
-2427
-4279
-6043
-9250
-11951
-12419
-10095
-6693
-4377
-2466
-1096
-199
-490
-2020
-1605
278
2988
4697
5166
5826
6012
5302
2922
1288
496
35
-192
-485
-447
-612
-1510
-2471
-4031
-4641
-4631
-4021
-2572
-1293
569
1778
2206
2606
2820
3492
4376
5638
6783
7394
7605
8000
7609
6722
4667
3134
1920
744
857
34
10
-1075
-2919
-4559
-6110
-6345
-6164
-5948
-5268
-4724
-4049
-3810
-4210
-4588
-4730
-4506
-3670
-2558
-1396
-538
-417
-1259
-2315
-2807
-3711
-4179
-4808
-5191
-5613
-6240
-6746
-6800
-3713
1783
6743
9184
7880
6674
4789
3081
3778
6772
12230
15672
15650
12936
8736
5262
1973
-450
-1948
-2243
-1380
-2689
-4680
-6708
-7631
-8664
-11294
-12691
-11608
-8410
-4508
-1806
659
2179
2569
2137
1935
3440
5590
8065
8753
8306
8151
8225
7492
5573
2903
816
-1136
-3000
-3771
-3614
-3476
-3916
-5391
-7103
-8366
-8262
-6668
-4765
-2921
-1011
752
2257
3137
3773
4940
6170
6983
7442
8514
9669
10498
10482
8972
6698
4329
2174
701
-218
-471
-955
-2063
-3847
-5234
-5935
-6432
-6750
-6931
-6410
-5811
-5606
-4928
-3871
-3215
-2872
-3206
-3441
-2778
-2372
-1625
-1214
-914
-857
-1873
-2546
-3852
-4684
-6040
-7007
-7845
-8297
-7646
-3855
2684
7757
9679
8231
5895
2876
544
1493
5984
11573
15573
15991
13643
9005
4561
1952
449
-340
-684
-404
-1789
-4332
-6145
-6044
-5914
-7937
-10146
-10008
-7601
-4791
-2521
-254
1566
1556
371
-678
84
2651
5441
6797
6734
6348
6077
4919
2973
1199
207
-1243
-2683
-3026
-2968
-2632
-2789
-3439
-4791
-6492
-7058
-5795
-3840
-1645
758
2857
3519
3026
3168
3940
5285
6441
7467
8350
8944
9453
9288
7859
5314
2603
725
-1032
-1518
-780
-348
-1356
-3829
-6141
-7845
-9026
-8881
-7595
-5716
-4715
-4575
-4376
-4495
-4470
-4592
-3989
-2864
-1935
-848
-16
357
530
-54
-1046
-2360
-3302
-4028
-4624
-5033
-5545
-5726
-6646
-7827
-5465
-754
4377
7426
7749
7283
4865
1682
1355
4302
9274
13631
15850
15428
11894
7878
4356
2487
948
-571
-856
-1735
-3096
-3747
-3497
-3535
-5450
-8406
-10843
-11608
-9935
-6487
-2437
788
2342
2458
1014
-312
151
2384
5099
6621
7413
7823
7562
6290
4105
2271
531
-1253
-2494
-3359
-2962
-2249
-1943
-2926
-4948
-6650
-8015
-8143
-6701
-3682
-288
2040
2850
2717
2769
3028
3991
5581
7747
10246
11504
11822
11317
9848
7380
4190
1520
-227
-917
-1342
-1384
-1769
-2794
-4945
-7647
-9614
-10152
-9014
-7587
-6364
-5207
-4052
-3853
-4146
-3708
-2754
-1733
-1017
-507
391
1257
1751
1833
1407
-57
-1741
-3797
-5343
-6336
-6340
-5694
-6228
-6479
-4261
239
4305
6037
6202
5417
2806
43
9
3615
8792
13208
15491
15246
12227
8450
5501
3802
2439
1774
1750
1021
-520
-1608
-975
-1189
-3462
-6862
-9838
-11573
-12001
-10418
-6628
-2637
-378
-218
-1599
-3688
-4250
-2832
-333
1438
3041
4719
5276
5301
4868
4631
3480
1032
-1113
-2473
-2460
-1219
660
1457
450
-1228
-2894
-4175
-4584
-3594
-1625
191
878
1649
2564
3684
4933
6033
6759
6709
6638
6486
6275
6163
6286
6108
4706
2304
-136
-1996
-2956
-3656
-4535
-4790
-5436
-6296
-7132
-7672
-7129
-6780
-5986
-5268
-4526
-3595
-2983
-2441
-1885
-1110
-443
250
773
888
1183
1154
640
-425
-1317
-2050
-2815
-3619
-4112
-4116
-4533
-5190
-4433
-2217
813
3109
4144
4853
4011
2719
2002
3091
6104
9501
12496
13379
12290
10521
8507
7009
5305
3886
2257
-118
-2372
-4414
-4236
-3760
-4335
-5842
-8640
-11457
-13906
-14922
-13783
-11092
-7948
-5286
-3899
-3284
-2978
-2205
-1485
-423
1387
3389
5458
6744
7978
9154
9798
9748
8956
7748
5959
4123
3274
2843
2698
2486
1670
467
-1364
-2981
-3940
-4682
-4739
-4661
-3983
-3092
-2133
-811
491
1710
2495
3156
3931
3959
3781
3307
3033
2928
2533
2655
2623
2241
1090
-698
-2277
-3812
-4821
-5147
-4973
-4288
-3400
-2782
-2705
-3090
-3383
-3198
-2761
-2273
-1459
-493
-62
-26
-171
97
652
554
120
-466
-1283
-2170
-3037
-3594
-3744
-3762
-3870
-3103
-1433
573
2268
3329
4155
3761
2480
1819
1904
3110
5075
7388
9159
9263
8582
7239
6319
4765
2869
1495
-304
-2192
-4001
-4632
-4256
-3960
-4377
-5476
-7142
-9013
-10564
-10490
-9087
-7383
-5652
-4369
-3492
-2434
-815
1136
3001
4315
4937
5313
5335
5502
6526
8156
9512
10279
9599
7860
5823
3541
1486
-47
-232
130
-2
-568
-1173
-1574
-2175
-3247
-4070
-4755
-5144
-5150
-4375
-2484
-177
1884
2766
2647
1798
976
737
771
1648
2626
3176
3117
2606
2511
2104
1506
890
83
-855
-2215
-2845
-2972
-3606
-4079
-4153
-3815
-3872
-4002
-3685
-3400
-3387
-3645
-3039
-2322
-1447
-303
1280
2187
2034
1706
842
21
-981
-1406
-1189
-1234
-1736
-2404
-2460
-1609
-259
916
1536
1748
1627
534
-627
-839
370
1862
2581
3312
4008
4308
4382
4073
3740
2749
1087
-893
-2822
-3669
-3221
-2190
-1694
-1886
-2579
-3623
-4931
-6098
-6250
-5068
-3965
-2994
-2435
-1501
-153
1129
2257
2896
3575
4006
4016
4130
4628
5397
6018
5992
5341
4609
4153
3571
3053
2446
1704
749
-503
-1915
-2915
-3086
-2744
-2121
-1706
-1682
-1674
-2005
-2553
-2956
-2782
-1983
-753
696
1989
3136
3682
3176
2019
841
-191
-403
22
875
1418
1599
1408
353
-1292
-2947
-3462
-3053
-2733
-2208
-1680
-761
-94
-149
-177
95
497
277
231
713
2022
2857
2877
2401
2064
1757
825
57
-577
-1383
-2419
-3575
-4258
-4671
-4777
-4852
-4753
-4333
-3793
-2763
-1840
-1049
-785
-989
-1286
-1460
-726
485
2214
3889
5016
5248
4783
4370
3650
2904
1953
1098
318
-263
-458
-213
443
864
1019
618
-494
-1667
-2222
-2131
-1690
-1047
-350
326
728
997
1424
1907
2228
2163
1498
352
-334
-544
-8
866
1776
2550
2531
1677
635
110
-334
-838
-1330
-1442
-1101
-674
-194
17
13
-503
-1677
-2781
-3392
-3044
-2277
-1344
-376
642
1298
1267
915
549
515
624
774
964
1720
2793
3333
3546
3185
2863
2324
1670
1465
1433
1808
1877
1641
1038
598
607
468
188
-148
-250
-557
-1193
-1700
-1778
-1792
-1785
-2160
-2869
-3334
-3894
-4003
-4135
-3933
-3721
-3961
-4651
-5755
-6561
-7148
-7369
-6679
-5146
-2858
-977
721
2005
2193
1760
1055
946
1275
2072
3439
5466
7248
7879
7993
7705
6940
5493
3857
2674
1721
912
428
845
1151
1020
310
-988
-2540
-4411
-5720
-6350
-6308
-5829
-5023
-3873
-2862
-2109
-1626
-1302
-1210
-1330
-1356
-1170
-551
555
2237
3746
4495
4649
4090
2835
1574
739
554
501
509
516
433
113
-408
-477
-568
-675
-923
-1431
-2078
-2149
-1289
-289
541
1440
2255
2558
2380
2212
2547
2856
2785
2488
2388
2560
2609
2896
3298
3384
2956
2146
851
-316
-977
-897
-521
-364
-273
-556
-1039
-1922
-2450
-2599
-2607
-2643
-2804
-2610
-2611
-2712
-2816
-3039
-3315
-3874
-4040
-3945
-3840
-3544
-3235
-3374
-3885
-4691
-4965
-5118
-4799
-3528
-1326
1165
2470
3563
4030
3816
2932
1993
2371
3448
5010
6920
8647
9557
9158
7938
6062
4065
2487
1248
212
-696
-984
-1121
-1405
-2228
-3391
-4633
-6277
-7708
-8393
-7888
-6765
-5534
-4176
-3242
-2313
-1519
-755
-162
464
1229
1644
1939
2180
2924
3638
4101
4264
4109
3880
3336
2765
2144
1751
1263
881
290
-128
-233
-401
-355
-683
-734
-854
-1126
-1258
-1323
-1049
-421
395
1297
1914
2311
2526
2556
2574
2331
2378
2437
2465
2752
3091
3344
3092
2566
1927
653
-672
-1482
-1617
-1393
-1348
-1191
-1107
-1522
-2110
-2592
-2769
-2792
-2855
-2701
-2520
-2568
-2163
-1581
-1177
-882
-707
-672
-1186
-1674
-1818
-1755
-1758
-2115
-2264
-2628
-3057
-3273
-3406
-3566
-3657
-3110
-1739
-348
458
1166
1221
844
80
-194
742
1807
3402
4507
5014
4941
4221
3546
2564
1574
474
-451
-1185
-1722
-1564
-1072
-591
-876
-1674
-2861
-4410
-5432
-5540
-4633
-3414
-2052
-559
268
563
641
991
1252
1168
1329
2170
3497
4638
5885
6936
7342
6478
4840
3201
1873
918
653
881
1085
902
234
-682
-1796
-2937
-4160
-5221
-5574
-5257
-4545
-3458
-2078
-670
71
38
101
625
1482
2310
3238
4440
5381
5817
5935
6201
6593
6511
5623
4323
3007
1966
1132
440
61
-142
-420
-1010
-1514
-1745
-2013
-2289
-2451
-2426
-2357
-2186
-1903
-1588
-1328
-1138
-842
-926
-1184
-1576
-1972
-2564
-3427
-4462
-5190
-5905
-6764
-7422
-8176
-8297
-8825
-9132
-9463
-8988
-7363
-4869
-1843
-107
1335
1997
2457
2660
3296
5623
8148
10148
10845
10432
9740
8428
7279
6367
5502
4149
2073
-81
-1627
-2249
-2565
-2921
-4105
-5598
-7012
-7901
-7697
-6309
-3980
-1959
-573
237
794
1512
2204
2879
3370
3888
4384
4847
5571
6018
6053
5191
3233
820
-1440
-2791
-3260
-3152
-2705
-2432
-2875
-3842
-4965
-5756
-5947
-5674
-5021
-3907
-2451
-717
1177
2583
3748
4250
4524
4733
5332
6790
8195
9436
9933
9486
8461
7264
6390
5619
5080
4683
4021
2837
1310
102
-540
-969
-1576
-2282
-2748
-3458
-4266
-4578
-4331
-3983
-4015
-4249
-4307
-4337
-4416
-4125
-3684
-3595
-4217
-4724
-4939
-4954
-4833
-4704
-4709
-5189
-5573
-5759
-5659
-5161
-4957
-4644
-5215
-5764
-5863
-4799
-2253
897
4123
5723
6262
5624
4821
4327
4785
6535
8376
9744
10009
9218
7771
5835
4537
3820
3040
2025
863
64
-623
-1191
-1589
-2129
-3327
-5034
-6347
-6482
-5447
-3603
-1827
-678
-661
-1476
-2304
-2764
-2276
-1219
268
1772
2858
3708
3972
3626
2747
1385
-26
-1040
-1102
-97
1198
2060
1974
996
-751
-2602
-3725
-3586
-2537
-1272
-166
861
1645
2518
2999
3246
3245
2840
3390
4181
5982
7922
9569
10239
9046
7507
5647
4313
3662
2945
2599
2115
1148
-17
-1393
-2564
-3430
-4486
-5209
-5500
-5255
-4743
-4485
-4284
-4287
-4581
-4859
-4720
-4223
-3378
-2632
-2074
-1610
-1590
-1770
-1870
-2066
-2174
-2780
-3090
-3451
-3851
-4103
-4629
-4903
-5562
-6256
-6872
-7073
-6972
-6450
-5855
-3729
-515
3058
5598
6434
6483
5838
5676
5831
7284
9337
11141
12058
11293
9624
6989
4284
2132
298
-1106
-2528
-3983
-5248
-6300
-7169
-8215
-9260
-10302
-10585
-9771
-7900
-5366
-3089
-1248
-132
519
1289
2550
4287
5969
7017
7474
7474
7092
6348
5376
4362
3105
1650
354
-553
-1152
-1764
-2589
-3674
-4718
-5499
-5592
-4759
-3293
-1582
-286
651
1273
1775
2442
3505
4780
6073
6882
7463
8021
8431
8586
8034
6875
5069
3199
1774
962
546
227
-359
-1182
-2404
-3813
-4939
-5604
-5727
-5291
-4445
-3383
-2476
-2012
-1763
-1740
-1650
-1527
-970
-165
506
719
384
-64
-447
-859
-1334
-1925
-2462
-3351
-4273
-4854
-5406
-5515
-5870
-6021
-6151
-6446
-6225
-6190
-5754
-5589
-5345
-4751
-4344
-1838
1567
5603
8516
8503
7932
5871
4578
4339
5368
7707
8843
8739
6979
4128
1003
-1641
-3001
-3277
-3169
-3438
-3754
-4429
-5168
-5426
-5780
-5652
-5178
-4117
-1855
511
2876
4509
5051
4927
4188
3755
4195
5145
6129
6371
5756
4509
2638
735
-932
-2192
-3054
-3547
-3652
-3352
-2924
-2936
-3386
-4179
-4557
-4188
-3202
-1339
915
2961
4198
4545
4591
4565
4725
5161
6226
7636
8327
8395
7515
6788
5853
4971
4427
3418
2820
1893
889
-54
-1101
-1673
-2321
-3089
-3528
-3399
-2927
-2542
-2465
-2302
-2363
-2531
-2484
-1968
-1018
-51
646
1002
822
286
-394
-947
-1091
-979
-810
-1021
-1656
-2798
-3933
-4475
-4822
-4750
-4614
-4705
-4496
-4854
-4833
-4664
-4544
-4359
-5049
-5259
-5322
-5146
-4268
-3680
-1560
985
3842
5765
5137
4290
2782
2193
2278
3061
5002
6318
6670
5557
3421
1139
-902
-2120
-2460
-2211
-1775
-1554
-1856
-2582
-3270
-3991
-4399
-4074
-2966
-953
946
2368
3154
3079
2635
2133
2094
2532
3100
3654
3733
3296
2219
924
-295
-1277
-2071
-2453
-2070
-1516
-1089
-1262
-1858
-2308
-2533
-2073
-798
810
2401
3326
3700
3775
3864
4040
4214
4511
4898
5116
5383
5192
5005
4477
3338
2185
724
109
-27
-33
224
-21
-571
-1717
-2961
-3561
-3535
-2966
-2009
-1277
-823
-704
-674
-324
-76
358
880
1141
1304
1413
1327
1186
769
161
-506
-1291
-1783
-2000
-2135
-2505
-3315
-4225
-5258
-6207
-6894
-6869
-6330
-5917
-5607
-5674
-5572
-5534
-5295
-5138
-4539
-3811
-3350
-3105
-3146
-2862
-2161
-429
1773
4177
5094
4593
3195
1529
1081
991
1895
3135
3767
3731
2781
1395
174
-850
-1098
-631
230
1402
1766
1539
818
22
-441
-233
582
2018
3409
3927
3688
2611
1524
633
155
541
1504
2268
2266
1391
253
-991
-2176
-2755
-2649
-1745
-624
304
864
1085
976
580
-34
-281
345
1654
3233
4387
4903
4749
3970
3016
2245
1967
2064
2405
2512
2668
2894
2406
2043
1510
1392
1778
1714
1812
1862
1559
1413
817
471
407
257
735
1321
1925
2053
1336
365
-741
-1457
-1490
-1103
-714
-672
-930
-1464
-2080
-2597
-2766
-2471
-2226
-1956
-1589
-1763
-1827
-2292
-2594
-2665
-2616
-2473
-2457
-2574
-2628
-3125
-3790
-4534
-4976
-4821
-4991
-4805
-4740
-4601
-4921
-5331
-6015
-6059
-5910
-5411
-3213
-514
2966
4671
4421
3653
2429
2626
3561
4991
7289
8686
8966
8277
6154
4478
2871
1824
1555
1371
1448
1110
297
-871
-2085
-3411
-4165
-4419
-3886
-2496
-1409
-602
-503
-955
-1188
-1296
-982
216
1558
2724
3091
2921
2577
1984
1510
1249
1443
1628
1627
1375
1168
867
422
-64
-586
-723
-592
-47
683
1095
1191
1024
656
378
502
1177
2150
2691
2828
2926
2796
2538
2188
1910
2305
2315
2216
2133
1836
1688
1036
199
-393
-945
-1152
-1052
-781
-669
-1067
-1661
-2223
-2783
-3057
-2869
-2422
-1920
-1735
-1703
-1695
-1650
-1589
-1486
-1244
-916
-579
-439
-673
-1118
-1548
-1991
-2454
-2758
-2974
-2922
-3111
-3427
-3891
-4525
-5085
-5769
-5981
-6229
-6087
-5596
-5371
-5084
-5498
-5646
-5410
-5167
-4219
-2491
-399
2388
4001
4766
5245
4593
4437
4446
4702
6010
6907
7420
7478
5980
4287
2489
897
453
291
494
440
-400
-1362
-2221
-2852
-3132
-3192
-2801
-1739
-797
137
731
846
893
846
1084
1843
2790
3727
4154
3859
3338
2691
2189
1802
1339
1049
724
491
353
133
-236
-892
-1508
-1825
-1798
-1275
-337
516
1195
1602
1837
2005
2051
2190
2614
2932
3320
3690
3852
4296
4123
3840
3277
2445
2181
1185
938
514
-9
-67
-781
-1157
-1581
-1857
-1866
-1747
-1464
-1218
-1029
-828
-380
-74
-34
-160
12
191
357
403
378
184
-250
-685
-1071
-1115
-1559
-2079
-2758
-3435
-3981
-4521
-5056
-5520
-6049
-6485
-6745
-6749
-6678
-6241
-5865
-5106
-4679
-4170
-3728
-3492
-3017
-2734
-2243
-1688
-1139
-660
-164
966
2458
4336
5627
5734
5476
4115
3383
3124
3546
4963
5614
5681
5437
4212
3202
2083
1301
1159
1008
1072
1355
1428
1128
515
-210
-911
-1392
-1467
-722
135
710
1072
1037
661
-55
-644
-791
-566
-191
390
1168
1746
1675
1138
255
-584
-1084
-1023
-230
965
1990
2474
2306
1800
1315
1100
1218
1790
2508
3221
3621
3629
3317
2792
2273
1759
1433
1334
1539
1740
1716
1417
991
383
-76
-275
-257
41
127
-33
-282
-868
-1327
-1673
-1959
-1846
-1621
-1221
-1037
-1259
-1531
-1895
-2167
-2249
-2205
-1893
-1725
-1617
-1588
-1637
-1782
-2145
-2592
-2999
-3303
-3452
-3504
-3478
-3589
-3895
-4259
-4673
-4945
-4940
-4658
-4122
-3456
-2807
-2392
-2226
-2106
-2122
-1861
-1552
-1230
-790
-670
-535
-454
-633
-807
-1182
-1512
-1304
-791
364
1831
2609
3115
2747
1937
1666
1571
2226
3222
3928
4706
5139
4906
4503
3810
3209
2907
2727
2843
2931
2766
2249
1487
628
-107
-614
-1209
-1633
-1901
-1951
-1748
-1658
-1605
-1494
-1524
-1597
-1518
-1091
-295
574
1238
1767
2269
2704
3041
3288
3464
3727
3841
3779
3830
3883
3958
3792
3259
2699
1960
1182
503
14
-289
-645
-1064
-1459
-1684
-1850
-1848
-1837
-1603
-1124
-545
-34
463
658
701
533
139
178
405
584
632
432
53
-346
-921
-1483
-1762
-1854
-1974
-2156
-2277
-2249
-2253
-2523
-2840
-2975
-3006
-2879
-2465
-1933
-1368
-1053
-953
-872
-848
-751
-542
-383
-212
-71
46
146
120
28
-120
-379
-591
-623
-525
-445
-446
-556
-742
-843
-869
-537
-58
246
417
382
193
-136
-393
-639
-925
-1181
-1238
-1122
-851
-513
-127
-88
-445
-805
-1048
-1067
-820
-420
202
898
1357
1678
1894
2086
2396
2715
2972
3156
3250
3291
3239
3142
3186
3384
3503
3473
3227
2964
2679
2128
1483
889
588
498
427
474
415
179
-185
-687
-997
-1110
-1083
-840
-525
-129
367
584
519
227
-60
-159
-157
112
359
500
370
110
-347
-850
-1268
-1523
-1636
-1747
-1651
-1329
-1098
-1167
-1359
-1551
-1652
-1705
-1504
-994
-448
-198
-204
-316
-444
-456
-426
-233
-80
63
63
-147
-422
-698
-872
-949
-934
-716
-520
-544
-531
-576
-514
-484
-534
-379
-281
-240
15
375
775
915
743
467
172
28
157
534
910
989
826
498
61
-324
-597
-770
-994
-1215
-1451
-1499
-1562
-1806
-2099
-2484
-2885
-3199
-3293
-3006
-2477
-2099
-1957
-1849
-1604
-1141
-582
-114
337
622
652
673
998
1437
1906
2234
2536
2821
2940
3053
3128
3153
3095
3107
3191
3445
3872
4177
4265
3995
3411
2760
1958
1386
1195
1165
1099
930
743
568
210
-316
-848
-1284
-1695
-1913
-1934
-1906
-1914
-2060
-2360
-2747
-3077
-3276
-3149
-2784
-2329
-1942
-1725
-1601
-1405
-1186
-938
-678
-281
122
454
601
586
446
147
-115
-161
111
558
821
830
705
474
257
134
178
451
832
1123
1466
1677
1670
1308
910
690
554
663
777
935
952
552
134
-257
-570
-870
-1198
-1206
-1051
-918
-783
-718
-668
-660
-599
-302
180
612
826
854
782
797
1012
1235
1373
1401
1322
1237
966
596
194
-288
-737
-1089
-1163
-970
-906
-971
-1307
-1854
-2458
-2955
-3039
-2911
-2647
-2393
-2230
-2104
-1954
-1617
-1233
-735
-331
-5
180
181
299
464
739
1043
1426
1706
1871
1870
1880
1987
1939
1790
1588
1474
1581
1854
2135
2383
2458
2259
1850
1318
878
777
842
870
880
914
758
350
-278
-938
-1619
-2210
-2530
-2652
-2607
-2471
-2350
-2372
-2512
-2622
-2715
-2822
-2854
-2672
-2263
-1903
-1631
-1391
-1154
-878
-496
-76
383
695
877
981
1147
1474
1935
2389
2719
2940
3066
3025
2801
2583
2407
2269
2037
1664
1273
878
641
545
443
389
318
278
113
-9
-33
3
62
97
215
438
673
935
1125
1206
1184
1093
1016
876
708
676
697
631
496
293
61
-332
-793
-1248
-1573
-1655
-1707
-1716
-1705
-1726
-1563
-1371
-1277
-1179
-1057
-942
-815
-722
-617
-418
-367
-414
-355
-122
61
-35
-365
-745
-994
-1181
-1243
-1123
-1056
-1064
-1298
-1568
-1697
-1709
-1689
-1631
-1482
-1158
-726
-381
-53
332
574
550
571
697
1017
1256
1454
1737
1876
1759
1497
1244
945
569
209
42
-36
-170
-348
-502
-611
-819
-974
-1057
-999
-895
-940
-1020
-1140
-1163
-1058
-861
-628
-391
-193
-204
-365
-438
-302
-17
140
202
312
425
497
491
629
864
990
990
898
972
1157
1315
1393
1450
1603
1683
1779
1807
1846
2012
2065
2130
2196
2271
2341
2383
2361
2287
2169
1825
1445
1127
844
632
450
254
11
-279
-698
-1058
-1437
-1799
-2081
-2331
-2335
-2156
-1819
-1450
-1228
-1172
-1054
-886
-656
-280
101
490
774
930
1109
1196
1140
1087
1010
1001
1023
990
856
483
-149
-880
-1407
-1681
-1871
-2003
-2160
-2449
-2813
-3193
-3504
-3663
-3757
-3763
-3670
-3408
-3060
-2703
-2590
-2576
-2524
-2499
-2326
-1980
-1403
-822
-492
-348
-237
-145
-63
130
506
912
1188
1367
1579
1801
1910
1862
1849
1819
1885
2085
2326
2532
2488
2173
1762
1386
1185
1133
1077
973
737
428
78
-241
-534
-669
-794
-1016
-1139
-1131
-1032
-856
-672
-439
-143
164
351
472
591
624
650
685
754
911
1010
1103
1213
1351
1458
1492
1502
1459
1496
1625
1815
2114
2386
2461
2424
2345
2183
2040
1945
1918
1921
1847
1666
1475
1296
1039
685
275
-169
-569
-924
-1249
-1439
-1599
-1733
-1994
-2142
-2126
-2079
-2143
-2218
-2166
-2014
-1764
-1373
-916
-531
-310
-299
-263
-186
-143
-28
153
240
270
288
364
310
-30
-424
-715
-833
-792
-804
-876
-1070
-1335
-1577
-1741
-1805
-1842
-1920
-2087
-2161
-2139
-2127
-2144
-2289
-2413
-2414
-2376
-2245
-2044
-1766
-1497
-1352
-1285
-1297
-1277
-1131
-932
-660
-245
214
660
1042
1214
1239
1311
1413
1588
1775
1890
2076
2194
2243
2244
2215
2163
1920
1680
1516
1473
1493
1457
1390
1317
1228
1183
1111
1095
1079
1004
924
726
605
582
584
561
480
340
218
158
151
204
235
146
120
133
226
376
513
635
684
589
478
459
543
753
928
1077
1256
1392
1485
1495
1406
1250
1064
929
782
672
551
456
359
262
253
272
182
-123
-526
-874
-1115
-1265
-1304
-1273
-1246
-1354
-1535
-1659
-1750
-1781
-1762
-1734
-1744
-1842
-1913
-1857
-1657
-1285
-949
-710
-596
-613
-653
-752
-725
-604
-483
-360
-178
104
266
180
-106
-444
-752
-977
-1085
-977
-809
-809
-1029
-1351
-1612
-1855
-2101
-2317
-2383
-2327
-2161
-2006
-1868
-1749
-1729
-1642
-1558
-1359
-1032
-727
-423
-209
-80
47
95
178
404
666
900
1149
1431
1589
1615
1665
1712
1710
1631
1623
1773
1967
2105
2186
2292
2348
2202
2074
1994
1934
1841
1714
1589
1386
1170
955
801
674
445
234
13
-148
-217
-281
-291
-312
-255
-176
-70
-73
-156
-153
-121
-34
108
267
458
573
607
588
521
480
444
477
598
790
967
1000
941
695
354
160
176
441
639
790
850
783
613
406
210
-27
-203
-192
40
286
299
37
-354
-828
-1157
-1351
-1266
-1011
-871
-879
-1057
-1260
-1384
-1414
-1394
-1247
-1057
-815
-624
-426
-245
-239
-255
-273
-142
127
368
604
733
687
584
477
368
289
236
186
114
-61
-263
-459
-712
-985
-1170
-1233
-1332
-1427
-1533
-1634
-1807
-1985
-2124
-2162
-2084
-1937
-1712
-1531
-1452
-1431
-1347
-1281
-1131
-848
-570
-295
-15
309
724
1156
1495
1798
2090
2339
2591
2875
3124
3219
3164
3038
2992
2990
2942
2853
2724
2464
2035
1544
1180
960
683
341
97
-66
-270
-537
-834
-1131
-1409
-1664
-1787
-1684
-1484
-1317
-1206
-1134
-1007
-900
-880
-889
-870
-691
-422
-149
74
245
267
174
170
345
591
794
955
1028
993
923
933
1011
1087
1079
1020
994
975
1027
1006
873
655
489
392
316
262
126
-68
-311
-571
-728
-837
-991
-1118
-1287
-1424
-1481
-1496
-1391
-1306
-1269
-1221
-1209
-1143
-1085
-990
-793
-573
-344
-183
-35
82
185
276
348
449
515
604
706
779
859
899
814
660
441
191
-90
-404
-667
-877
-1033
-1114
-1199
-1274
-1418
-1665
-1945
-2144
-2226
-2202
-2139
-2016
-1950
-1943
-1837
-1587
-1297
-1169
-1122
-1008
-814
-580
-293
-3
165
104
19
-1
133
325
490
679
836
906
934
1059
1269
1451
1494
1481
1489
1516
1537
1610
1675
1600
1418
1225
1041
820
544
349
181
-36
-286
-494
-570
-616
-685
-792
-882
-942
-953
-817
-604
-419
-288
-243
-188
-48
145
395
616
800
958
1047
1105
1182
1196
1154
1132
1189
1300
1445
1514
1478
1308
1149
1057
1015
1018
1064
1142
1116
1133
1085
985
774
500
248
56
-27
-49
-37
-80
-269
-486
-583
-533
-454
-395
-320
-297
-270
-236
-173
-64
-6
-13
-61
-58
-4
61
177
257
341
341
265
197
186
216
194
125
-58
-246
-373
-371
-341
-392
-468
-565
-718
-869
-1027
-1099
-1114
-1133
-1128
-1128
-1201
-1337
-1518
-1649
-1732
-1752
-1729
-1753
-1793
-1878
-1923
-1918
-1882
-1789
-1713
-1692
-1573
-1305
-955
-630
-362
-183
-85
44
216
486
830
1117
1372
1622
1773
1828
1794
1719
1548
1350
1249
1234
1305
1354
1298
1104
800
451
245
171
189
268
397
476
450
363
306
232
140
5
-98
-104
-11
181
348
470
482
416
291
269
382
570
744
845
915
945
956
986
1016
939
795
678
594
716
837
908
945
902
779
679
602
602
662
672
681
636
598
526
416
243
78
29
17
14
-50
-245
-439
-599
-765
-871
-972
-1021
-1011
-1024
-985
-896
-810
-840
-945
-1010
-937
-738
-526
-280
-52
54
76
70
114
172
174
135
119
79
23
-5
-100
-267
-530
-841
-1121
-1239
-1298
-1342
-1355
-1405
-1518
-1703
-1873
-2025
-2165
-2260
-2318
-2280
-2198
-2109
-2016
-1968
-1928
-1879
-1882
-1880
-1781
-1641
-1488
-1287
-987
-723
-536
-413
-336
-275
-190
14
338
547
746
867
1088
1247
1351
1371
1498
1195
1355
1861
1800
1930
1615
1576
1640
1581
1385
1272
1368
1569
1622
1314
876
697
784
829
699
482
272
87
25
-116
-202
-129
-158
-175
-255
-295
-224
-81
155
405
609
871
1046
1152
1236
1269
1322
1427
1630
1735
1682
1586
1509
1420
1320
1207
1129
1028
823
599
364
103
-86
-237
-345
-451
-462
-518
-588
-633
-731
-751
-732
-711
-661
-615
-563
-506
-419
-309
-216
-104
-25
21
12
3
-56
-120
-196
-327
-404
-418
-423
-390
-356
-349
-353
-417
-505
-583
-674
-739
-733
-659
-598
-505
-396
-392
-423
-528
-650
-765
-909
-974
-1006
-1058
-1109
-1228
-1371
-1582
-1831
-2036
-2161
-2159
-2149
-2107
-2057
-2018
-1960
-1836
-1665
-1428
-1212
-961
-609
-341
-143
37
257
554
885
1206
1559
1855
2052
2100
2108
2095
2109
2159
2181
2118
1969
1792
1663
1500
1323
1147
917
699
478
384
403
320
175
16
-140
-178
-126
56
271
348
287
220
209
280
480
738
914
976
908
806
772
797
826
857
861
775
655
602
653
700
714
633
513
458
474
560
612
575
488
399
379
338
275
228
184
70
-130
-222
-265
-343
-470
-634
-732
-895
-1051
-1131
-1134
-1107
-1110
-1059
-984
-924
-926
-992
-964
-854
-736
-585
-419
-307
-245
-179
-62
49
173
264
279
298
289
309
356
333
235
60
-168
-321
-431
-465
-514
-619
-847
-1088
-1301
-1485
-1585
-1732
-1849
-1927
-1912
-1834
-1809
-1820
-1888
-1921
-1911
-1888
-1816
-1701
-1578
-1509
-1481
-1402
-1245
-1066
-907
-700
-465
-199
58
308
567
744
925
1138
1387
1668
1887
1999
2145
2324
2395
2406
2399
2315
2165
1946
1711
1623
1500
1349
1199
1022
857
656
453
297
95
-122
-262
-407
-483
-517
-505
-480
-531
-546
-529
-522
-470
-381
-209
-7
167
281
353
465
607
813
950
1035
1094
1114
1089
1041
916
778
661
570
510
483
461
398
298
167
-7
-151
-248
-298
-250
-209
-195
-150
-201
-349
-526
-705
-752
-721
-645
-625
-633
-629
-617
-619
-630
-650
-661
-638
-586
-503
-389
-251
-194
-190
-236
-242
-159
-57
21
180
332
438
512
548
603
592
590
570
518
424
324
242
119
-43
-187
-367
-562
-697
-853
-963
-1086
-1281
-1408
-1505
-1571
-1526
-1461
-1390
-1375
-1322
-1284
-1260
-1177
-1090
-915
-733
-598
-429
-240
-61
65
91
146
194
236
311
398
498
556
627
683
720
728
726
809
973
1066
1146
1286
1382
1395
1343
1285
1241
1092
934
968
1091
1096
990
911
795
567
309
164
146
132
106
146
274
298
247
220
234
312
366
355
396
464
473
522
616
676
703
662
584
567
492
374
323
261
191
93
-4
-67
-135
-248
-323
-347
-384
-389
-367
-348
-329
-397
-411
-296
-226
-190
-240
-300
-262
-228
-147
-38
32
16
-91
-179
-276
-377
-416
-436
-412
-385
-413
-457
-530
-545
-553
-556
-544
-543
-451
-324
-142
38
162
226
287
327
336
335
258
150
40
-11
-34
-87
-242
-496
-749
-1001
-1196
-1244
-1215
-1153
-1174
-1261
-1350
-1447
-1476
-1454
-1350
-1250
-1195
-1093
-972
-848
-667
-541
-427
-294
-198
-89
50
252
466
648
812
952
1007
1026
1085
1215
1262
1210
1174
1144
1132
1091
1031
1051
980
774
551
456
465
394
336
346
435
382
232
208
234
142
-21
-110
-133
-132
-152
-139
-57
-68
-196
-298
-283
-151
-24
140
335
519
613
645
747
866
875
875
971
1080
1169
1201
1214
1226
1155
972
805
728
691
615
574
478
332
180
11
-100
-161
-211
-260
-328
-392
-484
-589
-682
-749
-759
-768
-765
-790
-783
-718
-650
-578
-519
-389
-212
-75
72
196
274
361
392
375
327
265
263
316
401
454
408
293
171
100
79
66
32
-63
-194
-324
-437
-530
-646
-809
-972
-1067
-1152
-1188
-1230
-1324
-1409
-1431
-1397
-1336
-1272
-1189
-1141
-1106
-1041
-1000
-949
-928
-889
-771
-617
-493
-360
-302
-304
-295
-269
-141
37
193
340
461
585
687
825
915
983
1006
1018
1100
1225
1316
1352
1393
1344
1225
1034
901
830
721
618
534
478
397
268
160
82
-1
-108
-139
-93
-88
-82
-58
-4
36
19
31
135
254
374
494
610
720
780
838
929
1078
1231
1317
1386
1380
1269
1148
1054
1007
965
880
774
698
664
579
441
333
226
110
12
-52
-90
-132
-238
-409
-544
-644
-713
-758
-870
-929
-998
-1075
-1086
-1087
-1090
-1070
-1026
-939
-841
-716
-556
-457
-339
-261
-239
-110
-1
101
211
313
422
488
504
371
213
78
-42
-109
-211
-293
-365
-459
-557
-648
-769
-874
-939
-1006
-1009
-961
-909
-890
-882
-914
-907
-896
-890
-822
-708
-628
-609
-599
-617
-567
-489
-417
-350
-318
-309
-265
-177
-73
21
106
182
219
260
357
472
600
667
717
708
746
864
932
971
1023
1119
1175
1136
1059
966
842
765
711
621
522
442
378
335
288
230
171
77
4
37
71
189
394
586
782
874
923
991
1110
1231
1338
1488
1638
1753
1803
1750
1680
1589
1436
1266
1125
990
836
661
471
259
18
-251
-471
-589
-686
-781
-879
-929
-952
-987
-1032
-1070
-1087
-1059
-1011
-982
-984
-995
-1009
-1046
-1055
-1036
-1045
-1063
-1055
-1072
-1092
-1044
-1025
-1031
-1065
-1086
-1049
-954
-834
-724
-670
-634
-561
-501
-425
-309
-173
-89
-41
-4
45
59
41
14
-28
-95
-153
-214
-200
-177
-253
-293
-387
-501
-621
-770
-859
-947
-933
-891
-892
-834
-797
-691
-565
-465
-329
-238
-135
-33
52
206
348
523
677
743
852
878
898
963
971
1001
1026
1015
1043
1071
1071
1043
987
888
807
800
831
892
931
873
811
739
610
558
538
564
628
670
690
718
762
759
729
688
651
605
548
510
494
507
529
531
493
468
487
554
591
635
660
637
612
630
662
656
643
580
529
438
306
200
136
84
-12
-180
-341
-471
-637
-788
-943
-1075
-1236
-1376
-1494
-1619
-1691
-1740
-1769
-1787
-1797
-1814
-1772
-1680
-1583
-1515
-1459
-1395
-1280
-1134
-1003
-861
-693
-505
-397
-357
-325
-262
-216
-179
-140
-46
13
49
65
49
47
-23
-82
-123
-166
-211
-257
-293
-352
-400
-506
-618
-677
-686
-670
-624
-566
-515
-460
-417
-343
-302
-301
-310
-253
-162
-45
116
214
292
330
327
335
372
424
492
547
610
693
739
725
675
692
742
791
881
904
928
944
939
994
1044
1062
1034
1030
1015
948
900
884
878
860
798
712
649
632
625
544
419
272
154
64
37
107
107
41
-36
-112
-217
-282
-333
-313
-252
-283
-280
-227
-174
-149
-127
-128
-114
-87
-71
-12
-4
-12
-15
-63
-103
-136
-194
-220
-272
-360
-460
-594
-703
-743
-780
-810
-933
-1064
-1167
-1289
-1338
-1367
-1381
-1328
-1305
-1349
-1351
-1311
-1245
-1183
-1122
-1013
-839
-694
-593
-537
-462
-430
-369
-280
-208
-111
-26
52
90
104
53
8
-26
-38
-11
22
76
129
111
96
95
78
107
154
255
325
362
377
376
432
479
516
562
578
538
467
394
330
286
257
240
253
273
260
219
180
193
192
172
156
192
300
367
400
438
477
538
561
566
611
660
749
814
809
756
691
662
643
624
571
414
279
155
48
8
-27
-90
-218
-374
-476
-562
-617
-626
-613
-605
-610
-594
-549
-485
-433
-436
-462
-433
-426
-393
-336
-288
-229
-221
-208
-175
-170
-212
-235
-253
-232
-213
-213
-230
-265
-286
-346
-416
-487
-566
-611
-623
-646
-664
-710
-774
-792
-779
-747
-707
-673
-634
-594
-595
-652
-729
-781
-766
-751
-749
-772
-820
-850
-897
-909
-873
-813
-749
-712
-663
-551
-426
-305
-139
-29
98
234
329
448
555
680
776
843
897
987
1053
1068
1086
1011
915
855
774
714
620
558
554
549
466
374
285
202
176
210
269
301
326
298
275
302
299
322
391
425
451
443
453
499
532
510
505
507
488
504
573
637
658
628
562
546
537
546
525
540
557
548
494
391
317
240
169
100
25
-23
-40
-88
-171
-251
-331
-426
-503
-529
-529
-557
-524
-526
-555
-520
-532
-522
-514
-509
-467
-421
-400
-396
-398
-393
-389
-384
-385
-380
-338
-309
-287
-293
-304
-300
-297
-302
-321
-323
-271
-219
-167
-157
-167
-169
-168
-171
-194
-171
-148
-168
-277
-344
-379
-406
-420
-502
-523
-470
-418
-372
-309
-263
-278
-304
-305
-293
-215
-104
-21
67
98
137
159
189
222
275
343
434
534
633
693
708
754
726
679
658
623
612
590
544
488
434
363
292
217
79
-17
-81
-158
-184
-229
-275
-295
-309
-337
-354
-377
-430
-423
-324
-218
-126
-58
-12
47
84
109
152
221
317
356
360
356
322
274
200
135
64
-7
-38
-60
-81
-168
-253
-336
-399
-427
-493
-548
-528
-476
-392
-350
-368
-396
-416
-385
-345
-316
-257
-218
-244
-279
-314
-339
-357
-386
-457
-479
-437
-461
-509
-559
-570
-546
-517
-512
-530
-477
-398
-315
-285
-270
-232
-206
-116
-43
26
77
105
149
197
233
233
186
108
38
-45
-48
-37
-24
-17
-32
-60
-113
-195
-222
-215
-259
-262
-190
-109
-49
-68
-140
-168
-156
-117
-71
-16
43
125
219
285
293
301
338
380
395
423
469
556
596
589
544
505
454
446
426
399
413
362
307
231
196
201
178
120
62
43
58
60
74
87
59
-12
-77
-116
-82
-31
11
-15
-60
-87
-117
-141
-153
-162
-139
-140
-162
-113
-27
-7
-10
-10
-3
11
65
118
181
233
231
274
304
359
369
341
340
311
315
295
292
297
267
203
133
90
30
-9
-48
-73
-93
-133
-188
-223
-240
-286
-320
-304
-268
-230
-201
-130
-90
-118
-114
-84
-23
83
191
271
307
324
326
360
390
367
347
348
392
448
495
516
528
525
493
495
506
487
477
426
370
352
311
255
189
147
85
29
5
-23
-18
-66
-125
-121
-122
-117
-122
-160
-216
-246
-245
-247
-197
-144
-113
-45
17
58
144
160
180
203
201
253
307
342
361
406
419
417
392
340
309
295
237
160
117
90
53
-41
-119
-214
-305
-363
-389
-421
-436
-469
-524
-524
-513
-505
-476
-481
-502
-469
-423
-403
-403
-375
-326
-241
-171
-142
-125
-107
-69
-38
-29
8
56
99
151
155
111
51
-17
-55
-71
-44
-10
2
-24
-64
-79
-108
-132
-144
-110
-71
-24
1
15
24
13
-4
-29
-31
-35
-41
-69
-114
-116
-126
-93
-79
-79
-43
-17
-27
-47
-66
-66
-60
-24
24
73
126
119
57
18
36
36
42
72
94
89
59
74
97
108
123
93
36
15
14
8
-7
-6
-27
-99
-188
-269
-327
-363
-393
-386
-415
-434
-440
-512
-525
-550
-530
-495
-483
-468
-444
-382
-313
-230
-204
-223
-187
-120
-35
15
12
62
99
142
139
106
83
65
27
-15
-10
37
24
-18
-68
-70
-21
-2
12
-10
-13
-31
-33
-7
9
32
55
61
74
91
89
80
103
129
148
186
202
241
259
219
216
259
300
349
366
338
355
388
429
441
396
383
367
430
526
584
604
552
521
484
458
406
381
375
364
370
353
351
332
280
263
324
356
367
367
357
332
326
298
306
333
325
356
410
458
493
509
515
501
474
456
457
449
413
412
401
386
323
231
189
157
131
66
-26
-135
-181
-186
-246
-325
-394
-432
-474
-476
-473
-449
-420
-450
-464
-449
-435
-398
-351
-333
-324
-337
-315
-260
-225
-197
-162
-134
-87
-22
-30
-24
-41
-91
-87
-57
-47
-20
19
-18
-61
-70
-51
-7
39
63
73
102
147
212
263
298
329
305
278
254
207
148
133
129
82
53
25
4
-5
-27
-53
-89
-88
-73
-48
-15
-29
-16
24
46
97
149
210
279
336
391
388
403
429
471
471
443
494
515
490
423
354
316
259
219
195
153
100
32
15
-8
-26
-34
-85
-119
-126
-143
-174
-205
-216
-190
-187
-182
-170
-178
-169
-176
-204
-217
-187
-122
-114
-146
-178
-199
-189
-169
-183
-176
-190
-224
-273
-308
-292
-348
-367
-365
-343
-291
-279
-273
-273
-268
-312
-333
-372
-433
-429
-410
-403
-436
-478
-535
-577
-635
-675
-689
-686
-633
-600
-580
-572
-603
-606
-576
-545
-524
-510
-505
-480
-417
-343
-266
-231
-204
-137
-112
-71
-1
95
168
195
178
136
133
136
183
223
204
197
206
160
125
127
146
183
170
183
212
232
250
285
314
297
279
241
224
252
302
330
317
272
220
186
155
125
117
98
55
41
42
78
138
154
156
198
202
206
248
259
269
275
259
275
326
351
349
353
341
305
322
338
382
428
438
451
449
435
399
375
352
314
304
275
224
176
158
90
48
60
54
97
124
91
38
-8
-27
-47
-66
-87
-120
-133
-115
-121
-118
-130
-163
-200
-190
-130
-52
4
11
39
47
62
21
-12
4
17
30
49
80
115
156
174
195
203
169
153
123
113
125
120
55
-19
-56
-81
-105
-93
-105
-135
-124
-119
-65
-2
-6
-49
-64
-42
-34
-33
-24
0
27
34
79
126
176
199
192
207
233
300
312
315
357
339
329
357
334
312
280
230
211
195
185
127
80
31
-33
-58
-131
-151
-117
-130
-177
-211
-202
-170
-155
-149
-142
-126
-79
-19
0
-4
-37
-93
-125
-127
-96
-57
4
-3
-34
-60
-122
-139
-145
-135
-157
-135
-66
-37
-25
-29
-91
-129
-128
-151
-108
-97
-100
-66
-77
-90
-127
-189
-219
-222
-185
-166
-142
-140
-166
-213
-237
-257
-252
-235
-271
-253
-231
-219
-227
-236
-209
-225
-238
-271
-288
-277
-280
-278
-271
-266
-262
-293
-324
-360
-410
-377
-323
-271
-282
-305
-250
-247
-260
-253
-293
-365
-386
-356
-270
-179
-169
-162
-160
-133
-53
-19
-5
14
-5
-23
-20
4
19
9
0
-14
-16
-31
-45
-24
-25
-11
33
34
7
-15
-43
-29
18
59
68
111
161
135
162
182
159
169
154
137
140
158
165
190
174
126
103
78
64
48
30
38
43
57
39
-28
-26
30
75
109
107
128
134
112
132
107
126
163
189
170
116
75
49
66
121
148
162
165
127
110
152
182
175
165
155
102
91
119
108
123
104
69
64
47
63
56
49
56
64
59
49
38
57
31
6
-3
-35
-54
-86
-53
29
147
184
181
171
187
213
229
269
315
389
416
415
425
404
365
350
333
311
278
268
232
202
181
166
165
142
91
15
-61
-96
-104
-65
-80
-117
-122
-124
-160
-219
-227
-227
-182
-129
-74
-30
-53
-67
-37
7
58
90
96
75
136
209
269
325
279
308
329
309
334
317
339
311
235
226
218
228
214
186
179
144
113
71
17
-11
-31
-79
-80
-120
-123
-135
-183
-166
-180
-185
-212
-209
-186
-172
-125
-118
-105
-93
-123
-107
-115
-158
-133
-98
-25
-2
-12
17
14
5
-27
-68
-35
-22
-30
-33
-26
-15
-28
-52
-40
-52
-95
-125
-132
-105
-124
-109
-122
-144
-136
-210
-223
-220
-248
-233
-260
-320
-351
-356
-315
-270
-263
-238
-254
-244
-261
-242
-189
-196
-165
-155
-183
-140
-86
-80
-71
-81
-38
-4
16
0
-46
-51
-70
-72
-40
-34
-47
-67
-89
-115
-141
-144
-192
-273
-303
-309
-301
-296
-274
-256
-246
-214
-207
-226
-232
-204
-157
-100
-91
-85
-70
-76
-96
-73
-39
-43
-3
40
105
139
157
163
158
164
180
211
237
246
270
320
353
335
299
222
156
137
137
151
137
97
51
13
-12
-48
-65
-78
-90
-85
-101
-150
-190
-239
-267
-250
-242
-214
-200
-215
-237
-231
-204
-177
-128
-85
-83
-57
-12
27
44
35
68
94
117
138
156
197
199
206
172
153
156
127
161
192
185
176
160
142
84
38
66
92
118
131
107
96
65
63
41
31
69
78
87
78
87
95
67
58
75
101
129
184
220
230
264
287
294
290
292
262
257
255
253
256
253
255
242
226
204
190
218
224
218
216
191
212
233
262
264
263
253
274
310
304
341
348
327
333
273
260
253
220
226
199
186
176
177
165
164
148
138
149
150
157
169
184
208
225
212
224
239
186
142
123
112
138
117
122
126
91
24
-49
-103
-134
-124
-126
-129
-135
-180
-195
-215
-210
-234
-258
-258
-269
-230
-175
-165
-184
-198
-196
-158
-134
-117
-94
-65
-47
-51
-65
-97
-101
-82
-115
-120
-120
-148
-193
-269
-299
-260
-243
-275
-299
-315
-306
-307
-296
-304
-291
-250
-267
-269
-242
-256
-269
-289
-318
-291
-273
-294
-307
-326
-325
-322
-297
-238
-222
-217
-224
-235
-172
-133
-101
-61
-74
-62
-58
-37
-40
-19
-16
-33
-44
-49
-51
-88
-125
-162
-162
-149
-188
-223
-208
-187
-186
-196
-187
-206
-236
-308
-312
-283
-252
-232
-255
-239
-247
-200
-129
-111
-108
-70
-57
-6
3
8
36
79
132
187
201
189
193
189
218
253
295
286
256
252
213
164
158
168
162
146
148
119
126
105
87
102
84
45
12
-7
-7
13
17
36
44
42
30
41
61
81
119
139
170
172
146
167
212
196
168
145
155
159
180
178
131
109
71
68
84
127
155
125
65
37
21
-2
-13
-24
-43
-65
-87
-111
-95
-105
-141
-160
-196
-210
-200
-156
-108
-81
-77
-50
-26
-8
32
71
95
109
77
38
17
-12
23
49
46
71
97
82
43
19
30
28
47
69
65
88
108
125
129
112
103
128
118
103
101
72
73
54
-13
-14
-21
-22
1
-11
-34
-48
-36
-70
-103
-125
-115
-120
-118
-105
-29
36
-9
-42
-55
-45
4
41
66
121
139
139
138
147
149
129
121
104
88
88
89
108
85
44
19
0
26
33
5
1
-15
-45
-7
25
51
64
34
96
142
171
215
212
227
252
262
253
235
213
189
181
215
203
195
177
111
102
90
110
118
85
61
33
-1
1
16
18
43
53
61
101
84
87
99
75
60
-6
-45
-55
-66
-75
-50
-74
-89
-71
-95
-112
-119
-121
-128
-154
-210
-233
-240
-266
-251
-223
-223
-218
-235
-244
-223
-198
-183
-161
-141
-142
-136
-132
-127
-93
-75
-57
-78
-137
-157
-164
-149
-153
-178
-170
-135
-169
-200
-214
-200
-194
-163
-161
-182
-161
-138
-134
-104
-70
-99
-87
-90
-84
-55
-52
-25
2
14
24
15
-26
-61
-72
-69
-37
-17
2
-38
-63
-11
-13
0
-18
-46
-73
-48
-21
13
43
12
-8
-20
5
12
25
21
-22
-37
-48
-36
-50
-76
-97
-140
-126
-130
-146
-168
-190
-170
-130
-63
-24
-6
-3
-26
-10
40
80
120
103
88
52
55
63
29
48
41
52
86
92
106
115
86
59
35
22
29
1
-34
-29
-29
0
26
17
5
-57
-81
-69
-68
-71
-79
-62
-42
-31
-74
-111
-105
-85
-54
-16
-9
-19
-47
-47
-27
12
19
1
-3
-31
-14
28
31
-11
-62
-59
-41
-37
-42
-72
-108
-139
-160
-149
-107
-80
-96
-112
-130
-104
-110
-114
-82
-95
-69
-40
3
3
-23
22
74
94
128
153
148
164
181
174
197
222
243
237
233
250
258
260
250
232
183
176
201
203
207
235
230
239
248
242
234
199
172
187
230
257
271
228
211
198
182
179
162
129
104
104
117
77
39
22
22
72
119
132
126
125
98
102
92
84
90
115
126
136
162
181
215
207
187
174
170
171
161
202
235
201
201
198
177
150
64
-3
12
29
55
80
89
79
82
109
70
29
-31
-75
-67
-51
-39
-19
-18
-30
-48
-47
-21
7
49
37
15
-36
-87
-93
-121
-107
-71
-85
-93
-83
-73
-62
-60
-61
-41
-25
-10
3
33
38
71
129
142
143
106
88
104
107
109
112
90
67
49
16
-27
-74
-94
-112
-138
-137
-155
-139
-133
-132
-123
-132
-120
-164
-219
-233
-207
-173
-190
-204
-209
-200
-156
-133
-131
-142
-134
-94
-75
-93
-106
-86
-68
-25
2
-2
-24
-43
-55
-55
-22
-9
-21
-50
-30
-29
-41
-39
-70
-94
-114
-132
-129
-135
-161
-179
-170
-67
6
14
31
-29
-77
-125
-168
-147
-114
-94
-96
-120
-98
-77
-77
-52
-77
-117
-94
-54
-9
7
-2
4
-27
-16
12
7
3
20
37
44
56
92
133
114
71
44
32
43
55
38
32
36
75
65
42
40
-2
-18
-7
-34
-37
-13
8
17
1
-21
-47
-29
-1
25
30
50
65
35
4
-8
19
37
41
65
44
25
4
-42
-18
23
66
91
69
57
56
45
51
54
41
43
35
39
38
48
47
-4
-37
-58
-57
-40
-56
-87
-120
-123
-79
-59
-44
-25
-35
-10
13
1
1
19
43
51
56
48
68
96
125
125
130
157
182
217
232
236
230
207
204
233
251
253
229
210
200
250
267
287
288
254
220
187
175
207
241
216
170
118
87
116
113
95
108
98
118
145
152
116
51
31
27
37
18
8
34
30
55
53
59
55
21
25
40
34
73
95
113
118
115
105
94
74
67
103
130
122
95
85
70
103
125
64
38
0
-15
17
34
50
56
49
-8
8
17
-3
33
33
53
82
58
36
49
18
-44
-55
-77
-92
-133
-172
-199
-207
-190
-200
-208
-217
-251
-292
-276
-232
-198
-175
-169
-177
-151
-141
-146
-133
-168
-141
-133
-121
-126
-155
-148
-147
-103
-104
-99
-136
-166
-169
-180
-151
-133
-116
-129
-133
-116
-110
-112
-138
-156
-128
-111
-99
-68
-77
-74
-41
-62
-73
-62
-59
-74
-89
-103
-89
-116
-150
-146
-136
-126
-165
-181
-172
-158
-151
-155
-168
-176
-170
-170
-161
-169
-149
-97
-89
-85
-78
-74
-47
25
83
68
73
52
48
47
46
72
87
102
87
48
47
41
40
36
-2
-3
-32
-32
-31
-23
-5
-31
-98
-144
-168
-161
-124
-113
-129
-143
-122
-119
-115
-101
-103
-80
-57
-20
22
17
22
12
8
5
6
16
7
52
107
169
196
180
127
88
118
102
133
171
157
158
107
73
47
29
43
35
67
43
46
65
36
30
-1
-40
-68
-63
-53
-24
-1
-38
-43
-30
-30
-19
-6
3
4
20
26
11
11
18
73
112
131
146
186
203
213
234
215
215
233
259
270
249
252
271
248
240
224
182
136
100
102
89
72
65
16
-27
-67
-98
-82
-91
-70
-52
-42
-54
-56
-31
-42
-52
-8
42
84
128
126
114
116
109
129
121
64
31
22
23
-4
-17
-1
-2
-15
-48
-61
-80
-79
-70
-75
-68
-68
-101
-111
-167
-164
-115
-111
-109
-119
-120
-135
-112
-112
-125
-143
-128
-84
-125
-150
-190
-222
-212
-194
-194
-213
-188
-171
-204
-214
-241
-242
-219
-214
-210
-219
-227
-206
-172
-164
-166
-157
-144
-128
-129
-114
-67
-16
5
14
26
37
37
27
-8
-16
-31
-45
-23
-12
-12
-2
-27
-55
-36
-17
-27
-16
-43
-87
-111
-132
-135
-130
-130
-124
-110
-100
-109
-118
-111
-119
-108
-109
-105
-99
-102
-72
-105
-91
-72
-98
-57
-47
-78
-115
-140
-163
-121
-96
-97
-116
-116
-120
-101
-65
-79
-67
-68
-71
-31
-25
-29
-14
9
14
-12
-38
-59
-87
-96
-110
-89
-82
-118
-125
-144
-127
-100
-88
-79
-76
-82
-108
-112
-122
-153
-149
-144
-155
-152
-168
-138
-115
-115
-138
-153
-147
-144
-121
-87
-59
-17
-28
-51
-54
-40
10
35
42
46
82
92
92
67
60
88
97
85
73
98
119
173
208
194
148
139
132
135
165
123
87
92
97
111
89
66
71
50
76
62
57
70
70
59
62
83
72
88
115
133
136
141
124
144
181
205
213
181
156
169
216
255
259
257
274
239
207
170
150
175
151
158
145
142
148
163
177
171
152
119
118
105
72
45
47
8
3
-8
-31
-33
-20
-41
-47
-28
-27
-16
-26
-30
-35
-42
-33
-58
-84
-55
-19
4
39
35
32
58
76
83
94
120
133
133
129
147
150
161
163
132
70
54
53
47
6
-2
-11
-28
-19
-43
-36
-45
-79
-101
-99
-94
-94
-141
-162
-162
-169
-170
-181
-161
-146
-153
-158
-179
-160
-174
-145
-127
-146
-156
-136
-111
-114
-111
-103
-62
-26
-29
-28
-12
-15
-24
-6
35
67
115
125
101
84
64
36
28
39
43
35
30
34
8
-35
-55
-49
-42
-42
-55
-57
-56
-74
-39
-55
-84
-100
-143
-180
-204
-252
-232
-191
-159
-110
-106
-99
-90
-56
-34
-24
-17
-34
-19
-6
-21
-65
-62
-72
-64
-26
-13
-43
-84
-97
-111
-85
-81
-116
-126
-129
-132
-105
-64
-51
-43
-49
-51
-26
-6
28
49
3
-24
-51
-52
-16
3
26
45
34
55
72
84
89
41
39
63
96
133
144
138
144
163
178
187
165
153
