-31
-33
-1
6
-5
-20
6
3
14
5
-14
-9
-42
-54
-39
-39
-17
5
-2
1
-1
1
-1
1
0
0
0
0
-1
0
0
0
1
0
0
0
0
0
0
0
0
0
0
0
0
0
0
0
0
0
0
0
0
0
-1
0
0
0
0
0
0
0
0
0
0
0
0
0
1
0
0
0
0
0
0
0
1
0
0
0
1
1
0
0
0
-1
1
1
0
0
0
0
0
0
0
1
0
0
0
1
0
0
0
0
0
-1
0
0
0
0
0
0
0
0
0
0
-1
-1
-1
0
0
0
0
-1
0
0
0
0
0
0
0
0
0
1
0
1
0
0
0
0
0
0
1
-1
0
1
-1
0
0
0
0
0
0
0
-1
0
0
0
-1
0
-1
0
0
0
0
0
-1
0
0
0
0
0
1
-2
3
-6
50
80
54
65
66
43
28
47
68
44
43
1
-39
-41
-59
-42
-25
4
-2
-5
22
17
19
12
-6
-27
-51
-58
-67
-73
-63
-75
-93
-96
-117
-98
-115
-97
-74
-71
-30
-43
-47
-53
-94
-86
-77
-94
-88
-82
-61
-44
-31
-32
-50
-56
-67
-102
-88
-110
-85
-25
-36
-22
-40
-15
25
46
60
30
60
53
34
64
37
32
37
13
3
-13
4
-7
-6
-2
0
8
5
5
-7
3
-8
-2
-2
-7
-3
-10
-16
-8
-3
1
1
-9
-10
-8
7
3
4
9
5
11
2
17
17
0
3
4
7
-1
-7
-7
2
1
-6
1
8
-4
-3
-5
-2
4
-9
-12
-15
-13
-1
4
4
-13
-13
-1
-10
-7
-10
-5
1
3
7
-3
-1
-2
-5
-4
-7
-12
3
4
-4
-2
-10
-4
3
-3
-3
0
3
-4
5
3
-8
2
-14
6
13
2
-12
-20
-12
-2
2
-18
-18
-17
-1
2
-8
-16
-14
-9
-7
-4
-1
1
9
12
-1
1
1
-1
0
-9
-13
-7
-2
9
1
7
5
-4
1
-10
-4
7
2
2
-4
-7
-17
-19
-9
-10
2
2
-5
-2
-2
12
7
8
2
-7
-5
-2
8
6
-6
1
-5
-7
9
-2
-2
1
3
12
4
2
4
6
7
9
7
7
7
-4
2
8
0
-3
-2
-11
10
12
-3
6
-6
-2
13
11
9
6
6
7
9
11
3
1
-8
7
-6
-7
-5
-8
4
1
2
1
0
-4
1
1
9
12
4
-2
-3
5
-4
3
8
-9
-2
-2
-9
-5
-3
-7
-2
-1
-9
1
1
-2
8
6
-2
-2
-5
-5
8
8
3
4
-1
10
20
12
9
8
12
8
10
8
9
9
-14
-7
-2
-1
10
3
-10
-15
0
1
-5
5
-5
3
15
-2
0
2
-5
2
6
-10
-5
3
0
-4
-6
-10
-1
7
-7
2
11
10
16
-8
-11
-1
-3
2
-5
-22
-22
-4
2
1
-12
-14
-1
1
11
2
1
12
17
12
4
-4
-7
-3
-2
10
4
-18
-16
-13
-13
5
0
4
2
-2
3
6
6
-1
-11
-9
-6
-6
8
4
-7
-9
-11
-12
-3
3
-7
-3
-12
-18
6
6
10
11
2
-6
-3
6
1
-4
-14
-13
2
2
1
-12
-14
0
-2
-9
-7
3
1
4
8
-1
-4
3
5
-1
1
-6
-4
6
-5
-4
-10
3
3
-5
7
1
4
-5
-10
-10
-11
-12
-14
-3
0
-10
-3
-4
-5
6
-15
-24
-8
-3
29
28
8
4
-18
-7
5
-12
15
41
46
26
-6
-4
0
6
23
25
26
13
10
28
28
19
-6
-25
-35
-46
-19
23
18
6
-3
10
4
26
27
21
30
14
19
6
12
-2
-10
-16
-14
-9
-8
-2
10
4
-7
-1
11
17
18
17
20
34
28
28
24
18
6
-16
-7
-11
-16
-5
-9
8
10
3
4
12
23
27
28
7
-5
3
-9
-3
-22
-23
6
-6
-10
-9
-8
-12
13
31
15
11
25
12
15
2
-12
8
2
6
16
14
8
1
-1
0
11
26
37
34
26
18
17
7
1
-2
-14
-6
3
-2
-26
-25
1
0
-8
12
6
-20
-21
-7
16
4
17
26
10
11
13
7
-10
-5
-6
-27
-25
-10
-18
-6
5
11
6
-7
2
17
7
-17
-9
-16
-32
-9
1
7
-14
-29
-24
-26
-7
12
18
9
-4
-17
-6
11
4
-5
-12
2
7
-3
-17
-21
-19
-16
-17
-14
-19
-29
-6
-1
-12
-10
-13
-23
-18
-26
-33
-18
16
8
-13
11
3
-3
-8
11
29
11
-15
-6
-4
-17
-17
-25
-29
-28
-28
-21
-12
-19
-30
-21
-6
-15
-20
-33
-12
11
10
17
16
24
-5
-3
15
8
7
19
10
-18
-26
-15
1
-1
-9
-11
0
6
8
15
16
10
11
-4
-14
-22
-49
-70
-59
-57
-36
-13
-21
-16
-1
1
14
-1
-11
12
16
16
13
26
34
28
18
3
-9
5
-1
-19
-25
-34
-25
-23
0
20
13
30
4
-7
-6
-31
-24
-37
-27
-1
-1
-7
-28
-3
27
21
41
16
-2
15
40
77
40
8
-16
-14
5
-2
-30
-38
-50
-45
-39
-28
11
30
48
45
49
39
-9
-17
-16
-7
14
13
37
27
21
38
43
62
72
65
67
53
45
63
63
67
72
72
54
14
7
38
46
38
22
-4
-11
-26
-39
-57
-32
6
21
8
-22
0
10
9
-11
-7
-4
6
8
-31
-45
-45
-16
34
66
57
37
40
60
80
82
65
61
64
46
47
32
4
-22
-26
-36
-40
-27
-42
-38
-18
-19
-9
18
23
29
30
12
-15
-54
-30
-17
-8
9
22
8
23
35
23
32
15
-3
24
25
23
23
-2
-10
-20
-12
-19
-20
-7
-4
3
-19
-13
-9
-17
19
10
21
39
37
49
50
62
65
53
36
9
-4
-15
-31
-25
-20
-26
-55
-62
-52
-32
-36
-56
-59
-51
-45
-24
-8
-2
2
-20
-22
-18
-16
-24
-35
-30
-20
8
1
-24
-21
-3
-3
-11
-21
-45
-31
-32
-37
-14
-18
-33
-62
-40
-14
7
10
-4
4
-2
10
29
15
17
-23
-30
-5
-21
-12
-14
-23
-35
-54
-7
3
28
48
35
38
-4
-19
-4
9
19
33
23
44
24
7
-15
-29
-43
-84
-67
-27
-4
15
40
54
61
51
22
-2
0
-13
-4
-12
-48
-56
-80
-99
-86
-63
-59
-55
-37
-43
-27
-22
-39
-48
-29
-9
-3
-17
-13
24
27
33
30
9
29
61
48
28
5
0
-12
-15
1
-5
-3
-14
-4
-11
10
48
30
22
33
16
7
12
26
24
3
-19
-25
6
-2
1
-14
-20
-18
-37
-46
-67
-51
-18
15
49
87
96
93
79
49
27
1
1
14
41
31
35
38
19
29
42
62
72
77
128
124
115
127
82
57
41
35
54
41
4
-21
-48
-38
-32
-26
-35
-41
-23
-40
-30
12
23
40
62
39
2
-16
-40
-54
-67
-88
-92
-54
-51
-65
-60
-54
-10
8
22
8
17
48
63
83
75
58
63
51
32
16
22
16
3
-19
-2
-4
-18
-30
-23
7
8
17
-5
-14
-22
-16
-31
-34
-3
-47
-78
-85
-94
-65
-51
-13
47
52
80
101
80
69
70
33
-10
0
-26
-14
9
9
7
2
-12
20
34
34
17
-6
5
31
38
23
25
12
-8
-23
-28
-29
-22
13
-10
-25
-40
-41
4
-6
-32
-29
-51
-60
-33
-31
-9
47
74
62
39
7
-7
-8
-20
-56
-62
-58
-46
-14
-26
3
33
15
-27
-74
-101
-73
-27
6
16
14
7
23
23
5
-5
-5
-6
1
35
8
19
45
53
64
18
-17
15
32
50
49
24
-7
-27
-2
1
-20
-53
-74
-101
-116
-121
-109
-114
-112
-113
-106
-119
-142
-87
-78
-82
-75
-71
-45
-41
-40
-25
-33
-6
46
53
54
63
61
70
76
89
106
77
64
112
112
109
124
113
110
98
88
55
53
59
52
58
65
66
43
39
18
1
4
-15
-5
5
38
36
24
34
28
30
51
51
40
30
32
72
77
69
81
84
53
41
54
89
118
116
113
70
31
26
18
28
21
-8
6
19
27
40
25
-3
4
24
28
30
9
-4
-23
-25
-4
21
28
5
6
15
22
51
46
32
29
20
24
16
21
23
-13
-24
-35
-35
-71
-105
-117
-140
-123
-89
-87
-91
-87
-89
-79
-73
-62
-36
-9
11
37
42
37
11
16
-45
-89
-99
-80
-48
-5
20
4
7
6
7
-14
-21
7
11
-2
31
40
44
31
-8
-9
-25
-22
-18
-23
-15
-50
-70
-63
-61
-30
-32
-27
-31
-70
-68
-69
-62
-79
-106
-118
-90
-45
-39
-44
-24
-9
52
78
73
74
35
49
76
54
34
1
-4
1
39
5
-54
-67
-100
-56
-35
-71
-48
-48
-41
16
32
27
46
50
33
14
2
-16
-32
-65
-138
-152
-158
-156
-99
-97
-79
-79
-88
-74
-44
-10
-15
-35
-63
-55
-32
-19
7
11
-7
1
8
48
69
42
18
-8
0
-33
-56
-43
-33
-2
-11
16
40
32
17
-19
-27
-16
-45
-39
-24
-16
-26
-42
-42
-40
-63
-87
-89
-72
-59
-39
-14
-14
-20
-6
-36
-86
-83
-116
-121
-91
-66
-39
-22
-39
-41
-44
-51
-35
-25
-28
-38
-39
-25
12
37
43
22
34
54
39
25
6
-1
32
39
34
39
2
1
-36
-63
-92
-118
-130
-141
-112
-121
-149
-173
-174
-164
-117
-105
-97
-77
-63
-40
-35
-17
-24
-22
-12
-31
-59
-66
-50
-4
-17
-35
-18
9
41
25
-14
-32
-1
32
14
21
40
40
40
16
-4
-16
18
20
-10
-29
-65
-84
-86
-76
-54
-40
-60
-71
-64
-101
-136
-160
-149
-115
-110
-88
-76
-72
-75
-78
-58
-5
21
8
-4
17
10
65
134
183
224
200
201
229
208
186
174
145
130
136
142
172
142
92
29
17
55
74
101
54
22
27
33
56
48
-2
-22
-44
-36
-41
-15
-13
-36
-6
4
12
28
-3
-13
4
22
42
36
38
67
83
105
142
160
119
80
102
82
57
75
55
33
21
35
58
72
93
132
161
137
109
123
156
152
148
120
119
151
168
152
106
78
78
82
97
106
97
106
86
68
68
72
62
53
53
48
60
45
34
53
65
53
18
10
0
14
19
0
-33
-44
-25
-20
-4
33
74
113
121
111
132
154
191
196
169
165
188
250
260
266
283
303
358
323
308
317
359
382
340
326
313
267
226
201
188
181
129
110
112
74
50
6
-3
-25
-75
-109
-134
-107
-97
-98
-103
-123
-101
-82
-58
-33
-37
-13
-22
-39
-79
-96
-106
-106
-86
-93
-103
-91
-69
-34
-1
2
18
4
-20
-27
-33
-38
-11
-9
-28
-86
-142
-180
-223
-249
-301
-320
-354
-405
-385
-360
-362
-387
-416
-414
-415
-361
-316
-323
-316
-328
-328
-298
-281
-243
-255
-254
-229
-223
-221
-224
-219
-198
-196
-182
-170
-207
-200
-227
-198
-186
-229
-242
-279
-302
-299
-306
-303
-295
-287
-266
-237
-205
-233
-264
-289
-304
-264
-250
-237
-217
-244
-249
-225
-190
-186
-167
-155
-151
-156
-154
-146
-130
-159
-178
-171
-155
-117
-129
-135
-148
-151
-143
-129
-94
-82
-88
-107
-109
-117
-129
-111
-102
-82
-50
-53
-57
-55
-47
-32
-34
-30
-42
-74
-69
-47
-39
-15
8
-25
-26
0
10
35
35
28
37
-6
-33
-51
-70
-70
-93
-98
-105
-76
-68
-88
-61
-37
-11
23
53
89
100
110
151
195
209
204
231
266
313
339
331
320
310
356
408
459
494
470
460
481
506
516
487
458
414
361
320
267
258
260
215
220
211
210
220
216
215
187
199
198
199
214
244
262
264
269
281
319
340
357
361
346
349
339
374
435
457
461
510
512
526
529
502
543
508
540
506
507
37
694
677
612
783
3
476
180
273
335
66
317
236
354
311
75
-43
77
129
98
174
-46
5
101
52
212
137
145
174
119
167
153
209
266
227
245
257
238
269
272
262
242
181
190
220
230
238
262
230
224
242
207
202
180
169
161
96
140
127
171
192
117
155
89
100
102
59
61
57
95
65
67
56
23
49
47
45
19
2
32
62
10
1
3
42
50
45
53
34
38
22
40
36
27
29
9
-6
-19
-52
-29
-5
1
7
-4
6
-11
3
36
25
22
-36
-70
-75
-70
-16
21
-20
-60
-62
-61
-80
-71
-99
-140
-172
-198
-168
-168
-134
-126
-165
-173
-172
-169
-183
-192
-201
-187
-144
-131
-99
-122
-137
-111
-144
-133
-126
-123
-107
-95
-91
-118
-128
-112
-105
-60
-63
-77
-61
-81
-43
-96
-137
-170
-209
-247
-241
-259
-274
-279
-303
-279
-279
-264
-298
-292
-287
-296
-303
-351
-365
-347
-318
-308
-260
-253
-288
-303
-300
-300
-304
-270
-259
-207
-206
-195
-161
-149
-66
-41
-2
-6
-6
26
27
26
19
34
69
86
93
89
90
95
76
71
76
65
38
26
27
26
26
36
40
17
-12
-50
-31
9
2
-8
-24
-37
-63
-51
23
58
64
100
115
132
153
154
161
137
117
135
116
140
168
147
161
171
176
136
139
230
210
235
216
201
223
185
211
179
210
243
268
270
233
196
162
182
214
242
299
300
282
293
300
348
361
344
351
372
376
406
371
328
301
318
365
406
396
406
389
400
447
396
374
262
267
285
261
240
232
232
240
261
281
117
35
389
224
455
81
69
404
196
593
194
222
234
215
487
269
275
250
399
50
-239
414
438
658
283
16
365
213
264
-76
-150
-25
-7
155
173
8
-159
36
101
93
-2
-251
-205
-138
-44
54
88
141
80
-3
-48
-40
46
56
-23
-11
0
-5
81
110
130
68
-4
33
99
119
87
129
85
62
58
-43
-39
-59
-44
-79
-174
-175
-170
-142
-168
-230
-224
-208
-187
-202
-236
-242
-244
-233
-260
-268
-249
-253
-235
-257
-333
-332
-323
-305
-281
-305
-302
-269
-231
-209
-176
-127
-164
-155
-98
-119
-88
-122
-133
-90
-133
-154
-146
-169
-169
-176
-170
-142
-158
-177
-176
-133
-95
-143
-190
-185
-154
-151
-143
-175
-213
-227
-244
-228
-198
-135
-153
-174
-221
-242
-216
-240
-198
-192
-149
-132
-120
-145
-173
-194
-198
-88
-157
-177
-190
-200
-150
-104
-121
-129
-71
-130
-122
-70
-9
-35
-120
-95
-29
63
47
-31
50
94
111
65
32
113
73
46
30
69
62
62
47
53
93
-16
-117
66
137
46
-47
5
9
-71
199
13
62
57
-5
163
104
4
-61
23
179
139
145
132
80
171
300
271
240
243
229
321
316
247
287
282
329
322
359
307
314
283
196
235
333
45
69
576
212
153
19
-9
171
152
14
114
164
187
189
234
176
-69
69
351
201
228
203
51
283
150
105
110
152
-408
39
-75
292
644
37
289
0
82
218
149
21
61
-1
170
216
59
131
57
126
263
-12
17
128
-65
31
79
37
54
-13
-22
63
51
111
158
123
130
35
-7
-31
-112
-50
-20
-104
-70
-112
-141
-67
-139
-181
-147
-190
-88
-47
-58
-74
-244
-281
-280
-110
-86
-172
-159
-199
-193
-209
-138
-109
-108
-157
-120
-23
-75
-137
-212
-217
-204
-195
-228
-253
-288
-303
-233
-228
-225
-251
-246
-230
-217
-220
-237
-221
-255
-288
-322
-320
-338
-334
-338
-354
-384
-391
-303
-288
-288
-330
-412
-448
-417
-377
-421
-397
-411
-424
-390
-395
-412
-401
-391
-380
-377
-349
-336
-354
-334
-332
-311
-318
-305
-255
-264
-231
-281
-324
-290
-271
-207
-198
-170
-193
-200
-212
-215
-133
-90
-80
-87
-109
-78
-25
-68
-36
-34
-72
-80
-105
-92
-28
-18
-44
-72
-36
-15
-12
36
2
66
92
108
103
110
112
125
152
80
83
69
28
7
8
51
87
58
63
97
81
38
15
23
54
52
-37
-79
-43
-14
-139
-109
-38
-67
-102
-77
-131
-101
-104
-108
-13
59
90
118
100
52
90
124
162
100
69
127
154
157
166
129
106
150
146
161
164
126
152
151
153
105
71
70
91
121
70
72
66
103
125
119
101
92
172
180
178
127
102
165
169
141
77
23
12
27
50
47
71
35
-44
-71
-15
10
34
26
-33
-23
-31
-24
-4
22
20
-33
-74
-83
-53
-37
-27
-23
-29
-43
-54
-20
55
76
55
74
77
82
80
104
134
95
89
59
66
90
84
93
110
67
25
-15
3
45
54
94
67
37
21
69
71
79
126
141
131
147
164
152
177
211
232
221
214
233
240
219
163
113
93
97
100
41
19
44
65
43
29
34
65
77
6
-35
-68
-99
-88
-88
-118
-184
-165
-174
-215
-205
-224
-225
-212
-213
-191
-184
-224
-245
-143
-135
-157
-105
-160
-161
-125
-108
-91
-41
-112
-91
-127
-153
-29
-10
16
-39
-62
-44
17
48
23
10
56
65
15
-10
-24
47
105
99
86
78
73
97
103
120
86
48
52
53
19
-36
-67
-144
-118
-135
-160
-194
-195
-145
-107
-81
-89
-67
-76
-50
-62
-49
-20
-21
-25
-90
-89
-104
-74
-42
-64
-57
-71
-66
-33
-8
19
1
-4
11
17
36
45
-13
-86
-128
-62
9
55
32
-32
-65
-87
-42
-2
24
-4
-45
-45
-25
-14
17
2
-38
-52
-43
45
84
104
105
101
126
115
113
92
76
96
107
133
153
159
162
138
118
124
178
196
213
201
143
145
136
106
102
108
91
88
75
61
41
19
-10
-2
30
43
13
-26
-73
-86
-8
-8
4
2
-8
48
55
58
110
121
76
76
101
71
133
167
162
187
163
163
162
186
216
215
180
205
203
220
229
224
194
134
103
64
87
-42
149
168
121
231
98
85
26
80
117
138
153
108
132
168
232
195
135
17
-50
84
78
62
63
48
101
165
191
167
151
114
81
165
204
186
157
120
105
183
234
181
120
130
130
140
156
188
170
102
250
186
292
101
96
165
175
116
70
148
101
124
22
43
-13
2
-13
-25
6
-19
-67
-64
-21
-41
-65
-78
-125
-113
-114
-105
-127
-154
-139
-127
-149
-158
-136
-118
-92
-90
-103
-17
68
90
93
126
159
159
148
123
130
159
164
150
122
82
134
150
172
157
131
157
207
182
124
116
98
97
74
12
-26
-19
-66
-69
-38
-71
-53
-32
9
74
76
57
84
114
78
63
100
113
102
59
11
-19
-28
-18
-25
-59
-73
-76
-95
-72
-51
-24
-38
-44
-63
-32
-19
-41
-48
-96
-88
-73
-97
-96
-88
-77
-99
-129
-111
-113
-88
-87
-123
-112
-78
-92
-75
-78
-116
-106
-97
-89
-73
-86
-86
-53
-68
-74
-43
-53
-49
-4
-11
19
12
42
80
95
99
89
119
151
140
115
132
161
188
163
145
140
134
164
149
140
140
136
121
157
192
169
155
172
168
166
199
165
197
205
180
194
220
209
202
216
221
254
253
200
162
146
112
109
155
173
158
121
98
127
121
61
32
51
16
5
-2
-20
2
26
35
37
46
41
48
71
52
44
65
24
15
40
60
52
24
8
11
49
29
24
26
36
80
74
47
54
73
105
137
96
71
107
111
116
151
170
176
166
175
222
260
278
263
267
259
276
320
333
272
217
216
254
276
275
291
260
258
241
221
185
158
153
143
102
87
113
119
106
92
85
41
31
30
0
-57
-78
-107
-96
-93
-119
-141
-165
-212
-205
-196
-208
-189
-240
-245
-255
-247
-283
-256
-219
-212
-154
-125
-129
-112
-91
-115
-85
-66
-51
-28
-17
-3
28
32
2
20
6
-6
13
-50
-86
-33
-19
-36
-54
-32
-20
-29
-23
-13
-35
-94
-111
-105
-129
-140
-150
-189
-188
-178
-166
-158
-158
-157
-137
-109
-128
-132
-155
-192
-142
-125
-124
-102
-160
-166
-160
-146
-112
-89
-130
-152
-129
-151
-160
-136
-128
-139
-137
-172
-191
-190
-170
-144
-135
-232
-282
-275
-284
-208
-203
-230
-230
-242
-275
-251
-222
-210
-187
-216
-240
-219
-180
-145
-150
-183
-234
-240
-232
-233
-197
-173
-172
-164
-133
-118
-123
-123
-135
-112
-133
-138
-97
-80
-51
-58
-35
-34
-39
-4
8
40
59
86
133
138
122
98
81
78
52
35
20
5
-2
-15
-2
-4
9
-12
-38
-24
-23
3
26
30
16
-18
-25
-19
-20
-17
-52
-70
-52
-65
-95
-113
-72
-101
-121
-120
-113
-72
-70
-72
-124
-127
-80
-26
-2
-41
-56
-16
6
9
30
54
58
73
62
58
67
78
106
83
45
33
55
70
73
70
65
75
59
68
77
63
70
62
60
72
88
154
155
106
88
46
59
81
73
116
142
161
174
128
164
133
156
150
131
133
107
116
110
106
91
56
37
13
-11
-7
-40
-29
-46
-53
-18
-20
-35
-16
-31
-28
-39
-70
-82
-95
-72
-44
-6
-43
-66
-72
-113
-109
-122
-120
-127
-143
-138
-134
-114
-126
-115
-110
-113
-70
-75
-111
-122
-111
-91
-97
-144
-143
-113
-92
-72
-117
-134
-101
-97
-72
-62
-107
-139
-149
-134
-111
-108
-103
-101
-109
-89
-135
-203
-205
-179
-176
-214
-225
-275
-282
-279
-281
-284
-316
-307
-253
-220
-216
-197
-184
-178
-206
-216
-193
-165
-129
-123
-130
-150
-210
-207
-181
-178
-163
-174
-187
-176
-168
-221
-270
-273
-251
-244
-263
-312
-314
-300
-295
-337
-353
-328
-347
-297
-312
-299
-280
-263
-193
-189
-170
-182
-175
-152
-90
-102
-133
-151
-130
-128
-127
-129
-130
-89
-168
-99
-73
-107
-43
-125
-170
-139
-196
-206
-134
-185
-205
-177
-199
-167
-148
-155
-139
-127
-86
-75
-43
-19
-72
-66
-38
-36
-124
-95
-104
-77
4
-88
-88
-16
-42
-15
7
-56
-16
17
-14
-16
7
24
56
65
72
59
26
6
-71
-147
-125
-86
-122
-98
-146
-132
-41
-146
-184
-146
-191
-131
-100
-107
-17
-38
-53
-52
-74
-14
7
-17
-1
-4
-24
0
-3
-12
3
-86
138
77
-116
104
32
-70
36
4
91
115
-13
108
106
17
85
101
131
155
80
189
200
191
338
243
219
309
180
171
195
167
240
242
260
241
176
233
181
191
274
220
249
269
213
259
258
222
267
227
196
224
233
215
228
207
181
149
140
119
118
124
78
66
76
73
26
-26
-66
-45
-57
-94
-108
-122
-115
-90
-89
-97
-99
-86
-23
-21
2
33
14
42
36
32
32
-4
11
26
-7
15
48
20
16
19
57
54
32
20
28
39
26
34
24
14
12
13
35
70
53
7
-42
-50
-30
27
23
-28
-8
1
15
6
9
10
28
61
47
39
36
16
-17
21
34
5
-37
-56
-55
-47
-42
-60
-77
-126
-163
-183
-191
-179
-206
-240
-254
-242
-233
-247
-273
-315
-325
-329
-312
-316
-350
-344
-329
-305
-327
-342
-354
-346
-288
-324
-346
-336
-340
-284
-262
-295
-332
-350
-360
-345
-309
-302
-272
-283
-332
-314
-262
-252
-243
-213
-201
-188
-150
-190
-174
-126
-125
-138
-154
-124
-119
-102
-82
-107
-144
-179
-204
-181
-171
-139
-86
-74
-83
-91
-118
-101
-97
-112
-107
-62
-61
-46
-3
-3
75
20
-21
-3
-36
-64
-50
-40
-21
1
-2
-1
41
111
157
158
142
109
93
107
78
118
99
124
201
193
190
190
180
183
161
93
29
50
79
112
161
192
238
244
211
173
147
116
131
160
152
165
204
220
259
273
280
239
223
221
236
217
259
221
232
372
378
430
299
370
366
357
424
334
411
328
367
467
362
366
347
438
453
374
387
342
321
279
303
340
382
401
395
389
367
340
352
350
277
208
254
285
279
253
251
280
250
289
267
233
217
175
188
184
196
241
252
184
114
91
85
134
153
143
118
83
93
112
128
126
136
159
133
102
108
117
74
82
39
113
179
146
192
96
-123
-112
-40
50
216
246
301
328
267
177
157
162
138
221
294
280
316
349
390
320
305
219
51
-20
-127
-141
-68
-37
33
54
15
-35
-71
-114
-201
-241
-244
-283
-304
-275
-267
-222
-184
-222
-260
-273
-245
-238
-223
-296
-315
-276
-230
-126
-58
-56
-52
-60
-84
-105
-102
-95
-78
-57
-57
-58
-46
-34
-51
-56
-93
-145
-179
-215
-237
-224
-169
-125
-111
-118
-138
-173
-172
-103
-82
-87
-143
-159
-137
-144
-99
-93
-84
-123
-131
-117
-121
-103
-78
-80
-83
-105
-89
-74
-58
-50
-54
-23
-38
-36
-48
-74
-63
-57
-85
-72
-96
-100
-78
-95
-91
-118
-192
-262
-281
-269
-298
-306
-310
-360
-368
-373
-351
-290
-270
-258
-243
-220
-177
-109
-77
-46
-20
-35
-16
3
28
53
52
56
55
102
156
142
137
112
60
25
7
28
67
97
157
179
149
133
122
131
144
125
122
113
126
128
113
107
78
44
57
40
25
53
54
36
30
34
53
115
152
134
124
140
139
148
144
157
139
88
114
125
153
194
203
201
196
199
176
146
158
145
152
165
190
192
161
129
149
153
137
116
113
91
75
85
66
54
34
-1
1
27
19
71
67
83
101
56
88
123
150
194
203
230
229
264
292
284
281
243
228
224
213
195
195
232
258
244
220
214
241
215
193
202
198
244
293
289
299
271
302
285
249
253
253
245
217
197
174
179
163
136
136
124
105
129
122
96
89
99
102
93
55
12
5
-11
26
30
17
21
27
50
55
42
29
11
4
-10
23
28
23
37
-24
-57
-43
-49
-54
-60
-81
-67
-70
-69
-57
-81
-101
-160
-151
-116
-136
-118
-139
-137
-132
-143
-135
-128
-123
-96
-109
-113
-111
-106
-76
-82
-87
-57
-24
-40
-34
-27
-58
-72
-79
-88
-49
-59
-64
-50
3
27
-3
-20
-31
-61
-67
-99
-122
-118
-119
-84
-38
-39
-49
-46
-63
-85
-61
-24
-32
14
22
-15
-27
-31
-58
-87
-120
-129
-136
-168
-171
-212
-226
-220
-227
-221
-241
-254
-233
-239
-284
-283
-296
-275
-280
-237
-244
-225
-238
-176
-262
173
820
527
691
187
-105
-191
-503
-404
-391
-221
-71
86
15
-103
-285
-437
-429
-611
-615
-620
-674
-474
-371
-243
-150
-131
-172
-234
-256
-271
-183
-128
-51
-2
37
120
127
178
159
71
34
-62
-73
-101
-145
-150
-192
-219
-208
-153
-158
-107
-23
0
-57
-66
-59
-73
-33
-83
-106
-113
-74
-61
-97
-107
-110
-89
-128
-128
-112
-190
-206
-198
-198
-165
-156
-143
-120
-104
-95
-92
-77
-78
-54
-9
-7
-33
12
47
65
112
125
132
127
147
165
150
108
95
100
96
134
141
145
158
159
167
134
125
135
120
122
85
49
49
64
107
115
136
179
185
219
220
222
236
246
286
293
280
269
273
250
267
248
246
236
233
232
216
252
262
268
205
147
54
42
89
141
131
95
86
67
96
126
93
96
110
117
110
39
18
4
0
-10
-25
-41
-49
-72
-30
-28
11
44
48
103
121
110
116
90
98
132
121
144
134
120
147
112
77
63
29
39
8
-10
-8
41
69
71
86
74
93
117
109
121
104
71
117
122
159
138
152
166
159
182
152
159
148
116
154
177
167
181
139
135
159
113
56
27
11
21
14
-16
-50
-21
-5
-5
-3
-59
-93
-60
-57
-51
-42
-121
-131
-176
-180
-155
-140
-115
-152
-130
-131
-125
-103
-118
-123
-156
-153
-133
-124
-166
-212
-196
-170
-91
-73
-79
-59
-85
-82
-89
-136
-102
-113
-78
-42
-102
-88
-108
-121
-80
-111
-147
-147
-132
-104
-105
-114
-135
-141
-189
-194
-153
-151
-131
-131
-98
-104
-75
-79
-88
-95
-96
-47
-32
-29
-95
-105
-135
-108
-96
-111
-96
-110
-152
-129
-122
-129
24
-114
-120
-139
-193
-158
-254
-192
-173
-154
-147
-211
-228
-248
-261
-192
-184
-176
-185
-201
-143
-93
-43
-34
20
-28
-45
-31
-93
-102
-68
-6
-7
13
48
70
82
46
9
-8
-26
-7
47
82
103
37
55
107
103
109
78
81
30
64
129
103
124
137
162
141
157
138
118
82
116
173
170
152
168
190
203
190
231
224
178
179
189
208
159
150
122
137
118
111
147
159
186
144
160
152
149
161
150
157
153
143
137
91
51
56
59
48
88
83
117
151
104
159
143
156
141
156
159
131
103
138
171
215
223
227
245
223
201
161
186
217
259
273
288
270
301
314
317
334
277
267
240
236
267
220
254
246
247
317
344
395
336
362
353
324
331
313
320
296
347
319
303
235
211
162
181
192
232
302
302
326
235
223
206
245
206
162
135
109
97
36
47
4
-49
-33
-83
-75
-114
-155
-169
-162
-115
-117
-83
-92
-141
-122
-103
-100
-118
-152
-134
-133
-90
-33
-81
-17
-84
-56
-113
-126
-72
-142
-89
-58
-60
-41
-59
-72
-36
-90
-93
-97
-110
-134
-144
-117
-72
-106
-23
-65
-122
-77
-110
-74
-66
-99
-63
-67
-93
-103
-149
-122
-117
-105
-129
-57
-95
-53
-39
-56
-115
-142
-179
-200
-194
-229
-220
-236
-186
-174
-173
-212
-193
-218
-199
-215
-250
-252
-193
-174
-157
-148
-126
-110
-151
-218
-247
-279
-317
-305
-302
-223
-225
-179
-124
-125
-114
-138
-117
-164
-93
-32
11
-3
31
42
21
5
43
-45
3
22
-8
117
88
116
123
63
36
36
-43
26
-14
-64
31
33
94
101
61
98
92
101
106
28
70
81
89
137
71
132
125
121
172
161
169
142
146
118
80
10
9
-28
-20
20
-27
-26
-41
-71
-103
-110
-99
-84
-74
-145
-201
-197
-180
-63
-69
-84
-44
-117
-52
-52
-21
-44
-77
4
-40
28
54
46
9
16
-18
-19
53
13
65
9
52
72
55
155
72
112
130
165
205
237
245
216
234
242
245
226
182
246
198
259
278
291
327
320
320
279
311
211
282
318
309
337
360
379
369
278
310
231
239
303
205
283
267
306
285
329
331
330
342
331
262
247
199
183
204
194
263
236
251
175
156
115
117
127
70
163
102
110
141
160
93
101
36
55
85
26
71
90
85
152
130
94
179
49
120
75
42
164
94
127
107
81
119
105
94
103
40
0
9
-36
-11
-52
-32
14
8
19
0
-60
14
-18
4
-47
-62
-60
-10
24
49
105
73
76
-17
-80
-55
-71
-96
-88
-116
-133
-121
-93
-107
-91
-187
-216
-263
-315
-272
-362
-297
-317
-308
-219
-248
-144
-204
-179
-162
-213
-127
-145
-145
-141
-107
-85
-46
-56
-87
-121
-185
-229
-202
-181
-177
-213
-236
-226
-259
-270
-330
-313
-409
-379
-409
-413
-423
-455
-362
-384
-336
-325
-326
-347
-302
-308
-247
-267
-270
-166
-254
-181
-197
-198
-186
-148
-127
-91
-92
-103
-38
-85
-85
-26
-47
-63
-102
-115
-132
-181
-143
-191
-164
-186
-261
-200
-226
-204
-158
-161
-168
-103
-96
-126
-134
-258
-223
-241
-291
-203
-236
-264
-209
-320
-341
-392
-377
-286
-191
-206
-173
-227
-211
-162
-113
-70
-134
-74
-225
-154
-214
-168
-80
-88
38
-81
58
31
-9
-42
-133
-90
-176
-43
-153
-111
-1
14
193
168
133
13
0
59
46
112
140
113
197
236
339
222
317
152
179
268
204
377
206
339
219
168
213
45
102
53
79
161
184
124
131
149
139
213
160
212
234
124
177
61
159
278
197
358
197
262
324
219
355
271
267
278
289
297
322
238
155
104
51
38
2
8
4
-41
21
0
-40
-13
-35
-6
9
10
66
59
101
122
223
237
113
239
184
218
184
61
175
104
182
209
67
176
-56
-32
-146
-132
-215
1
47
98
74
-84
99
-57
43
-20
-25
102
124
167
220
147
158
94
82
23
210
157
221
262
104
232
169
137
142
104
127
189
54
84
-10
-149
4
-86
-32
-45
-220
-173
-325
-386
-463
-448
-480
-434
-434
-475
-383
-450
-324
-414
-413
-350
-560
-414
-479
-427
-315
-307
-251
-223
-184
-224
-324
-245
-180
-46
-77
28
-65
-44
-85
-222
-58
-133
-44
-17
-128
95
-83
18
-135
-111
-170
-109
6
-131
-33
-144
-88
-227
-232
-280
-480
-487
-475
-568
-561
-491
-425
-371
-352
-477
-417
-440
-449
-362
-278
-208
-239
-170
-169
-284
-214
-229
-212
-111
-114
-162
-84
-120
-216
-253
-200
-353
-282
-317
-281
-197
-228
-63
-14
451
334
252
180
-61
-107
-255
-382
-417
-392
-365
-252
-318
-336
-575
-394
-332
-472
-467
-570
-621
-533
-544
-563
-169
-278
34
11
-4
139
61
219
226
184
272
315
241
324
362
287
434
195
232
473
264
437
272
266
407
203
349
199
148
178
149
232
153
195
88
179
124
-45
-4
-128
45
65
127
124
106
267
89
192
13
77
-145
-229
-38
-192
77
139
14
228
86
-85
-62
-21
38
146
174
116
134
184
204
233
247
288
153
151
190
89
238
191
156
435
90
230
-13
-33
68
-127
22
-133
-86
-115
-125
-217
-201
-49
-151
6
-87
-55
132
-84
29
170
61
220
114
214
314
131
315
157
187
186
300
341
280
84
112
-107
60
55
-229
250
-222
162
33
28
-25
-115
31
-75
-23
-324
63
-147
11
102
-137
185
-282
-125
-124
-221
-119
-372
-84
-151
-12
47
71
115
-74
55
-233
-137
-73
-205
192
-1
-5
26
-86
-94
-47
-69
146
-45
-114
-70
-230
-15
-259
-107
-23
-217
21
-137
136
-33
-121
-54
-131
-39
-194
-154
-243
-42
-272
-340
-192
-279
-127
-250
-193
-86
-253
94
-190
-35
-19
20
101
-78
107
-98
162
182
218
346
124
246
22
69
-45
-191
-17
-176
-87
-167
-120
-296
-67
-173
-356
-333
-279
-256
-327
-170
-328
-86
-124
-189
-304
-327
-353
-650
-241
-289
-214
-120
-115
4
-18
-193
-182
-5
-99
-1
14
9
20
173
-160
206
-127
-144
7
-187
-48
-292
-152
-160
2
-250
-20
-267
-289
-49
-569
-63
-237
-381
390
-49
281
99
-20
91
-102
-214
-55
93
-205
167
-76
255
388
171
491
-47
176
67
-166
234
-51
277
291
410
160
56
-79
-53
44
-38
277
-206
72
-163
-234
91
-96
8
-84
164
-51
-78
-53
-130
55
-264
-25
-95
-186
86
-359
19
-162
24
131
119
203
-130
8
-239
146
-163
245
80
-17
123
4
-47
11
50
242
167
128
299
223
81
222
215
197
339
18
328
133
333
272
302
305
141
140
80
96
40
244
207
73
313
175
158
75
130
43
-100
-23
56
111
355
220
160
310
216
266
313
307
105
206
181
196
229
269
268
259
309
410
268
253
326
165
304
310
186
350
140
186
215
59
160
-19
94
77
9
5
-58
-75
-287
-205
-300
-28
-9
-9
-69
-219
-275
-327
-246
-276
-115
-201
-87
-146
-246
-240
-293
-151
-200
-236
-171
-218
-95
-77
1
-65
-98
-110
-167
28
-42
83
4
18
27
-22
-7
-82
-25
0
18
59
78
70
143
154
110
121
93
74
22
53
29
194
189
179
164
-29
-77
-164
-220
-372
-454
-403
-359
-270
-225
-223
-218
-279
-458
-546
-632
-676
-809
-806
-750
-787
-836
-893
-883
-842
-858
-967
-1047
-1154
-1231
-1318
-1336
-1385
-1375
-1343
-1326
-1403
-1450
-1508
-1516
-1505
-1515
-1379
-1247
-875
-321
438
1211
1857
2578
3146
3462
3596
3504
3420
3188
2804
2405
2011
1727
1618
1562
1499
1409
1252
1019
691
371
120
-133
-10
58
349
897
1361
2131
2563
2966
3138
3055
2908
2307
1743
1154
639
195
-117
-285
-326
-156
12
105
53
-66
-314
-661
-935
-1365
-1660
-1845
-2063
-2158
-2206
-2109
-2066
-2137
-2385
-2741
-3185
-3687
-4102
-4545
-4860
-5024
-5318
-5564
-5914
-6440
-6480
-5893
-4733
-2265
708
3782
6659
8546
10474
10898
10247
9518
7900
6371
4408
2372
1279
719
711
824
793
650
148
-1075
-2600
-4134
-5548
-6230
-6892
-7069
-6282
-4930
-2609
42
2700
5187
6846
7767
7941
7309
6286
4777
3144
1644
247
-795
-1203
-1080
-755
-415
-474
-839
-1474
-2194
-2971
-3873
-4422
-4386
-4172
-3217
-1644
456
2853
5186
7577
8891
9471
9332
8682
7819
6132
4454
2783
1595
768
-134
-493
-541
-578
-910
-1452
-2052
-2609
-2945
-3256
-3451
-3359
-2925
-2390
-1978
-1504
-1405
-1464
-1701
-2335
-3186
-3964
-4713
-5280
-5650
-6031
-6239
-6316
-6274
-6435
-6946
-7668
-8847
-9224
-7866
-4725
18
4559
9296
13372
15764
16708
15372
13753
11722
8559
5063
1265
-1039
-1944
-2053
-1523
-1039
-503
-561
-1871
-4171
-6292
-7810
-8746
-9053
-8951
-7754
-5419
-2043
2214
6443
9803
11892
12327
11526
9492
6381
3072
-106
-2879
-5175
-6776
-7110
-6267
-4776
-3395
-2759
-2652
-2830
-3281
-3902
-4364
-4468
-3759
-2381
-526
2142
5124
8400
11210
12614
12683
11446
9457
6990
4342
1728
-430
-2157
-3063
-2995
-2399
-1157
69
834
1148
592
-267
-1117
-1670
-1709
-1661
-1319
-736
18
777
1128
764
-153
-1658
-3403
-5151
-6812
-7713
-8032
-7800
-7412
-7077
-6661
-6439
-6347
-6680
-7726
-8832
-9685
-8860
-5514
-223
6145
11573
16291
19600
20078
18302
14719
11025
7059
2321
-2004
-5179
-6163
-5270
-3663
-2093
-902
-487
-1241
-3243
-5865
-7955
-8925
-8853
-7834
-5839
-2664
1637
6313
10970
14291
15396
14423
11767
8029
3478
-1349
-5274
-7929
-9336
-9741
-9219
-7523
-5123
-2816
-1657
-1663
-2291
-2922
-3259
-3457
-2777
-1210
1170
4194
7355
10480
12855
14042
13753
11636
8050
3972
110
-2838
-4580
-5196
-4784
-3484
-1486
825
2478
3480
3522
2723
1619
182
-977
-1224
-620
262
1101
1665
1971
1710
748
-882
-3189
-5691
-7930
-9655
-10512
-10328
-9438
-8028
-6544
-5631
-5042
-5142
-5373
-5657
-6519
-7122
-7982
-7739
-4515
472
7137
12725
16891
20277
20284
18073
13457
8242
4209
-371
-4340
-7163
-8163
-6638
-4131
-1656
210
729
163
-1524
-4399
-6725
-8006
-8118
-6609
-4112
-683
3399
7521
11527
14232
14196
11702
7360
2561
-2125
-6840
-10274
-11984
-12016
-10643
-8752
-6438
-3816
-1585
-507
-929
-2414
-3526
-3960
-3469
-1758
719
3918
7285
10181
12479
13453
12652
10303
6434
1815
-2905
-6737
-8261
-7796
-5979
-3140
-148
3017
5556
6953
7443
6510
4871
2863
732
-428
-718
56
1571
2673
3116
2598
1136
-895
-3486
-6119
-8422
-10161
-10849
-10650
-9561
-7807
-5947
-4348
-3408
-3248
-3862
-4767
-5690
-6511
-7068
-7459
-7589
-7444
-5508
-1519
3770
9049
12533
15130
16259
15210
12060
7587
4253
1608
-949
-2954
-3953
-3093
-1053
941
2139
2223
1261
-365
-2837
-5462
-7006
-7165
-5651
-3021
94
3544
6709
9450
11313
11255
8933
5013
701
-3120
-6447
-8846
-9746
-9284
-7697
-5888
-4248
-2763
-1713
-1315
-1696
-2719
-3548
-3534
-2404
-138
2745
5684
8228
9931
10824
10760
9025
6123
2649
-753
-3649
-5996
-6754
-5449
-2043
1342
3945
6115
7688
8761
8060
6545
4838
3250
2258
973
398
950
1671
2059
1487
30
-1758
-3752
-5642
-7061
-7948
-7808
-7232
-6260
-4618
-3454
-2655
-2368
-2767
-3425
-4586
-5722
-6318
-6441
-6267
-6071
-5996
-5747
-5830
-6315
-5202
-2202
2360
7145
10589
14061
16458
16465
14250
10562
7816
5222
2154
-583
-2387
-2466
-1237
-33
857
1004
34
-1584
-4050
-6316
-7417
-7492
-6104
-3511
-343
3108
5992
8545
10508
10503
8124
4155
-43
-3638
-6715
-8915
-9697
-9320
-7922
-6183
-4588
-3166
-2188
-1461
-1217
-1469
-1674
-1412
-404
1475
3693
5556
6997
7923
8421
7889
5684
2808
10
-2673
-4765
-6472
-6491
-4547
-1601
1451
3778
6257
8105
8665
8181
6849
5336
3581
1597
-194
-1069
-1106
-1061
-1342
-1629
-2063
-2888
-3742
-4526
-4967
-5194
-5314
-5261
-4787
-4090
-3872
-4089
-4465
-5009
-5624
-6054
-6204
-5867
-5327
-5051
-5274
-5509
-5779
-6735
-7427
-5773
-1573
3910
8716
12750
16554
18135
16712
12718
8391
5055
1535
-1827
-4360
-5319
-4011
-1877
-196
459
-182
-1591
-3978
-6920
-8962
-9548
-8337
-5316
-1266
3229
7201
10294
12728
13319
11232
6932
1738
-2921
-6602
-9099
-9907
-9264
-7501
-5162
-3201
-1924
-1222
-960
-1038
-1680
-2370
-2420
-1578
495
3558
6716
9022
10142
10278
9159
6396
2552
-1309
-4723
-7200
-8530
-8499
-6746
-3344
1982
6618
9620
11144
11215
10298
7375
3769
417
-1722
-2278
-2472
-2104
-803
644
1672
1748
570
-1032
-2603
-3738
-4679
-5232
-4837
-4022
-3036
-2136
-2323
-3139
-3836
-4725
-5157
-5560
-5845
-5434
-5060
-4380
-4293
-4709
-5320
-6915
-8061
-7086
-3153
3001
8889
13674
17929
19813
18405
14084
8962
5252
1459
-2235
-4905
-6075
-4989
-2722
-708
495
69
-1763
-4246
-7109
-8746
-8482
-6390
-2466
2207
7022
10825
12990
14222
13979
11120
5921
-233
-5302
-8481
-10058
-9852
-8487
-6592
-4540
-2972
-2128
-1875
-2060
-2243
-2323
-2342
-1540
470
3613
7415
10575
12066
11427
9303
6347
2480
-2065
-5977
-8611
-9520
-8982
-7233
-4244
-653
2477
5598
7430
7830
8748
7509
6942
5743
3742
3131
1459
1643
1611
1001
908
-634
-1772
-2398
-3513
-4016
-3854
-3752
-2784
-2618
-2600
-2426
-3241
-3478
-4839
-6004
-6280
-6559
-5717
-4521
-2945
-1362
-745
-1077
-2284
-4437
-7502
-10560
-12989
-14622
-12776
-6657
2493
11612
18244
23035
24530
21616
15169
7351
940
-3833
-7387
-8961
-8420
-5719
-1181
2454
3849
2789
-528
-4088
-7824
-10433
-10592
-8432
-3583
2645
8810
13620
16219
16914
15443
10830
3986
-3126
-8602
-11556
-12469
-11516
-9221
-6447
-3524
-1296
-509
-668
-1159
-1557
-1742
-1585
-256
2441
5863
9371
11665
11796
9621
5915
1679
-2657
-6855
-9978
-11119
-10230
-7832
-4950
-1889
968
3135
3940
4630
5021
5624
6916
7754
9161
9081
8244
6973
4771
2893
-113
-3283
-5712
-7090
-7051
-6245
-4993
-3168
-1243
-148
-61
-1460
-2797
-3737
-4609
-4758
-4828
-4021
-2402
-595
1039
1632
1182
-380
-2500
-5282
-8384
-11104
-13187
-13693
-13485
-12492
-9126
-2017
7708
16221
21082
22918
22357
18206
11518
4369
-782
-3020
-4125
-3967
-3063
-1317
1436
3070
2545
-553
-5195
-9493
-12573
-13401
-11084
-6136
614
8173
14475
18195
18665
16551
12975
7362
326
-6254
-10539
-11675
-10366
-7819
-4935
-2630
-1213
-535
-1259
-2796
-4150
-4715
-4176
-2788
-124
3628
7422
10615
12159
11048
7629
3116
-1186
-4671
-7241
-8444
-8014
-6358
-3862
-1196
1046
2632
3304
3301
3135
4001
5897
9237
11930
13402
13488
10641
6618
1130
-3766
-7102
-9583
-10183
-9525
-7279
-3844
-671
1605
2749
2223
657
-1230
-3229
-3703
-3485
-2350
-518
733
1583
1046
-119
-1378
-3273
-5383
-7502
-9142
-9902
-10178
-10379
-10228
-9435
-8608
-7551
-4744
1404
9300
15665
19788
21848
21345
17282
10676
4250
-410
-3425
-5498
-6202
-5743
-4173
-2158
-974
-1425
-3780
-6630
-9141
-10470
-9441
-5940
-582
5778
12102
16680
18132
16509
13207
8661
2733
-3569
-8845
-11722
-12201
-10798
-8431
-6275
-4956
-4335
-4262
-4918
-5845
-5926
-4612
-2134
1221
4926
8358
11287
13224
13083
10163
5370
693
-3160
-6289
-8100
-7890
-5827
-2949
-474
1614
3063
3607
3300
2322
2281
3906
5253
6973
9062
10171
10023
7209
3614
138
-3149
-5397
-7396
-7731
-6246
-4714
-3017
-1333
-396
148
-309
-1605
-2556
-3079
-2675
-2215
-1711
-795
-749
-1174
-1917
-2978
-3526
-4276
-5364
-5626
-5833
-6267
-6512
-7361
-7383
-7466
-7661
-6922
-4539
1848
9566
15362
18757
19955
18694
13997
6848
375
-3493
-5374
-5383
-4311
-2597
-218
1603
2348
711
-2900
-6507
-9077
-9754
-8098
-4027
1884
8404
13652
16360
15481
11232
5618
-566
-6532
-11532
-14367
-13865
-11171
-7316
-3439
-852
-125
-1139
-3022
-5109
-6783
-6817
-4385
-234
4366
8521
11636
13295
12837
10127
5527
310
-3715
-6013
-6520
-5384
-2681
741
3523
4604
3894
2239
151
-1603
-2291
-1499
1559
6095
10535
13923
14592
12888
8864
3168
-2477
-7525
-10415
-11012
-9988
-7464
-4658
-2150
105
1339
1245
150
-1370
-2050
-2172
-1869
-970
-186
675
838
-186
-1618
-2701
-3113
-3251
-3413
-3856
-4336
-5263
-6211
-7497
-8832
-9812
-10307
-10043
-9135
-5546
1246
9443
15916
19155
19881
17876
12775
6281
1256
-995
-797
474
2125
3746
4767
4935
2978
-1094
-5940
-10395
-13225
-13825
-11642
-6674
-471
5392
9437
10524
8483
4454
505
-2340
-4344
-5407
-4773
-2566
198
2249
2563
923
-2169
-5840
-9160
-11243
-11083
-8208
-3495
1410
5179
7284
8070
7601
6183
4231
2059
818
1175
2859
5271
7386
8567
8092
5785
1992
-2390
-5736
-6767
-5411
-3121
-359
2928
6410
8627
8344
6740
3725
236
-2959
-5383
-5381
-3718
-832
1714
2946
3048
1659
-508
-2711
-4455
-5299
-4858
-3708
-1716
727
2359
3085
2399
701
-1732
-4157
-5424
-5769
-5630
-5128
-4812
-4908
-5169
-5725
-6078
-6630
-7072
-7203
-7021
-6368
-5295
-2942
1952
8148
13091
16016
17272
16722
13574
8736
4772
2468
1604
1558
1337
736
-465
-2254
-4362
-6933
-9544
-10944
-10844
-9442
-6989
-3563
753
4498
6482
6502
4382
1406
-712
-1272
-531
506
1697
2921
3032
1444
-1460
-4804
-7827
-10315
-11399
-10623
-8356
-4585
159
4396
7146
8237
8167
7265
5996
5247
5238
5925
7269
8561
8644
7312
5199
2750
-184
-3505
-6412
-7890
-7770
-6466
-4558
-2635
-656
999
2734
4046
4287
4697
5046
5009
4243
2784
1842
1228
314
-1004
-2852
-4352
-4679
-4433
-3718
-2739
-1670
-322
243
-295
-1338
-2396
-2779
-2607
-2279
-2013
-1757
-1299
-723
-1069
-1948
-2574
-2900
-3026
-3497
-3408
-2950
-2488
-2255
-2497
-3231
-4333
-5236
-5242
-2393
2478
7258
10288
11779
12284
10011
6062
2712
1265
1551
2543
3811
4762
5064
3998
1354
-2734
-7333
-10845
-12941
-13593
-13037
-10917
-7286
-3567
-700
719
681
-74
-301
475
1912
3794
6182
8487
9203
8170
6129
3601
1056
-1412
-3209
-4145
-4413
-3801
-2694
-1713
-1467
-1752
-1826
-1525
-879
158
1654
3620
6041
7901
8200
7093
5607
4278
2606
711
-698
-1264
-1399
-1823
-2775
-4181
-5311
-6127
-6339
-5448
-3792
-952
1553
3247
3890
3276
2210
1068
1145
1914
2524
2901
3418
3693
2987
1721
144
-879
-1654
-2063
-1952
-1842
-1593
-1572
-1611
-2166
-3116
-3374
-2883
-1768
-375
1242
2461
2955
2714
1429
-231
-2325
-4301
-5614
-6709
-7446
-7943
-8067
-8017
-7022
-3695
1079
5063
7556
9734
10383
8804
6596
5477
5857
5840
5390
4787
3411
1306
-1778
-5309
-8650
-10769
-11405
-10918
-9798
-8047
-5560
-3786
-2659
-1722
-627
1008
2884
5620
8839
11413
13079
13648
12786
10170
6244
2121
-1118
-3493
-4695
-4651
-3962
-3024
-2650
-3111
-4486
-6233
-7143
-6958
-5925
-3962
-753
2746
5407
7023
7718
7363
5847
4059
2573
1434
845
925
930
598
-493
-1795
-3339
-5243
-6688
-6982
-5297
-2786
-646
872
2727
4059
4437
4353
4339
5076
5344
5195
4424
3276
2454
1404
479
-333
-644
-516
-80
202
-98
-448
-884
-1036
-1541
-1753
-1134
-255
919
1195
1078
88
-1300
-3352
-5170
-6171
-7330
-7407
-7886
-7204
-6819
-6863
-6469
-6597
-6255
-5846
-3508
487
3778
5636
6119
6486
5012
3533
3570
5185
7540
8789
10020
9116
6109
1906
-2736
-6401
-8911
-9067
-7966
-5904
-3420
-1020
766
710
-225
-1542
-2410
-2544
-1508
1207
4416
7562
10053
11197
10212
7660
4920
1929
-971
-3319
-4367
-4591
-5004
-5377
-5916
-6420
-7032
-7361
-7154
-6459
-5168
-3687
-2113
-783
627
1977
2905
3734
4647
5544
5639
4902
3960
2975
1898
930
516
578
974
1482
2067
2702
2367
1190
-710
-2346
-3330
-3456
-1899
619
3154
4661
4876
4304
3078
1752
652
632
1703
3083
4121
4389
4182
3279
1792
72
-1526
-2645
-3308
-3603
-3714
-3955
-4485
-5348
-6295
-6974
-7221
-7176
-6595
-5492
-4377
-3635
-3705
-3894
-4814
-5528
-6022
-5935
-5442
-4284
-179
4454
8153
9535
9471
8667
5198
2112
847
2150
4550
6808
9509
10383
9426
6399
2992
-49
-2572
-3867
-5037
-5695
-5920
-5478
-4586
-4075
-3689
-3613
-4053
-4855
-5101
-4198
-2759
-1450
-264
966
2176
3577
5633
7656
8647
8433
7456
5816
3500
1218
-541
-1927
-3264
-4442
-5483
-6150
-6509
-6849
-7431
-8181
-8181
-7141
-4963
-2015
1531
5544
8899
10829
11290
10889
9825
8352
7109
6261
5849
5688
5778
5390
4096
2076
-685
-3470
-5937
-7445
-7733
-6786
-4898
-3007
-1141
719
2324
3529
4435
4973
4783
4324
3821
3476
2999
2380
1900
1623
1344
403
-1038
-2515
-3883
-5243
-6322
-6631
-6320
-5422
-4305
-3247
-2401
-1990
-1684
-1822
-2352
-2938
-3476
-3453
-3420
-3384
-3582
-4203
-4437
-3101
-432
1992
3047
3634
3811
3139
2234
2528
4365
5980
6564
6552
6047
5088
3611
2376
1269
213
-1049
-2638
-4577
-6907
-8920
-10298
-10760
-10417
-9293
-7328
-4998
-2598
-387
1264
2332
3078
3943
5001
6195
7654
9204
9907
9422
8345
6840
4507
1373
-1392
-3333
-4979
-6126
-6148
-5009
-3888
-3203
-2737
-2667
-3102
-3751
-4058
-3709
-2435
-506
1492
3132
4357
5071
4932
4206
3582
3364
3332
3139
2848
3059
3644
3326
2274
1282
747
229
-463
-349
-78
-89
-384
-854
-958
-957
-630
-346
37
657
829
834
780
889
998
1176
1722
2122
2384
2598
2615
2253
1490
567
-284
-1220
-2198
-3049
-3731
-4239
-4961
-6096
-6995
-7296
-7411
-7478
-8016
-8183
-8286
-8626
-8888
-9446
-7969
-4681
-908
1721
2850
4779
5775
5816
6178
7966
10193
10269
9658
9127
7799
5104
2333
1402
1135
269
-1148
-2370
-3749
-5497
-6797
-7277
-6749
-5857
-4785
-4053
-3477
-2020
-449
738
1351
2189
3326
3857
4471
5688
7230
7930
7714
7698
7409
5988
3765
1380
-1020
-3184
-4449
-4555
-4284
-4124
-4114
-4620
-5546
-6335
-6496
-6178
-5865
-5062
-3593
-1764
265
2366
4511
5715
5978
5819
5344
4413
3451
3051
4408
5646
5931
6514
6663
7140
6013
5157
5083
3727
2550
696
94
-520
-1339
-871
-536
597
877
606
157
-737
-1153
-1688
-1711
-1540
-1354
-1289
-1396
-1258
-1196
-588
-314
-489
-1413
-2879
-3718
-4717
-5522
-6316
-6517
-6039
-6006
-6233
-6272
-6164
-6393
-7031
-7294
-7352
-7476
-7599
-5842
-2851
152
2218
3140
4465
4662
4571
4931
6168
7891
7723
7304
6976
7033
6896
6378
6857
6935
5879
3636
1472
-258
-1999
-3076
-3158
-2521
-2321
-2756
-3434
-4136
-4351
-4634
-4786
-4687
-4285
-3655
-3447
-2878
-1603
-158
594
664
1170
1978
2274
2079
2180
2878
3340
3432
3680
3832
3255
2046
714
-552
-1697
-2298
-2406
-2607
-2703
-2542
-2310
-2215
-1754
-553
614
1380
2074
2830
3676
4292
5169
6382
6708
6877
6659
6672
6715
5864
5439
4512
3622
2433
801
-256
-1712
-2446
-2896
-2976
-2824
-3250
-3163
-3013
-2712
-2422
-2106
-1805
-2277
-3016
-3563
-3589
-3559
-3441
-3203
-3108
-3003
-2962
-2370
-1613
-984
-518
-541
-479
-626
-833
-1650
-2669
-3381
-4023
-4616
-5582
-5641
-5704
-5858
-5794
-5756
-4176
-2666
-1003
-228
-817
-530
-383
747
2336
4582
7425
8199
8410
8557
8687
7971
6469
6349
6238
5094
3093
1736
931
-429
-1412
-1719
-1463
-2306
-4016
-5371
-6536
-6928
-6813
-5786
-4152
-2765
-1840
-1939
-2269
-2251
-2175
-2302
-2387
-1673
-739
-527
-243
996
2709
3951
4802
5894
6580
6174
5243
4701
4567
4446
4615
4835
4643
3794
2442
964
-583
-1659
-2124
-2439
-2531
-2352
-2223
-2429
-2577
-1815
-40
1298
2342
3234
4221
5131
5146
5737
6321
6348
5834
4676
4098
2959
1307
126
-760
-1254
-2195
-3092
-3651
-4226
-4545
-4699
-4479
-4034
-3416
-3012
-2789
-2272
-1434
-330
308
842
1065
655
-47
-835
-1211
-1505
-1424
-1099
-1114
-1663
-2425
-3010
-3576
-4459
-4596
-4181
-3791
-3898
-4154
-3744
-3686
-3962
-3473
-2124
-829
-787
-1894
-2578
-2616
-1794
-280
1267
3159
4163
4284
4149
4055
4867
5688
6748
8116
8637
7831
5979
4317
3135
1875
1007
658
92
-1483
-3498
-5148
-6149
-6565
-6647
-6379
-6533
-7018
-7469
-7650
-6796
-4744
-1847
936
2985
4439
5053
4557
3674
3561
4128
4696
5056
5490
5786
5107
3960
3143
2621
2021
1285
744
307
-156
-325
-88
509
1594
2593
3082
2742
1923
1158
398
470
900
1087
846
372
586
645
717
775
405
-76
-808
-1091
-1133
-1176
-921
-536
-166
-109
-274
-658
-1128
-1663
-1761
-1201
-676
-467
-889
-1405
-1787
-2195
-1915
-900
123
640
500
255
196
47
25
-147
-628
-1033
-1605
-2536
-3902
-5228
-5962
-6631
-7359
-7536
-7520
-7227
-7064
-6594
-5774
-4860
-4024
-3187
-1919
-861
89
210
511
1535
2727
4239
5064
5714
5772
5056
4638
3894
3444
3132
3050
3676
3915
3674
2942
2068
1582
1197
1056
1054
1059
328
-1055
-2282
-2690
-2333
-2146
-2082
-2197
-2660
-3127
-3465
-2920
-1715
-783
-136
326
1124
1951
2142
2115
2445
3087
3403
3339
3171
2917
2369
1536
1285
1508
1922
2164
1840
1549
1211
859
1025
1439
2288
2953
2974
2857
2775
2529
2354
2405
2243
1942
735
-250
-941
-1679
-1470
-1575
-1591
-1730
-1746
-1241
-1589
-1726
-1230
-432
229
461
832
1288
1513
1430
1634
1986
1808
1135
-120
-947
-1579
-2094
-1874
-1472
-860
-783
-1135
-1199
-1078
-927
-924
-1290
-1884
-2640
-3786
-4719
-5115
-5156
-4983
-4919
-5043
-5493
-6167
-6590
-6808
-6713
-6658
-6121
-5393
-4593
-3496
-1625
956
3058
4043
4228
4279
4420
4647
4902
5113
5213
4865
4740
4577
4097
3658
3273
3281
3137
2389
1645
1021
761
1092
1785
2897
3942
4008
2931
1220
-164
-567
-675
-691
-570
-845
-1533
-2315
-2676
-2777
-3117
-3653
-3948
-4062
-3974
-3740
-3385
-2498
-1186
167
1222
1975
2408
2429
2091
2027
2729
3813
5071
5638
5435
4953
4229
3698
3230
2925
2891
2557
2112
1612
1456
1462
1529
1738
1648
1357
704
177
-343
-864
-979
-1011
-940
-1170
-1419
-1788
-2449
-2974
-3003
-2324
-1571
-964
-513
-297
-319
-450
-333
-208
-197
-173
-219
-367
-659
-776
-871
-1055
-1462
-1891
-2328
-3042
-3460
-3692
-3795
-3844
-3775
-3498
-3534
-3677
-3736
-3691
-3392
-3173
-3130
-3106
-3224
-3011
-2591
-2385
-1869
-1848
-2096
-2617
-2690
-1599
-770
-104
-60
225
1177
2044
3152
3921
4365
4149
3402
3028
2897
3141
3483
4082
4900
5136
4698
3730
2718
2299
2340
2472
2464
2162
1402
313
-527
-701
-602
-905
-1559
-2460
-3463
-3960
-3613
-2584
-1605
-1160
-797
-694
-974
-1288
-1387
-1060
-671
-67
673
962
846
598
670
980
1458
2228
2795
2854
2433
2145
2347
2938
4026
5107
5702
5742
5185
4269
3636
3227
2921
2262
1305
745
-11
-754
-1330
-1768
-1984
-2502
-2617
-2482
-2640
-2777
-2684
-2208
-1709
-1353
-1005
-761
-779
-1014
-812
-382
-115
-34
-178
-269
-586
-1023
-1341
-1674
-1952
-2160
-2290
-2211
-1975
-1657
-1391
-1222
-1038
-777
-771
-1025
-1430
-1795
-1981
-2216
-2436
-2731
-3235
-3838
-4348
-4379
-3962
-3528
-3067
-2737
-2681
-2697
-2600
-1693
-310
944
1827
1788
1721
1615
1792
2187
2435
2933
2950
2628
2139
1911
2241
2475
2949
3396
3667
3474
2866
2810
3236
4044
4741
4936
4718
3658
2204
940
367
311
130
-118
-587
-1339
-2254
-2974
-3154
-2988
-2775
-2532
-2242
-1884
-1656
-1361
-867
-316
211
340
351
377
390
544
737
1063
1350
1438
1265
911
732
830
1311
2173
3351
4365
4840
4950
5011
5272
5207
5144
4715
4061
3223
1935
997
54
-742
-1449
-2454
-3159
-3896
-4568
-4948
-4933
-4329
-3755
-3369
-2809
-2217
-1812
-1669
-1497
-1284
-1167
-1254
-1289
-1109
-1007
-999
-1194
-1453
-1794
-2256
-2595
-2663
-2437
-2088
-1693
-1321
-1023
-628
-445
-472
-470
-347
-306
-791
-1534
-1933
-2095
-2319
-2246
-2048
-1668
-1755
-1912
-1939
-2146
-1870
-1649
-1266
-825
-186
579
750
280
-324
-846
-885
-332
386
1021
1016
663
395
96
327
926
1896
2867
3491
3920
4074
4076
4109
4318
4662
4714
4402
3824
3173
2654
2199
2099
2222
1992
1230
150
-745
-1264
-1519
-1403
-1142
-1210
-1578
-1997
-2283
-2404
-2298
-1897
-1395
-1135
-1101
-1073
-1156
-1315
-1261
-965
-486
-9
391
809
1106
1524
2239
2845
3266
3535
3692
3755
3615
3829
4126
4060
3595
2929
2257
1117
89
-648
-1298
-1983
-2710
-3026
-3177
-3271
-3294
-3115
-2680
-2123
-1538
-1327
-1516
-1951
-2235
-2042
-1474
-743
-235
-84
-286
-627
-748
-820
-890
-1106
-1395
-1670
-1976
-1943
-1508
-911
-393
-97
128
252
132
-117
-447
-714
-833
-786
-517
-216
-65
-32
-220
-204
-211
-325
-557
-954
-1046
-1225
-1140
-1074
-1215
-1425
-1854
-2017
-1805
-1815
-1843
-2315
-2807
-2676
-2445
-1857
-1380
-733
140
408
838
1599
2817
3993
4891
5756
6053
5831
5425
5249
5307
5104
5041
4978
4635
4057
3347
2917
2423
1911
1417
747
-130
-1159
-1725
-1932
-1971
-2090
-2256
-2370
-2751
-3179
-3411
-3350
-3060
-2848
-2726
-2539
-2317
-2093
-1842
-1463
-882
-318
152
650
1073
1260
1208
1135
1302
1655
1924
1809
1518
1187
1184
1296
1240
1342
1178
852
330
47
330
621
797
651
475
312
127
83
91
262
295
91
-172
-520
-830
-1278
-1702
-1807
-1707
-1493
-1302
-1174
-1157
-1274
-1378
-1283
-1083
-1076
-1230
-1384
-1254
-807
-167
656
1107
1050
613
87
-224
-312
-144
103
211
231
240
179
11
-275
-530
-733
-954
-1107
-1167
-1299
-1574
-1954
-2222
-2491
-2760
-3118
-3307
-3299
-2934
-2234
-1786
-1488
-1505
-1260
-542
259
1203
1908
2510
2728
2520
2628
3185
3920
4434
4582
4619
4485
4180
3992
3939
3837
3523
3099
2610
1969
1368
942
816
808
718
563
214
-377
-1041
-1552
-1938
-2195
-2321
-2282
-2507
-3000
-3320
-3473
-3488
-3396
-3200
-2890
-2671
-2512
-2236
-1980
-1807
-1706
-1576
-1365
-933
-389
55
478
836
1077
1103
1082
1188
1137
1065
975
1008
1415
1888
2498
2869
3064
3365
3463
3480
3193
2885
2653
2419
2369
2222
1900
1404
717
-35
-814
-1424
-1915
-2507
-3118
-3633
-3839
-3623
-3096
-2461
-1958
-1645
-1460
-1329
-1210
-1013
-660
-172
181
374
625
828
1027
974
639
379
228
172
43
-15
186
456
531
444
309
120
-172
-360
-158
107
298
511
635
614
366
11
-463
-1081
-1519
-1766
-1810
-1747
-1595
-1393
-1420
-1571
-1788
-2053
-2177
-2079
-1601
-981
-311
467
904
869
684
678
814
925
1189
1513
1691
1605
1588
1733
1843
1928
1981
1879
1500
1230
1216
1346
1460
1444
1410
1201
709
267
-128
-549
-1112
-1638
-1879
-2006
-1956
-1863
-1772
-1694
-1767
-1680
-1519
-1334
-1206
-1213
-1114
-1008
-879
-756
-582
-277
-87
127
221
111
16
-162
-282
-350
-102
502
1113
1647
1936
2246
2308
2307
2475
2605
2783
2770
2751
2733
2596
2460
2288
2063
1662
1290
1048
755
379
-16
-385
-790
-1149
-1224
-1152
-1107
-1126
-1056
-869
-548
-299
-282
-441
-806
-1051
-1076
-1161
-1104
-996
-837
-558
-481
-6
475
715
876
786
805
807
725
730
618
427
312
222
12
-96
-317
-572
-585
-622
-566
-567
-755
-1007
-1248
-1450
-1597
-1686
-1675
-1768
-2004
-2226
-2381
-2494
-2515
-2271
-1995
-1905
-1983
-2058
-1895
-1753
-1679
-1547
-1324
-1011
-892
-824
-669
-413
-58
169
449
746
996
1267
1505
1845
2165
2386
2399
2357
2274
2017
1717
1355
1127
895
607
418
338
384
304
89
-255
-760
-1266
-1696
-1900
-1889
-1727
-1413
-1135
-948
-884
-849
-767
-639
-459
-352
-132
178
307
334
478
853
1185
1335
1411
1486
1539
1407
1418
1571
1838
2192
2460
2709
2797
2757
2608
2423
2222
1929
1602
1342
1242
1105
810
531
397
240
-113
-630
-1103
-1461
-1629
-1628
-1589
-1432
-1395
-1287
-1284
-1280
-1006
-752
-452
-151
269
643
943
1145
1106
1061
860
654
571
675
831
659
530
396
66
-178
-419
-515
-461
-463
-572
-579
-595
-617
-605
-845
-1023
-1216
-1311
-1321
-1369
-1244
-1253
-1343
-1599
-1950
-2221
-2467
-2427
-2256
-1981
-1783
-1731
-1652
-1746
-1950
-2106
-2164
-2108
-1973
-1615
-1093
-556
-31
417
814
1125
1254
1263
1261
1304
1412
1455
1532
1702
1869
1941
1891
1762
1519
1107
676
494
601
772
870
1029
1285
1536
1576
1493
1349
1148
869
489
126
-215
-428
-481
-434
-306
-144
88
245
280
316
401
467
543
676
873
1104
1271
1304
1280
1234
1192
1146
1023
898
787
643
525
524
622
751
898
1003
1010
852
630
482
444
513
510
470
444
409
321
197
134
106
-32
-395
-812
-1127
-1294
-1559
-1624
-1552
-1511
-1360
-1261
-1190
-1170
-1261
-1369
-1296
-1000
-520
-122
-9
33
176
426
782
1175
1542
1714
1539
1270
1031
802
565
314
70
-185
-429
-668
-697
-819
-1065
-1310
-1355
-1285
-1444
-1612
-1728
-1761
-1888
-2010
-1922
-1727
-1650
-1778
-1907
-1865
-1699
-1462
-1174
-843
-749
-908
-1026
-1078
-998
-940
-914
-732
-591
-503
-397
-240
-30
65
100
122
253
415
564
834
1113
1406
1615
1750
1900
1958
1903
1812
1845
1973
1960
1790
1542
1242
1039
967
1060
1132
976
758
429
108
-217
-395
-362
-394
-437
-446
-442
-423
-344
-282
-231
-292
-242
-71
74
357
708
972
1084
1156
1283
1422
1287
1018
629
320
177
88
148
-15
-250
-509
-761
-853
-750
-441
-355
-493
-620
-729
-699
-678
-713
-624
-511
-326
-128
6
84
23
-80
-226
-411
-480
-519
-464
-440
-448
-380
-414
-316
-288
-348
-394
-490
-371
-178
-38
122
340
506
663
601
534
431
237
146
78
94
253
439
442
350
70
-246
-682
-1046
-1347
-1628
-1871
-2080
-2128
-2080
-2004
-1896
-1761
-1702
-1713
-1661
-1533
-1418
-1222
-1025
-704
-477
-279
-124
-93
18
109
204
310
436
674
1002
1236
1525
1792
1948
2023
2093
2166
2170
2037
1949
1786
1562
1348
1013
707
359
78
-74
-77
24
69
-67
-283
-426
-597
-752
-670
-349
61
437
781
1168
1410
1452
1410
1212
872
593
344
300
370
333
549
553
400
384
240
262
256
495
918
1084
1332
1513
1619
1640
1607
1531
1353
1075
643
334
-72
-210
-324
-547
-745
-950
-1055
-1200
-1258
-1367
-1436
-1405
-1427
-1254
-987
-868
-621
-482
-190
-214
-285
-338
-257
-180
-364
-156
79
126
128
95
208
361
460
700
883
1066
1197
1242
1284
1249
1423
1123
931
527
78
-262
-776
-1096
-1644
-1842
-2204
-2291
-2276
-2509
-2429
-2373
-2256
-1933
-1767
-1616
-1620
-1573
-1305
-1079
-678
-483
-244
-135
-16
196
283
491
400
216
218
108
155
172
101
123
133
275
520
698
779
722
637
533
499
507
435
325
108
2
-95
-144
-140
-286
-411
-545
-603
-599
-487
-433
-302
-161
49
151
50
-1
-101
-353
-572
-653
-535
-335
-153
122
329
520
488
296
58
-100
-39
160
571
1232
1839
2091
2067
1889
1694
1444
1173
1111
1042
704
678
461
618
653
103
12
-632
-1127
-1717
-1968
-2103
-2150
-1941
-1994
-1664
-1626
-1421
-1143
-1195
-911
-739
-631
-436
-347
-95
-13
224
507
686
725
710
712
533
548
321
215
87
-151
-103
-161
-152
-209
-244
-221
-175
-185
16
123
230
267
260
221
218
201
19
-179
-527
-611
-664
-714
-700
-742
-735
-742
-748
-684
-612
-631
-573
-466
-302
-266
-326
-415
-620
-619
-410
-221
-12
146
292
509
598
857
884
774
571
199
103
197
530
978
1225
1379
1412
1304
1060
794
469
89
-108
-243
-294
-245
-189
-143
-134
-122
-115
-126
-23
55
-1
31
177
338
743
904
1100
1203
1106
1120
941
787
920
1010
1099
1406
1376
1418
1419
1112
1053
821
462
248
-112
-286
-349
-457
-388
-402
-232
-133
-191
-253
-289
-251
-170
-131
42
117
153
220
126
239
104
103
-63
-134
-269
-347
-342
-169
-225
-420
-452
-729
-766
-858
-1055
-825
-862
-639
-397
-215
-7
65
154
135
442
227
221
120
-99
-168
-308
-358
-280
-210
-431
-546
-759
-843
-727
-789
-806
-870
-948
-805
-787
-767
-663
-598
-442
-256
-143
-4
4
-19
-87
-259
-349
-570
-485
-303
-194
-125
-43
86
197
160
110
73
-194
-443
-590
-683
-597
-547
-539
-478
-667
-674
-866
-947
-818
-696
-406
-112
247
519
660
742
778
677
631
541
432
492
454
527
730
876
894
859
665
424
155
-31
-97
-93
170
444
662
683
616
500
337
265
191
264
322
215
294
264
290
232
384
603
426
313
128
54
68
104
186
203
259
146
54
-126
-315
-437
-555
-665
-737
-730
-776
-719
-609
-576
-520
-597
-481
-284
-283
-204
-48
79
218
318
258
79
-243
-488
-588
-562
-435
-356
-301
-278
-408
-363
-277
-269
-109
21
-19
0
99
283
416
530
821
910
1052
922
777
645
422
280
128
120
-5
-16
-166
-248
-283
-260
-172
-199
-187
-250
-192
-222
-16
67
15
-7
-146
-92
-199
-431
-566
-742
-805
-703
-577
-228
1
208
391
306
282
358
476
598
790
857
920
837
794
800
660
548
391
515
623
646
799
862
815
789
652
603
529
421
468
525
612
751
774
717
507
111
-99
-384
-577
-658
-771
-745
-497
-421
-197
30
82
284
347
450
619
724
814
883
976
909
754
633
288
129
-56
-102
-82
-35
-9
-111
-102
-420
-341
-394
-541
-532
-680
-686
-797
-691
-513
-277
-67
-94
-201
-397
-694
-1107
-1313
-1411
-1399
-1248
-1225
-1128
-1032
-847
-644
-335
-104
19
300
354
517
660
807
935
960
1101
930
810
695
491
437
228
229
102
46
-92
-167
-69
-96
44
-11
-28
-137
-223
-363
-540
-575
-661
-603
-721
-775
-892
-990
-1040
-1157
-1147
-1032
-965
-890
-829
-669
-483
-341
-36
166
527
786
1071
1229
1083
1088
994
1001
1001
965
999
896
795
752
631
514
447
283
154
11
-156
-52
-129
-131
-10
-128
-28
-40
-191
-313
-515
-639
-701
-693
-633
-482
-288
-211
-160
-196
-233
-337
-309
-151
-58
80
187
342
533
761
885
917
908
780
732
664
589
537
434
394
316
218
128
47
4
-113
-76
-58
-183
-362
-473
-499
-599
-542
-572
-588
-706
-846
-853
-812
-810
-745
-661
-825
-692
-703
-570
-444
-348
-106
-46
109
191
380
592
814
1009
1095
1118
1062
1118
1177
1065
1016
939
822
691
425
298
218
58
13
-84
-180
-273
-303
-371
-447
-439
-451
-445
-414
-397
-365
-413
-464
-306
-220
-165
-214
-220
-199
-125
-19
161
391
613
760
795
862
876
936
918
889
897
933
1064
1153
1234
1311
1258
1260
1206
1062
815
544
363
132
6
-127
-95
-74
-138
-148
-302
-299
-423
-505
-571
-716
-719
-813
-758
-744
-597
-431
-371
-282
-347
-315
-341
-251
-131
-20
136
103
178
118
194
258
385
482
556
706
658
625
479
421
338
260
214
218
253
251
312
323
281
269
153
63
-82
-180
-202
-243
-332
-464
-582
-626
-728
-768
-794
-890
-899
-846
-700
-574
-442
-411
-443
-490
-481
-493
-423
-257
-196
-114
-30
158
314
359
347
362
348
332
365
429
480
445
407
390
398
322
170
73
28
-99
-203
-304
-327
-301
-344
-361
-322
-260
-187
-76
-81
-147
-219
-368
-407
-328
-211
-55
87
221
364
345
225
77
-97
-219
-322
-304
-232
-210
-131
-32
97
210
308
312
171
89
49
99
190
328
367
292
273
246
220
191
171
148
141
117
94
105
30
-54
-122
-152
-145
-239
-334
-388
-448
-478
-490
-436
-396
-321
-246
-183
-112
-102
-43
-7
21
99
150
210
249
276
287
320
391
374
351
292
248
215
144
88
66
26
-96
-177
-148
-108
-72
-74
-108
-78
-86
-85
-82
-44
-39
-38
-44
-26
103
218
309
299
287
302
266
222
235
236
123
20
45
119
172
120
55
-53
-174
-300
-341
-262
-191
-106
-54
14
56
46
-62
-133
-108
-28
6
11
157
217
255
340
458
608
565
536
575
455
291
121
0
-7
-10
-29
-85
-158
-236
-303
-382
-376
-300
-230
-117
-61
22
159
345
555
688
803
777
680
602
526
472
469
511
480
424
262
88
-59
-146
-172
-175
-131
-181
-310
-359
-458
-505
-452
-387
-278
-169
-47
6
-25
-79
-83
-59
16
42
-5
-12
50
107
127
152
187
183
182
184
170
184
175
149
165
130
21
-24
-131
-159
-174
-213
-153
-88
5
91
185
269
369
514
572
644
730
728
675
555
484
412
309
204
79
-37
-172
-317
-477
-652
-838
-1065
-1243
-1348
-1403
-1368
-1238
-1095
-915
-788
-718
-616
-507
-351
-179
-68
40
160
212
275
300
304
314
273
262
242
244
246
262
291
330
341
273
225
156
90
50
-65
-122
-149
-203
-230
-266
-311
-316
-384
-375
-369
-395
-408
-431
-397
-335
-261
-187
-74
6
22
-3
12
-13
-78
-111
-95
-42
1
81
124
91
95
151
207
242
307
396
515
650
742
793
787
689
566
497
423
391
345
282
181
71
-42
-191
-283
-322
-384
-377
-442
-512
-521
-606
-697
-768
-781
-744
-690
-636
-518
-405
-276
-140
3
137
195
235
277
375
495
592
695
825
904
937
952
917
790
694
641
573
557
477
275
15
-185
-311
-426
-539
-637
-713
-795
-919
-1028
-1047
-1086
-1127
-1072
-975
-826
-736
-701
-664
-642
-563
-456
-322
-183
-72
62
125
184
239
249
243
209
146
97
93
93
145
194
225
217
146
82
-8
-107
-133
-149
-149
-94
-92
-40
-18
-111
-156
-194
-199
-220
-266
-324
-423
-509
-566
-610
-685
-794
-889
-891
-875
-790
-687
-630
-504
-378
-291
-199
-128
-26
138
228
331
498
621
657
613
634
687
720
720
739
732
695
615
583
614
654
564
470
389
249
112
-51
-174
-324
-413
-461
-513
-556
-592
-573
-543
-558
-545
-521
-483
-418
-363
-268
-144
-4
187
362
515
570
555
505
460
453
407
385
373
323
243
160
26
-52
-101
-154
-127
-145
-157
-191
-229
-278
-373
-460
-537
-620
-727
-858
-921
-897
-818
-724
-673
-622
-583
-585
-557
-522
-428
-282
-154
3
81
150
264
325
427
488
432
338
290
288
300
294
292
296
287
259
256
251
233
223
191
196
206
226
208
151
65
-4
10
20
-39
-172
-323
-505
-636
-777
-867
-941
-1003
-982
-923
-891
-802
-594
-419
-219
-95
14
102
139
166
153
212
294
384
493
633
733
736
719
745
764
742
692
624
568
523
468
406
368
348
267
181
124
29
-20
-53
-44
-25
-2
-14
-40
-63
-71
-90
-117
-92
-40
70
130
150
181
190
195
171
162
183
145
131
138
206
287
321
311
225
190
94
34
47
-7
-94
-175
-213
-179
-170
-153
-174
-234
-333
-446
-532
-608
-706
-747
-690
-636
-539
-493
-413
-388
-472
-589
-659
-620
-588
-543
-477
-387
-255
-128
40
151
205
224
129
75
83
105
82
49
35
38
15
6
8
2
-29
-77
-124
-152
-140
-164
-195
-250
-277
-292
-337
-336
-317
-288
-283
-315
-302
-274
-284
-313
-259
-207
-211
-196
-178
-154
-182
-239
-300
-252
-140
-74
25
109
175
227
267
329
384
416
403
386
406
462
476
454
447
398
333
269
216
153
35
-54
-105
-129
-129
-147
-135
-138
-134
-132
-144
-75
-45
-62
-51
-26
49
56
27
61
64
70
68
47
17
-37
-41
-56
-70
-50
-7
61
135
186
224
208
169
119
76
76
39
52
6
-59
-112
-148
-123
-63
-63
-117
-200
-261
-270
-284
-261
-201
-149
-107
-51
2
70
71
39
-24
-69
-67
-115
-126
-101
-105
-122
-120
-165
-249
-285
-340
-385
-374
-306
-159
-69
6
53
47
105
148
163
172
190
179
158
192
212
173
100
50
-29
-94
-189
-289
-313
-298
-311
-313
-289
-251
-262
-306
-243
-165
-6
114
173
232
252
251
260
300
244
151
120
120
172
221
230
206
137
70
-5
-51
-79
-22
9
-95
-179
-216
-247
-289
-303
-266
-185
-80
26
147
230
257
256
271
287
291
316
349
388
398
347
322
282
210
132
31
-68
-77
-105
-147
-160
-178
-186
-233
-234
-270
-274
-235
-178
-78
-36
-18
-4
33
70
112
160
138
78
39
-31
-46
-51
-55
-39
-63
-102
-129
-109
-106
-51
5
-1
-10
-48
-74
-96
-91
-81
-94
-68
-62
-51
-56
-70
-48
-26
-5
9
0
-18
-42
-51
-84
-107
-96
-104
-90
-86
-117
-81
-92
-101
-104
-99
-68
-74
-87
-86
-38
-6
10
3
26
93
143
182
216
268
314
348
359
305
319
353
334
346
379
387
375
354
323
303
205
57
-7
-39
-48
6
39
18
9
-51
-127
-159
-141
-85
-92
-90
-77
-40
5
30
95
145
195
222
214
231
247
216
166
85
16
43
105
118
127
126
133
132
118
78
16
-3
-57
-100
-158
-185
-129
-101
-54
-26
-25
-11
-76
-132
-176
-152
-91
-40
-34
-74
-98
-127
-165
-188
-194
-186
-147
-54
31
79
102
78
73
75
84
84
77
82
111
141
149
141
147
146
120
50
-8
-60
-66
-29
-72
-106
-62
-71
-146
-196
-280
-321
-309
-282
-252
-266
-278
-274
-303
-283
-273
-279
-297
-317
-275
-263
-235
-221
-190
-117
-41
4
20
49
96
91
86
88
118
188
212
262
266
222
191
145
151
189
216
230
221
203
180
148
125
73
23
-26
-82
-68
-37
-72
-63
-35
-30
-44
-33
-26
-74
-85
-94
-70
-31
22
56
107
134
138
172
163
141
107
49
5
-42
-67
-59
-51
-80
-55
-41
-23
33
51
71
124
179
204
209
184
155
124
80
-1
-69
-88
-159
-208
-241
-242
-258
-244
-246
-269
-292
-301
-273
-229
-149
-77
-32
-5
29
48
110
103
67
98
128
168
182
170
162
151
108
125
121
46
36
2
11
33
20
48
75
45
27
6
-33
-72
-76
-77
-123
-139
-165
-170
-155
-153
-121
-96
-11
49
133
206
193
223
238
186
185
158
181
236
220
281
312
345
375
407
374
347
347
309
319
348
352
323
277
263
252
277
275
245
232
229
193
117
110
120
123
124
67
22
-42
-88
-118
-140
-159
-201
-234
-232
-201
-201
-118
-50
-46
-68
-44
-13
25
86
92
96
73
92
143
148
154
113
55
58
52
45
63
79
82
70
53
4
-43
-96
-163
-200
-207
-224
-237
-249
-253
-230
-251
-234
-216
-231
-202
-188
-172
-145
-114
-79
-70
-44
17
60
94
128
134
99
8
-76
-85
-97
-139
-176
-194
-172
-165
-143
-115
-94
-83
-75
-72
-36
-8
13
23
21
53
76
88
98
79
62
58
21
-32
-40
-25
-55
-119
-189
-178
-146
-142
-147
-168
-191
-246
-265
-242
-167
-82
18
78
149
171
159
165
128
93
34
19
-5
2
0
14
36
18
11
-4
-49
-78
-128
-145
-89
-38
-37
3
22
43
50
86
139
176
214
195
194
172
161
154
147
136
110
93
64
-11
-54
-58
-74
-82
-71
-84
-97
-131
-158
-156
-129
-86
-70
-55
-58
-35
-14
-11
-5
-21
-54
-66
-59
-30
6
33
53
35
30
1
5
9
-29
-27
-57
-38
0
-27
-83
-124
-173
-183
-168
-200
-196
-175
-208
-214
-200
-212
-197
-157
-160
-149
-116
-73
-10
14
34
83
98
96
106
106
125
159
165
143
149
154
175
232
225
233
220
197
143
102
132
136
184
214
242
270
247
216
192
129
44
-24
-71
-65
-52
-18
25
41
39
30
14
-22
-42
-75
-60
-16
0
34
41
38
33
50
50
10
-13
-24
8
21
82
148
172
202
201
163
160
160
141
177
172
176
159
140
134
109
121
121
107
108
121
140
116
81
55
26
48
17
-25
-5
-22
-45
-62
-50
-2
-20
-1
31
49
78
92
141
192
231
215
197
204
164
106
91
90
114
131
129
135
131
54
29
35
4
-20
-29
-15
-36
-13
10
42
70
94
151
137
137
97
23
-2
-14
4
17
20
6
-49
-67
-114
-149
-143
-134
-124
-134
-149
-137
-74
-51
-34
-18
-38
-76
-129
-201
-235
-264
-291
-243
-202
-177
-179
-190
-205
-200
-230
-253
-266
-254
-203
-162
-108
-131
-188
-167
-116
-57
-61
-112
-148
-151
-128
-133
-107
-95
-107
-103
-102
-112
-89
-100
-83
-35
-33
-31
-12
10
-11
-54
-65
-40
-17
-31
-53
-47
-102
-110
-44
-16
3
25
6
-31
-72
-75
-57
-59
-79
-95
-110
-67
-26
-27
0
21
14
6
32
30
17
10
3
61
81
85
89
30
28
37
68
108
110
152
146
153
145
127
164
185
188
151
113
106
91
71
-1
-66
-49
-42
-46
-22
-50
-50
-29
-42
-51
-83
-90
-118
-182
-189
-166
-118
-59
-58
-56
-85
-88
-17
-11
-21
3
-3
9
23
67
88
104
135
172
232
248
247
269
254
249
256
251
291
264
233
163
91
65
14
-10
4
-10
1
22
40
68
63
85
72
56
59
56
87
86
102
125
89
102
116
158
187
124
83
102
159
158
100
83
103
85
94
146
180
205
199
206
226
244
265
268
245
179
135
135
122
104
85
24
39
42
13
33
60
41
24
45
87
103
51
-10
-9
-8
-9
15
2
-14
1
26
67
110
125
146
139
117
107
132
205
212
232
256
244
210
152
152
152
159
174
184
195
178
150
143
130
55
4
-11
-57
-113
-132
-145
-130
-131
-147
-151
-143
-168
-231
-307
-357
-416
-421
-391
-420
-439
-457
-420
-367
-347
-311
-312
-289
-239
-239
-270
-265
-234
-229
-237
-227
-199
-181
-127
-28
0
-27
-41
-67
-81
-80
-89
-69
-33
-40
-40
15
42
40
-6
-70
-111
-148
-161
-139
-83
-52
-62
-83
-132
-179
-228
-284
-305
-279
-232
-202
-167
-149
-138
-102
-103
-96
-91
-108
-129
-124
-129
-135
-146
-144
-124
-101
-53
-43
10
64
104
110
129
115
86
87
79
93
74
66
70
46
73
65
46
21
-9
5
25
63
67
49
13
-4
-31
-60
-46
-58
-14
66
98
43
3
3
-52
-85
-127
-142
-116
-108
-81
-60
-42
-48
-61
-13
27
39
52
66
121
177
187
216
223
241
242
237
209
171
157
149
164
186
154
130
119
83
111
144
182
198
163
154
166
152
165
174
171
176
172
152
160
172
161
164
170
170
201
204
205
195
213
276
297
325
332
320
320
295
249
219
192
182
187
212
207
196
191
130
127
105
78
73
61
88
74
69
94
152
178
163
211
227
210
226
213
198
178
174
218
230
266
281
280
304
286
262
234
185
190
183
205
201
200
207
117
55
49
72
69
43
19
-7
-34
-48
-21
-34
-34
-36
-75
-113
-126
-126
-129
-103
-100
-102
-106
-128
-126
-130
-128
-87
-74
-76
-42
-15
22
4
-47
-38
-32
22
56
69
69
40
-6
-21
-13
-37
-57
-73
-101
-147
-194
-237
-244
-261
-256
-223
-239
-226
-245
-244
-241
-251
-251
-285
-299
-305
-319
-267
-269
-285
-264
-267
-231
-195
-146
-96
-100
-107
-109
-100
-51
-42
-11
5
-12
-12
-61
-57
-78
-115
-168
-219
-215
-226
-219
-185
-162
-174
-211
-280
-303
-292
-276
-237
-253
-276
-308
-317
-307
-300
-293
-289
-283
-276
-310
-339
-288
-255
-200
-158
-135
-121
-144
-121
-92
-55
-46
-24
-14
-37
-47
-45
-8
-4
-12
-5
-39
-41
-31
-35
-77
-90
-76
-44
-3
18
19
-28
-45
-47
-48
-24
-37
-65
-88
-127
-130
-117
-115
-118
-113
-140
-156
-148
-113
-87
-62
-53
-61
-27
-12
17
69
84
92
94
128
154
133
142
140
154
162
149
123
98
89
82
92
75
77
112
110
95
108
108
110
85
50
44
43
82
115
106
92
64
79
102
111
125
108
104
122
109
106
84
63
62
81
113
120
154
180
156
117
58
40
-12
-44
-6
24
88
131
177
202
219
266
263
239
245
240
248
261
295
319
329
292
252
220
175
159
132
123
121
107
71
40
18
0
-19
-7
-16
-18
-12
41
151
231
273
284
305
300
288
282
304
318
298
251
236
227
246
258
209
176
100
21
-26
-96
-162
-178
-133
-99
-69
-58
-79
-80
-62
-114
-113
-92
-82
-27
-8
65
60
62
88
59
38
-7
-39
-99
-105
-124
-118
-57
-79
-85
-62
-93
-125
-147
-160
-155
-167
-188
-169
-155
-121
-95
-99
-113
-105
-79
-77
-31
-40
-78
-72
-86
-78
-59
-104
-156
-195
-271
-280
-295
-290
-298
-347
-346
-359
-353
-344
-360
-365
-373
-384
-353
-277
-212
-202
-195
-129
-38
-34
-77
-55
-58
-71
-69
-130
-146
-152
-205
-229
-247
-276
-316
-354
-374
-352
-343
-319
-305
-285
-268
-290
-277
-254
-232
-186
-203
-178
-141
-138
-123
-156
-196
-218
-229
-229
-211
-194
-173
-144
-124
-123
-124
-130
-121
-132
-167
-228
-232
-178
-149
-141
-188
-242
-240
-240
-279
-305
-295
-300
-242
-177
-128
-86
-70
-75
-87
-63
-37
-43
-68
-86
-74
-80
-107
-93
-61
-8
-11
-44
-80
-89
-63
-38
6
91
171
200
243
262
239
260
279
322
318
304
309
317
310
289
263
205
199
174
97
74
34
6
-5
13
24
8
-15
-25
-13
-9
-28
-44
-41
-36
-24
-40
-34
23
44
29
24
36
60
98
134
135
155
205
225
276
265
254
283
293
286
250
204
193
164
194
192
163
184
173
170
152
128
138
195
258
294
296
284
248
210
189
162
144
137
173
182
135
130
122
94
76
56
60
59
45
19
18
77
116
134
153
154
180
192
217
269
304
336
327
323
293
287
347
358
386
422
442
487
470
443
440
410
410
392
354
358
311
282
253
174
191
190
148
125
88
73
64
62
30
11
-14
-32
-25
-39
-37
-34
-48
-44
-20
-53
-107
-109
-105
-114
-91
-99
-107
-99
-75
-51
-40
-59
-85
-47
-77
-132
-139
-166
-195
-193
-199
-213
-250
-269
-267
-282
-301
-303
-297
-312
-305
-301
-351
-349
-315
-334
-311
-331
-335
-302
-368
-404
-433
-425
-423
-420
-396
-405
-381
-358
-348
-353
-363
-369
-329
-295
-285
-259
-212
-221
-217
-146
-139
-141
-114
-125
-153
-209
-258
-246
-231
-216
-206
-225
-234
-193
-171
-183
-121
-61
-33
-33
-78
-102
-97
-85
-73
-115
-110
-60
-65
-91
-112
-98
-105
-125
-89
-70
-58
-66
-98
-97
-118
-82
-9
32
77
98
132
141
141
142
136
147
156
181
231
248
238
228
183
184
207
143
119
80
69
86
90
128
138
128
106
77
72
65
85
79
102
125
102
86
53
78
87
54
37
46
72
114
137
119
121
97
91
121
189
265
282
311
312
323
336
325
327
298
258
227
222
238
248
225
247
231
245
258
232
209
155
94
89
86
88
108
108
140
111
132
138
132
190
187
168
156
150
149
167
162
142
125
153
222
270
265
259
244
261
271
248
225
206
191
186
199
200
178
156
98
35
24
12
13
2
-4
8
58
99
112
143
147
187
198
200
224
247
253
259
242
197
200
204
173
160
153
131
140
144
132
179
165
141
166
139
122
109
75
47
29
15
-32
-58
-76
-123
-165
-211
-227
-227
-230
-221
-201
-208
-214
-229
-248
-261
-252
-229
-190
-172
-151
-129
-115
-115
-137
-104
-92
-122
-133
-130
-106
-92
-116
-126
-132
-101
-87
-84
-78
-99
-95
-41
-26
-20
-42
-76
-54
-64
-84
-102
-109
-103
-84
-74
-84
-92
-67
-66
-43
-40
-40
-21
1
-23
-74
-72
-92
-85
-73
-97
-115
-106
-116
-82
-41
-32
5
-2
13
42
43
33
66
100
123
99
70
53
7
7
0
-37
-66
-67
-69
-91
-85
-129
-161
-140
-125
-138
-164
-188
-208
-160
-115
-109
-126
-132
-165
-192
-181
-173
-150
-192
-246
-247
-250
-217
-194
-185
-177
-179
-166
-111
-71
-61
-48
-39
-26
-37
-65
-100
-125
-141
-149
-124
-113
-147
-143
-100
-84
-45
-22
-34
12
14
31
54
48
63
58
74
72
39
51
42
25
-36
-58
-37
-55
-65
-95
-106
-71
-56
-64
-17
0
39
103
179
191
172
146
105
96
85
93
87
101
144
169
173
184
216
248
272
246
209
188
162
180
184
180
164
159
147
101
64
43
37
44
42
-10
24
42
39
47
51
67
115
163
152
164
206
216
203
185
170
153
148
142
134
112
84
88
101
99
86
104
108
126
81
33
35
31
35
46
51
50
65
100
131
116
112
77
70
87
121
169
125
102
91
73
77
70
50
27
38
35
44
79
71
38
35
42
37
22
8
25
39
57
56
59
57
20
9
6
37
58
84
69
31
-2
-24
-63
-85
-71
-87
-91
-96
-86
-63
-91
-86
-81
-79
-52
-35
-10
2
12
8
-21
-73
-85
-99
-107
-107
-119
-119
-117
-77
-39
-20
-50
-69
-63
-54
-27
-28
-64
-124
-148
-148
-129
-99
-102
-110
-89
-105
-110
-111
-89
-83
-111
-82
-57
-46
1
25
25
74
70
90
83
60
61
37
28
28
35
25
25
-19
-77
-96
-115
-142
-166
-160
-155
-153
-143
-171
-153
-172
-206
-173
-189
-195
-208
-227
-229
-231
-221
-224
-227
-218
-241
-243
-254
-260
-253
-270
-288
-306
-327
-296
-261
-243
-250
-262
-259
-234
-231
-242
-234
-234
-274
-311
-300
-316
-314
-311
-287
-250
-250
-236
-218
-189
-148
-116
-83
-54
1
6
-1
21
31
42
47
54
24
8
-5
16
44
62
99
110
112
103
97
67
89
118
94
62
7
-43
-76
-70
-94
-137
-126
-136
-159
-158
-140
-136
-143
-145
-124
-111
-105
-127
-116
-98
-83
-46
-64
-35
-5
0
13
10
15
30
43
37
30
27
55
94
108
107
107
116
134
183
180
155
144
145
166
147
152
164
140
122
105
112
144
139
76
55
50
64
96
71
31
42
40
59
76
43
19
16
38
56
79
75
42
30
13
7
14
33
57
82
103
115
143
153
186
209
219
213
242
307
339
324
339
366
342
359
348
346
333
311
303
276
258
275
296
300
279
261
245
245
212
186
184
130
86
70
57
25
13
7
-10
3
-24
-27
-16
-5
17
3
-27
-33
-43
-31
-5
7
29
20
-16
-44
-71
-82
-57
-24
-15
-9
-28
-55
-40
-11
-2
1
-2
-8
-13
-47
-73
-108
-102
-81
-81
-78
-91
-89
-88
-63
-50
-50
-36
-33
-47
-14
-2
0
7
6
12
14
-15
-35
-58
-95
-102
-100
-130
-142
-162
-172
-166
-159
-140
-98
-92
-105
-74
-54
-43
-39
-17
-55
-72
-99
-130
-122
-114
-118
-69
-34
-48
-62
-42
-20
-9
8
-10
-15
-42
-59
-47
-45
-33
-33
-71
-99
-112
-90
-100
-97
-83
-82
-76
-90
-79
-72
-75
-48
-29
-27
5
39
32
16
6
-18
-46
-70
-90
-117
-134
-169
-220
-232
-237
-229
-205
-205
-185
-169
-149
-103
-83
-76
-59
-68
-59
-43
-70
-80
-69
-73
-83
-63
-63
-63
-97
-108
-106
-119
-122
-134
-132
-146
-138
-143
-145
-87
-21
-1
-10
-15
-19
-11
-6
-16
-26
-25
-53
-50
-40
-52
-75
-88
-78
-114
-109
-96
-69
-51
-84
-95
-91
-95
-94
-92
-87
-88
-80
-42
-63
-109
-112
-73
-43
-25
1
28
39
37
61
84
60
30
17
11
37
69
64
77
95
100
124
134
122
139
165
165
159
153
160
160
155
167
171
155
162
179
208
257
294
314
314
321
334
351
363
375
397
392
430
446
443
420
367
328
319
302
283
302
254
217
209
191
214
207
173
141
113
106
111
153
143
144
150
129
109
75
63
70
45
37
54
20
3
4
-13
3
10
-6
-12
10
43
82
92
113
103
121
157
152
138
116
132
102
84
89
81
59
72
47
52
82
66
59
53
54
75
86
75
73
64
44
28
55
53
49
67
63
49
33
-24
-33
-46
-72
-41
1
8
36
65
83
102
98
130
155
173
153
110
69
14
-20
-6
-27
-52
-111
-129
-143
-150
-154
-163
-139
-151
-151
-133
-140
-150
-156
-183
-173
-136
-110
-83
-72
-106
-93
-79
-58
-42
-62
-95
-113
-106
-107
-95
-123
-131
-125
-113
-115
-125
-98
-117
-134
-115
-120
-129
-157
-169
-149
-145
-145
-138
-121
-104
-105
-88
-77
-77
-51
-84
-54
-21
-46
-35
-35
-37
-63
-72
-65
-77
-50
-39
-36
-60
-66
-84
-139
-168
-151
-161
-141
-123
-124
-122
-152
-179
-174
-151
-159
-173
-157
-196
-228
-231
-233
-204
-182
-188
-182
-158
-167
-147
-118
-94
-55
8
51
76
66
40
59
63
17
-10
-8
-16
-22
-50
-76
-67
-59
-26
