16
11
-10
2
-24
-29
-54
-89
-53
-65
-77
-67
-77
-64
-47
-71
-33
8
-4
2
-2
1
-2
1
0
0
0
0
-1
0
0
0
1
0
0
0
0
0
0
0
0
0
0
0
0
0
0
0
0
0
0
0
0
0
-1
0
0
0
0
0
0
0
0
0
0
0
0
0
1
0
0
0
0
0
0
0
1
0
0
0
1
1
0
0
0
-1
1
1
0
0
0
0
0
0
0
1
0
0
0
1
0
0
0
0
0
-1
0
0
0
0
0
0
0
0
0
0
-1
-1
-1
0
0
0
0
-1
0
0
0
0
0
0
0
0
0
1
0
1
0
0
0
0
0
0
1
-1
0
1
-1
0
0
0
0
0
0
0
-1
0
0
0
-1
0
-1
0
0
0
0
0
0
0
0
0
1
-1
2
-3
3
-5
27
58
82
115
107
115
98
85
68
81
98
88
109
120
90
81
73
66
49
24
30
36
41
65
72
72
47
25
9
-10
-14
4
-26
-31
-26
-51
-37
-34
-24
-27
-58
-92
-108
-58
-35
-24
1
-5
12
16
20
40
46
26
14
11
-12
-15
28
38
58
52
14
-7
-32
-22
-3
10
10
31
33
40
65
59
68
46
22
0
-5
4
1
1
8
8
6
-4
-17
-13
3
2
4
-3
-3
5
9
16
5
-9
-14
7
9
4
-2
-9
-19
-1
5
-5
4
-7
-5
14
-7
-3
13
-1
7
14
4
-7
-7
-6
-3
12
-11
-8
11
-11
5
3
-8
6
-12
-5
-6
1
11
-2
15
5
6
-4
-20
6
-9
-3
20
0
-1
-10
-15
12
7
13
-9
-23
-11
-2
9
-9
-7
-4
-12
-7
-7
-9
-1
-11
-8
-6
0
-1
-11
-5
1
6
10
4
12
-2
-11
2
7
11
14
-2
8
6
-4
0
2
4
-4
-10
-17
-6
1
-2
6
-3
-8
-8
-5
-13
-5
5
6
1
-6
-4
-1
0
2
5
8
-2
-8
-4
5
3
5
-4
-6
3
12
7
0
3
-3
11
22
4
-3
6
-1
15
7
-8
-4
7
9
-9
1
-5
-3
-3
-2
0
-1
5
-2
3
2
-7
-11
-4
-8
-8
-1
-1
-7
-6
10
0
0
0
1
8
11
18
13
7
1
-8
-3
-1
4
5
-7
3
-13
3
6
-3
0
-15
8
3
1
0
-14
14
13
12
11
-2
6
-4
-6
9
4
4
3
-8
13
9
-3
13
11
1
-6
6
6
-5
-8
-13
3
-3
-10
-4
-13
-3
5
6
13
2
4
6
5
8
0
6
-7
-3
10
-3
-2
4
3
-2
-7
-9
-3
1
-8
-13
-8
-1
5
5
-7
-4
1
4
4
0
5
-1
4
11
12
4
12
2
11
-6
8
11
3
3
4
1
16
-8
1
9
-11
9
1
-23
-2
4
-10
19
-13
-16
-8
5
4
7
3
-18
3
-9
0
6
6
13
1
-12
-2
12
14
2
-10
-5
-11
-1
-7
-6
-3
2
6
-1
-16
-5
1
-5
6
2
0
-9
-18
1
5
9
1
-6
-2
-11
-2
0
-3
-9
-7
-4
-5
4
8
-2
0
1
6
16
0
5
2
8
5
-3
-2
-8
3
-1
12
4
1
-6
-4
8
-5
-10
-19
0
18
2
3
-23
-35
-10
2
4
12
-16
-22
-14
-14
-1
5
-4
-17
-4
11
3
38
-3
-2
-3
-24
11
7
3
5
-4
5
4
9
-12
-25
-15
-36
-14
-1
-9
3
-12
-2
-6
-31
-29
-7
6
-15
-9
0
-13
-15
1
-1
10
-3
-7
5
10
19
30
42
11
11
-6
-42
-3
11
4
9
8
10
-7
9
12
9
24
22
7
8
-3
8
13
17
0
-12
-20
-11
17
18
7
-3
-18
-12
0
-7
4
4
7
-2
-14
8
12
-1
-16
-32
-18
-9
-5
-10
-18
-22
-1
20
36
33
-4
3
-1
-17
2
16
20
22
-16
-10
12
4
-19
-22
-5
1
15
-9
-47
-42
-17
19
32
33
30
-8
7
20
5
8
6
5
-8
-3
6
17
24
11
-2
7
-9
-29
-20
-23
0
7
9
-12
-36
-48
-21
2
-1
-4
-5
-18
-9
3
-12
-26
-19
-3
-9
-11
13
6
5
11
-3
10
12
3
-11
-4
23
34
41
31
19
20
-16
0
0
-22
-22
-3
-6
-4
12
8
-3
-6
-17
-34
4
25
33
29
-4
-6
12
-14
-6
-6
5
-1
12
1
-1
5
-30
-32
-10
3
6
10
-10
2
2
6
4
-4
-8
0
-2
-8
-27
-43
-40
-32
5
3
-21
-9
-4
17
20
18
29
33
36
32
45
11
-2
-10
-17
-4
3
11
12
9
11
31
13
5
2
-5
5
31
27
31
35
48
42
21
27
34
27
4
-14
-4
25
14
-15
-37
-48
-17
18
14
-14
-41
-50
-47
-4
-15
-4
3
-26
-25
-6
43
17
-8
-22
-29
-6
13
25
-6
-27
-36
-16
14
28
32
36
-1
-6
43
31
49
46
13
15
9
17
2
-11
-27
-21
9
-19
-11
-35
-34
19
13
8
15
-6
8
4
-6
-6
-26
-6
-17
1
9
-8
-11
-20
-5
14
26
23
11
1
2
8
29
62
81
68
63
76
68
37
12
10
13
19
1
-27
-15
-19
-15
-10
-6
-7
-8
13
-3
-7
10
-14
14
44
21
4
-3
0
13
-6
-16
-5
-18
9
24
8
-22
-44
-28
-1
27
24
-18
-32
-42
-19
12
10
-5
-37
-38
-5
19
12
10
-4
-14
-10
-8
-11
-8
6
-2
0
19
36
19
-2
12
-1
-6
-1
20
23
-19
-14
-6
-4
17
-13
-15
6
6
6
-3
-15
-3
5
1
4
-6
17
-2
-2
0
-22
-13
-24
-23
-1
-10
2
33
24
7
-19
-12
0
-11
-31
-66
-63
-35
-17
-6
-26
-27
-54
-53
-37
-53
-49
-41
-55
-42
-35
-34
-20
-24
-36
-17
-12
-18
-21
-29
-47
-27
-11
-31
-35
-66
-63
-54
-50
-44
-41
-50
-54
-86
-128
-86
0
33
46
35
1
8
32
12
-10
-20
-17
-14
11
-18
-41
-27
-24
20
49
22
5
13
-4
31
38
13
7
22
34
44
20
-16
-14
-16
-14
19
53
36
2
10
43
84
91
72
72
29
-33
2
13
-6
4
-17
-3
12
19
6
11
34
49
61
17
-1
-4
-9
6
-17
-60
-36
-25
-4
17
0
9
7
0
22
15
7
-7
4
37
47
64
70
76
63
42
47
46
25
6
6
29
76
76
28
29
25
20
27
12
-21
-30
-8
-7
4
-18
-39
-14
-51
-58
-86
-116
-95
-70
-47
-10
3
-10
-12
-33
-21
-13
-13
-24
-22
-36
-7
53
66
96
99
80
113
110
106
95
60
42
52
63
77
72
28
-16
-25
-10
4
48
36
13
3
5
25
46
34
38
37
23
53
67
44
0
-15
-19
-4
59
38
-4
-18
10
43
57
66
33
4
-21
-2
9
-3
-19
-48
-16
-3
-23
-26
-45
-50
-61
-51
-39
-34
-20
-47
-23
24
29
24
20
-5
-14
-43
-13
40
36
15
-28
-18
-22
-51
-14
-15
-12
-39
-42
-10
31
71
35
33
-11
-66
-58
-46
4
21
-24
-68
-80
-83
-64
-68
-54
-21
-29
8
29
71
99
61
33
26
37
42
41
14
32
41
30
31
39
27
7
30
-8
-18
-3
-31
-31
-40
-47
-43
-64
-65
-63
-81
-81
-71
-65
-85
-83
-73
-107
-74
-67
-44
-5
-8
-42
-55
-31
14
24
46
67
107
95
104
144
126
141
127
82
108
124
108
97
50
21
18
0
31
44
5
-3
-31
-56
-71
-47
-32
-48
-75
-92
-107
-131
-133
-106
-83
-113
-121
-153
-167
-146
-101
-71
-80
-93
-77
-24
4
25
34
2
50
96
82
53
23
61
80
42
34
-11
-59
-41
-4
6
1
-12
-39
-26
3
33
22
15
-33
-30
-9
-34
-1
-7
4
-3
-124
-112
-42
-30
62
-2
14
59
23
110
45
76
82
7
100
90
104
80
-6
82
79
126
128
55
80
75
92
81
3
30
59
78
83
19
21
7
27
71
17
31
38
13
41
15
46
72
46
35
-6
-37
-65
-49
-2
-6
-31
-43
-60
-61
-46
-66
-35
-14
4
-12
-91
-82
-50
-25
-61
-91
-101
-128
-76
-38
-20
1
-24
-19
1
-12
-47
-78
-54
-31
-17
-1
-35
-29
6
13
42
64
58
81
61
59
67
64
45
11
10
1
36
24
16
58
22
-14
-48
-76
-97
-145
-186
-174
-142
-153
-151
-144
-140
-133
-99
-108
-90
-35
-47
-50
-39
-28
11
-4
-24
-77
-106
-67
-60
-35
-32
-42
-53
-60
-29
-42
-76
-70
-63
-86
-115
-124
-128
-112
-118
-101
-58
-77
-118
-158
-129
-74
16
73
106
102
97
81
78
107
138
149
129
105
116
123
138
142
156
170
125
64
-3
23
63
44
23
1
-26
-53
-52
-43
-40
-8
9
32
33
80
163
183
158
93
47
2
36
64
35
50
87
90
44
-1
-13
-18
49
77
63
9
-51
-19
49
70
-10
-108
-227
-236
-162
-81
14
65
71
60
15
15
-12
-61
-101
-77
45
84
52
-8
-66
7
93
115
107
18
-69
8
131
249
242
70
24
74
216
217
113
37
20
207
312
369
332
145
30
-33
-8
-5
30
104
128
166
152
123
95
33
-4
80
155
181
54
-40
-178
-282
161
721
889
461
-116
-252
-27
212
255
66
-87
-35
199
365
193
-197
-298
-66
206
295
99
-66
-28
172
388
389
177
-53
-184
-120
38
154
187
177
127
64
37
5
18
-3
-21
-11
6
124
211
187
63
-54
-102
-67
-9
-1
3
0
21
5
-42
-75
-78
-89
-68
-19
-2
-29
-37
20
75
126
119
35
6
-17
12
60
101
114
84
54
25
79
107
82
65
26
-37
-91
-109
-136
-92
-78
-112
-139
-128
-87
-96
-98
-101
-108
-105
-94
-63
-91
-115
-143
-168
-160
-142
-104
-134
-170
-136
-123
-114
-99
-135
-123
-90
-81
-74
-74
-77
-66
-87
-96
-128
-165
-165
-140
-154
-189
-175
-140
-119
-112
-126
-149
-175
-189
-192
-151
-128
-198
-255
-254
-215
-178
-216
-271
-232
-164
-141
-149
-238
-294
-296
-252
-231
-265
-262
-271
-266
-264
-256
-217
-223
-201
-193
-184
-188
-191
-149
-140
-170
-214
-208
-158
-67
-28
-62
-86
-117
-111
-93
-114
-146
-131
-106
-76
-73
-125
-134
-117
-97
-58
-45
-89
-108
-108
-76
-51
-85
-130
-116
-130
-160
-180
-172
-99
-70
-49
-55
-113
-139
-132
-125
-150
-142
-108
-82
-64
-57
-66
-36
16
22
0
-19
-10
28
65
77
64
38
36
26
29
43
79
105
114
86
72
90
94
102
93
61
9
-11
-15
-1
29
20
-21
-69
-52
22
42
34
52
83
99
46
1
14
60
43
18
46
77
85
88
70
59
132
175
199
173
125
100
79
155
185
150
118
84
102
136
168
177
147
111
89
78
61
16
10
32
71
64
20
-27
-25
-14
-5
33
42
36
29
22
26
72
68
27
26
30
52
98
93
117
132
106
96
131
148
146
151
185
197
201
182
148
102
62
43
95
107
85
25
-26
-13
-7
28
24
9
32
49
76
81
69
46
84
136
159
200
168
124
115
120
159
152
141
164
148
154
146
148
114
79
93
110
98
74
22
-17
-18
50
69
51
49
58
63
75
34
-13
-38
-68
-55
-53
-53
-79
-110
-150
-157
-125
-84
-70
-78
-147
-165
-130
-83
-10
-27
-90
-122
-129
-97
-64
-24
-5
6
40
23
-4
-54
-112
-95
-52
-41
-12
-36
-92
-110
-74
-32
-48
-51
-6
-3
-54
-58
-10
23
29
44
-7
-24
2
4
8
10
-9
-24
17
57
54
22
2
-42
-18
75
99
80
60
20
27
38
48
45
30
20
27
55
37
-20
-71
-82
-71
-36
-48
-112
-172
-152
-120
-109
-110
-118
-122
-109
-76
-79
-69
-33
-10
1
-24
-52
-29
41
49
28
-33
-44
14
55
51
25
-2
-59
-26
57
40
-59
-53
-7
-24
43
17
-80
-47
-27
-51
-25
-18
-9
63
85
51
54
76
103
171
171
136
97
111
107
126
127
201
326
295
312
294
244
244
199
162
152
118
127
174
129
98
97
118
106
85
94
59
26
65
84
98
102
90
17
-22
4
-21
13
-32
-50
6
28
103
89
-20
9
-98
-91
8
-69
37
18
-27
52
-131
-49
89
-61
29
-133
-138
-14
-116
-12
-60
-106
-49
-78
-49
-45
-185
-222
-177
-179
-111
-165
-236
-166
-175
-165
-126
-215
-199
-164
-244
-123
-221
-177
-119
-283
-4
-84
-102
-49
-234
-116
-179
-168
-101
-200
-276
-327
-82
-237
-197
-50
-133
34
-265
-217
-298
-249
-131
-381
-267
-281
-273
-158
-234
-261
-305
-291
-243
-239
-268
-410
-451
-435
-335
-232
-227
-255
-357
-364
-433
-406
-379
-394
-360
-391
-387
-339
-301
-325
-408
-426
-384
-382
-370
-320
-338
-344
-245
-190
-135
-170
-250
-286
-289
-275
-229
-264
-258
-139
-124
-129
-176
-176
-134
-139
-113
-89
-81
-63
-35
21
77
77
28
40
-2
3
-35
-6
-6
44
21
42
34
7
78
48
93
17
0
40
88
80
10
-47
-38
29
36
43
38
4
-9
6
70
83
62
55
28
7
3
-30
-52
-35
-61
-65
-68
-57
-15
-4
-7
2
22
58
120
107
104
96
112
136
155
163
194
228
217
248
220
256
278
310
363
380
409
411
436
460
478
394
349
311
284
274
293
331
338
297
237
182
229
372
423
492
406
324
308
274
295
277
277
269
277
338
403
379
328
311
310
367
371
335
283
258
295
338
313
274
261
296
333
322
304
287
244
257
269
242
256
276
308
338
359
354
333
332
298
294
313
295
293
294
255
287
292
279
300
274
286
290
294
305
313
322
300
288
273
259
278
240
220
217
187
198
189
193
198
221
258
242
268
263
225
200
159
165
215
191
196
122
91
118
77
71
30
68
121
134
152
104
127
78
2
296
177
128
86
-14
153
124
66
81
57
75
100
88
81
43
59
164
149
69
26
-58
0
53
7
-12
-50
-20
51
40
23
9
35
77
49
53
21
-21
10
61
79
65
-7
-43
17
10
18
43
19
13
11
11
-6
-7
13
7
7
-32
-74
-103
-148
-152
-152
-134
-139
-182
-227
-266
-245
-212
-227
-231
-230
-223
-217
-221
-246
-253
-208
-209
-213
-253
-303
-303
-295
-272
-314
-340
-395
-397
-353
-327
-302
-310
-314
-259
-242
-285
-249
-235
-234
-220
-236
-184
-175
-213
-233
-257
-198
-172
-141
-132
-150
-142
-152
-159
-155
-138
-166
-190
-202
-245
-248
-257
-293
-278
-219
-202
-212
-208
-216
-202
-231
-207
-167
-141
-113
-120
-123
-141
-113
-84
-76
-49
-68
-84
-71
-80
-34
-3
14
18
14
19
22
28
38
43
34
24
1
9
2
25
4
10
45
4
7
-12
-10
-41
-69
-73
-55
-1
22
6
-28
-47
-28
-22
-39
-65
-74
-59
-44
-41
-59
-47
-20
38
52
58
72
57
65
85
110
126
97
83
106
163
171
99
83
88
147
148
135
149
112
148
178
165
198
202
202
201
243
239
182
240
242
268
246
200
254
236
224
201
180
223
233
227
218
190
160
197
212
171
136
110
119
204
248
268
269
275
313
292
266
225
226
220
169
146
136
169
184
179
201
208
258
271
231
227
236
219
188
177
191
181
163
130
104
138
131
87
61
50
51
45
61
39
49
39
32
93
68
64
97
77
44
36
50
79
86
41
-9
-33
7
65
97
102
71
66
42
47
29
19
26
-15
-8
-13
5
14
-10
-15
-50
-78
-88
-78
-43
-41
-55
-57
-87
-63
-72
-99
-122
-128
-139
-183
-170
-161
-165
-174
-178
-177
-185
-173
-167
-185
-150
-99
-95
-120
-149
-175
-156
-124
-151
-164
-189
-196
-175
-180
-170
-179
-156
-208
-256
-271
-293
-273
-310
-303
-308
-365
-371
-372
-361
-345
-335
-313
-313
-289
-281
-237
-166
-101
-78
-96
-90
-74
-50
-31
-50
-40
-31
-44
-34
-54
-87
-108
-137
-156
-132
-155
-149
-167
-175
-145
-141
-123
-105
-148
-184
-201
-181
-194
-226
-218
-217
-185
-207
-224
-227
-255
-233
-221
-242
-184
-170
-169
-153
-157
-184
-200
-170
-197
-204
-172
-138
-82
-70
-100
-79
-116
-150
-190
-206
-159
-144
-134
-164
-181
-147
-120
-80
-90
-114
-131
-156
-146
-108
-96
-45
-41
-64
-35
-43
-45
-34
-28
-10
-11
11
57
61
92
74
44
26
67
125
149
157
168
139
186
209
155
143
90
86
144
148
127
93
88
73
63
90
110
114
44
4
12
3
49
28
-38
-118
-133
-83
-75
-68
-96
-92
-93
-58
-30
-37
-77
-139
-136
-111
-99
-73
-77
-122
-161
-137
-64
-24
-29
-88
-103
-89
-123
-99
-49
-13
-19
-31
-40
-37
-35
-81
-130
-141
-179
-181
-131
-140
-142
-156
-170
-156
-151
-171
-187
-169
-169
-163
-155
-191
-186
-193
-231
-238
-268
-279
-216
-170
-188
-204
-219
-180
-128
-109
-98
-62
-28
-33
-9
36
2
5
2
-1
-8
-42
-90
-141
-153
-152
-153
-205
-196
-227
-244
-240
-245
-218
-183
-169
-201
-195
-225
-174
-146
-104
-86
-123
-119
-112
-84
-78
-39
-20
-24
-16
-19
-1
32
83
72
60
74
50
69
105
96
85
59
73
97
82
107
119
151
150
121
85
32
32
48
13
-28
-48
-44
-69
-80
-67
-91
-105
-135
-152
-132
-131
-145
-154
-185
-190
-177
-128
-127
-137
-142
-141
-123
-96
-74
-135
-168
-139
-95
-88
-54
-70
-80
-38
-71
-89
-104
-115
-101
-121
-118
-102
-95
-117
-153
-168
-168
-125
-110
-101
-84
-98
-103
-78
-83
-115
-134
-163
-178
-150
-92
-60
-81
-104
-107
-105
-104
-98
-99
-123
-109
-63
-46
-26
-24
-25
2
22
26
28
10
32
42
41
40
26
50
45
37
50
47
39
69
87
85
57
42
45
48
61
58
65
64
62
37
43
37
38
39
52
94
112
141
123
122
125
119
100
77
89
94
108
118
122
138
170
199
193
182
199
203
187
187
190
197
172
206
224
227
221
214
215
224
215
213
197
212
257
234
216
192
214
237
218
215
167
157
186
168
140
125
118
133
123
89
83
32
28
62
66
79
83
69
61
70
78
70
62
66
86
105
128
129
142
143
157
183
180
181
184
191
165
125
71
56
42
18
26
-1
-9
-13
-21
-25
-28
0
19
3
-10
1
21
6
-22
-46
-57
-61
-92
-112
-134
-129
-121
-83
-59
-87
-80
-99
-84
-78
-60
-40
-47
-41
-38
-28
-1
45
91
118
76
67
57
59
86
72
43
49
34
18
41
42
36
-23
-45
-91
-111
-128
-149
-134
-185
-184
-175
-161
-145
-134
-109
-88
-67
-85
-93
-96
-79
-71
-47
-34
-33
-11
-41
-64
-41
-11
7
-11
-34
-37
-39
-30
-27
-13
-35
-36
-53
-59
-29
-14
9
30
0
-16
-6
-37
-14
40
73
108
85
96
120
105
111
100
59
14
-14
-1
-17
-49
-73
-98
-100
-131
-135
-157
-158
-130
-142
-123
-118
-141
-137
-138
-163
-140
-120
-86
-48
-6
-7
-10
-1
-8
-25
-49
-81
-70
-60
-41
1
-20
-16
-7
-2
-22
-43
-58
-66
-76
-48
-21
-23
0
16
12
0
-19
-36
-60
-68
-58
-38
-34
-64
-108
-94
-37
0
-27
-40
-12
-23
-13
10
61
72
80
83
74
89
91
105
129
163
201
203
208
205
190
179
166
175
206
177
107
77
59
60
68
44
24
29
8
2
17
49
77
40
24
56
98
112
92
102
103
125
141
154
160
156
200
208
171
171
159
147
134
126
198
235
257
261
207
180
181
217
208
143
122
118
132
182
197
224
214
189
211
192
176
201
213
208
211
253
245
208
172
175
184
197
193
179
149
119
87
70
67
37
39
34
-6
-2
32
72
100
97
86
47
55
92
114
142
166
193
213
239
284
298
305
343
327
360
392
368
342
342
305
345
369
313
340
320
302
308
291
293
279
254
247
268
267
235
181
152
171
184
183
180
147
73
58
64
75
73
49
25
-1
13
13
-22
-36
-27
-31
-26
16
55
101
136
134
119
136
106
91
114
98
145
154
132
165
195
212
196
180
156
109
104
72
57
81
63
41
1
-5
-20
-1
3
-20
-16
2
27
17
5
5
7
-6
5
15
-13
-23
-18
-7
-4
-18
-1
25
46
0
-45
-67
-102
-107
-132
-133
-161
-177
-190
-147
-115
-96
-92
-119
-69
-18
25
21
31
57
92
101
76
66
26
-9
-8
-9
-19
-61
-111
-124
-131
-153
-132
-148
-200
-214
-207
-180
-145
-126
-100
-92
-66
-13
3
-113
-161
-185
-154
-112
-196
-193
-240
-150
-71
-101
-99
-131
-148
-139
-101
-124
-72
-37
-6
72
58
33
38
28
81
105
85
66
49
86
102
44
-10
-26
-38
-71
-132
-153
-111
-97
-95
-133
-178
-157
-164
-198
-192
-192
-168
-111
-78
-73
-77
-77
-40
-7
-9
-13
-43
-35
-59
-69
-76
-81
-57
-45
-30
-23
-44
-68
-58
-72
-83
-78
-90
-97
-101
-127
-144
-139
-132
-152
-124
-112
-91
-64
-66
-25
-33
-31
0
33
61
69
63
37
29
20
28
73
102
93
124
175
214
230
258
252
238
226
191
164
150
146
144
186
208
191
187
173
157
158
153
118
108
118
144
143
110
104
86
89
74
64
62
80
91
78
57
58
64
74
64
34
36
54
76
98
97
112
105
112
102
51
34
34
65
87
81
65
66
60
44
30
-4
-13
-11
-25
-55
-83
-104
-113
-91
-118
-125
-132
-168
-206
-250
-270
-264
-210
-143
-113
-131
-184
-166
-131
-101
-109
-122
-125
-143
-134
-148
-163
-164
-157
-148
-138
-158
-126
-92
-69
-7
-23
-51
-77
-72
-54
-22
-3
5
12
24
3
-33
-48
-12
14
0
10
-2
-16
-25
-16
-22
-57
-82
-78
-63
-51
-52
-57
-43
-48
-74
-90
-86
-83
-73
-27
0
55
83
66
67
35
21
32
56
57
31
-4
-24
-32
-38
-31
-17
0
6
1
1
-30
-49
-46
-64
-71
-63
-66
-60
-52
-62
-50
-48
-46
-44
-51
-48
-49
-39
-18
6
62
78
95
118
86
82
67
73
80
38
15
22
31
-25
-8
28
50
89
83
76
90
88
58
32
8
-18
-52
-69
-93
-105
-139
-160
-148
-170
-178
-206
-225
-236
-244
-243
-239
-233
-205
-168
-116
-42
-40
-39
-51
-93
-120
-116
-85
-55
-7
5
-30
-37
-9
-4
19
11
-19
-6
-5
3
24
14
7
4
18
43
33
-2
-10
27
66
69
27
-3
-25
-8
-4
-25
-43
-55
-29
-19
-2
27
44
24
-22
-28
-56
-76
-93
-104
-74
-97
-119
-113
-111
-129
-116
-127
-134
-106
-131
-150
-172
-208
-232
-200
-163
-153
-138
-139
-159
-145
-113
-77
-53
-87
-111
-111
-115
-124
-116
-97
-90
-72
-87
-73
-37
-32
-14
-27
-34
-46
-80
-45
-25
12
37
30
22
-41
-96
-97
-80
-70
-54
-57
-71
-75
-41
-81
-124
-131
-141
-118
-121
-161
-179
-134
-95
-39
-30
-30
18
37
33
44
79
116
119
119
149
162
171
191
198
190
168
172
162
148
147
131
143
145
110
129
164
162
135
114
104
87
99
62
27
54
40
49
52
35
48
61
56
33
27
36
18
-25
-67
-73
-61
-39
-25
-32
-74
-76
-86
-100
-79
-94
-111
-140
-154
-159
-151
-157
-148
-132
-124
-138
-132
-101
-113
-83
-69
-71
-79
-38
-50
-74
-13
3
25
44
21
30
27
-16
-60
-71
-91
-99
-114
-115
-94
-72
-68
-46
-13
-1
20
-11
-41
-58
-57
-101
-136
-127
-105
-60
-36
-47
-78
-88
-93
-108
-109
-120
-123
-127
-126
-109
-73
-61
-81
-119
-136
-125
-118
-89
-106
-159
-192
-193
-174
-155
-165
-125
-95
-64
3
77
73
36
37
2
-22
-72
-107
-110
-76
-56
-36
15
15
1
20
25
19
18
49
57
91
129
116
107
104
113
114
94
39
21
13
-38
-80
-120
-160
-190
-176
-156
-144
-104
-124
-111
-114
-91
-48
-45
-39
-45
-67
-33
3
16
52
57
83
90
97
96
60
46
32
34
25
33
45
20
27
36
45
87
114
133
139
142
152
134
173
154
115
96
69
101
71
41
67
90
105
86
69
69
68
83
90
91
114
108
81
83
55
50
61
71
108
67
61
71
90
165
132
115
148
162
179
171
185
183
157
111
108
133
150
134
141
144
106
75
25
22
35
80
125
125
120
110
138
173
172
165
164
145
136
95
93
144
217
255
230
257
214
172
209
237
277
274
238
204
136
93
47
-24
-18
-14
-38
-45
-60
-37
-6
-2
-18
-46
-23
-29
-12
16
-24
6
-1
-10
-2
-38
-27
-21
-23
-2
-39
-63
-101
-81
-54
-78
-54
-67
-50
-20
-16
-15
-21
-23
4
25
54
53
87
135
140
151
156
166
168
180
203
216
236
238
205
163
137
121
111
78
62
41
5
-18
-32
-88
-127
-119
-99
-63
-67
-63
-78
-56
-65
-58
-39
-45
-7
6
3
-11
-10
2
26
50
32
18
2
-19
-33
-56
-91
-108
-121
-123
-158
-173
-169
-169
-132
-102
-92
-82
-84
-60
-43
-40
-19
-38
-40
-46
-29
1
-7
-31
-46
-56
-44
-64
-84
-96
-134
-150
-155
-148
-156
-151
-124
-116
-90
-112
-130
-131
-137
-100
-78
-60
-39
-34
-39
-38
11
61
74
100
113
111
110
65
12
-16
-24
-32
-27
-44
-17
25
24
35
33
46
85
115
106
83
64
62
96
129
148
168
163
166
196
174
149
147
174
193
196
163
133
114
87
77
71
57
30
17
-35
-54
-23
-17
-41
-67
-75
-93
-83
-57
-39
6
49
57
64
57
83
112
126
108
92
113
104
98
98
77
96
85
69
56
40
48
57
70
54
25
44
21
15
2
-24
-21
-71
-95
-92
-113
-102
-88
-127
-133
-104
-96
-45
-27
-59
-88
-80
-70
-57
-67
-87
-69
-76
-79
-102
-125
-88
-72
-85
-91
-70
-5
26
23
19
14
23
73
110
113
103
115
122
121
112
56
78
120
134
141
152
150
131
108
109
93
55
56
32
19
29
56
75
75
69
64
77
90
62
62
85
99
99
70
53
27
0
-1
1
21
29
11
-3
-48
-75
-85
-65
-48
-53
-65
-47
-21
-6
31
41
38
67
73
90
94
81
62
51
29
26
47
38
53
93
71
39
25
-9
13
25
6
34
55
50
32
-3
-39
-21
2
-11
-17
-43
-55
-54
-58
-51
-51
-43
-56
-46
-19
-45
-45
-45
-20
-2
-27
-46
-79
-68
-43
-47
-28
-38
-38
1
-28
-57
-90
-117
-107
-111
-113
-91
-70
-52
-48
-34
-53
-70
-70
-109
-124
-135
-175
-185
-206
-237
-258
-271
-258
-278
-268
-237
-187
-153
-131
-113
-98
-51
-35
-44
-12
9
26
65
90
113
113
115
79
60
50
5
-8
-56
-95
-101
-104
-87
-70
-18
-20
-28
-70
-108
-130
-139
-122
-146
-134
-98
-65
-55
-59
-75
-74
-91
-133
-159
-127
-93
-97
-122
-132
-132
-154
-167
-171
-187
-192
-196
-206
-228
-216
-225
-241
-210
-232
-187
-150
-177
-126
-86
-69
-50
-17
-28
-49
-20
-17
-4
-4
12
27
-25
-36
-22
-17
21
33
26
19
8
13
-2
-11
-13
29
109
111
70
56
57
72
49
39
47
28
61
84
100
132
97
66
54
34
36
35
52
55
58
46
1
45
43
22
57
65
92
82
68
82
71
56
66
55
51
43
55
63
78
73
43
58
38
49
58
46
3
-53
-69
-81
-108
-111
-140
-126
-161
-185
-155
-161
-179
-197
-192
-167
-145
-158
-130
-85
-81
-81
-45
-50
-20
-17
-16
37
33
33
5
-35
-85
-109
-78
-74
-64
-74
-104
-74
-66
-81
-145
-221
-207
-205
-177
-148
-135
-104
-132
-123
-98
-90
-54
-19
-12
-25
-45
-61
-56
-54
-32
-59
-37
49
205
311
252
214
94
-97
-229
-358
-464
-449
-433
-416
-412
-475
-541
-576
-626
-620
-652
-686
-682
-626
-514
-374
-229
-121
-62
-77
21
-3
-20
-7
-7
-10
54
33
81
135
74
180
165
78
-13
-76
-88
-111
-97
-97
-111
-87
-74
-87
45
-73
-84
-51
-144
-104
-125
-114
-118
-107
-119
-106
-194
-165
-132
-123
-59
-36
-22
19
-32
-18
-43
-135
-9
-30
19
80
131
195
154
12
-75
-83
-109
-48
-45
-15
-50
3
9
-17
-17
-138
-86
-26
-66
-49
-100
-100
-29
-83
-94
-119
-109
-38
37
70
71
74
54
-3
34
-66
-3
2
-26
17
21
27
47
97
-40
2
-130
-102
-110
-72
47
40
59
121
11
19
22
-70
14
28
13
134
156
125
207
190
272
198
237
253
209
255
329
270
298
304
242
340
194
198
132
45
75
81
104
171
124
99
113
29
13
60
43
102
142
123
108
131
130
131
236
121
197
131
58
104
64
101
108
173
193
186
129
148
100
108
78
39
-75
7
61
20
103
-40
34
16
-45
-17
-68
-65
-37
-55
-55
-79
-94
-44
-91
-186
-140
-195
-185
-122
-243
-143
-40
-118
103
-16
17
35
-135
52
-153
-113
-133
-100
4
-36
59
70
10
-66
-20
-143
-92
-101
-142
-102
-190
-105
-64
-69
-177
-177
-55
-75
-17
-152
-101
-153
-251
-186
-230
-168
-131
32
-35
-84
-109
-145
-56
-119
-38
32
49
70
58
87
14
-23
77
38
107
70
27
159
-6
7
-56
14
35
-7
-83
-17
-6
37
-14
-9
50
-103
23
-18
-76
-33
-44
-85
25
-101
-69
-53
-24
50
-58
-25
38
-116
58
-10
-95
166
143
182
163
54
-1
-36
34
8
66
23
8
111
129
201
96
157
82
45
97
105
73
162
54
135
211
63
59
154
24
222
117
56
185
20
99
166
204
213
292
166
263
199
148
298
102
170
137
63
125
81
63
125
160
106
200
107
304
192
146
84
-17
88
75
189
200
84
221
264
258
321
202
192
229
90
147
123
36
226
122
199
221
130
211
-47
9
105
49
143
132
174
106
201
71
165
179
30
212
37
89
-3
43
116
54
216
168
102
195
85
227
244
201
279
172
265
154
97
117
102
162
129
109
71
57
-14
104
39
64
91
-43
101
-81
68
-113
-147
53
8
103
-13
-8
-79
24
-35
-82
65
-95
71
71
2
15
-51
126
45
231
11
56
225
-99
258
-99
253
153
171
320
119
175
72
128
39
88
-47
37
26
-206
-68
-200
-154
-120
-266
68
4
-106
79
-150
-46
-197
-131
51
-51
84
-24
89
61
92
175
25
187
36
-27
27
-107
21
177
75
173
195
-23
-38
-159
-238
-61
-137
-88
67
-107
107
4
2
-63
-83
-89
-132
-52
-80
27
-23
119
154
165
136
108
67
35
91
4
204
242
244
264
-33
38
5
-107
133
-14
90
2
145
60
-29
-77
-89
17
101
162
34
-32
-155
-30
112
110
171
98
146
-1
-54
-150
-103
54
21
291
192
148
143
-7
37
-15
25
2
-38
4
51
-18
159
195
182
109
107
-59
-24
-145
-217
18
-30
104
218
158
105
53
-31
3
-132
18
55
115
172
-37
205
-51
98
205
159
354
133
258
197
210
276
265
315
264
310
227
271
156
189
149
89
134
104
208
144
98
247
-30
111
-7
-72
76
-75
119
1
174
-30
-62
-54
-103
94
-16
219
206
170
353
78
63
-111
-238
26
12
112
141
57
-66
104
27
115
142
153
266
203
143
-14
66
42
218
283
319
229
85
155
59
93
58
94
192
122
337
90
206
2
-4
60
47
196
96
212
161
24
120
132
114
106
44
-61
-41
80
78
47
57
143
200
254
-150
-138
-235
-444
-143
-310
26
10
46
104
-49
12
-376
-286
-397
-120
66
79
147
-97
-306
-63
-342
41
-95
146
102
-119
191
-431
37
-484
-311
-45
-161
376
-47
180
-235
-294
-317
-253
-335
-431
-221
-382
58
44
82
114
-258
-65
-293
-166
-200
-247
69
-47
161
40
151
-15
-62
-152
23
52
-189
55
-331
-259
-368
-359
33
-99
-8
40
-81
-51
-113
-130
-70
-130
-155
-19
-79
-112
-59
-35
-75
97
-193
187
-295
-291
17
-255
255
51
83
61
-139
-88
-223
-294
-168
-151
-114
-34
-124
-309
219
-210
46
97
143
114
-55
130
148
50
249
281
135
277
41
137
328
142
90
200
-40
219
-10
105
6
-102
111
-27
7
-1
-207
-149
-47
-89
-46
76
-77
55
23
-237
-85
-272
-78
-90
137
-60
-105
-133
16
-191
-199
-208
-236
22
-90
-62
-88
50
-132
-13
174
-151
-51
-100
-149
93
-267
209
-40
267
205
84
216
-52
-10
-88
-81
-105
236
-190
315
-95
103
-49
-90
47
-232
54
-335
236
-376
101
-26
-54
196
-251
-5
109
4
320
271
283
130
-17
-336
-185
-307
-623
3
-585
213
-93
-69
-54
-414
-406
-423
-178
-276
162
-145
179
-179
45
-101
20
33
133
202
-174
174
-142
-51
-102
-514
-151
-344
-149
79
-186
-5
-222
-251
-87
-369
-184
-156
-94
113
46
44
-258
-369
-242
-287
-91
-191
-213
-71
-122
-85
-192
96
-132
-82
54
-227
-10
-2
83
275
-168
-18
-62
-58
225
-53
-28
-8
-55
86
-169
-69
-15
-37
-49
-12
-153
-216
-127
-166
173
-206
-9
-179
-146
119
-115
28
-102
70
-119
-29
15
-346
1
-283
-43
-72
-175
-67
-101
-72
-162
-281
-261
112
-143
192
-63
99
6
-115
-56
-339
-18
-127
-62
55
42
-350
18
30
-156
33
-194
-214
-45
-510
33
-237
259
-3
65
258
-446
-12
-490
-86
-42
-21
45
-10
62
-59
-190
-84
-370
-41
-213
42
-103
-356
152
-440
294
-447
-193
30
-289
72
-1
112
217
-64
91
-341
-49
-224
-194
331
-43
375
3
-212
55
-555
-216
-557
-327
166
-280
18
-298
-316
-291
-398
-256
-197
-639
-199
-102
-93
-5
-450
-120
199
-396
-128
-576
-571
-29
-251
120
-73
48
184
68
-26
-84
-157
-353
6
-18
207
119
-184
235
42
-210
129
-235
-61
301
-124
80
40
-136
182
51
120
-180
-357
-151
-245
110
-168
66
119
286
93
8
-278
-69
-83
53
130
226
348
298
115
245
-84
-188
189
-167
49
133
34
300
191
189
127
-239
-84
-241
-12
-149
-107
44
281
69
-154
5
-349
-160
-160
-205
184
-78
21
253
-93
166
-27
-98
-45
-261
-191
2
-45
85
28
-96
153
-82
192
-106
-204
-303
-33
-31
160
96
-103
36
-57
-35
-506
-369
-396
-309
-271
-98
26
-53
-170
-221
-295
-144
-439
-660
-349
-260
-79
57
-86
-69
-133
-413
-219
-377
-400
-280
-277
-321
-88
-386
-169
-7
-120
173
-166
112
-67
-227
-62
-235
-80
269
65
113
103
39
76
170
-32
184
110
-38
268
-92
226
-21
106
92
218
281
2
112
-181
63
-172
-219
93
95
111
118
-13
84
137
-130
-165
-347
-562
-234
-539
-74
-18
57
236
-171
-161
-344
-325
-419
-178
-119
148
-53
99
39
100
28
-8
55
-25
-125
-161
179
62
382
99
337
155
29
187
-80
14
-44
-61
22
79
93
271
-32
236
103
55
99
-105
82
93
374
378
313
290
103
94
56
-119
-182
-166
27
72
277
60
109
-225
-31
-191
-6
-8
-140
-115
-89
-108
-108
68
-106
2
-94
98
-166
-144
-134
71
238
210
181
194
141
109
153
188
94
69
115
36
249
145
203
285
243
294
13
36
73
41
107
141
384
340
459
218
392
247
62
20
-109
-81
-46
71
199
272
343
474
298
76
-212
-266
-112
16
45
372
363
280
373
371
356
226
49
134
68
191
93
231
447
398
509
365
186
96
130
-38
224
124
216
202
63
263
140
29
32
-66
-99
-25
-118
35
45
-15
-11
-162
-135
-225
-152
3
-32
169
197
113
131
11
58
-46
49
28
69
72
39
72
158
130
66
47
93
-66
-21
-138
-286
-220
-333
-226
-118
-64
94
54
-94
-213
-327
-325
-332
-289
-272
-286
-161
-91
-48
-50
-39
-59
-60
-124
-183
-180
-186
-136
-103
-30
-13
35
47
67
131
195
230
242
275
312
362
476
495
518
702
673
754
868
866
953
996
1096
1241
1307
1428
1480
1500
1603
1560
1529
1415
1304
1305
1203
1228
1050
976
872
747
711
587
603
465
424
408
337
251
38
-161
-207
-363
-467
-657
-835
-834
-886
-1027
-1172
-1231
-1442
-1553
-1758
-1829
-1922
-2173
-2261
-2333
-2500
-2550
-2754
-2734
-2793
-3051
-3103
-3315
-3373
-3735
-4036
-4199
-3884
-3407
-2080
-249
1426
3602
4842
6434
7328
7252
7365
6681
5978
4965
3583
2875
2262
1910
1883
1878
1751
1419
672
-386
-1481
-2744
-3662
-4482
-5254
-5225
-4931
-3943
-2491
-1078
762
2233
3290
3956
4238
4058
3711
3126
2423
1831
1117
780
656
757
1084
1206
1093
825
102
-520
-1218
-1938
-2150
-2477
-2293
-1782
-907
486
2762
5060
6795
8480
8557
8585
7184
5138
3588
1370
338
-882
-1426
-1110
-555
124
687
758
378
-80
-1513
-2580
-3608
-4346
-4287
-4493
-4225
-3939
-3658
-2984
-2759
-2539
-2656
-3037
-3535
-4234
-4854
-5375
-5567
-5780
-5843
-6118
-6424
-6762
-6822
-5869
-4137
-1060
2128
5233
8259
10067
11520
11359
10598
9706
8053
6362
4170
2594
1801
1367
1150
1247
1174
583
-450
-2608
-4521
-6288
-7676
-8219
-8636
-8107
-6788
-4749
-2068
788
3642
6094
7577
8007
7588
6489
4980
3395
1663
341
-710
-1452
-1448
-1250
-744
-558
-792
-1346
-2311
-3364
-4320
-4937
-5167
-4627
-3659
-2064
13
2337
4921
7054
8423
8949
8489
7499
6029
4341
2944
1812
1284
1021
1521
2173
3069
3606
3431
2875
1527
197
-1324
-2582
-3357
-3521
-3133
-2349
-1339
-271
809
1352
1415
804
-349
-1534
-2910
-3864
-4419
-4624
-4255
-3801
-3128
-2645
-2437
-2365
-2977
-3931
-5263
-6754
-7908
-8852
-9763
-9990
-10110
-8617
-5544
-1673
3791
7791
11985
14336
14895
14188
11626
9607
7160
4903
2578
1174
555
934
1546
1715
2090
986
-886
-4004
-7754
-10268
-12160
-12432
-11672
-10089
-7050
-3287
1001
5146
8641
10833
11635
10605
8368
5851
2995
1028
-680
-1740
-2101
-2132
-1454
-801
-473
-772
-1862
-3671
-5615
-7417
-8561
-8397
-7263
-5043
-2100
1033
4528
7569
10224
11781
11948
10871
8532
5833
3067
819
-826
-1546
-1726
-1229
-250
525
1680
2492
2874
2500
1303
115
-831
-1478
-1737
-1699
-1195
-409
97
294
269
78
-363
-1312
-2400
-3237
-3762
-3765
-3582
-3179
-2597
-2205
-2009
-2216
-2766
-3496
-4348
-5214
-6023
-6715
-7266
-7473
-7575
-7367
-7458
-6973
-5099
-2002
2464
5898
9360
11926
13265
13402
11454
9975
8371
6741
4627
2410
1038
345
-78
-746
-1181
-2372
-3865
-6078
-8839
-10396
-11121
-10338
-8841
-6963
-4129
-1012
2420
5485
7930
9325
9390
7939
5798
3515
1203
-429
-1729
-2399
-2818
-3297
-3343
-3257
-3293
-3646
-4420
-5363
-6180
-6396
-5763
-4097
-1733
1288
4315
6884
9038
10267
11038
10806
9521
7440
4612
1930
-288
-1754
-2415
-2401
-1985
-1582
-1061
-730
-277
-111
-177
96
-66
95
188
786
1612
2103
2167
1544
899
-211
-1271
-2449
-3195
-3558
-3732
-3512
-3130
-2413
-1695
-1249
-1077
-1361
-1814
-2345
-2896
-3459
-3846
-4269
-4505
-4830
-5052
-4879
-5155
-5220
-6143
-6865
-6186
-4439
-999
2921
6731
10891
13166
14063
13392
11648
9975
7369
4400
1668
-586
-2130
-2618
-3130
-3002
-2964
-3811
-4933
-7228
-9095
-9908
-9985
-8957
-7482
-5105
-1877
1462
4674
7607
9404
9986
9217
7043
4525
1648
-566
-1933
-3196
-3909
-4327
-4194
-3655
-3385
-3231
-3218
-3615
-4034
-4219
-3778
-2244
-72
2489
5152
7395
9184
10194
10308
9577
7921
5497
2329
-778
-3206
-4537
-5012
-4713
-3837
-2791
-1645
-731
201
700
1213
1163
1037
840
823
1536
2183
2995
3311
2979
2125
668
-948
-2386
-3543
-4235
-4368
-4107
-3298
-2196
-1066
3
261
26
-763
-1810
-2630
-3622
-4127
-4683
-4743
-4746
-4534
-4273
-4269
-4206
-5117
-5963
-5900
-3976
-729
3048
6620
10373
12567
12848
11628
9523
7710
5082
2184
-437
-2366
-3180
-3304
-3103
-2418
-2171
-2589
-3877
-6118
-7921
-8463
-7941
-6372
-4353
-1706
1580
4492
7194
9190
9955
9179
6863
3738
568
-2346
-4261
-5110
-5476
-5396
-5279
-4724
-3972
-3482
-3147
-3213
-3494
-3670
-3338
-2079
187
3098
6110
8633
10283
10971
10662
9318
7357
4815
1902
-918
-3447
-4494
-4713
-3851
-2567
-1333
-59
455
688
1070
1543
1795
2169
1891
1974
1875
1487
1624
1207
1013
292
-990
-1982
-3022
-3507
-3464
-3184
-2443
-1324
-314
686
1204
1198
953
-153
-1386
-2589
-3421
-3966
-4334
-4436
-4443
-4730
-5062
-5419
-5859
-6330
-7292
-8148
-7428
-4794
-404
5027
9589
14507
17202
17307
15088
11198
8155
4685
1236
-1540
-3125
-3245
-2425
-1689
-797
-344
-1333
-3257
-6698
-9861
-11192
-11054
-8743
-5672
-1811
2752
6602
9761
11550
11593
9782
6335
1990
-2172
-5791
-7850
-7922
-7089
-5701
-4529
-3291
-2106
-1794
-2041
-2691
-3447
-3744
-3489
-2139
517
4030
7770
10645
11959
11885
10432
7742
4421
819
-2430
-5096
-6800
-7113
-5916
-3853
-1498
780
2464
3487
3905
3720
3325
3154
2648
2418
1882
1589
1486
966
457
-763
-2020
-3167
-4324
-5039
-4983
-4333
-3072
-1603
-249
1152
2057
2483
2237
968
-540
-2126
-3263
-3570
-3536
-3165
-2618
-2454
-2588
-3239
-4336
-5352
-6672
-7821
-9042
-9585
-7185
-2722
3877
10065
15190
19358
19983
17875
12823
7665
3549
-196
-3246
-5014
-4891
-3361
-1274
-44
703
1
-2222
-5531
-9905
-12538
-12792
-10528
-6332
-1662
3676
8484
12030
13756
13270
10464
6011
729
-4318
-8237
-10609
-10347
-8382
-6003
-3865
-2470
-1358
-1073
-1706
-2635
-3574
-3823
-3145
-1136
2178
6360
10467
13578
14601
13311
10328
6022
1296
-3035
-6460
-8620
-9497
-8806
-6445
-3345
-284
2092
3507
3962
3499
2408
1530
1448
2038
3131
3968
4671
4962
4247
2668
14
-2871
-5307
-6983
-7578
-6978
-5142
-2495
176
2247
3651
4030
3447
2099
8
-2132
-3950
-4846
-4468
-3445
-2101
-970
-367
-442
-1537
-3456
-5548
-7640
-9197
-9958
-10347
-9627
-6886
-1649
5526
12004
16831
20279
20727
18182
12531
6487
2385
-592
-2543
-3425
-2919
-1198
581
1165
692
-1340
-4394
-7990
-12008
-14410
-13898
-10381
-4594
1262
6853
11343
13627
13867
11716
7808
2666
-2773
-7062
-9695
-10640
-9387
-6650
-3630
-1406
-727
-840
-1574
-2638
-3346
-3688
-3177
-1321
1844
5921
9696
12568
14098
13414
10464
5883
981
-3123
-5986
-7436
-7537
-6685
-4996
-2666
-496
983
1362
1004
301
-630
-971
493
3837
7147
9530
10546
9821
7833
3781
-490
-4483
-7481
-8872
-9380
-7743
-4572
-582
2908
5105
5698
4997
3043
270
-2029
-3547
-3608
-3119
-2374
-962
258
1457
1840
1163
-100
-2320
-4499
-6639
-8340
-8868
-8613
-7758
-6433
-5429
-3996
-455
4109
10149
14242
16421
17827
15934
12594
7209
2984
949
-898
-2334
-3309
-3510
-3037
-2645
-3466
-4497
-6463
-8620
-10095
-11672
-10551
-7256
-2343
3346
7380
10438
11650
10932
9232
6224
2312
-1654
-4728
-6157
-6432
-6202
-4562
-2354
-980
-1034
-2501
-3520
-3984
-4242
-3648
-2291
302
3762
6967
9404
10741
10965
9659
6522
2310
-1293
-3880
-5292
-5467
-4631
-3119
-2005
-1197
-617
-555
-1098
-2092
-2687
-2716
-2108
-570
3167
6622
9216
10335
9580
8168
4466
729
-2862
-5482
-6669
-6880
-5750
-3285
-363
1889
3224
2983
1876
110
-1899
-3150
-3728
-2771
-1099
311
1687
2097
1887
882
-727
-2374
-4062
-5409
-6062
-6114
-5760
-5273
-5142
-4686
-5085
-5439
-6184
-6291
-3080
1206
7366
11551
14910
17484
16155
12413
6655
2497
-414
-2897
-4849
-5297
-4363
-2976
-1565
-1629
-1747
-2967
-4963
-6975
-9571
-9519
-7132
-3019
1760
5165
7886
9095
8857
7622
5326
2262
-595
-2610
-3646
-3974
-3857
-2165
-184
519
-314
-2382
-3754
-4352
-4434
-3787
-2545
-129
2770
5038
6159
6583
6591
5751
3691
1009
-699
-1541
-1485
-876
-160
470
295
-222
-1078
-2222
-3295
-3754
-3268
-2173
-712
972
3425
6631
8085
8180
6873
4986
2805
-354
-2580
-3962
-3902
-3244
-2533
-1539
15
1141
1305
800
-311
-911
-1464
-1716
-1319
-369
1130
1858
1477
626
-595
-1974
-3240
-3995
-3868
-3254
-2554
-2068
-2140
-2565
-3891
-5228
-6646
-8130
-8826
-9138
-7900
-4433
1135
7758
13024
16008
17370
15554
10852
5201
483
-1674
-2507
-2497
-1025
875
2623
3144
1506
-1253
-5006
-9036
-12257
-14361
-13740
-9699
-3794
2675
7835
11278
12934
12085
9644
6419
2944
345
-1151
-1528
-980
-282
942
1539
428
-2067
-5183
-7731
-9220
-9532
-8096
-5031
-1382
2501
5836
7920
8765
8377
7351
5725
3586
1940
964
560
574
377
-199
-1440
-3259
-5002
-6700
-7757
-7537
-6161
-3872
-1214
1682
4968
7086
7910
7240
5655
4029
2446
1640
1301
1882
2315
2385
1742
640
-506
-1942
-2850
-3764
-3952
-3491
-2689
-1515
-432
711
1134
787
-97
-1058
-1649
-1597
-964
-39
1137
1840
1973
1046
-621
-2903
-5607
-8371
-10744
-11964
-11770
-10122
-8221
-6230
-3711
334
4841
8666
10987
12188
12258
10425
7442
4867
4103
4551
5049
4715
3885
2168
-510
-4050
-7951
-11020
-12853
-13304
-12557
-10389
-6344
-979
4111
7839
9920
10093
8865
6654
4270
2411
1220
1186
1806
2232
1929
931
-654
-3158
-6443
-9520
-11211
-11092
-9369
-6612
-2981
1118
4889
7555
8556
8076
6834
5234
3327
1783
1096
1303
1775
1819
1488
673
-906
-2956
-5009
-6435
-7134
-6904
-5430
-3118
-577
1788
3782
5583
7315
7265
6914
5854
4939
4955
3892
3440
2586
1622
232
-2209
-4235
-5114
-4880
-4002
-2944
-2050
-553
516
859
1058
917
1465
1795
1697
1795
1697
1904
1903
1159
39
-1651
-3575
-5290
-6962
-7943
-8462
-8346
-7752
-7173
-6516
-5754
-4864
-4310
-4271
-3863
-1482
2736
7738
11852
14642
15679
14119
10234
5156
1065
-1622
-2779
-3327
-3349
-3079
-2930
-2788
-3436
-4285
-5461
-6669
-7599
-7934
-6694
-3546
585
4285
6831
7939
7976
6960
5271
3618
2219
1416
824
158
-340
-741
-1026
-1677
-2925
-4197
-4892
-4930
-4334
-3365
-1986
-422
719
1393
1758
2141
2823
3569
4195
4647
4840
4939
4566
3537
1939
88
-1563
-3030
-4207
-4767
-4466
-3680
-2736
-2039
-1573
-1323
-956
-687
88
1680
2730
4274
4662
4957
4801
3892
3211
1899
1147
300
-314
-582
1
643
1116
1412
1523
1575
512
-677
-1571
-1705
-1203
-892
-527
-314
-293
-554
-1025
-1520
-1877
-2005
-2230
-2443
-2735
-2797
-2854
-3292
-4146
-5454
-6205
-6737
-6446
-6248
-5912
-6015
-5640
-2610
651
4834
7007
8890
9423
7389
4884
2018
1789
2038
2741
2816
2798
2385
718
-1222
-4030
-5725
-7188
-8132
-8479
-8165
-5668
-2447
478
2095
2639
2974
3121
3495
3970
5210
6731
8242
8847
8111
6620
4191
1341
-2333
-6102
-8548
-9312
-8527
-7195
-5484
-3708
-2315
-1526
-1445
-1151
-340
1311
3236
4921
6463
7563
8292
7763
6094
3842
1213
-1500
-4245
-6049
-6672
-6399
-5705
-4943
-4363
-4051
-3692
-3068
-1825
-301
1315
3505
6130
8805
10862
11834
11957
10918
8741
5874
2777
145
-1722
-3150
-3985
-4381
-4177
-3793
-3708
-3452
-2934
-1988
-1007
-127
716
1609
2396
2927
3218
3291
3246
2718
1631
216
-1453
-3251
-5426
-7724
-9617
-10733
-11153
-10990
-10292
-9098
-7851
-7076
-6665
-7146
-7058
-5019
-1063
4117
8051
11608
14079
13967
12095
9178
7506
5953
3947
2126
680
-731
-2590
-4486
-6189
-7103
-8028
-8636
-9009
-8786
-6691
-3688
-480
2224
4577
6846
8103
8699
9654
10886
11559
11108
9578
7360
4290
672
-2477
-5262
-7664
-9201
-9648
-9133
-8623
-8152
-7307
-6402
-5493
-4606
-3484
-1954
236
2872
5384
7448
8908
9653
8900
7025
4951
3141
1444
-379
-1638
-2158
-2377
-2679
-3139
-3578
-4099
-4548
-4377
-3386
-876
2082
5042
7231
8452
9671
9619
9467
8609
7551
6229
3975
1862
-157
-1209
-1990
-2232
-2343
-2056
-1963
-2377
-2577
-2996
-2902
-2982
-2853
-2484
-2198
-1661
-937
-1
653
612
-38
-857
-1971
-3385
-4707
-5812
-6114
-6531
-6971
-6719
-6716
-5741
-5637
-5472
-5683
-6162
-5538
-5676
-4836
-3390
851
5659
9364
11272
11358
10862
7655
4964
2581
2304
2588
2336
2955
2655
2229
555
-1308
-3172
-4514
-5155
-5281
-4484
-3258
-966
813
1979
2872
3485
4061
3763
3433
3811
4079
3642
2569
1585
587
-1003
-2876
-4292
-5208
-5846
-5833
-5557
-5036
-4539
-4306
-3841
-3587
-2962
-1654
26
1908
3515
4893
5853
6338
6229
5740
4755
3536
2525
1511
870
575
809
1169
942
422
-135
-583
-906
-986
-793
28
1364
2926
3841
4288
4633
5340
4891
4121
3578
2337
2180
655
-674
-1087
-1861
-2121
-2103
-2196
-1267
-839
-869
-899
-1516
-1733
-2022
-2260
-2190
-2142
-1894
-1360
-981
-685
-455
-724
-1232
-1777
-2663
-3326
-3921
-4415
-4825
-5175
-5116
-4990
-4751
-4551
-4347
-4080
-4149
-4118
-3885
-3813
-3998
-3251
-405
3618
7022
8595
9079
8563
6242
3834
2527
3322
4562
4832
5028
4636
3418
822
-1953
-3929
-4945
-5554
-5838
-5537
-5157
-3981
-3086
-2437
-1663
-750
304
962
1810
3250
4712
5043
4673
4331
4124
3623
2436
1481
573
-1024
-2838
-4526
-5482
-5879
-6119
-5853
-5180
-4044
-2412
-781
646
1870
2857
3724
4400
5130
5984
6595
6843
6977
6878
6341
5516
4720
4035
2870
1336
-51
-1222
-2314
-3279
-3658
-3051
-1807
-656
317
1381
2430
2985
3129
3011
2870
2643
2136
1621
998
376
-126
-867
-1317
-1432
-1526
-1735
-2205
-2375
-2280
-2058
-1742
-1290
-844
-471
-408
-422
20
186
-30
-541
-992
-1111
-1565
-2023
-2291
-2609
-3210
-3809
-3993
-4004
-3979
-4216
-4590
-4841
-4747
-4189
-3444
-3088
-2918
-3339
-3342
-1751
511
3032
3879
4081
4046
2962
2659
2975
5240
7260
7631
7451
6033
4345
1594
-496
-1329
-1277
-1048
-1688
-1979
-2550
-2900
-3658
-4832
-5269
-5424
-4629
-3893
-2743
-700
1298
2620
2849
3304
4108
4753
4804
4786
5011
4519
3484
2302
1547
1122
80
-1275
-2790
-3885
-4440
-4770
-4655
-4142
-3275
-2421
-1513
-429
878
2147
3166
4128
5016
5908
6680
7129
7304
7004
6329
5199
3717
1926
33
-1614
-2691
-3086
-3364
-3644
-4077
-3884
-3439
-2774
-1915
-1225
-81
448
979
1695
2420
3259
3416
3260
2950
2407
1402
391
-329
-835
-1262
-1719
-1497
-942
-431
-258
-459
-467
-588
-1043
-1541
-1740
-1741
-1883
-2349
-2807
-2994
-3507
-4369
-5044
-5767
-6123
-6443
-6590
-6021
-5782
-5078
-4253
-3669
-3076
-3103
-2972
-1720
673
3705
5922
6322
6385
6025
5047
4623
4665
5770
6253
4887
3167
1401
-306
-1845
-2636
-2148
-1288
-1212
-1813
-2194
-2731
-3124
-3217
-2829
-1384
118
1461
2331
2579
2801
2374
1314
613
822
1592
2067
1964
1896
1817
910
-117
-284
430
1114
903
632
484
131
-398
-766
-552
-180
-88
-273
-399
-561
-727
-914
-713
267
1589
2812
3580
4143
4288
3668
2491
1488
1335
1612
1914
2752
3126
2732
1788
529
464
477
717
958
138
-485
-1330
-1829
-1870
-1672
-930
-39
741
1013
1185
741
258
-69
-520
-157
49
180
311
160
110
-288
-725
-913
-1128
-1687
-2265
-2691
-3099
-3504
-4191
-4788
-5156
-5431
-5497
-5712
-5935
-6132
-6324
-6085
-5539
-4610
-3553
-2935
-2408
-2244
-2317
-2105
-1879
-332
2365
5008
7047
7092
6433
5436
3866
3156
3330
4427
5191
4914
4122
2727
953
-618
-1118
-707
-145
-177
-843
-1347
-2043
-2738
-2832
-2296
-881
212
665
538
-132
-728
-1310
-1238
-409
1052
2271
2677
2545
1781
912
18
-301
195
773
1115
1091
849
417
-47
-213
267
984
1423
1492
1032
115
-980
-1735
-1872
-1476
-479
719
1671
2126
2224
2213
1964
1650
1636
1958
2240
2408
2777
3302
3194
2578
2036
1852
1862
1374
1037
697
-107
-1267
-2278
-2511
-2460
-2111
-1709
-1234
-1063
-1464
-1946
-2424
-2439
-1922
-1026
-125
326
359
133
-131
-387
-795
-1012
-1143
-1396
-1969
-2945
-3605
-4080
-4620
-5067
-5267
-4881
-4373
-4144
-4145
-4176
-4195
-4058
-3658
-3183
-2646
-2304
-2364
-2315
-2556
-2889
-2890
-2422
-715
1530
3313
3840
3603
3509
3653
4351
5649
7685
9359
9259
7736
5237
2822
1137
406
788
1347
1259
187
-1374
-2942
-4064
-4462
-4308
-3691
-3199
-3183
-3222
-3268
-2854
-1906
-829
339
1414
2476
3140
3074
2736
2435
2424
2572
3065
3925
4329
3790
2458
1003
-121
-914
-1174
-843
-201
338
514
434
402
486
641
999
1308
1279
845
109
-451
-758
-681
-101
546
866
928
995
1438
1818
1707
1766
2129
2988
3946
4396
4523
3999
2823
1220
-168
-1055
-1457
-1685
-2107
-2456
-3025
-3672
-4076
-3966
-3264
-2492
-2022
-1953
-1985
-2085
-2094
-1800
-1143
-214
481
746
568
-86
-626
-940
-1199
-1280
-1380
-1584
-2009
-2718
-3379
-3929
-4430
-4838
-5078
-4985
-4874
-4740
-4357
-3904
-3369
-3208
-3021
-2442
-1708
-1261
-570
1292
3522
5589
6100
5394
4787
3760
3115
2918
3271
4224
4384
3736
2926
2440
1956
1518
1457
1806
2264
1889
982
118
-644
-1004
-1073
-848
-513
-757
-1745
-3277
-4681
-5506
-5568
-4788
-3480
-2023
-777
82
862
1750
2562
3365
4137
4986
5741
5910
5662
5283
4941
4526
3857
3106
2299
1189
-266
-1639
-2547
-3041
-3258
-3035
-2267
-1334
-764
-536
-334
-135
-68
42
454
1012
1418
1311
966
861
945
1657
2343
2862
3315
2713
1809
945
397
459
376
456
485
154
-784
-1913
-2686
-3230
-3270
-3291
-3277
-3560
-4205
-4488
-4407
-3789
-2905
-2153
-1600
-1545
-1674
-1783
-1545
-976
-224
685
1191
1309
1071
523
-176
-940
-1280
-1343
-1262
-1248
-1394
-1642
-2132
-2318
-2372
-2361
-2181
-2531
-2598
-3237
-4066
-4403
-4779
-4276
-3249
-1550
222
1143
771
-70
-45
739
2354
4245
5965
7142
7061
6362
5741
5436
5532
5799
5975
5670
4556
2616
491
-1266
-2382
-2774
-2801
-2757
-2895
-3476
-4302
-4865
-4787
-4041
-2879
-1688
-774
-308
-364
-586
-463
163
1373
2888
4454
5689
6138
5874
5339
5050
5042
5158
5308
5118
4207
2652
842
-623
-1372
-1568
-1475
-1517
-1938
-2648
-3642
-4500
-4641
-3988
-2977
-2117
-1656
-1164
-674
-211
458
1182
1941
2413
2326
2090
1767
1323
896
639
732
978
1055
856
521
27
-454
-593
-483
-168
89
-94
-606
-1372
-2063
-2386
-2464
-2565
-2659
-2816
-2865
-2551
-1993
-1310
-668
24
541
775
820
881
1202
1368
1386
1595
1907
2131
2114
1809
1333
735
-11
-730
-1319
-2217
-3159
-3836
-4303
-4305
-4402
-4433
-4838
-5611
-6314
-6874
-5801
-3629
-1358
413
810
1027
1338
2081
3514
5391
7367
8323
8546
8169
7519
6911
6333
6497
6669
6237
5041
3381
1709
-60
-1147
-1419
-1270
-1206
-1759
-2573
-3679
-4646
-4935
-4624
-3931
-3238
-2431
-1692
-1336
-1140
-929
-450
181
919
1863
2521
2712
2569
2369
2363
2297
2229
2267
2105
1608
953
577
357
96
-97
-164
-36
-93
-418
-783
-1155
-1117
-1007
-965
-1050
-1431
-1650
-1943
-1874
-1347
-727
-300
-441
-532
-587
-395
91
708
1472
1735
1811
1677
1286
902
676
750
819
729
546
226
-365
-1166
-1721
-1991
-2142
-2205
-2094
-1869
-1747
-1638
-1369
-963
-418
28
362
549
687
969
1291
1603
1810
1892
1558
785
-61
-657
-968
-1270
-1449
-1638
-1891
-2493
-3083
-3343
-3486
-3639
-3928
-4138
-3901
-3895
-3715
-3468
-2977
-2179
-1380
-51
1093
1884
1882
1666
1960
2541
3723
4921
5862
6188
5666
4861
3883
3370
3335
3760
4477
4727
4582
3852
2760
1706
871
740
900
943
528
-413
-1471
-2364
-2758
-2897
-2996
-3060
-3339
-3742
-4165
-4301
-3999
-3556
-2973
-2394
-1807
-1316
-1084
-864
-579
-3
843
1668
2448
2813
2788
2445
2037
1957
2214
2578
2593
2171
1553
743
206
-98
-61
305
453
609
646
692
730
595
602
744
902
897
734
574
433
384
431
551
583
320
-247
-933
-1442
-1807
-2062
-2169
-1976
-1535
-1074
-617
-263
97
300
295
524
1037
1526
1612
1595
1814
2097
2174
2152
2181
1930
1309
451
-321
-827
-1335
-1784
-2057
-2130
-1886
-1438
-1224
-1309
-1425
-1501
-1425
-1465
-1272
-824
-612
-385
-244
-89
87
-340
-932
-1433
-2021
-2434
-2713
-2312
-1748
-1217
-1011
-1279
-1172
-883
-172
930
1977
3006
3437
3326
2929
2666
2926
3522
4484
5267
5489
4924
3765
2784
2080
1758
1591
1421
1093
233
-760
-1591
-2096
-2389
-2642
-2753
-2941
-3226
-3736
-4346
-4678
-4769
-4415
-3852
-3121
-2137
-1269
-678
-494
-301
221
898
1625
2177
2419
2470
2171
1874
1805
2011
2279
2166
1852
1446
1233
1090
1032
1228
1524
1859
2026
2214
2435
2646
2794
2694
2489
1956
1124
220
-558
-1128
-1496
-1664
-1681
-1638
-1804
-2109
-2298
-2426
-2533
-2528
-2244
-1765
-1235
-614
97
840
1384
1737
1954
1965
1715
1321
947
647
397
190
167
199
239
141
-207
-664
-1169
-1504
-1663
-1686
-1614
-1569
-1597
-1611
-1486
-1154
-622
-255
-187
-207
-378
-598
-816
-1041
-1210
-1492
-1969
-2415
-2971
-3427
-3894
-3761
-3056
-2248
-1402
-1220
-1160
-1024
-637
244
1441
2926
3789
3783
3230
2631
2565
2758
3153
3545
3605
3172
2383
1691
1236
1223
1479
1582
1482
968
224
-603
-1280
-1513
-1479
-1270
-1150
-1266
-1594
-2180
-2746
-3170
-3412
-3335
-3150
-2864
-2601
-2389
-2338
-2314
-2023
-1488
-836
-384
-117
126
233
532
1276
2394
3555
4262
4479
4415
4147
3849
3807
3867
4118
4067
3629
3228
2749
2208
1675
1268
1145
991
725
267
-250
-620
-1007
-1313
-1489
-1548
-1542
-1711
-1971
-2134
-1902
-1475
-978
-488
-249
-309
-798
-1373
-1641
-1638
-1493
-1280
-1028
-813
-780
-851
-738
-397
60
408
651
843
933
924
848
946
1231
1458
1387
1026
569
-29
-687
-1142
-1244
-1062
-967
-1133
-1535
-2111
-2685
-2992
-3266
-3336
-3312
-3373
-3510
-3604
-3564
-3543
-3235
-2665
-1937
-1236
-1073
-1089
-968
-581
8
817
1728
2409
2546
2240
1846
1762
1995
2478
3100
3437
3308
2896
2446
2261
2475
3022
3516
3652
3201
2229
1026
-55
-709
-974
-1066
-1213
-1421
-1823
-2420
-2921
-3209
-3323
-3422
-3518
-3507
-3385
-3214
-2949
-2544
-1769
-815
243
1095
1528
1631
1495
1484
1773
2352
3241
4007
4404
4274
3845
3571
3320
3193
3101
3080
2894
2506
2142
1827
1699
1717
1869
2107
2061
1752
1278
719
137
-295
-387
-326
-328
-537
-1124
-1813
-2460
-2839
-2891
-2803
-2706
-2771
-2885
-3009
-3010
-2783
-2471
-2090
-1782
-1557
-1394
-1335
-1229
-942
-461
118
724
1225
1521
1519
1302
1037
959
978
907
645
115
-302
-648
-953
-1099
-1226
-1237
-1416
-1714
-1952
-1977
-1882
-1920
-2037
-2065
-2166
-2300
-2643
-2952
-3140
-3339
-3277
-3059
-2415
-1935
-1946
-2215
-2491
-2427
-2148
-1550
-489
551
1161
1429
1574
1926
2406
3134
4041
4639
4730
4391
3970
3674
3405
3322
3347
3282
2760
1773
723
-210
-939
-1482
-1911
-2246
-2553
-2878
-3168
-3182
-2852
-2314
-1767
-1386
-1164
-1033
-978
-849
-570
-215
13
189
282
286
257
149
26
-6
118
383
838
1307
1600
1788
1850
2023
2401
2817
3366
3785
3760
3463
3045
2756
2642
2741
2882
2769
2435
1768
990
232
-407
-756
-1020
-1361
-1752
-2198
-2623
-3110
-3420
-3457
-3222
-2815
-2570
-2403
-2285
-2172
-2051
-1915
-1720
-1511
-1299
-1067
-873
-724
-667
-654
-647
-624
-548
-371
-99
129
295
489
729
869
997
1145
1262
1350
1318
1282
1210
978
648
233
-225
-728
-1259
-1763
-2207
-2544
-2846
-3140
-3474
-3762
-3953
-4027
-3956
-3758
-3301
-2706
-2175
-1612
-1156
-834
-668
-638
-506
-246
230
817
1311
1697
1816
1870
1997
2394
3001
3440
3672
3582
3355
3121
2944
3035
3169
3155
2899
2517
2206
1936
1661
1271
804
366
-123
-481
-591
-586
-758
-1147
-1581
-1967
-2284
-2540
-2605
-2364
-1988
-1611
-1371
-1244
-1201
-1131
-895
-441
236
896
1323
1449
1365
1324
1329
1475
1639
1781
1893
1914
1900
1927
1881
1714
1493
1355
1417
1460
1394
1348
1356
1418
1449
1457
1451
1337
1098
714
263
-113
-445
-807
-1216
-1630
-1924
-2160
-2364
-2659
-2996
-3243
-3384
-3368
-3201
-2941
-2682
-2446
-2274
-2139
-1802
-1301
-796
-278
191
647
1027
1225
1411
1604
1697
1671
1608
1597
1593
1486
1318
1152
962
576
132
-182
-421
-630
-937
-1198
-1287
-1304
-1283
-1310
-1402
-1703
-2238
-2799
-3158
-3340
-3465
-3570
-3669
-3682
-3670
-3553
-3258
-2852
-2492
-2194
-1785
-1250
-503
389
1245
2024
2614
3014
3225
3312
3453
3624
3757
3744
3572
3495
3370
3179
2974
2703
2305
1652
966
538
428
452
442
357
238
49
-131
-232
-281
-349
-594
-958
-1426
-1845
-2217
-2499
-2678
-2698
-2497
-2288
-2086
-1947
-1807
-1619
-1353
-910
-314
226
619
900
1137
1294
1412
1571
1745
1892
1956
2072
2148
2217
2160
2048
1871
1654
1533
1442
1359
1265
1169
1072
1014
1055
1097
1058
849
509
159
-240
-723
-1138
-1442
-1609
-1711
-1813
-1873
-2018
-2215
-2433
-2697
-2964
-3083
-2917
-2531
-1967
-1330
-602
141
793
1306
1689
2014
2333
2556
2670
2745
2690
2425
2012
1619
1264
894
614
348
110
-138
-410
-656
-864
-981
-1069
-1110
-1191
-1275
-1358
-1453
-1511
-1580
-1611
-1640
-1766
-2066
-2499
-2844
-3073
-3256
-3351
-3295
-3047
-2699
-2323
-1921
-1458
-930
-408
97
672
1258
1857
2366
2730
2915
2976
2992
2912
2789
2653
2505
2379
2224
2069
1936
1921
1921
1911
1826
1614
1364
1075
729
424
235
103
-62
-302
-566
-788
-1016
-1321
-1548
-1716
-1912
-2126
-2222
-2106
-1918
-1641
-1189
-605
-86
257
474
698
762
626
590
788
1117
1386
1589
1794
1941
2016
2011
2073
2128
2103
2031
1840
1619
1351
1054
911
920
981
1051
995
815
450
24
-362
-687
-907
-991
-940
-789
-573
-433
-406
-500
-626
-785
-944
-1055
-1128
-1147
-1047
-849
-544
-198
95
330
475
591
603
570
582
700
848
1008
1293
1662
1941
1858
1533
1118
716
424
227
194
259
175
6
-256
-554
-745
-1093
-1529
-1923
-2236
-2431
-2619
-2718
-2754
-2788
-2799
-2784
-2588
-2367
-2192
-1986
-1790
-1591
-1438
-1264
-1082
-889
-676
-470
-169
136
390
555
651
666
710
785
766
776
838
971
1133
1221
1177
1096
960
728
493
314
268
347
426
402
440
476
421
295
175
151
51
-88
-247
-333
-280
-178
-37
69
99
87
83
160
324
586
764
789
742
616
555
539
537
598
648
729
887
1073
1258
1376
1302
1129
947
806
757
787
851
897
919
878
790
665
553
379
226
110
16
-18
-94
-130
-162
-198
-241
-351
-528
-736
-916
-994
-947
-769
-668
-573
-441
-346
-254
-135
64
258
371
438
632
914
1233
1581
1822
1897
1764
1454
1135
930
801
681
512
309
108
-87
-288
-490
-683
-952
-1239
-1560
-1809
-1857
-1838
-1854
-1878
-1877
-1811
-1701
-1548
-1390
-1272
-1240
-1322
-1426
-1516
-1494
-1411
-1292
-1070
-809
-571
-432
-362
-292
-261
-260
-228
-78
145
350
536
704
911
1101
1185
1132
990
809
610
458
413
448
442
392
310
347
475
543
543
414
232
65
-17
98
348
616
855
977
1051
1013
949
902
821
810
751
681
680
702
781
882
913
954
1009
1024
965
877
832
844
914
993
1072
1179
1256
1332
1320
1191
1019
822
734
820
948
1034
1029
958
726
388
46
-211
-360
-539
-706
-884
-1097
-1299
-1471
-1468
-1365
-1212
-1019
-876
-699
-521
-316
-80
116
304
444
557
680
851
1015
1122
1186
1144
996
870
749
549
302
76
-63
-164
-186
-75
58
121
73
-42
-151
-240
-301
-333
-317
-327
-404
-451
-512
-610
-694
-799
-1019
-1321
-1618
-1904
-2135
-2267
-2270
-2092
-1817
-1612
-1424
-1220
-1055
-917
-805
-675
-567
-533
-518
-544
-534
-479
-472
-438
-391
-353
-287
-262
-222
-87
13
63
83
199
347
490
646
736
809
842
831
834
750
540
273
64
-107
-224
-235
-189
-180
-280
-441
-554
-566
-508
-310
-49
151
337
492
590
588
509
456
508
653
813
975
1183
1301
1392
1433
1469
1593
1662
1598
1413
1159
958
845
821
896
992
946
707
404
49
-244
-446
-619
-750
-929
-1164
-1374
-1480
-1515
-1482
-1382
-1235
-1089
-964
-859
-773
-693
-617
-535
-411
-232
-51
83
132
120
149
155
172
241
356
415
397
388
380
462
616
793
934
968
902
866
773
680
551
379
308
255
269
234
130
-23
-240
-380
-539
-721
-839
-1052
-1286
-1449
-1493
-1423
-1377
-1362
-1365
-1269
-1109
-899
-661
-562
-480
-432
-425
-360
-289
-157
-79
-142
-187
-243
-218
-121
-32
135
258
400
578
810
1082
1294
1389
1434
1462
1425
1260
991
746
582
478
370
260
133
-42
-283
-508
-694
-843
-944
-987
-910
-746
-559
-361
-111
143
298
432
495
543
580
647
745
862
913
876
851
846
917
956
910
844
791
744
737
762
869
981
988
939
821
716
586
446
251
23
-253
-597
-897
-1091
-1128
-1004
-885
-789
-681
-642
-661
-638
-553
-431
-286
-76
155
345
430
395
341
274
171
60
-55
-102
-150
-240
-275
-196
-3
171
244
208
154
88
6
-3
25
99
119
150
214
247
283
225
110
2
-69
-126
-203
-344
-500
-616
-732
-783
-767
-751
-799
-975
-1108
-1231
-1389
-1494
-1569
-1570
-1462
-1330
-1150
-902
-661
-446
-273
-145
-119
-89
-4
18
23
74
131
255
383
446
398
273
150
82
92
133
217
282
319
379
439
505
512
439
255
-11
-284
-462
-598
-665
-742
-797
-779
-792
-789
-756
-666
-595
-521
-330
-62
230
413
523
724
942
1111
1245
1379
1453
1416
1402
1457
1437
1309
1095
923
738
510
344
200
87
-1
-108
-196
-270
-432
-589
-735
-827
-862
-816
-718
-587
-490
-460
-530
-625
-693
-712
-678
-649
-520
-386
-295
-191
-136
-122
-77
-57
-46
-99
-197
-317
-347
-232
-111
35
89
105
119
125
107
109
178
293
453
542
609
660
707
712
640
523
413
272
38
-137
-247
-305
-392
-478
-581
-690
-824
-988
-1173
-1325
-1355
-1311
-1203
-1009
-829
-724
-669
-659
-720
-781
-785
-688
-556
-428
-269
-61
122
277
382
506
648
719
764
803
847
859
850
875
932
934
836
705
578
407
232
46
-113
-263
-414
-488
-532
-561
-596
-586
-529
-446
-341
-306
-311
-311
-318
-286
-202
-96
62
233
375
468
584
738
858
918
924
881
860
912
947
982
1025
1015
952
881
787
711
645
594
571
574
585
579
571
561
472
343
187
54
29
-8
-23
-41
-46
-92
-141
-112
-75
-108
-171
-196
-263
-326
-459
-588
-698
-785
-824
-781
-664
-534
-456
-503
-566
-610
-556
-462
-326
-99
134
368
544
730
843
802
784
776
753
735
628
472
243
15
-152
-304
-428
-568
-684
-809
-980
-1109
-1207
-1280
-1311
-1264
-1220
-1145
-1064
-952
-866
-827
-723
-643
-483
-374
-282
-171
-134
-38
94
255
369
424
467
488
488
475
470
468
464
416
365
322
318
355
324
261
202
147
84
-67
-174
-217
-237
-254
-303
-280
-214
-211
-224
-258
-202
-174
-229
-253
-269
-263
-346
-400
-433
-441
-423
-436
-346
-249
-168
-26
129
323
502
616
741
857
930
948
953
974
1056
1137
1128
1133
1160
1174
1158
1080
974
845
665
503
365
270
127
-40
-161
-273
-254
-324
-362
-424
-484
-522
-607
-559
-594
-617
-642
-694
-694
-705
-714
-781
-796
-758
-744
-725
-660
-529
-355
-156
117
371
648
857
926
1013
1037
1061
1077
1029
960
852
637
399
199
-12
-170
-323
-493
-665
-847
-948
-960
-892
-861
-816
-732
-663
-591
-584
-572
-537
-469
-365
-218
-55
63
71
-23
-99
-143
-174
-125
-7
64
108
121
108
152
213
243
277
337
379
526
718
786
814
871
894
903
893
872
797
629
417
249
100
-16
-96
-188
-316
-453
-634
-764
-829
-845
-838
-851
-820
-759
-673
-598
-505
-352
-196
-13
159
375
664
873
983
1036
1044
1062
1079
1074
1083
1093
1103
1109
1175
1248
1277
1225
1127
1064
1004
928
799
657
524
383
175
4
-150
-257
-358
-457
-462
-531
-635
-766
-890
-968
-1049
-1108
-1120
-1062
-1072
-1078
-1031
-987
-899
-788
-641
-453
-252
-75
59
137
211
311
405
529
621
753
816
795
720
596
519
495
503
540
508
403
268
140
46
-27
-48
-44
-51
-85
-180
-237
-252
-292
-322
-378
-422
-483
-594
-703
-838
-900
-907
-924
-875
-862
-852
-815
-813
-758
-635
-440
-230
-21
234
425
568
707
847
955
989
1014
984
918
881
806
762
691
575
480
416
313
222
173
48
-105
-263
-348
-366
-320
-290
-329
-419
-527
-590
-622
-576
-497
-454
-430
-449
-414
-386
-344
-279
-256
-203
-165
-40
134
328
524
662
832
1003
1129
1187
1220
1225
1182
1146
1073
966
829
637
489
384
300
172
55
-100
-250
-312
-346
-384
-392
-409
-468
-499
-547
-573
-608
-625
-652
-687
-678
-657
-576
-549
-514
-412
-345
-290
-247
-260
-268
-233
-159
-12
197
433
668
812
888
897
886
940
1013
1058
1058
1008
878
677
492
329
176
38
-103
-196
-304
-437
-597
-685
-722
-744
-753
-766
-789
-782
-781
-757
-639
-508
-371
-260
-118
12
91
138
166
200
276
302
287
266
229
195
172
191
217
226
298
347
389
418
409
399
329
275
260
267
312
312
314
272
182
136
72
20
-85
-152
-210
-281
-306
-336
-345
-347
-320
-319
-292
-236
-249
-344
-409
-421
-400
-339
-329
-304
-292
-291
-299
-252
-151
-87
-36
18
61
111
147
147
178
165
198
277
317
377
425
418
346
239
101
27
-2
-74
-141
-199
-214
-216
-188
-215
-287
-377
-515
-684
-813
-883
-902
-906
-823
-657
-476
-283
-123
-45
-55
-121
-126
-56
45
211
315
394
431
433
442
424
401
340
295
226
96
20
-17
-14
-41
-123
-184
-259
-308
-375
-466
-515
-535
-508
-490
-453
-400
-354
-356
-303
-225
-165
-120
-127
-92
-21
35
46
26
59
100
126
129
100
97
-21
-122
-171
-198
-118
-44
74
225
331
369
338
328
316
258
207
226
300
334
310
276
225
189
140
120
131
199
250
237
210
167
119
67
33
22
18
-23
-84
-177
-249
-339
-445
-541
-585
-569
-511
-425
-329
-244
-150
-71
55
226
363
406
423
478
559
658
772
891
939
914
816
630
442
278
123
-33
-219
-360
-500
-645
-739
-754
-759
-774
-765
-737
-698
-669
-658
-599
-479
-326
-181
-55
90
176
203
211
207
256
319
375
401
393
339
273
243
197
203
207
170
127
33
-36
-47
11
73
121
149
154
163
136
55
25
15
-23
-48
-104
-141
-141
-213
-194
-120
-92
-104
-166
-208
-266
-276
-244
-255
-239
-245
-226
-186
-223
-232
-290
-368
-371
-396
-352
-297
-255
-197
-181
-175
-173
-108
26
141
195
264
379
453
491
514
496
480
465
450
398
299
227
81
-72
-229
-392
-464
-551
-651
-718
-792
-821
-827
-827
-756
-741
-735
-679
-612
-476
-381
-263
-157
-104
-6
91
206
338
382
390
365
302
284
265
221
161
91
106
100
60
10
-24
-86
-164
-231
-320
-362
-384
-367
-328
-297
-275
-259
-259
-256
-243
-242
-239
-241
-238
-266
-274
-290
-317
-336
-344
-290
-245
-246
-235
-196
-145
-43
17
57
72
53
60
50
57
34
28
41
34
22
-25
-81
-119
-131
-107
-104
-57
-27
-50
-53
-55
8
72
104
126
78
10
-63
-81
-75
-100
-163
-235
-303
-338
-369
-439
-482
-545
-542
-529
-443
-345
-259
-161
-83
18
107
183
274
354
469
592
682
798
864
932
910
890
870
781
711
670
664
608
551
477
376
300
230
169
55
-97
-241
-308
-354
-358
-350
-331
-332
-345
-322
-339
-332
-317
-334
-278
-218
-129
-4
63
119
157
141
126
150
194
236
298
316
292
291
201
136
71
26
45
18
53
62
10
-7
-58
-39
27
34
41
-39
-141
-224
-311
-256
-173
-65
-2
-17
14
43
111
171
155
138
90
73
42
-27
-21
-73
-127
-172
-225
-232
-242
-249
-289
-296
-178
-59
89
188
167
170
138
134
164
203
285
326
352
373
322
235
159
111
34
-87
-166
-250
-317
-360
-404
-383
-375
-410
-438
-488
-474
-464
-446
-411
-418
-396
-313
-228
-199
-207
-212
-211
-163
-131
-117
-70
-13
72
138
178
253
305
345
368
352
327
316
275
226
222
201
187
152
107
62
11
-33
-72
-71
-102
-127
-110
-107
-84
-34
25
104
157
156
151
142
125
110
94
96
86
115
102
63
56
59
93
93
112
109
55
-44
-185
-279
-342
-351
-302
-272
-283
-322
-340
-275
-207
-181
-172
-208
-262
-347
-401
-354
-286
-190
-131
-116
-117
-117
-125
-172
-257
-303
-307
-300
-302
-325
-391
-422
-389
-379
-312
-239
-248
-239
-290
-318
-277
-254
-192
-133
-112
-145
-127
-95
-60
39
54
65
121
163
179
176
144
135
139
126
83
10
-93
-220
-295
-322
-300
-275
-229
-184
-166
-156
-141
-105
-48
-1
49
113
172
258
309
406
467
469
439
404
382
361
367
360
412
441
498
562
592
525
426
372
320
304
262
223
194
172
162
127
110
77
40
44
37
42
37
52
92
113
149
183
227
279
299
300
273
222
187
158
167
170
85
79
90
92
119
138
159
186
213
192
183
231
289
364
427
466
455
382
322
317
316
332
318
322
301
264
253
200
199
184
165
179
212
184
134
111
105
113
75
53
67
88
88
65
48
-16
-89
-114
-124
-134
-139
-158
-179
-132
-117
-72
-15
-40
-73
-103
-137
-141
-84
-57
-40
45
131
212
268
259
275
236
165
105
60
9
-1
16
13
-2
-65
-106
-126
-124
-128
-51
9
44
124
177
183
206
173
135
129
55
-29
-113
-157
-212
-239
-255
-262
-246
-252
-264
-223
-192
-171
-110
-77
-31
42
101
167
204
166
158
179
242
287
333
350
340
301
229
173
113
78
86
82
84
23
-88
-170
-252
-328
-394
-442
-423
-374
-334
-292
-294
-289
-292
-324
-378
-395
-368
-330
-312
-275
-269
-279
-274
-289
-318
-296
-262
-267
-262
-252
-284
-278
-234
-168
-75
-9
68
85
59
23
-13
-71
-77
-85
-119
-160
-241
-322
-353
-377
-401
-401
-409
-438
-420
-411
-392
-363
-315
-241
-179
-128
-94
-70
-90
-125
-100
-50
-1
33
50
62
93
127
166
189
203
212
165
132
67
51
74
150
257
377
474
485
475
465
410
367
373
379
415
411
376
362
331
266
201
164
107
51
-14
-87
-112
-125
-139
-100
-61
-70
-112
-147
-138
-77
-20
33
113
176
213
227
241
233
240
226
230
295
338
365
364
355
390
439
489
509
514
493
486
495
465
422
346
287
243
227
222
271
334
333
298
271
253
261
271
287
302
309
343
361
379
376
370
373
388
400
376
350
318
323
331
345
414
426
438
455
433
407
318
273
224
235
256
231
241
258
256
274
247
200
183
114
65
41
-25
-107
-136
-124
-76
-32
-37
-64
-104
-141
-157
-175
-167
-142
-104
-99
-101
-85
-109
-108
-111
-123
-130
-127
-116
-70
-45
-5
58
61
74
85
85
70
70
58
80
104
157
230
232
208
162
128
110
64
-22
-66
-67
-82
-88
-94
-118
-139
-145
-177
-172
-166
-180
-186
-193
-198
-215
-204
-219
-197
-155
-160
-152
-159
-159
-131
-121
-95
-100
-140
-123
-130
-134
-142
-135
-104
-85
-87
-108
-140
-196
-274
-284
-284
-278
-241
-229
-200
-206
-238
-272
-277
-310
-338
-310
-276
-250
-221
-218
-226
-217
-207
-164
-114
-128
-117
-117
-136
-133
-145
-150
-187
-207
-241
-243
-238
-220
-182
-168
-153
-106
-74
-76
-76
-79
-58
-36
7
19
15
-30
-53
-40
-54
-55
-77
-91
-107
-91
-111
-116
-110
-107
-72
-94
-98
-79
-81
-58
-18
46
79
60
61
79
82
101
104
73
56
19
-26
-20
7
19
33
38
71
78
93
116
96
72
76
101
131
179
176
170
164
127
136
122
119
150
124
71
24
-23
-56
-55
-98
-137
-154
-171
-196
-261
-282
-246
-202
-171
-124
-106
-83
-36
1
32
58
100
133
185
200
162
152
147
139
171
124
124
161
181
216
172
151
149
175
223
219
192
169
141
120
104
121
112
132
132
119
128
134
142
110
79
76
77
78
85
76
86
73
69
90
109
174
224
260
293
305
285
260
307
340
305
253
235
241
241
241
248
231
257
260
198
168
115
68
48
-16
-61
-43
-46
-13
23
50
66
42
60
67
83
92
81
75
47
43
23
17
9
-7
-1
-33
-9
37
64
90
97
113
146
201
256
257
237
218
208
227
263
275
253
218
175
155
150
162
223
253
218
167
106
25
-25
-54
-71
-68
-94
-117
-128
-170
-218
-268
-331
-348
-333
-316
-302
-321
-319
-302
-254
-215
-225
-197
-195
-212
-178
-165
-129
-80
-78
-68
-65
-48
-27
-13
-56
-109
-119
-117
-119
-134
-155
-155
-195
-205
-205
-201
-162
-196
-248
-266
-266
-257
-297
-321
-337
-293
-229
-230
-243
-280
-336
-363
-397
-370
-355
-367
-342
-313
-269
-237
-214
-225
-262
-266
-270
-243
-183
-170
-144
-120
-108
-63
-43
-18
-6
-8
-3
21
46
-1
-28
-64
-106
-110
-117
-120
-152
-192
-200
-221
-224
-202
-194
-197
-237
-276
-267
-275
-295
-279
-246
-227
-224
-269
-303
-296
-272
-254
-186
-103
-49
-59
-41
7
49
122
190
205
174
181
172
146
94
57
35
19
35
39
36
28
-12
-43
-47
-65
-59
-7
15
28
39
6
2
18
-5
-34
-45
-106
-136
-67
-16
21
51
40
30
56
99
135
161
129
85
91
92
114
110
63
32
8
11
52
88
125
146
144
165
170
189
209
206
229
218
224
243
276
267
227
221
203
198
181
165
163
143
80
31
19
29
25
34
25
8
17
26
50
91
94
139
202
226
259
285
284
270
262
294
307
311
296
254
181
109
85
71
58
38
34
5
-36
-69
-78
-35
-24
3
64
93
120
103
87
61
22
20
31
65
95
118
124
81
38
-2
-42
-55
-72
-69
-63
-59
-16
42
69
76
96
103
93
99
108
133
137
104
87
63
20
16
21
3
-13
-57
-71
-85
-99
-95
-95
-83
-58
-23
24
13
-46
-45
-15
-26
-45
-46
-37
-3
10
34
81
54
20
-22
-54
-19
17
34
28
13
33
49
81
84
70
47
23
23
14
31
-1
-46
-86
-126
-130
-155
-193
-226
-298
-343
-369
-372
-339
-350
-383
-431
-448
-436
-383
-343
-393
-436
-442
-426
-397
-404
-426
-434
-431
-391
-335
-260
-214
-167
-124
-119
-108
-115
-98
-65
-40
5
29
22
21
10
36
26
9
-33
-54
-39
-31
-13
-50
-91
-108
-115
-97
-131
-175
-154
-171
-207
-198
-173
-144
-118
-90
-52
-5
29
29
25
40
50
47
16
22
43
46
55
32
0
-21
-9
7
-5
4
25
59
102
103
102
110
107
79
39
27
24
-13
-33
-64
-41
12
38
46
-3
-30
-34
-31
-42
-78
-86
-86
-98
-98
-61
2
35
45
26
15
20
40
68
106
96
109
147
162
225
231
206
229
238
231
236
235
256
285
269
266
276
239
209
205
154
53
-28
-81
-85
-95
-149
-148
-154
-145
-144
-187
-219
-212
-222
-244
-250
-232
-202
-143
-80
-64
3
38
73
119
101
71
42
12
31
63
99
102
100
84
64
105
99
100
120
57
48
57
28
9
-11
-18
-31
-42
-41
-43
-26
-60
-49
-46
-76
-59
-45
-71
-76
-34
7
21
-28
-33
-43
-88
-125
-139
-116
-109
-120
-113
-109
-125
-137
-106
-80
-63
-34
33
129
214
242
247
251
236
277
304
293
273
271
260
239
224
199
188
192
169
118
52
15
5
15
-4
-28
-49
-77
-58
-54
-65
-71
-74
-82
-92
-55
-40
-18
7
7
71
92
104
93
27
8
29
82
147
128
128
103
105
165
153
123
71
52
70
38
36
49
25
43
-4
-30
-20
-52
-68
-118
-150
-189
-197
-171
-164
-112
-129
-130
-109
-158
-162
-171
-174
-150
-162
-172
-151
-126
-117
-160
-177
-201
-232
-193
-198
-189
-207
-171
-78
-45
-13
-18
-31
-44
-84
-78
-41
-22
3
-50
-60
-46
-51
-65
-100
-96
-117
-123
-146
-183
-176
-188
-142
-102
-102
-95
-95
-75
-50
-44
-65
-82
-109
-150
-111
-63
-68
-62
-63
-87
-91
-108
-94
-81
-59
-42
-49
5
43
75
45
19
49
69
71
48
51
48
38
56
12
-58
-76
-105
-90
-41
-28
-29
-24
-11
6
60
95
103
117
113
144
159
166
199
215
205
227
262
270
233
166
127
104
123
147
151
137
105
66
49
49
40
22
-10
-27
-21
24
42
9
4
-16
-35
-37
-66
-74
-86
-85
-93
-110
-85
-67
-122
-192
-227
-231
-195
-204
-188
-159
-149
-91
-60
-29
-26
-17
13
13
68
109
127
119
99
106
89
71
16
-9
-64
-74
-73
-88
-94
-164
-158
-127
-133
-106
-111
-147
-167
-213
-197
-194
-186
-164
-174
-172
-163
-160
-159
-118
-58
-10
4
24
49
61
100
149
203
249
295
347
328
314
299
275
284
273
241
186
124
114
51
64
72
40
55
64
87
78
89
64
50
54
39
41
25
6
-9
-12
-19
-43
-36
-49
-69
-65
-98
-125
-123
-156
-177
-175
-147
-85
-73
-53
-62
-33
6
-1
29
52
31
41
49
47
57
63
57
68
93
97
107
110
152
191
174
191
191
161
155
141
111
90
63
15
-12
-34
-18
14
5
-5
-18
-50
-49
-28
-12
-19
-35
21
60
73
89
112
125
150
164
117
121
122
112
130
93
75
64
19
-3
-13
-34
-44
-53
-19
14
27
36
1
-9
-63
-127
-134
-168
-184
-184
-196
-225
-231
-230
-227
-225
-217
-212
-213
-224
-245
-234
-242
-264
-241
-220
-189
-143
-110
-95
-112
-117
-108
-58
-37
-30
-34
-41
-78
-95
-87
-122
-135
-133
-134
-141
-126
-112
-124
-132
-131
-154
-174
-214
-264
-238
-238
-221
-235
-283
-284
-297
-270
-251
-267
-266
-257
-272
-259
-224
-183
-161
-130
-124
-167
-147
-105
-70
-69
-109
-119
-122
-128
-88
-62
-64
-73
-33
11
17
-7
-31
-21
-30
-23
1
8
-1
-32
-45
-25
-33
-50
-67
-77
-63
-96
-134
-136
-130
-122
-108
-110
-140
-118
-114
-103
-113
-142
-126
-118
-106
-96
-102
-122
-132
-130
-99
-68
-20
5
44
69
96
147
129
105
99
97
84
65
66
95
137
167
184
221
241
250
242
242
273
272
264
248
254
224
175
179
164
141
136
117
115
114
101
70
65
71
76
88
68
47
6
2
6
-16
-20
-21
10
26
34
33
42
62
70
53
47
47
48
81
87
137
143
90
65
43
27
24
-9
-29
-58
-79
-84
-98
-111
-142
-101
-87
-86
-76
-77
-14
23
12
15
19
63
117
115
105
90
86
95
133
150
96
76
82
72
105
100
47
32
37
38
43
52
45
52
45
26
57
25
40
48
23
19
28
64
67
75
66
58
64
63
80
109
143
144
151
148
109
107
70
37
52
-8
-80
-113
-140
-180
-198
-190
-194
-201
-201
-187
-187
-187
-123
-76
-90
-74
-77
-89
-53
-81
-96
-101
-114
-125
-165
-182
-169
-157
-139
-126
-109
-87
-75
-43
-30
-9
8
5
2
-12
17
62
62
71
56
31
40
13
20
47
50
55
65
89
93
92
101
51
8
-24
-66
-43
-30
-56
-101
-159
-226
-255
-230
-246
-239
-212
-237
-216
-199
-216
-171
-166
-170
-169
-142
-105
-98
-64
-52
-26
-9
-16
-1
-33
-57
-101
-144
-146
-203
-242
-214
-245
-262
-276
-297
-287
-314
-300
-269
-225
-168
-174
-169
-156
-137
-128
-121
-70
-45
-7
38
46
33
48
38
0
-11
-21
-37
-52
-56
-39
-57
-48
-53
-63
-49
-46
-51
-56
-44
-7
11
-7
8
-27
-64
-74
-58
-20
38
76
74
105
129
128
133
154
143
136
97
44
40
39
75
72
71
53
-16
-58
-98
-111
-100
-102
-103
-159
-174
-174
-178
-107
-134
-155
-170
-194
-141
-86
-34
38
91
94
81
125
142
143
165
156
161
168
162
197
235
242
223
179
157
136
172
200
225
260
242
243
237
227
243
225
217
210
214
255
302
314
297
298
287
270
263
246
215
212
196
193
187
190
194
173
177
141
130
170
172
195
189
153
152
145
163
198
212
253
255
279
336
335
350
333
347
347
322
333
278
234
221
222
256
214
176
144
107
133
111
71
68
54
90
76
79
106
75
41
9
-18
-27
-44
-42
-27
19
68
67
79
67
76
96
131
183
178
177
171
176
157
149
148
136
101
109
122
130
122
80
82
68
77
86
86
74
61
56
44
45
46
29
16
32
49
68
95
54
-3
-54
-89
-97
-97
-90
-133
-153
-173
-192
-231
-248
-239
-240
-238
-263
-275
-302
-268
-229
-189
-144
-136
-119
-88
-56
-23
5
66
84
65
27
-12
40
62
48
23
-22
-64
-87
-123
-157
-185
-211
-269
-272
-265
-272
-253
-244
-228
-221
-214
-174
-149
-115
-78
-87
-111
-96
-101
-113
-74
-23
-22
-61
-90
-104
-72
-73
-73
-45
-81
-141
-151
-109
-92
-80
-73
-68
-51
-33
-4
3
12
38
36
12
17
8
10
18
24
5
-8
-6
4
21
17
6
-3
-29
-17
-6
9
1
-33
-47
-67
-54
-85
-118
-124
-129
-95
-91
-101
-117
-113
-96
-93
-45
-32
-24
-6
-6
25
42
62
107
123
127
140
150
153
179
201
197
205
185
198
194
169
161
140
99
82
129
143
159
166
131
115
112
140
163
135
130
128
121
144
180
199
176
144
124
134
144
127
166
211
231
265
263
280
282
311
331
317
325
343
375
385
383
367
347
321
285
269
289
260
229
244
218
209
209
163
203
208
184
192
198
172
146
141
152
148
143
141
123
143
151
175
147
99
68
49
38
52
48
36
27
29
59
69
69
58
62
42
34
46
97
147
154
132
130
166
188
209
219
209
231
204
201
214
214
206
193
198
190
209
176
139
126
109
116
128
124
110
103
72
26
-39
-66
-75
-81
-102
-92
-65
-61
-75
-93
-77
-38
-21
-63
-96
-104
-118
-113
-96
-71
-51
-46
-17
-3
-20
-55
-83
-102
-100
-105
-119
-124
-124
-108
-101
-96
-94
-93
-82
-76
-71
-39
-35
-45
-59
-37
-23
-50
-41
-43
-62
-80
-85
-82
-122
-139
-185
-222
-199
-198
-186
-168
-171
-159
-155
-144
-126
-170
-193
-181
-147
-111
-83
-20
-2
13
-9
-60
-70
-71
-42
1
14
16
22
26
39
63
78
91
86
99
113
135
156
141
88
51
87
73
69
78
55
49
-1
1
1
-29
-48
-68
-62
-56
-90
-130
-155
-170
-168
-170
-177
-195
-207
-206
-167
-127
-125
-134
-147
-154
-106
-71
-43
5
5
8
-18
-12
5
13
22
18
-15
-31
-4
21
55
70
50
59
91
119
135
138
116
98
67
56
67
55
31
16
-7
1
15
19
4
-23
-68
-69
-47
-72
-69
-80
-112
-98
-69
-56
-68
-74
-66
-46
-49
-65
-76
-39
-40
-48
-52
-55
-31
-62
-89
-118
-156
-158
-140
-99
-83
-84
-90
-118
-146
-150
-128
-110
-101
-92
-70
-44
-28
-51
-81
-101
-126
-104
-86
-91
-79
-118
-104
-107
-92
-64
-55
-49
-43
-30
-28
-26
26
77
107
135
107
110
112
100
126
148
143
169
199
197
191
185
183
185
173
135
123
145
140
154
154
153
135
118
140
117
129
144
117
89
64
56
55
40
14
-12
-19
-25
-34
-36
-39
-26
-19
-7
23
33
50
42
55
62
61
67
46
