113
184
180
202
223
232
211
195
177
172
153
130
88
117
95
81
19
-5
4
-3
2
-2
1
-1
1
-1
1
-1
0
0
0
0
1
0
0
0
0
0
0
0
0
0
0
0
0
0
0
0
0
0
0
0
0
0
-1
0
0
0
0
0
0
0
0
0
0
0
0
0
1
0
0
0
0
0
0
0
1
0
0
0
1
1
0
0
0
-1
1
1
0
0
0
0
0
0
0
1
0
0
0
1
0
0
0
0
0
-1
0
0
0
0
0
0
0
0
0
0
-1
-1
-1
0
0
0
0
-1
0
0
0
0
0
0
0
0
0
1
0
1
0
0
0
0
0
0
1
-1
0
1
-1
0
0
0
0
0
0
0
-1
0
0
0
-1
0
0
0
0
0
0
0
0
0
0
0
0
0
0
0
-1
3
-31
-18
34
45
17
10
-9
-29
-33
-37
-36
-46
-31
-2
19
-3
-18
-47
-101
-104
-109
-120
-160
-201
-179
-141
-121
-139
-180
-171
-165
-160
-112
-88
-89
-98
-104
-92
-108
-145
-146
-134
-135
-166
-170
-176
-205
-237
-255
-269
-293
-294
-316
-310
-291
-292
-244
-246
-246
-231
-259
-207
-163
-147
-129
-96
-59
-47
-37
-30
-14
6
18
54
96
96
141
150
207
87
-25
-7
2
12
-18
1
-14
-2
6
3
-5
-2
9
10
1
0
3
6
9
-10
-3
-2
-2
7
-5
3
-14
-12
6
-13
-19
-8
-1
11
7
5
-1
-1
11
4
8
7
-3
-6
-13
-1
17
3
1
3
-6
5
0
2
-9
-5
-1
-7
10
16
-2
-16
-4
-3
-6
-8
-4
-3
2
-5
-1
-2
-9
2
-10
-12
-12
-14
8
2
-10
-13
-8
3
-2
-6
7
-1
4
0
-2
-2
0
2
8
14
15
3
5
-1
-9
8
4
2
4
-1
6
5
4
-2
0
-6
-8
3
0
-3
7
-5
-4
13
-4
-6
-12
1
3
1
0
-14
7
3
0
4
-10
1
1
-3
12
2
-2
7
4
-3
-12
-9
-1
-1
1
-3
-9
-4
-6
3
10
4
3
-1
3
3
8
4
-5
-6
0
13
21
16
12
4
-2
3
11
17
26
15
2
0
0
-1
0
-5
-3
6
4
-3
-7
-20
-10
-1
-6
2
-6
-7
7
9
4
2
2
10
4
-3
-16
-16
2
-6
0
-6
5
10
6
5
-2
-4
-11
-13
-6
-2
-1
2
-14
0
4
-8
4
-6
-1
14
12
8
9
8
4
0
6
14
4
-8
-16
-4
-6
-2
10
0
0
-4
4
-2
-10
0
2
9
7
1
0
0
7
-5
-16
-4
2
1
-2
-2
1
0
3
0
-11
-8
-6
1
6
1
1
-4
1
3
-4
14
7
0
8
-6
-10
-6
16
14
6
-4
-10
-9
-6
3
8
0
1
3
-11
-7
-10
-7
-6
-6
-12
-9
2
-3
-17
-15
-12
-4
8
8
1
-16
-8
-1
-9
-3
2
-3
3
-13
-8
-7
-7
-2
2
2
6
5
5
0
-2
2
-6
4
-3
-12
-4
1
9
1
-5
-4
7
5
12
6
8
9
-2
5
-10
-7
1
-10
-6
-7
-6
-8
0
8
1
0
-12
-17
-4
3
7
-10
-9
-6
-4
3
0
1
-8
-2
-4
9
14
14
0
-4
8
-13
2
2
8
3
-11
-2
-7
-7
-6
-10
4
8
-1
-5
-18
-2
-4
-13
-25
-11
4
5
3
4
-3
-17
-17
-19
6
24
20
12
-9
-13
8
20
23
24
12
1
-7
-1
20
4
0
-2
5
13
8
3
19
52
53
41
33
10
13
9
12
17
18
31
20
10
10
0
-7
-1
20
36
0
10
3
-8
-6
-13
4
-5
-10
-20
-10
-2
2
4
-12
-22
-13
10
15
11
8
3
-3
0
19
31
30
13
3
1
-3
6
-9
-22
-17
0
40
27
21
4
-4
11
21
20
17
9
20
33
29
30
23
9
-29
-17
-15
-5
14
-16
-15
-5
1
1
5
24
13
-3
5
-20
-2
19
19
10
-30
-26
-21
-16
4
21
31
13
7
7
-12
-12
-3
8
10
3
-7
-3
-18
-17
-7
-19
-9
-7
-1
15
12
-4
-13
-3
-3
1
-30
-20
-8
-17
-9
-2
-17
-27
-14
-14
2
-3
14
-1
-24
-17
-14
-3
-10
7
1
2
10
-1
-5
-7
-2
8
14
18
13
5
10
-8
1
23
41
39
30
24
-11
-22
-21
-1
32
29
9
-9
-27
-20
-4
-6
-10
-26
-23
-28
-35
-29
-38
-36
-25
-2
-13
-33
-47
-34
-17
-9
3
3
6
4
-8
-12
-15
3
26
12
-7
-22
-8
20
29
12
-8
-24
-15
-3
20
18
-16
1
9
-6
-26
-21
12
-3
-4
20
5
6
-16
-20
-5
-10
-9
-60
-63
-66
-54
-27
1
2
-6
-42
-56
-50
-42
-39
-55
-39
-11
7
-2
3
16
13
11
22
30
33
7
-6
8
27
33
26
27
6
-7
-20
5
18
21
41
45
15
26
36
19
26
15
17
9
-14
1
22
27
39
0
-18
-8
-5
17
19
-15
-10
-17
-14
5
6
38
21
28
37
58
57
41
32
19
2
15
30
46
47
8
12
12
6
22
20
-2
-4
1
-25
-34
-15
9
8
11
11
17
24
20
18
4
4
-7
-18
-23
-21
-26
-17
-18
-7
0
-31
-37
-26
-3
15
30
36
41
18
16
26
49
58
26
24
20
32
39
30
4
-39
-61
-67
-52
-26
7
-2
-22
-14
-27
-39
-38
-10
-2
-11
-23
-16
-2
5
0
-4
6
24
47
39
47
25
15
17
32
12
23
0
-16
4
10
27
-3
-1
-19
-12
-6
-3
-5
-23
-27
-22
1
-10
-11
6
26
15
13
19
11
26
-3
-29
-36
-59
-22
27
9
-17
-16
-33
-18
-13
-21
-20
0
-2
-2
22
3
-5
-28
-39
-20
-27
-10
0
-1
-6
-21
14
-14
-48
-61
-50
13
43
36
13
4
23
17
-14
-7
-21
-38
-22
-31
-14
-15
-7
9
2
7
-32
-31
-25
-24
23
22
7
-28
-37
-37
-34
-5
-28
-58
-56
-28
-24
-32
-14
4
17
21
2
2
-9
-7
-3
-10
26
40
55
46
27
25
-14
-21
-5
10
14
8
-19
19
32
17
10
-29
-14
7
17
13
21
22
21
58
94
97
85
82
82
97
112
99
104
98
85
78
54
22
-11
-33
-35
-41
-42
-27
8
38
18
-6
-43
-25
18
27
7
29
32
45
43
23
19
-22
-34
-36
-30
-40
-56
-68
-77
-93
-101
-105
-110
-106
-92
-99
-90
-57
-53
-38
-21
-36
-2
-10
-27
22
52
100
110
93
94
71
64
60
41
40
22
10
11
8
3
-1
-27
-18
1
-6
-40
-24
18
5
21
4
20
33
15
25
31
4
-17
-40
-44
13
39
56
54
77
59
57
95
133
141
95
39
24
11
-1
-12
-12
15
29
29
-14
12
36
18
6
6
-1
29
22
-12
2
-42
-48
-47
-63
-61
-72
-95
-92
-74
-59
-67
-51
-37
-31
-26
-48
-41
-31
-52
-17
17
-2
6
-7
0
5
11
4
-11
23
-3
11
-13
-80
-94
-67
-28
6
18
-3
-21
-13
-33
-40
-27
-22
-12
-22
-35
-34
-32
-42
-3
-8
9
9
-11
-21
-35
-13
9
16
23
6
-30
-33
-55
-30
-46
-59
-51
-61
-55
-68
-35
-39
-61
-65
-93
-108
-95
-84
-81
-66
-67
-28
-23
-48
-35
8
13
40
41
-15
-47
-44
-36
-13
3
-52
-73
-59
-45
-47
-6
10
-1
16
29
27
20
-4
-7
-10
-5
-5
10
23
37
25
-14
-6
3
1
17
25
26
41
48
43
9
-18
-22
-46
-44
-62
-85
-95
-114
-82
-57
-44
-28
-28
-17
9
27
23
-2
20
38
21
12
50
35
19
47
41
37
51
58
63
55
-2
-48
-35
3
43
43
12
-18
-40
-27
9
-19
-31
-9
14
35
41
50
50
58
53
50
57
88
116
163
175
146
183
186
148
110
43
24
17
-13
21
26
2
-8
6
-2
4
21
24
43
42
8
43
92
97
115
107
108
111
96
73
54
46
49
56
83
78
100
105
87
104
91
74
42
36
44
37
78
104
115
109
101
116
108
107
104
83
56
50
72
60
61
40
31
45
39
40
32
39
49
61
61
53
68
71
51
30
-7
-36
-55
-37
-12
-27
-30
8
-13
-41
-44
-26
18
41
29
23
46
43
34
59
54
59
47
11
33
35
20
29
39
56
38
28
20
31
50
32
62
73
62
68
26
21
29
8
23
16
-18
-26
-3
17
10
0
-39
-57
-32
-37
-11
10
-27
-36
-5
-6
-47
-64
-108
-124
-94
-75
-69
-67
-67
-63
-32
-21
-6
29
30
27
34
36
30
51
52
25
-17
-45
-30
-32
-49
-39
-45
-47
-40
-67
-60
-55
-74
-85
-80
-100
-126
-135
-139
-142
-136
-142
-145
-154
-183
-167
-143
-124
-110
-99
-79
-79
-87
-93
-75
-67
-83
-82
-121
-131
-127
-124
-101
-129
-123
-111
-131
-142
-123
-90
-73
-73
-67
-82
-72
-62
-55
-51
-50
-75
-58
-41
-60
-59
-55
-52
-58
-39
-59
-67
-55
-59
-45
3
9
-16
-16
-56
-109
-115
-94
-24
-6
-40
-36
-28
-31
-23
-33
-51
-36
-24
-15
-17
-5
0
-12
-26
-16
-24
-62
-53
-55
-59
-52
-59
-66
-78
-112
-102
-100
-86
-82
-106
-136
-137
-135
-129
-117
-105
-61
-52
-41
-38
-30
-20
-9
-5
23
60
42
33
23
3
19
53
71
86
84
61
114
125
117
151
144
116
156
160
148
183
170
173
172
151
126
144
164
159
176
150
131
147
121
104
91
64
41
31
18
-13
-22
-28
-38
-25
-47
-57
-31
-59
-86
-78
-93
-79
-52
-66
-66
-59
-45
-36
-32
-37
-47
-31
-42
-44
-24
3
19
43
82
115
120
113
145
142
165
175
174
191
177
150
150
115
90
121
112
151
166
126
126
174
183
155
165
138
129
137
147
142
147
147
107
92
62
67
73
51
39
59
114
111
121
108
96
129
118
98
83
78
73
83
73
36
13
18
6
8
-27
-93
-111
-117
-124
-132
-143
-162
-151
-141
-143
-135
-134
-135
-131
-111
-85
-59
-68
-25
5
-26
-48
-82
-55
-17
23
45
36
18
13
16
-4
-1
1
13
-7
11
-32
-55
-21
-25
-45
-94
-106
-141
-172
-180
-172
-132
-110
-81
-70
-63
-32
-12
1
22
20
-4
20
25
7
9
-11
15
41
58
104
92
85
71
59
61
50
53
51
73
92
107
87
97
99
85
49
5
-9
-34
-58
-62
-52
-72
-61
-60
-90
-87
-106
-92
-81
-106
-135
-119
-64
-38
-36
-69
-94
-84
-39
-9
-25
-31
-72
-72
-50
-73
-81
-61
-68
-89
-68
-73
-91
-60
-54
-26
-8
-30
-44
-30
-11
-11
-56
-91
-95
-112
-98
-74
-69
-90
-78
-44
-53
-66
-69
-98
-92
-93
-82
-87
-101
-128
-151
-143
-149
-179
-170
-180
-193
-177
-217
-191
-183
-168
-161
-156
-142
-151
-121
-89
-73
-43
-21
9
51
57
91
73
62
102
103
152
148
141
174
189
224
213
235
220
183
181
173
166
174
163
146
90
47
60
60
59
84
77
64
28
35
46
24
37
-2
-22
-33
-40
-21
9
51
52
20
51
83
84
77
55
68
65
94
132
153
155
121
144
191
200
189
182
190
204
221
213
178
131
119
141
142
114
96
95
91
92
69
63
66
53
72
54
57
57
60
79
87
109
107
77
18
-1
11
29
-11
-15
33
81
106
76
55
30
32
37
43
44
46
54
69
60
64
55
33
26
-7
-3
-31
-45
-4
-15
-72
-114
-114
-97
-91
-91
-79
-116
-117
-88
-94
-94
-101
-129
-160
-168
-205
-236
-211
-228
-250
-217
-235
-253
-232
-232
-208
-219
-243
-249
-251
-206
-188
-167
-150
-137
-121
-147
-140
-123
-137
-108
-78
-67
-54
-89
-92
-66
-111
-102
-157
-202
-175
-181
-193
-228
-223
-215
-229
-234
-278
-292
-325
-338
-295
-269
-255
-265
-277
-215
-165
-177
-175
-183
-191
-172
-115
-92
-146
-161
-154
-112
-59
-67
-40
-23
0
3
-31
-1
-11
-72
-77
-85
-90
-106
-171
-196
-207
-227
-284
-318
-296
-319
-343
-347
-376
-384
-406
-386
-380
-338
-306
-288
-261
-241
-214
-185
-179
-168
-287
-490
-125
-32
-9
69
-315
-280
-264
-254
-11
-136
-159
-44
-63
73
19
-131
-25
-37
9
135
-45
-76
-29
-72
75
84
-2
65
12
12
72
63
140
128
73
69
53
120
159
110
108
60
47
113
103
102
103
86
134
165
112
81
48
14
6
31
55
31
29
37
14
18
9
21
19
-13
-20
-39
-31
-49
-66
-70
-51
-10
33
56
53
84
95
145
217
230
230
221
183
178
192
198
226
213
209
189
171
199
205
222
200
177
218
229
244
199
191
192
157
149
118
122
121
98
118
131
101
109
134
175
195
204
206
239
261
273
264
244
249
224
219
226
238
235
223
208
223
233
214
192
177
178
210
218
207
201
193
193
195
190
166
117
110
110
121
149
129
128
139
126
146
132
75
64
9
8
28
27
40
53
13
-15
-6
-14
11
15
-24
-44
-12
6
34
20
-12
-45
-47
-18
8
41
-4
-17
32
20
32
21
-25
-12
-11
-10
-14
-30
-13
-44
-59
-84
-117
-99
-108
-112
-164
-192
-176
-206
-197
-163
-177
-185
-185
-178
-134
-128
-145
-169
-176
-154
-153
-143
-155
-208
-275
-340
-341
-323
-306
-292
-276
-297
-295
-297
-313
-338
-369
-348
-313
-304
-277
-298
-288
-283
-239
-239
-195
-332
-374
-236
-296
-84
-233
-240
-271
-295
-236
-304
-328
-413
-366
-333
-285
-359
-406
-378
-380
-317
-319
-339
-304
-296
-255
-216
-198
-175
-154
-106
-113
-130
-82
-54
-48
-57
-120
-139
-111
-69
-33
-46
-43
-46
-23
-33
-42
-41
-63
-32
-37
30
15
1
-73
-79
-138
-62
-178
-242
283
-164
100
-124
-36
40
-157
-52
-214
-67
-69
52
31
12
-111
-28
64
28
60
54
-31
56
50
33
83
84
72
126
152
130
109
78
94
133
123
97
79
169
139
153
-70
243
377
292
227
55
333
220
-293
286
548
322
687
41
711
350
326
119
-156
457
442
539
445
207
208
45
329
428
235
323
51
402
211
112
-34
32
178
173
321
122
116
20
-110
-62
68
51
108
-2
45
84
-65
18
117
156
123
105
49
83
166
118
138
62
114
117
-5
92
-13
-17
38
-35
75
58
72
99
-25
10
33
47
0
39
28
-15
58
71
182
192
135
162
133
210
198
146
158
144
209
171
127
133
165
200
169
145
88
75
1
93
199
223
237
-5
-38
31
-39
-164
-179
-112
34
19
-65
-88
-55
-127
-43
61
-56
-75
-120
-13
-7
-78
-116
-67
-75
-44
8
-54
11
-22
6
7
14
19
-9
-68
-91
-81
-111
-160
-195
-189
-129
-98
-194
-150
-75
-70
-225
-260
-118
-172
-207
-102
-33
2
-177
-229
-65
-14
-79
-173
-125
-2
23
-81
-45
-15
-23
-60
-114
-187
-259
-252
-214
-225
-158
-257
-358
-98
-306
-380
-283
-211
-327
-489
-274
-148
-188
-283
-358
-225
-128
-210
-118
-99
-49
-145
33
-66
48
28
-167
309
120
56
255
134
247
161
41
216
96
136
213
49
-44
-88
223
376
-530
-225
265
289
171
-317
-174
-43
-53
-83
-152
-296
-304
277
84
-309
-314
64
-182
-491
113
151
-488
71
57
-19
-12
-362
287
217
469
-314
-373
1004
332
100
245
59
463
664
-747
436
1070
-197
351
319
489
497
-345
234
425
53
286
182
446
365
-388
30
439
25
160
62
-205
83
132
113
221
-346
-171
414
201
-10
115
235
155
86
274
187
-48
192
258
150
240
-63
236
282
-1
225
132
26
230
259
-93
198
96
302
52
-82
187
-76
164
74
14
177
-34
-83
15
-29
-10
80
-77
-40
7
-84
11
-78
-75
-6
-69
13
-26
-5
128
1
46
85
29
109
-13
-16
140
62
66
55
10
148
71
131
159
79
175
165
212
66
75
115
121
159
84
176
120
164
188
99
87
49
179
96
43
64
26
116
-7
2
44
-34
-49
-55
22
32
-51
-61
-18
-53
-109
-50
-9
12
118
-14
-87
44
88
35
-46
37
77
42
44
28
-6
-29
-44
55
34
1
-36
-101
19
27
-12
-74
-156
-74
-113
-185
-166
-120
-75
-129
-174
-208
-231
-210
-243
-221
-130
-154
-89
-82
-204
-206
-169
-184
-212
-226
-205
-224
-239
-195
-207
-209
-209
-203
-192
-188
-200
-269
-223
-168
-162
-180
-142
-66
-74
-133
-158
-125
-151
-127
-113
-104
-95
-73
-89
-121
-124
-90
-125
-179
-168
-147
-150
-174
-149
-141
-186
-266
-157
-92
-120
-89
-93
-54
-17
-51
-3
-77
-111
-82
-108
-95
-112
-70
-84
-139
-147
-51
-52
-122
-57
-82
-106
-22
-24
-56
-27
-14
-2
7
14
-27
-39
1
59
65
8
83
125
101
100
50
88
119
55
20
56
60
-12
-38
-26
4
-12
-108
-58
-16
-47
-54
28
93
107
58
61
162
196
118
19
85
199
229
175
166
150
181
209
195
193
191
189
176
207
204
160
181
139
189
205
99
80
136
193
176
191
159
130
167
164
117
109
142
187
176
172
241
299
253
214
285
263
232
277
319
296
248
280
362
287
264
345
363
322
226
241
299
202
167
233
180
214
188
71
65
141
214
45
-24
42
75
34
-38
126
151
10
48
49
18
8
-7
-5
-98
-46
8
-13
-56
8
31
-16
6
88
113
-1
-83
-65
-12
-90
-140
-141
-121
-112
-114
-18
-44
-91
-35
-42
-39
-66
-65
-19
-83
-69
1
-26
-36
-66
-103
-91
-50
11
33
4
-13
-92
-61
-10
-6
-45
-128
-112
-84
-81
-153
-150
-160
-234
-242
-262
-269
-275
-281
-277
-331
-368
-296
-267
-326
-365
-341
-286
-162
-189
-276
-280
-294
-274
-244
-161
-121
-157
-176
-155
-98
-103
-67
-81
-143
-121
-68
-33
-47
-42
-8
-74
-104
-64
10
28
-8
-54
-76
7
29
-4
-83
-19
16
4
18
50
132
56
-17
28
68
46
11
-11
-3
-29
-91
-110
-26
-20
-72
-116
-120
-130
-148
-114
-181
-183
-120
-151
-189
-186
-191
-150
-196
-256
-171
-169
-234
-223
-176
-202
-216
-234
-213
-238
-277
-305
-283
-209
-261
-307
-305
-254
-296
-317
-299
-260
-255
-251
-195
-134
-145
-183
-164
-233
-243
-125
-112
-135
-151
-118
-150
-183
-133
-131
-92
-149
-164
-124
-108
-99
-67
-42
-26
-17
-11
-22
-51
-23
-11
-41
16
33
34
42
33
96
91
96
120
84
117
137
125
138
102
85
123
125
92
37
49
60
30
51
20
-18
22
60
-5
8
60
67
55
62
85
66
26
88
202
80
21
66
63
49
86
123
147
141
166
174
148
155
113
116
78
72
114
117
91
59
40
48
77
48
101
160
136
126
123
123
155
89
107
159
113
69
59
81
91
80
41
43
44
41
38
53
58
43
102
67
60
92
73
96
101
49
64
143
123
118
123
197
258
240
203
226
264
265
224
235
235
200
211
209
246
225
200
240
231
209
247
196
130
183
153
114
102
87
71
14
-37
-51
31
20
-41
-69
-41
28
28
-17
-22
47
63
-3
53
135
169
137
47
107
144
82
88
140
144
135
88
166
229
211
216
221
241
278
242
199
202
201
185
176
176
195
212
160
112
153
153
120
90
24
36
109
78
-22
-13
-47
-88
-94
-118
-109
-71
-66
-89
-74
-67
-88
-39
5
-35
-55
-46
-48
-78
-105
-84
-89
-127
-73
-46
-118
-144
-124
-99
-131
-199
-178
-160
-158
-186
-188
-107
-120
-164
-216
-190
-162
-207
-211
-138
-166
-207
-183
-145
-120
-136
-96
-53
-86
-127
-108
-98
-101
-72
-52
-98
-121
-112
-75
-26
-73
-102
-28
-37
-51
-76
-86
-73
-126
-131
-109
-58
-68
-95
-92
-119
-80
-81
-68
-44
-54
-51
-22
-44
-84
-56
-12
0
-6
-5
10
20
-39
-27
-78
-133
-125
-140
-155
-169
-168
-91
-89
-169
-158
-157
-128
-75
-77
-112
-128
-99
-88
-109
-98
-105
-89
-53
-70
-90
-37
-28
-28
-34
-62
-67
-46
-35
10
91
138
129
116
188
178
102
73
76
106
67
36
48
48
50
71
39
23
109
92
16
33
53
42
-1
-10
31
32
35
88
67
-6
33
89
137
117
141
174
168
223
188
168
177
187
244
212
198
246
225
247
270
240
201
169
173
168
148
170
190
177
174
188
178
188
192
210
186
123
101
129
146
111
103
156
211
155
144
161
157
191
184
191
205
193
207
231
213
221
154
107
126
123
120
88
106
130
87
55
75
123
139
106
113
141
131
120
147
83
46
45
42
86
106
83
80
88
128
142
100
54
78
120
93
56
82
107
55
32
-5
23
18
-66
-38
33
20
-5
6
-42
-100
-118
-105
-82
-118
-133
-102
-137
-185
-208
-176
-151
-177
-170
-143
-144
-122
-139
-134
-107
-122
-119
-96
-33
-45
-115
-99
-49
-93
-123
-133
-94
-62
-126
-123
-67
-51
-66
-87
-115
-155
-195
-236
-239
-196
-173
-148
-137
-167
-178
-196
-186
-176
-152
-114
-116
-89
-81
-66
-34
-1
32
24
74
138
134
140
127
62
27
14
19
30
-24
-29
11
-7
-52
-8
19
-47
-62
-84
-97
-121
-148
-104
-89
-159
-138
-108
-88
-46
-48
15
66
33
37
57
82
70
34
32
19
-19
-44
-4
5
13
43
50
-2
-13
2
-33
-32
-31
-38
-59
-55
10
56
76
90
86
59
92
112
27
29
70
58
38
37
66
68
19
7
21
40
48
-5
20
66
50
38
-2
11
20
31
33
39
111
84
60
54
62
42
-1
-23
14
104
91
26
110
189
174
213
212
245
259
216
228
202
183
229
215
246
253
230
238
251
277
262
228
235
250
247
213
140
148
126
151
117
38
44
71
99
77
103
102
68
66
90
87
102
118
115
136
144
107
71
62
94
82
37
15
21
68
67
53
90
71
34
64
57
56
89
161
138
108
123
106
72
43
63
76
63
91
141
98
101
169
193
193
200
263
302
321
289
263
243
198
192
174
132
128
136
84
39
35
17
-38
-19
-1
-30
-110
-114
-98
-113
-117
-120
-110
-97
-79
-102
-168
-163
-118
-100
-135
-166
-87
-98
-136
-124
-37
0
5
24
27
35
-16
32
44
64
76
46
48
38
14
-15
-45
7
55
13
-29
-44
-36
-74
-96
-97
-98
-124
-139
-200
-246
-220
-228
-239
-259
-282
-314
-330
-318
-292
-307
-353
-363
-336
-327
-335
-311
-301
-287
-267
-308
-380
-371
-280
-303
-354
-335
-300
-270
-296
-303
-262
-283
-319
-332
-310
-283
-308
-295
-300
-299
-283
-323
-352
-292
-260
-300
-328
-331
-347
-372
-432
-426
-380
-361
-381
-329
-271
-285
-263
-272
-275
-252
-200
-180
-184
-196
-188
-136
-93
-38
-9
-60
-93
-80
-63
-76
-80
-48
-44
-36
-40
-28
-16
-13
20
29
14
29
36
57
48
50
48
25
28
49
26
17
51
-5
-57
-37
29
-10
-49
-31
-51
-40
-52
-58
-52
-55
-39
17
48
48
33
35
78
92
85
76
97
92
116
127
128
151
131
127
119
125
162
191
157
165
217
205
176
183
180
169
188
160
157
194
200
205
144
139
193
179
149
183
221
236
265
257
277
270
268
295
220
215
240
228
248
271
300
256
253
267
243
267
242
260
289
242
234
267
296
324
300
306
295
335
324
273
308
266
234
198
148
154
122
82
29
32
49
35
24
21
-22
-100
-74
-59
-77
-106
-129
-134
-118
-91
-48
-36
-60
-53
-65
-77
-83
-80
-62
-71
-70
-64
-75
-69
-46
-17
-12
-34
-54
-5
-8
-18
-18
-32
-13
-76
-109
-82
-42
-85
-113
-120
-138
-143
-176
-134
-77
-12
-25
-56
-23
-20
-46
-67
-31
20
-5
-27
-39
-47
-50
-71
-49
-93
-130
-74
-49
-16
-26
-45
-62
-111
-81
3
20
-14
-13
-9
7
54
81
71
31
5
0
8
0
-17
21
18
-40
-83
-97
-113
-127
-126
-110
-130
-161
-188
-197
-169
-220
-253
-251
-268
-293
-336
-351
-363
-390
-377
-397
-407
-369
-358
-354
-350
-345
-336
-308
-313
-323
-337
-341
-363
-328
-247
-212
-189
-209
-213
-162
-153
-172
-173
-171
-156
-179
-193
-202
-152
-139
-156
-111
-149
-135
-84
-124
-153
-183
-154
-110
-151
-180
-205
-224
-234
-250
-263
-279
-261
-223
-211
-202
-181
-185
-202
-185
-137
-85
-82
-61
2
29
26
63
102
116
168
169
137
121
115
104
42
-9
21
21
-11
-18
-47
-47
-13
-16
-41
-55
-86
-63
-38
-12
1
-43
-49
-68
-62
-60
-80
-61
-30
-19
-20
30
80
72
50
43
28
5
-4
5
47
38
23
39
59
93
76
84
125
102
70
65
50
68
64
87
113
75
74
109
127
145
155
161
168
158
149
132
144
124
150
126
119
213
221
218
218
180
162
122
94
91
65
31
14
30
16
-6
-45
-32
4
-36
-31
-33
-31
-48
-41
-49
-73
-123
-297
-236
-281
-196
-96
-174
-95
-128
-41
38
-42
-54
-31
47
208
170
113
163
165
266
341
274
214
132
82
178
164
117
95
32
77
22
-96
-92
-126
-137
-67
-49
-28
-26
-78
-19
-55
-92
-71
-47
66
120
132
151
181
209
192
182
183
212
220
242
187
197
224
178
196
164
126
136
102
123
70
-9
-4
54
61
-53
-137
-117
-49
-51
-110
-173
-166
-124
-143
-182
-226
-251
-242
-248
-217
-217
-262
-247
-218
-219
-202
-199
-191
-144
-165
-208
-198
-176
-157
-146
-138
-151
-138
-75
-37
-61
-79
-96
-81
-81
-70
-44
-34
-13
-10
-23
-37
-16
1
-41
-37
-13
-15
-4
9
-25
-36
-1
-3
-3
17
27
1
-30
-53
-39
-70
-92
-84
-94
-103
-139
-126
-95
-71
-85
-85
-68
-75
-67
-71
-85
-102
-119
-176
-193
-185
-186
-209
-250
-232
-206
-177
-202
-229
-194
-183
-194
-181
-198
-239
-257
-282
-272
-236
-237
-228
-192
-135
-86
-102
-128
-105
-86
-85
-90
-81
-42
-35
-60
-34
-16
-30
-12
-3
48
64
80
107
119
116
115
162
177
175
186
236
295
291
306
330
361
395
364
353
372
381
394
357
346
364
330
330
317
339
341
352
356
294
280
276
241
227
168
134
159
160
158
144
130
78
65
58
18
6
8
43
77
117
107
101
129
155
198
182
162
178
146
107
156
136
123
120
66
60
87
94
58
27
40
28
18
6
1
27
-23
-12
14
39
37
30
35
-3
-11
8
-21
-87
-147
-142
-130
-107
-72
-98
-65
-79
-68
-35
-38
-25
-54
-60
-85
-63
-16
9
29
45
54
102
117
129
139
156
124
110
136
128
88
54
52
70
92
69
63
55
64
28
-28
-57
-104
-123
-148
-168
-178
-216
-220
-249
-226
-193
-223
-252
-289
-306
-273
-272
-288
-302
-273
-235
-252
-285
-258
-204
-181
-171
-121
-115
-117
-141
-146
-121
-100
-119
-135
-114
-125
-92
-68
-46
-4
13
-6
13
50
22
13
27
13
1
12
54
43
-7
-9
32
22
-17
-48
-63
-100
-110
-119
-138
-164
-204
-197
-151
-111
-72
-56
-41
-8
-17
-34
-34
-24
-15
44
63
53
76
119
150
174
174
184
134
70
93
107
113
76
49
18
4
-9
-16
17
11
-1
-5
-11
-47
-62
-90
-107
-93
-76
-80
-88
-94
-113
-92
-88
-72
-67
-27
-2
-7
8
32
73
70
57
98
95
83
105
123
135
137
160
164
120
70
51
26
27
3
10
49
82
67
78
83
73
100
118
99
97
129
108
101
83
55
79
82
64
93
89
68
87
80
46
47
40
22
71
87
122
98
79
93
67
66
52
56
49
53
19
-32
-66
-46
-56
-72
-74
-72
-1
16
-1
-48
-54
-33
-3
27
10
-35
-74
-55
-20
-22
13
10
12
31
46
69
69
65
63
31
-9
2
15
4
0
6
38
63
47
14
-12
-9
7
15
47
113
118
126
104
125
158
205
278
298
302
327
329
306
278
240
215
220
211
198
211
196
191
201
189
146
122
96
94
93
35
30
56
59
59
62
49
25
8
-20
-10
32
25
24
39
29
15
6
-3
6
27
24
-2
-20
-33
-60
-49
-49
-76
-69
-109
-118
-105
-77
-70
-121
-145
-136
-128
-116
-100
-106
-124
-133
-132
-96
-94
-121
-120
-100
-85
-122
-153
-122
-85
-65
-29
-29
-31
6
25
11
-17
-26
-13
-30
-50
-77
-103
-120
-105
-98
-133
-163
-165
-140
-105
-69
-44
-7
25
46
21
-4
-17
-4
-5
-15
-14
-57
-108
-139
-133
-108
-131
-114
-94
-94
-103
-142
-127
-100
-105
-108
-60
-43
-24
-11
-40
-37
-34
-64
-103
-113
-110
-121
-129
-141
-161
-180
-165
-159
-161
-167
-137
-132
-141
-135
-104
-104
-96
-76
-78
-43
-17
19
33
15
39
49
74
64
36
18
13
2
-22
-8
6
14
25
38
17
1
-15
-26
-28
-4
-23
-10
-14
-25
-42
-65
-65
-61
-42
-38
-78
-93
-63
-67
-76
-90
-65
-61
-54
-51
-26
4
-22
-27
-49
-69
-64
-92
-87
-70
-91
-105
-117
-106
-61
-69
-105
-114
-76
-73
-58
-49
-59
-45
-6
-1
-11
-19
-19
15
42
67
74
68
70
103
108
106
117
128
137
107
103
111
122
146
140
134
142
159
159
156
154
125
121
158
178
171
195
204
205
225
228
223
277
306
283
260
255
302
339
350
339
323
316
311
324
314
315
336
320
326
312
305
322
319
312
323
285
242
217
219
213
182
166
131
105
98
74
50
52
18
-22
-31
-58
-53
-46
-10
21
72
67
35
25
30
79
106
151
154
115
147
150
158
192
198
187
167
182
167
192
189
176
189
147
129
127
108
87
68
59
35
3
-2
-51
-76
-53
-97
-64
-72
-84
0
-60
-82
-58
-114
-68
-58
-70
-58
-97
-43
-34
-39
-56
-56
-15
32
48
88
106
95
74
38
27
-4
-26
-9
-60
-6
6
-59
11
-80
-42
-27
-128
-7
-127
-130
-36
-199
-112
-165
-187
-67
-223
-151
-206
-241
-188
-245
-189
-210
-231
-215
-267
-239
-163
-172
-87
-100
-118
-73
-85
-23
-21
-20
25
13
20
-10
-10
-7
-24
-15
-15
-60
-69
-30
-54
-51
-87
-98
-82
-106
-71
-79
-96
-68
-37
-20
-43
-80
-64
-74
-33
-7
-14
-39
-84
-64
-98
-106
-87
-55
-22
8
22
44
51
30
25
9
70
85
66
29
-25
-6
-3
11
28
-4
-9
-3
-6
42
40
58
54
11
34
22
41
68
98
142
107
93
90
95
147
127
108
87
54
93
69
74
59
91
151
127
134
117
141
140
145
132
119
124
138
129
123
112
97
88
61
39
77
73
91
154
118
114
86
29
58
71
56
38
37
78
140
132
121
120
106
65
84
108
97
127
118
115
96
58
44
63
65
88
65
26
26
-2
-12
-52
-83
-81
-103
-97
-110
-99
-115
-54
13
10
-2
-24
-76
-77
-79
-85
-42
-67
-37
-84
-89
-59
-62
-53
-78
-84
-61
-28
12
3
-61
-34
-28
-37
-40
-27
-10
10
42
33
57
62
22
75
71
81
93
105
64
135
134
135
208
151
175
132
153
167
121
138
122
148
172
205
211
190
194
192
204
187
198
164
189
152
128
189
106
151
102
79
121
94
92
50
46
37
58
58
63
64
35
46
52
44
85
97
94
104
108
131
153
182
162
132
130
129
166
184
134
112
139
152
163
148
124
78
30
60
70
55
13
8
34
5
-22
-59
-97
-132
-169
-144
-161
-138
-136
-120
-92
-81
-69
-99
-69
-12
26
30
48
87
118
111
105
132
116
117
134
118
103
96
37
-22
-20
-40
-51
-45
-113
-128
-132
-147
-149
-168
-207
-224
-216
-220
-199
-229
-265
-256
-223
-205
-194
-225
-210
-193
-182
-159
-180
-157
-139
-128
-89
-86
-55
-69
-100
-88
-96
-59
-35
-41
-25
22
30
26
65
50
2
7
50
46
61
33
30
52
28
50
18
-31
-61
-58
-32
31
42
29
41
54
88
91
82
109
104
79
59
78
35
59
95
80
75
61
80
110
106
58
50
40
42
72
58
57
37
30
39
-4
-38
-69
-41
28
65
68
46
92
66
68
117
138
163
134
122
102
98
118
118
108
88
50
30
15
29
27
5
-17
-51
-75
-54
-35
-54
-67
-53
-49
-41
-48
-38
-41
-79
-115
-145
-119
-57
-24
11
-4
-36
4
13
75
97
75
65
66
134
178
259
252
182
130
109
196
277
320
250
135
109
174
238
295
239
126
68
72
134
179
118
30
1
37
87
123
50
-51
-72
-40
87
98
34
23
28
36
51
38
74
45
-3
72
143
124
73
102
112
77
91
50
77
40
17
43
20
-28
-52
21
23
42
18
-13
-17
28
69
63
81
32
30
22
-12
-69
-118
-111
-124
-100
-88
-88
-75
-56
-54
-76
-85
-78
-75
-42
-54
-72
-80
-69
-40
-19
-17
14
79
85
43
7
18
44
41
36
-9
-71
-131
-115
-55
-91
-79
-87
-90
-61
-103
-97
-144
-201
-219
-202
-117
-116
-209
-252
-220
-224
-247
-241
-244
-224
-253
-175
-135
-155
-159
-142
-100
-129
-91
-76
-164
-204
-161
-136
-112
-106
-163
-203
-236
-200
-161
-171
-167
-228
-261
-231
-195
-160
-168
-228
-270
-222
-130
-162
-157
-140
-119
-105
-56
-17
-42
-135
-148
-75
-78
-88
-77
-86
-60
-75
-127
296
475
429
469
167
138
-70
-90
394
456
805
505
326
23
-304
-472
-640
-668
-674
-565
-539
-455
-476
-545
-500
-468
-497
-588
-677
-685
-594
-507
-268
-107
58
26
-16
36
66
153
31
142
74
41
158
121
158
82
-34
0
-39
-34
54
-40
2
-44
-138
-176
-226
-172
-33
63
121
202
109
33
52
57
81
62
85
128
65
140
216
288
333
308
310
305
250
236
235
191
215
226
303
291
256
253
205
107
111
65
55
26
35
104
177
216
249
271
242
249
134
118
110
137
111
104
97
76
26
1
15
-56
6
64
24
28
30
76
95
101
105
92
11
-14
8
11
54
36
58
32
-1
16
34
25
46
52
53
29
84
117
150
147
138
159
193
258
198
215
203
175
185
230
228
191
114
104
100
104
172
182
143
119
97
75
59
-12
-42
-50
-7
-16
-14
4
-30
-23
-42
-96
-96
-101
-55
-17
25
36
12
-26
-58
-44
-90
-47
-43
-14
33
14
0
-55
-81
-140
-186
-204
-202
-175
-152
-111
-95
-79
-59
-100
-143
-112
-141
-187
-189
-126
-120
-104
-129
-159
-189
-173
-180
-159
-121
-150
-140
-148
-153
-165
-151
-151
-160
-136
-132
-101
-66
-65
-47
-44
-15
-61
-49
-75
-73
-66
-85
-108
-120
-111
-89
-39
-72
-48
-65
-65
-54
-72
-58
-57
-40
-87
-137
-150
-225
-168
-193
-232
-201
-257
-264
-267
-269
-246
-275
-251
-240
-303
-339
-379
-351
-320
-304
-275
-223
-213
-169
-121
-105
-47
-72
-108
-71
-149
-76
-51
-33
32
-58
-33
-47
-26
5
-26
-16
-5
-7
-16
-9
-33
-51
-77
-85
-71
-67
-76
-82
-59
-47
22
12
21
24
57
81
70
146
144
177
173
156
136
113
109
68
87
73
58
10
41
59
38
49
33
37
-16
-5
-30
-13
38
11
16
-15
-15
-28
-56
25
65
77
60
97
171
158
177
126
125
77
57
80
113
127
124
155
206
215
205
185
117
133
107
105
191
183
250
205
216
291
264
318
243
274
318
291
269
255
285
328
294
276
233
255
243
247
202
150
88
37
93
58
116
128
92
161
141
124
168
94
122
115
152
204
159
124
130
113
187
206
176
174
159
151
135
157
170
195
112
144
109
124
158
92
75
40
-51
-48
-29
-61
-80
-118
-72
-2
24
-26
-32
5
-75
-25
-58
-54
-102
-113
-86
-112
-87
-154
-133
-177
-164
-153
-109
-39
-111
-76
-86
-154
-83
-129
-162
-171
-181
-154
-171
-152
-145
-90
-105
2
-43
-127
-82
-217
-131
-180
-194
-156
-121
-37
-122
-179
-171
-202
-170
-208
-249
-191
-207
-178
-179
-145
-122
-156
-123
-161
-189
-182
-176
-147
-118
-182
-118
-153
-118
-124
-149
-13
-172
-56
-109
-38
-4
7
-13
-85
-71
-208
-60
-96
-93
-43
-184
-146
-208
-127
-44
-80
-133
-63
1
-58
-77
-175
-100
-145
-197
-107
-157
-110
-226
-258
-232
-321
-346
-307
-230
-251
-240
-313
-166
-248
-164
-139
-178
-69
-168
-130
-136
-41
-55
-33
-22
57
29
74
153
192
244
215
227
251
154
200
159
180
233
128
179
109
136
63
50
131
101
136
157
142
181
181
141
199
132
147
109
91
133
140
207
54
109
129
87
125
20
102
128
72
163
81
38
105
71
156
88
-92
62
-25
11
-105
-4
46
75
112
-3
70
22
104
70
127
80
149
94
147
37
-23
213
30
273
182
90
159
206
290
202
222
234
224
257
114
148
76
133
136
71
189
-22
212
3
39
-8
-46
150
-43
107
68
106
98
86
-41
-13
52
72
79
110
104
242
150
184
138
-7
222
74
178
148
155
273
117
234
211
27
277
104
221
167
106
105
25
22
32
69
21
-9
-31
52
-111
-135
-47
-128
-146
-191
-326
-259
-273
-181
-164
-227
-239
-343
-178
-309
-228
-199
-248
-219
-189
-134
-115
-180
-177
-90
-63
-120
-103
-97
3
25
25
87
92
30
123
175
105
211
141
254
224
153
300
206
131
181
144
211
118
126
108
208
-15
148
60
-22
74
-239
39
-162
-282
-65
-221
-72
-191
-210
-229
-155
-285
-179
-279
-423
-140
-234
-74
-98
-70
-180
-155
-326
-184
-195
-331
-175
-212
-196
-180
-273
-274
-300
-275
-173
-314
-141
-189
-173
1
-295
52
-171
-49
-2
-13
1
122
363
38
196
-67
-67
-47
2
-110
-158
-227
-161
-286
-325
-439
-372
-137
-262
-238
-270
-210
-294
-4
-44
-118
-47
18
54
112
204
145
262
248
233
270
324
278
302
259
201
118
86
166
84
118
126
72
12
-56
-19
21
-125
-86
-48
-65
8
-66
-32
-105
-61
-47
-110
-123
-139
-70
-126
-103
-14
-79
-71
-154
-55
-90
-185
-20
-120
96
0
114
163
146
144
160
236
172
328
404
459
365
347
355
363
287
350
358
341
223
207
162
166
129
87
149
43
-26
38
89
49
-62
-95
125
-157
43
-120
-109
-31
-57
91
26
34
-21
36
-119
-104
-166
129
-23
16
92
24
106
53
43
173
59
82
41
66
161
87
160
170
127
132
219
131
185
88
122
151
96
28
25
31
-21
56
-5
-53
52
-28
-30
30
-153
101
-141
-35
-15
-163
-56
-201
-297
46
-192
-120
72
-203
75
-39
-86
-12
-66
-50
86
12
-14
-93
-141
-39
-38
-35
26
5
-149
12
-216
-210
-92
-285
-139
-175
-129
-21
-47
-29
-20
54
214
131
191
112
13
126
96
70
8
-62
-78
-71
-50
-67
-17
-117
28
-78
47
29
-69
214
85
187
205
156
151
33
126
210
464
534
424
423
146
-66
-131
-207
-255
-420
-367
-313
-362
-438
-516
-423
-495
-400
-584
-538
-523
-574
-377
-359
-54
-166
-34
-13
-76
-31
-145
6
-65
39
-147
-259
-68
-124
-169
-124
-94
-3
-124
-158
-198
-137
-244
-266
-272
-112
-199
-123
47
-100
55
-117
-54
-63
-66
-184
-128
-79
-146
19
-113
135
-19
-17
-99
-244
-292
-270
-308
-226
-143
-310
-160
-205
-42
-22
7
-42
14
79
97
75
19
4
18
60
68
141
244
220
234
91
72
151
130
221
125
163
-26
-68
-31
-11
-74
-27
-42
-160
-23
-315
-48
-218
-219
-131
-267
-47
-188
-38
39
51
141
44
73
-149
-290
-188
-81
135
-30
198
0
-21
124
-165
53
-62
-100
59
-43
-5
-113
143
179
2
98
-49
77
-28
64
27
-145
49
-71
80
117
-79
77
127
82
-147
18
-167
-121
-20
-180
-64
-163
-23
-29
-88
4
87
27
65
28
-28
86
-5
123
260
230
213
193
188
149
108
54
41
-134
-130
-133
-76
-36
-156
-84
-114
-137
-265
-323
-305
-320
-161
-255
-170
-194
-234
-263
-471
-222
-365
-242
-140
-91
89
40
76
-35
83
143
112
183
47
86
158
142
142
110
177
287
230
230
176
236
308
400
307
263
294
278
272
219
186
190
239
335
201
185
171
150
116
82
92
6
64
-68
35
-53
10
-83
-59
-72
-152
1
14
140
41
85
-10
68
108
57
38
151
179
175
168
147
191
179
219
228
210
204
271
256
202
228
180
144
151
148
164
175
181
190
201
149
102
86
93
38
139
159
180
204
184
211
63
58
77
89
201
187
133
171
155
155
176
179
180
135
78
45
-3
54
47
24
84
42
-16
-79
-88
-26
7
-50
-96
-89
-94
-44
-115
-57
-147
-274
-319
-332
-321
-386
-387
-478
-430
-459
-501
-485
-613
-617
-673
-728
-745
-797
-715
-677
-566
-562
-470
-506
-515
-431
-480
-406
-442
-380
-396
-390
-291
-266
-159
-133
-25
35
93
190
222
378
445
570
695
782
818
799
939
971
1091
1191
1268
1380
1502
1604
1642
1657
1580
1524
1401
1266
1108
932
773
674
632
549
496
454
449
447
364
278
152
65
-25
-82
-172
-265
-301
-375
-418
-511
-579
-743
-934
-1124
-1339
-1530
-1673
-1815
-1937
-2072
-2179
-2201
-2309
-2459
-2624
-2875
-3104
-3397
-3689
-3985
-4344
-4643
-5064
-5058
-4724
-4110
-3134
-1034
1262
3492
5436
7083
8720
8734
8581
7738
6659
5493
3746
2561
1606
1158
852
866
729
520
107
-792
-1802
-3210
-4008
-4790
-5372
-5222
-4680
-3400
-1939
-115
1909
3642
4900
5608
5856
5608
4846
3705
2660
1466
353
-356
-910
-943
-832
-623
-545
-701
-786
-1106
-1572
-1914
-2045
-1778
-1021
-53
1598
3269
5014
6542
7392
7757
7056
5885
4335
2532
895
-399
-1252
-1456
-1243
-883
-328
68
304
65
-523
-1137
-1892
-2467
-2932
-3265
-3348
-3278
-3059
-2860
-2668
-2519
-2624
-2929
-3538
-4176
-4827
-5499
-6066
-6560
-6836
-7172
-7414
-7356
-6170
-4607
-1863
1897
5421
9140
11136
13126
13501
12468
11200
8741
6668
3981
1618
16
-784
-1193
-1091
-940
-1223
-1456
-2801
-3907
-5439
-6742
-6940
-7347
-6708
-5493
-3431
-541
2333
5231
7583
8998
9299
8745
7235
5301
2720
129
-1943
-3991
-5001
-5437
-5197
-4360
-3747
-3086
-2822
-2703
-2722
-2878
-2931
-2676
-1940
-898
556
2412
4704
6877
8466
9415
9817
9248
8121
6342
4408
2511
471
-951
-2192
-2481
-2428
-2138
-1619
-1264
-979
-1017
-1097
-1274
-1199
-1148
-963
-649
-272
282
554
817
619
49
-877
-2259
-3634
-4754
-5639
-6321
-6744
-6865
-6800
-6876
-6713
-6828
-6943
-7399
-8340
-8549
-7555
-5427
-1301
3264
8147
12371
14989
16901
16007
14088
11385
7776
4185
346
-2639
-3989
-4393
-4070
-2973
-2319
-1792
-2121
-3392
-4606
-6488
-7398
-7531
-7369
-5902
-3798
-592
3180
6672
9766
11566
11617
10361
7761
4345
788
-2954
-5702
-7659
-8788
-8476
-7455
-5625
-3825
-2402
-1429
-1175
-1249
-1446
-1642
-1548
-879
320
2313
4555
7127
9388
10830
11093
10103
8359
5456
2389
-761
-3078
-4431
-5013
-4358
-2967
-828
1168
2721
3471
3467
2896
1858
836
-137
-540
-580
-266
279
665
1029
794
40
-1283
-3088
-4912
-6473
-7618
-8064
-7818
-7319
-6436
-5642
-4786
-4253
-4159
-4352
-5023
-5969
-6933
-6969
-5250
-2235
2726
7527
11969
15335
16834
16852
14106
10762
6721
2697
-1074
-4198
-5657
-5493
-4255
-2738
-848
52
248
-585
-2318
-3901
-5676
-6205
-5816
-4628
-2238
719
4304
7680
10192
11409
10956
8720
5459
1614
-2496
-5960
-8579
-9702
-9751
-8892
-6993
-4860
-2733
-1275
-528
-390
-836
-1310
-1511
-1097
-24
1683
3823
6138
8251
9727
10312
9713
7733
4851
1671
-1384
-3735
-5168
-5206
-4172
-2492
-317
1841
4076
5540
5943
5235
4020
2675
1264
493
228
654
1308
1812
1807
1218
224
-1341
-3216
-5144
-6847
-7945
-8346
-8003
-7068
-5802
-4617
-3570
-2949
-2949
-3486
-4213
-5025
-5988
-6905
-7610
-7717
-7261
-5482
-2605
1815
6292
9998
12935
14264
14330
12064
8883
5750
2778
260
-1858
-2809
-2454
-1324
-154
993
1346
826
-482
-2702
-4719
-6420
-6843
-5969
-4320
-1533
1593
4818
7645
9482
9998
8845
6075
2563
-1062
-4384
-6913
-8423
-8518
-7765
-6599
-4996
-3479
-2331
-1741
-1756
-2065
-2473
-2625
-2021
-710
1282
3649
5849
7717
9011
9441
8684
6707
4069
1305
-1266
-3196
-4260
-4049
-2749
-955
842
2628
4213
5251
5579
5262
4483
3220
1946
860
212
-1
-71
-141
-368
-960
-2002
-3258
-4331
-5256
-5989
-6381
-6367
-5902
-5051
-4227
-3634
-3158
-3162
-3331
-4144
-4614
-5108
-5384
-5617
-6056
-5990
-6136
-6484
-6039
-3987
-438
3924
7541
11151
13668
14576
13485
10561
7821
5109
2212
-289
-1993
-2408
-1559
-464
734
1567
1188
120
-2000
-4268
-5901
-6804
-6223
-4635
-2152
1091
4224
6985
9158
9811
8785
6126
2501
-1127
-4608
-7189
-8487
-8636
-7783
-6531
-4908
-3138
-1899
-1249
-1051
-999
-1050
-1042
-534
794
2684
4811
6610
7673
8224
7842
6421
4025
1106
-1713
-4199
-5880
-6442
-5519
-3717
-1083
1137
3652
6707
7506
8059
7135
6091
4483
1805
271
-1064
-822
-732
-877
-892
-456
-715
-1216
-1534
-2543
-2774
-3373
-3562
-3289
-2936
-2320
-2430
-2497
-2765
-3667
-4393
-4630
-4767
-4483
-4739
-4898
-4881
-4867
-5303
-6534
-7865
-7567
-5190
-1000
4414
9050
14528
17860
18495
16413
12669
9292
5163
1129
-2111
-3977
-4549
-3708
-2155
-640
110
-960
-2710
-5452
-8019
-9352
-9511
-7455
-4228
17
4518
8360
11578
13559
13360
10734
6431
1431
-3105
-6799
-8764
-8947
-8311
-6889
-5269
-3546
-2144
-1540
-1432
-1771
-2428
-2867
-2665
-1372
1309
4573
7446
9255
9832
9305
7544
4586
1072
-2603
-5343
-7158
-7706
-6494
-4261
-430
3132
5798
7291
7557
7070
5509
3544
1736
763
315
512
730
1103
1486
979
229
-1190
-2751
-3848
-4395
-4392
-3953
-2991
-1877
-983
-686
-1020
-2095
-3396
-4511
-5618
-6031
-5907
-5422
-4272
-3409
-2697
-2607
-3135
-4598
-6778
-9634
-11461
-9996
-5830
949
6823
13096
18328
20396
19249
14702
10131
5353
429
-3979
-6583
-7017
-5483
-2823
-583
1018
458
-1157
-3723
-6790
-8457
-8845
-7040
-3481
1121
6190
10560
13636
15323
14643
11037
5722
-108
-4911
-8559
-10708
-10700
-9544
-7746
-5781
-3998
-2529
-1907
-2059
-2383
-2715
-2363
-976
1371
4509
7828
10511
11667
10853
8685
5661
1687
-2465
-5921
-8158
-8293
-7425
-5392
-2260
625
4111
5398
5931
5674
4419
3837
2744
2819
3329
4221
5023
5349
4816
3335
1190
-1398
-3316
-5370
-6257
-5993
-4978
-3272
-2055
-1010
-853
-1522
-2762
-4500
-5959
-6485
-6307
-5352
-3637
-1837
4
744
405
-852
-3251
-5980
-9527
-12372
-14613
-13726
-8859
-1365
7154
13764
19888
22620
21291
15952
9123
3442
-1484
-4961
-6914
-6345
-4190
-770
2354
3792
3289
468
-3007
-7123
-10416
-11463
-9819
-5458
413
6680
11868
15121
16233
15229
11457
5503
-793
-6047
-9368
-10903
-10510
-8322
-5651
-3348
-2015
-1630
-1828
-2480
-3008
-3071
-2411
-689
2153
5558
8736
11112
11663
10079
6738
2747
-1263
-4930
-7368
-8024
-7204
-5452
-3205
-1160
974
2132
3527
3861
3189
3215
3330
4733
5550
6383
7148
7416
6838
4514
1424
-1749
-4149
-6140
-6766
-6537
-5455
-3432
-1744
-444
-315
-1008
-2258
-3590
-4636
-5533
-5561
-4212
-2099
-117
1110
1218
615
-757
-3230
-6138
-9033
-10948
-12460
-13207
-13279
-10585
-3713
4516
12197
16476
20089
20778
17369
11299
5067
1524
-928
-2430
-2874
-1676
116
2191
3387
2253
-713
-5130
-8855
-11746
-12932
-11206
-6889
-530
6251
11780
14865
15525
14206
11537
6624
540
-4372
-6914
-7251
-6675
-5336
-3363
-2184
-2343
-3485
-5277
-6713
-7438
-6930
-5220
-2903
471
4480
8170
10552
10974
9297
5974
2116
-1333
-3932
-5652
-5772
-4556
-2720
-949
321
1465
1990
2292
2058
1661
1918
3032
5382
7704
9522
10036
9089
6877
3239
-877
-4634
-7077
-7924
-7372
-5709
-3536
-1213
546
1226
559
-1149
-3214
-4736
-5172
-4721
-3679
-1893
156
1634
1855
892
-755
-2898
-5281
-7600
-9094
-10091
-10067
-9887
-9153
-8792
-7620
-2748
2901
9042
12664
15891
18215
16877
13305
8598
5638
3475
1560
-390
-1537
-2034
-1968
-1535
-2661
-4452
-6801
-8502
-9156
-9264
-7509
-3742
1554
7130
11230
13022
12976
11917
10253
7161
2485
-1653
-3962
-5158
-6048
-6946
-7163
-7200
-7940
-8904
-9710
-9551
-8097
-5353
-1855
1362
4174
6817
8999
10065
9894
8139
5243
2440
209
-1248
-2506
-3096
-2446
-1608
-1218
-1747
-1965
-983
586
2025
2867
4047
5673
7217
8110
8235
7514
6042
4018
1417
-1043
-2686
-3300
-2994
-2376
-1959
-2108
-2543
-2978
-3358
-4002
-4805
-5183
-4757
-3560
-2409
-1440
-428
331
155
-956
-2482
-3892
-4676
-5247
-5564
-6058
-6231
-6472
-6421
-6832
-7452
-8119
-5645
-207
5862
11035
14704
18552
19039
15843
9970
4664
1410
-727
-2171
-3243
-3225
-2258
-621
-86
-1509
-3874
-6401
-7820
-8764
-8294
-5499
-568
5628
10980
13874
13679
11701
9200
6074
1439
-3686
-7260
-8707
-8799
-8632
-8114
-7360
-6993
-7057
-7284
-7438
-7013
-5017
-1722
1763
4442
6560
8222
9284
9493
8427
5918
2910
604
-645
-1405
-2065
-2032
-1438
-1027
-988
-1078
-1052
-267
1014
2735
3823
4480
5821
7360
8661
8287
6930
5080
3106
1005
-1170
-2525
-3442
-3835
-4362
-5105
-5993
-6347
-5544
-4258
-2986
-1947
-734
571
1560
1714
779
-504
-1738
-2655
-3440
-3987
-3711
-2656
-1673
-1644
-2426
-3725
-5076
-7032
-8756
-10469
-12143
-11170
-6105
1936
9283
14144
18200
20075
17626
11230
4324
424
-745
-635
59
1348
2724
3966
4023
1691
-2548
-6952
-9953
-11379
-11134
-8398
-3525
2653
8590
12196
11760
8138
4126
1223
-1425
-4332
-5609
-4497
-2327
-972
-773
-1443
-3217
-5442
-7555
-9220
-10013
-8831
-5331
-880
3163
5958
7358
7207
6085
4668
2579
226
-741
329
2045
2842
3239
3991
4382
3299
1037
-703
-941
-220
630
1853
3485
5187
6165
6105
5269
3919
2760
1206
-400
-1578
-2451
-3108
-3515
-3535
-3635
-3614
-3173
-2134
-778
376
1005
1131
866
158
-1296
-3011
-4132
-4139
-3250
-2180
-1507
-732
-398
-1100
-2686
-4997
-6807
-9025
-9934
-10552
-10521
-9521
-9030
-6351
-1705
4808
10641
13608
16033
16524
14224
9733
4958
2920
3023
4392
5530
5764
4869
3266
517
-3557
-7850
-11574
-13098
-13082
-11383
-7648
-2706
2975
7585
9813
8995
6041
3144
1309
391
-46
264
1215
1918
1298
-742
-3316
-6116
-8619
-10298
-10770
-10145
-8471
-5419
-1662
1590
3164
3508
3556
3692
4036
4489
5862
7954
9839
10273
9056
7365
5293
2928
110
-2335
-3572
-3649
-3218
-1918
12
1579
2015
1355
933
428
-120
-107
832
2677
3756
3465
2664
1855
737
-1092
-2847
-3688
-3591
-3237
-2954
-2754
-2355
-1910
-2214
-2810
-3112
-2822
-2342
-2096
-1790
-1518
-1626
-2203
-2834
-3425
-4019
-4710
-5683
-5745
-5862
-5683
-5559
-6138
-5762
-5985
-2752
2512
7978
12459
14498
16482
15067
11229
6546
3397
2595
2752
3617
3655
3458
2018
39
-3189
-7248
-9703
-10717
-9825
-8256
-5712
-1926
1727
4763
5878
4626
1675
-901
-1800
-1514
-861
185
2251
3707
3669
1885
-842
-3487
-5930
-7374
-7743
-6939
-5163
-2550
315
2181
2927
2908
3023
3579
4403
5334
6005
7296
8660
8943
7636
5451
3718
1954
-311
-2288
-3482
-3126
-2003
-1330
-1313
-1849
-1375
-1261
-1431
-982
-65
1572
2448
3187
3321
2504
1446
-65
-1473
-2870
-3689
-3765
-2974
-1879
-1307
-1219
-1480
-1586
-1812
-1870
-1717
-1174
-127
509
683
614
564
49
-1098
-2259
-3423
-4452
-5231
-5162
-5140
-5023
-4478
-3919
-3125
-3313
-3622
-3968
-2259
1813
5876
8744
10271
11472
10761
8177
5394
3648
3799
4246
4817
4612
3369
1714
-605
-3159
-5904
-7714
-7715
-7068
-6460
-5874
-5252
-4716
-4446
-4266
-4253
-4518
-3703
-799
2887
5914
8106
9563
9626
7235
3484
-51
-2611
-3868
-3674
-2380
-948
78
452
15
-1395
-2946
-3867
-4166
-3327
-1543
844
3183
5266
7291
8054
7406
6016
4722
3675
2419
1544
892
671
272
-1200
-2801
-3289
-3546
-3790
-3918
-2851
-1469
-1200
-829
-902
-516
177
63
228
456
944
1201
1148
1437
1407
1233
1481
1541
1200
841
554
394
84
-739
-1764
-2697
-3236
-3665
-4438
-4730
-4003
-2788
-1749
-1414
-955
-457
-661
-1714
-3114
-3901
-4329
-4635
-5224
-5505
-3012
1081
4805
6264
6664
7066
5176
2407
940
1416
3271
4991
7202
8612
7757
5419
1873
-2206
-6046
-8832
-9746
-9634
-8942
-7576
-5933
-4500
-3304
-2374
-2054
-1849
-1060
915
3098
4590
6480
8062
8679
7978
6811
6227
5367
4126
2868
1666
486
-754
-2197
-3980
-5669
-6393
-5810
-4815
-3756
-2457
-1225
-432
17
306
601
738
1226
2577
3774
4355
4483
4605
4380
3104
1216
-420
-907
-764
-766
-1208
-1620
-1577
-1973
-2559
-3051
-3087
-2172
-1102
43
1111
2115
3083
3527
3542
3435
3265
3211
3054
2679
2514
2006
1097
92
-751
-1309
-1737
-1775
-1232
-853
-1020
-1323
-1634
-2171
-3142
-3993
-4253
-4453
-4601
-4754
-4413
-4183
-4697
-5541
-6799
-7528
-7472
-4950
-763
3437
6553
8490
9332
7978
6007
4645
4315
4492
4352
4873
5069
4536
3182
1179
-1193
-3401
-4897
-5338
-5592
-5675
-5356
-5206
-5004
-4656
-3809
-2341
-386
2383
5322
7296
8015
8100
7746
6699
5007
3672
3439
3306
2731
1914
1204
183
-1624
-4077
-6841
-9302
-10445
-10173
-9148
-7601
-5370
-2827
-1113
-207
622
1603
2428
3180
4249
5495
6485
6920
6738
5767
4138
2505
748
-1176
-2150
-2283
-1623
-1254
-1318
-705
-364
32
68
517
1751
2324
2630
2497
2375
2292
1876
1589
1366
1273
1552
1888
1928
1674
1108
448
-321
-983
-1541
-1770
-1582
-1086
-719
-1036
-1293
-1676
-2333
-3432
-4959
-6065
-6909
-7669
-8067
-7905
-6950
-5741
-4995
-4486
-4523
-4814
-3613
-1137
1809
3376
4329
5893
6445
6358
6781
8551
10359
10449
9513
7980
5408
2121
-630
-2607
-3581
-3740
-3298
-3092
-3697
-4348
-4730
-5202
-5707
-5709
-5040
-4221
-3245
-1461
866
2610
3769
4884
5224
4443
3367
2778
2264
1389
995
1375
1648
1280
581
-388
-1637
-2951
-3861
-4278
-4519
-4369
-3804
-3347
-3150
-2963
-2479
-1959
-1478
-670
342
1261
2255
3384
4392
5063
5935
6749
7512
7413
6960
6913
6366
5377
3372
1875
793
-546
-1418
-2214
-2690
-3405
-4088
-4493
-4625
-4204
-3446
-2425
-1283
64
1300
2417
3540
4290
4789
5035
4977
4600
3803
3068
2331
1122
-384
-2039
-3513
-4810
-6110
-6944
-7082
-6764
-6450
-6166
-6104
-5961
-5670
-5398
-5093
-4645
-3609
-2633
-2248
-601
2724
5940
6983
5787
4919
3673
2029
1807
3835
6862
7981
7507
6851
5291
2641
181
-1157
-1687
-2247
-2599
-2961
-3758
-4423
-4462
-4511
-4988
-5403
-5713
-6394
-6880
-6075
-4206
-2447
-658
1725
3784
4750
5311
6267
6901
6497
5989
6502
7354
7093
5835
4080
1953
-757
-3342
-4973
-5812
-6073
-6225
-6716
-7213
-6778
-5417
-3802
-1896
687
2978
4061
4444
4871
5220
5231
5377
5864
6256
6640
6171
5512
5010
3891
2045
-855
-2490
-3237
-3798
-3620
-3170
-2194
-1525
-1001
-130
678
1062
679
397
615
1052
1142
1276
1991
2331
2206
1769
1364
1240
823
305
-330
-783
-845
-910
-1251
-1829
-2183
-2233
-1967
-1715
-2127
-2856
-3722
-4482
-5268
-6212
-6802
-7092
-7301
-7741
-8074
-8105
-6417
-3544
-817
534
460
1210
1692
2231
3838
6507
9258
10264
10524
10484
9132
6571
4032
2476
1234
-167
-1862
-3665
-5417
-6942
-7637
-7300
-6073
-4886
-4692
-5435
-6019
-5570
-3976
-1698
811
3286
5115
6001
6278
5999
5486
4838
4306
4239
4423
4595
4446
3552
1955
205
-970
-1393
-1723
-2709
-4075
-5372
-6328
-6621
-6107
-4914
-3714
-2678
-1956
-1659
-1512
-1124
-360
625
1889
3383
4989
6042
6730
7339
7290
6931
6154
5645
5129
4155
3552
2710
1927
1098
391
396
154
-84
-648
-1097
-1321
-1817
-2027
-1896
-1224
-568
88
965
1612
1787
1489
1282
1291
1211
830
232
-362
-1204
-2118
-2913
-3394
-3615
-3897
-4141
-4508
-5018
-5700
-6153
-6617
-6832
-7007
-6955
-6259
-5959
-5739
-5768
-5401
-4285
-2558
-436
1365
1992
2362
2942
3560
4472
5874
7868
8632
7785
6454
5381
4463
3440
3346
4224
4817
4339
2877
1196
-706
-2307
-3050
-3042
-2782
-2934
-3488
-4154
-4323
-3816
-3003
-2123
-1089
63
653
457
-78
-413
-567
-583
-49
1169
2399
2899
2482
1721
883
89
-142
68
450
410
134
55
250
644
1109
1527
1607
1162
135
-1144
-2409
-3076
-2862
-1913
-505
1192
2815
3694
3633
4000
4358
4354
4260
4233
4718
4303
4403
4980
5321
5594
5126
4576
3394
1878
507
-1144
-2158
-2796
-3044
-3231
-3425
-3292
-3388
-3329
-3133
-2704
-2291
-1908
-1719
-2004
-2593
-3102
-2946
-2384
-1627
-914
-576
-507
-814
-1031
-1307
-1751
-2381
-3001
-3309
-3644
-3972
-4345
-4138
-4127
-4338
-4884
-5406
-5743
-6045
-4871
-3079
-1216
-128
383
1000
749
1014
1921
3764
5638
5987
6205
6367
7219
7505
7270
7972
8629
8302
6058
3564
1721
-23
-1196
-1697
-1580
-1923
-3118
-4820
-6715
-8020
-8549
-8374
-7744
-6601
-5132
-4136
-3339
-2278
-864
328
1117
2058
3005
3502
3084
2405
2256
2682
3524
4449
5291
5635
5009
3714
2373
1452
1036
952
903
920
804
581
504
727
1058
998
674
254
-379
-966
-1273
-402
1132
2537
3137
2531
2314
1859
1872
2129
2763
3718
3467
3368
3203
2941
2099
723
208
-365
-1014
-2064
-3207
-3942
-4960
-5402
-5189
-4392
-3833
-3865
-3777
-3401
-2726
-1894
-689
248
300
-69
-341
-493
-709
-539
-27
144
-88
-483
-977
-2060
-3386
-4429
-5213
-5300
-5123
-4722
-4416
-4220
-4019
-4153
-3946
-2888
-1186
18
394
-144
-468
-273
400
1730
3070
4396
4828
4187
3225
2307
2243
2775
3624
4892
5787
6099
5373
4185
3108
2040
1096
313
-490
-1818
-3435
-4765
-5303
-5104
-4842
-4704
-4961
-5303
-5602
-5970
-5670
-4447
-2313
45
2108
4134
5628
5991
5426
4960
5232
5557
5737
5997
5879
4777
3096
1848
1398
1154
657
172
-237
-639
-1101
-1207
-647
519
1904
2879
3267
3003
2387
1513
561
638
1641
2083
1409
98
-497
-1048
-1726
-1493
-759
-436
-1266
-2006
-1997
-2198
-2387
-1900
-637
625
1016
919
556
166
-82
-2
425
867
847
156
-690
-1318
-1518
-1122
-307
499
668
146
-523
-1177
-1492
-1482
-1355
-1365
-1623
-2349
-3392
-4534
-5134
-5421
-5912
-6133
-6245
-6315
-6481
-6159
-5220
-4206
-3133
-2105
-564
1175
2391
2654
1576
984
1182
1987
2890
3548
4355
4338
3574
2618
1781
1456
1093
824
965
1260
1386
1121
1082
1688
2643
3476
4173
4253
3208
1399
-231
-832
-518
158
616
379
-460
-1747
-2905
-3283
-3119
-2633
-2118
-1725
-1398
-1190
-802
-251
365
1231
2093
2740
2811
2501
2051
1685
1756
2222
2894
3314
3357
2943
2187
1375
821
653
808
1037
1171
1148
909
439
-102
-42
72
139
-116
-516
-1154
-2338
-2898
-2531
-1721
-905
-151
369
169
-268
-15
887
1651
2238
2834
3000
2676
1947
1564
1524
1611
1660
1155
293
-925
-2313
-3482
-4246
-4177
-3577
-3209
-3301
-3590
-3496
-3227
-3090
-2810
-2526
-2608
-3258
-3666
-3507
-3175
-2767
-2216
-1744
-1888
-2423
-2911
-3307
-3706
-3847
-3485
-2558
-1741
-826
185
951
1670
1955
1776
1442
988
1214
1719
2320
3058
3235
3315
2943
2421
1986
1522
1551
1950
2649
3225
3455
3483
3829
4454
4674
4402
3727
2977
2101
965
81
-648
-1264
-1844
-2554
-3141
-3643
-4160
-4663
-5046
-5097
-4907
-4537
-3819
-2790
-1676
-811
-120
697
1750
2430
2405
2341
2577
3013
3167
3369
3856
3971
3694
3291
3035
2913
2530
2210
1761
1177
857
764
888
765
790
943
853
458
-24
-211
-594
-1371
-1866
-1891
-1846
-2045
-1932
-1333
-956
-666
-184
587
1021
977
1047
994
802
535
408
221
-249
-468
-618
-844
-1380
-2013
-2558
-3299
-3755
-3886
-3755
-3544
-3307
-2764
-2164
-1562
-988
-467
-208
-358
-659
-719
-454
-333
-343
-589
-759
-1005
-1602
-2155
-2747
-2989
-3119
-3350
-2998
-2346
-1779
-1200
-542
384
862
361
-74
-349
-292
89
655
1604
2030
2118
2260
2289
2512
2611
2773
3006
3050
2980
2797
2531
2582
2878
2997
2995
2567
1781
905
-15
-589
-817
-933
-925
-917
-880
-978
-1353
-1661
-1703
-1665
-1717
-1811
-1750
-1504
-1367
-1281
-861
-270
202
359
473
735
829
867
1213
1876
2765
3565
4061
4171
3911
3594
3315
2943
2904
3185
3216
2664
1768
936
230
-589
-1323
-1775
-2288
-2432
-2537
-2400
-2109
-2038
-1874
-1734
-1239
-637
-325
87
523
971
1136
965
860
564
71
-539
-1077
-1380
-1528
-1661
-1980
-2289
-2512
-2514
-2262
-1946
-1564
-970
-383
-178
-236
-322
-317
-334
-468
-549
-629
-684
-736
-972
-1295
-1575
-1552
-1434
-1413
-1093
-643
-474
-483
-480
-90
79
-70
-229
-616
-1324
-2091
-2167
-1643
-1174
-1555
-2245
-2702
-2858
-2705
-2057
-730
450
1121
1634
2179
2686
3249
4104
5218
5972
6094
5758
5055
4228
3557
3223
2960
2604
2072
1186
110
-688
-933
-939
-1026
-1062
-1116
-1538
-2048
-2152
-1937
-1685
-1630
-1423
-1229
-1213
-1286
-1387
-1477
-1639
-1524
-1140
-688
-323
-44
165
304
785
1822
2973
3624
3850
3904
3667
3100
2643
2517
2357
1877
1209
488
-201
-918
-1434
-1798
-2073
-2079
-1949
-1892
-1954
-2056
-1953
-1368
-606
256
831
1001
1049
962
1043
1162
1090
757
8
-888
-1764
-2555
-3037
-3173
-2870
-2377
-1981
-1646
-1325
-1329
-1649
-1688
-1189
-508
-103
134
451
529
287
79
78
218
193
-43
-343
-476
-446
-375
-525
-737
-787
-903
-1024
-1199
-1235
-1104
-1172
-1108
-1219
-1799
-2557
-3550
-4004
-3799
-3036
-1989
-1709
-1700
-1786
-1624
-1225
-605
562
1648
2250
2468
3000
3892
4712
5434
6085
6593
6342
5473
4745
4088
3661
3406
3184
2801
1943
1114
181
-751
-1302
-1449
-1273
-1240
-1250
-1258
-1463
-1715
-1867
-1770
-1647
-1619
-1509
-1337
-1155
-1280
-1448
-1284
-912
-420
-118
158
424
517
435
426
736
1336
1902
2195
2341
2235
1753
1032
502
282
106
-107
-153
-32
-42
-162
-339
-443
-325
-96
334
624
834
1010
925
803
756
780
770
769
804
497
-217
-838
-1249
-1523
-1730
-1799
-1741
-1724
-1736
-1687
-1587
-1384
-1070
-813
-536
-120
333
624
680
810
950
861
691
661
908
1021
856
718
660
499
131
-132
-276
-417
-538
-626
-709
-814
-842
-913
-1235
-1707
-2144
-2503
-3007
-3355
-3404
-3451
-3390
-3224
-2558
-1807
-1228
-899
-808
-584
-240
338
997
1868
2755
3248
3344
3209
3191
3071
2919
3040
3259
3378
3227
2853
2416
1924
1538
1240
993
798
444
-9
-339
-402
-212
-22
72
54
-164
-566
-923
-1252
-1535
-1717
-1919
-2152
-2333
-2397
-2338
-2337
-2348
-2099
-1770
-1668
-1665
-1416
-965
-836
-1014
-994
-788
-622
-486
-43
619
1003
1008
952
994
1035
1125
1251
1540
1806
1819
1827
2097
2394
2427
2263
2163
2138
1843
1405
1057
749
405
-101
-403
-469
-519
-450
-441
-528
-708
-761
-628
-515
-335
-98
34
-13
-164
-291
-441
-626
-757
-828
-900
-1004
-1005
-967
-939
-925
-876
-666
-441
-310
-253
-157
36
341
676
967
992
800
561
271
16
-119
-41
27
15
-65
-226
-495
-746
-934
-1159
-1422
-1759
-1859
-1883
-1967
-2008
-1789
-1148
-603
-406
-560
-678
-729
-850
-660
-244
186
301
184
119
68
235
657
1272
1947
2240
2219
2091
2024
2008
1903
1854
1763
1671
1367
932
578
254
20
-171
-356
-594
-827
-976
-1084
-1256
-1398
-1311
-1100
-1078
-1111
-1028
-961
-896
-822
-697
-753
-978
-1137
-1257
-1125
-755
-142
497
895
1151
1284
1287
1340
1568
1790
1807
1810
1999
2264
2484
2428
2186
1662
1143
871
783
944
1041
1095
1019
877
839
696
639
511
351
300
369
619
835
808
501
99
-354
-803
-1087
-1291
-1434
-1608
-1559
-1185
-799
-563
-531
-559
-678
-724
-413
123
649
1077
1457
1747
1835
1804
1717
1507
1136
783
630
637
566
216
-270
-674
-1004
-1182
-1235
-1168
-1135
-1370
-1620
-1689
-1630
-1537
-1509
-1541
-1735
-2079
-2537
-2871
-3012
-3146
-3306
-3334
-3168
-2904
-2676
-2556
-2435
-2272
-1939
-1640
-1304
-838
-276
231
474
739
1139
1378
1471
1529
1577
1604
1508
1532
1664
1890
2071
2177
2289
2219
2021
1769
1578
1385
1221
1075
894
716
439
156
10
-42
-138
-480
-1036
-1546
-2038
-2519
-2754
-2606
-2214
-1673
-1210
-917
-698
-513
-268
66
475
901
1184
1396
1578
1823
2165
2448
2612
2678
2656
2509
2211
1987
1771
1579
1386
1279
1275
1055
824
652
606
725
801
831
800
673
413
100
-26
37
152
134
-5
-67
-68
-101
-203
-307
-521
-945
-1175
-1266
-985
-745
-665
-444
-316
-224
-346
-431
-417
-331
-398
-366
-16
394
746
895
1033
1010
723
412
343
437
566
609
521
416
195
-113
-384
-617
-874
-1217
-1590
-1988
-2299
-2477
-2594
-2661
-2667
-2612
-2648
-2707
-2693
-2556
-2495
-2532
-2484
-2348
-2164
-1995
-1668
-1205
-846
-597
-515
-489
-516
-546
-344
-55
175
332
644
1107
1443
1594
1634
1695
1722
1679
1760
1955
2270
2478
2522
2476
2300
2056
1715
1476
1323
1132
939
644
440
321
170
10
-208
-375
-517
-668
-705
-511
-109
277
556
823
1033
1185
1107
905
786
664
577
523
666
869
932
846
684
612
571
549
639
780
775
556
201
73
180
290
382
430
499
632
705
850
1033
1074
836
432
177
10
-55
53
253
418
276
14
-107
-491
-846
-1135
-1318
-1179
-954
-604
-328
-247
-347
-296
-373
-422
-449
-443
-248
-108
17
175
309
371
422
318
218
194
186
186
-54
-456
-587
-744
-823
-889
-1007
-1019
-1196
-1305
-1372
-1466
-1526
-1607
-1787
-1976
-2127
-2134
-1961
-1861
-1711
-1609
-1569
-1496
-1400
-1288
-1296
-1291
-1215
-1064
-955
-896
-731
-581
-510
-422
-206
158
470
771
1069
1274
1507
1787
2072
2180
2050
1802
1619
1616
1743
1814
1793
1759
1748
1711
1654
1557
1381
1166
855
490
165
62
140
113
-128
-322
-510
-670
-753
-762
-715
-654
-466
-272
-13
298
535
833
986
1013
1111
1072
1073
1155
1150
1131
970
786
718
611
524
408
307
275
153
-27
-227
-462
-591
-659
-736
-700
-616
-397
-248
-192
-156
-142
-241
-438
-438
-395
-185
147
481
720
881
827
675
486
234
235
235
315
336
343
391
367
311
485
607
558
524
408
384
275
253
176
298
276
314
408
204
42
-273
-531
-738
-876
-1010
-1095
-1227
-1330
-1553
-1705
-1679
-1747
-1738
-1736
-1953
-2092
-2263
-2233
-2023
-1696
-1326
-1014
-709
-549
-437
-383
-288
-165
156
486
765
1057
1154
1090
972
933
1087
1251
1278
1176
994
872
871
905
843
754
599
376
88
-151
-187
-214
-282
-360
-399
-327
-282
-196
15
283
480
600
763
805
683
470
283
149
52
26
115
236
225
230
229
70
-57
-50
50
135
292
580
896
1066
1176
1363
1598
1665
1618
1694
1722
1600
1328
1123
974
800
553
345
117
-118
-443
-732
-903
-1044
-1107
-1162
-1234
-1238
-1180
-1147
-1125
-1211
-1126
-1144
-1055
-876
-693
-331
-196
235
523
638
773
906
864
1039
1000
1144
1262
1107
1225
928
1027
805
680
485
192
-39
-349
-439
-725
-870
-977
-1097
-1120
-1090
-862
-811
-808
-681
-735
-670
-722
-888
-855
-798
-710
-706
-596
-555
-530
-630
-783
-803
-927
-904
-941
-816
-536
-289
-210
-205
-166
-109
-173
-248
-167
-49
40
20
103
213
301
292
278
328
324
280
231
125
38
15
50
129
244
387
341
178
-13
-200
-371
-584
-686
-790
-842
-827
-777
-537
-322
-203
-41
131
406
658
804
930
1052
1231
1451
1781
2050
2188
2168
1984
1754
1599
1384
1153
1044
1019
937
776
602
509
544
481
420
398
398
198
-112
-220
-260
-114
28
78
100
-118
-333
-607
-758
-895
-1019
-933
-779
-590
-441
-333
-257
-121
-80
-29
51
258
364
222
391
294
404
380
156
59
-221
-468
-590
-587
-564
-489
-419
-349
-223
-200
-38
111
192
327
279
350
416
324
224
13
-72
-85
-115
-105
-116
-205
-295
-397
-522
-675
-946
-1165
-1350
-1304
-1171
-951
-706
-651
-668
-707
-808
-995
-1042
-919
-771
-641
-487
-328
-187
-97
-65
-186
-349
-472
-491
-468
-398
-164
62
247
331
353
332
244
100
-50
-137
-164
-158
-90
30
100
66
-29
56
188
318
439
470
556
671
765
909
1068
1279
1467
1517
1460
1420
1341
1155
1036
935
857
738
492
306
26
-215
-383
-413
-429
-417
-407
-411
-331
-187
-24
193
507
645
763
726
705
627
389
169
5
-78
-155
-271
-390
-510
-714
-881
-919
-916
-880
-904
-1043
-1151
-1069
-903
-645
-320
-92
-50
-102
-86
-39
142
196
53
-3
-21
-93
-89
-190
-348
-400
-517
-573
-590
-522
-644
-651
-577
-427
-253
-259
-188
-239
-362
-526
-753
-921
-1032
-1082
-1043
-897
-689
-468
-287
-182
-93
-76
-201
-259
-283
-283
-212
-103
186
428
560
559
371
138
-160
-459
-666
-796
-832
-821
-755
-663
-429
-259
-121
-34
33
122
197
472
866
1237
1489
1697
1839
1857
1742
1575
1397
1269
1137
964
901
850
747
654
663
722
747
722
617
485
342
216
144
232
404
507
486
504
578
703
731
781
842
846
751
556
548
495
380
360
510
651
510
341
150
10
-108
-296
-209
-152
-251
-454
-605
-537
-524
-514
-562
-706
-819
-820
-796
-730
-668
-659
-626
-592
-573
-653
-764
-919
-1113
-1233
-1288
-1372
-1533
-1529
-1419
-1280
-1218
-1169
-968
-802
-577
-419
-319
-198
-136
-65
189
485
581
606
571
490
382
296
233
144
104
92
-48
-225
-258
-280
-331
-377
-402
-486
-658
-746
-615
-447
-433
-499
-500
-412
-429
-499
-573
-631
-730
-693
-504
-282
-65
54
136
199
312
456
569
598
598
585
527
435
437
389
296
205
129
153
180
214
144
96
127
156
207
316
478
563
632
625
596
530
441
370
296
215
175
176
209
210
85
-56
-131
-167
-137
-135
-189
-217
-249
-176
14
217
314
385
485
581
638
564
460
316
231
219
262
343
347
227
79
6
29
29
-142
-313
-467
-693
-829
-904
-950
-1061
-1215
-1315
-1341
-1309
-1296
-1287
-1169
-1003
-863
-814
-878
-907
-897
-774
-515
-169
114
269
359
387
421
404
361
362
294
273
289
255
233
206
119
94
84
27
-2
42
85
113
239
396
478
426
345
266
80
-151
-254
-271
-231
-227
-249
-313
-378
-379
-414
-436
-476
-441
-399
-281
-62
133
257
259
289
366
489
580
590
532
551
701
822
943
1058
1046
941
805
746
873
950
959
921
872
819
711
655
613
495
239
-53
-308
-496
-572
-627
-622
-524
-451
-427
-395
-390
-341
-303
-227
-68
93
232
331
449
480
447
434
428
432
430
357
345
378
411
442
391
341
260
180
121
198
278
328
330
358
346
264
160
33
-102
-333
-580
-749
-810
-939
-1162
-1310
-1305
-1325
-1304
-1250
-1245
-1157
-1064
-934
-807
-647
-495
-293
-80
60
160
138
84
27
26
41
104
132
174
245
243
251
282
367
363
328
298
285
221
137
38
-24
-79
-194
-276
-398
-532
-600
-609
-582
-563
-571
-578
-639
-663
-679
-712
-770
-783
-619
-389
-164
21
145
154
83
49
46
-7
-24
-21
-67
-33
19
55
73
66
39
40
67
147
284
466
645
797
876
879
813
765
743
650
514
358
279
208
144
84
-13
-118
-250
-408
-491
-533
-557
-551
-531
-467
-361
-199
-60
35
89
110
137
178
300
379
322
194
31
-82
-158
-191
-165
-101
-26
20
101
227
249
179
134
176
275
292
243
185
149
108
55
2
-84
-175
-256
-349
-456
-517
-516
-500
-480
-423
-336
-276
-244
-163
-93
-104
-96
-23
59
126
144
45
-135
-254
-294
-343
-383
-456
-532
-524
-446
-276
-98
-32
47
201
249
239
190
176
224
239
254
288
372
395
331
236
67
-118
-245
-290
-245
-232
-174
-57
34
14
26
68
70
37
-33
-61
-67
-53
30
189
300
342
354
322
192
86
42
45
55
85
202
370
510
584
590
604
684
759
786
768
713
546
312
151
101
23
-60
-69
-65
-82
-138
-143
-75
-71
-128
-126
-128
-93
-79
-73
-34
-9
-14
-36
-54
-48
-92
-114
-88
-83
-66
-15
-25
7
100
170
225
245
272
285
246
205
231
308
377
342
247
206
200
163
113
105
154
160
168
235
310
291
194
138
118
122
113
62
7
-71
-143
-118
-19
59
62
25
-100
-300
-422
-476
-531
-555
-557
-510
-543
-578
-549
-502
-370
-231
-130
-89
-119
-92
-29
43
184
291
408
440
385
333
251
197
202
227
253
242
193
131
49
-55
-158
-243
-342
-381
-456
-599
-710
-786
-801
-765
-696
-580
-497
-469
-428
-368
-313
-227
-72
98
243
315
288
240
192
237
370
520
640
628
514
332
219
105
37
23
-27
-47
-108
-166
-171
-177
-125
-54
-23
-29
-98
-112
-89
-58
-23
5
52
33
6
-49
-149
-253
-309
-305
-312
-340
-386
-427
-452
-534
-623
-637
-617
-568
-522
-492
-420
-313
-228
-117
25
171
295
423
505
598
703
788
897
982
1013
959
919
878
825
715
587
477
350
202
36
-149
-376
-521
-543
-604
-687
-752
-796
-825
-811
-763
-724
-650
-610
-518
-353
-219
-99
-24
-21
-23
-15
6
23
47
60
85
163
238
226
210
258
271
280
276
248
209
140
76
68
20
-46
-38
-46
-44
-6
47
101
120
148
177
163
121
87
133
203
258
313
305
216
129
27
-61
-121
-127
-158
-225
-242
-210
-182
-189
-239
-214
-93
8
143
260
327
376
435
488
545
600
578
527
481
437
430
398
323
288
259
196
153
149
159
116
38
-44
-80
-99
-199
-244
-255
-247
-253
-314
-321
-288
-273
-271
-163
16
182
388
589
757
870
975
1038
1043
1072
1064
1012
971
917
863
766
639
544
412
257
124
-19
-185
-364
-517
-590
-615
-617
-596
-537
-512
-496
-411
-333
-213
-94
-53
-80
-130
-186
-229
-233
-214
-190
-140
-109
-172
-208
-216
-233
-224
-136
-23
71
113
121
165
205
231
253
229
180
164
170
181
195
125
76
64
20
-42
-74
-100
-133
-210
-270
-330
-431
-540
-640
-641
-684
-703
-677
-720
-780
-835
-853
-834
-793
-708
-609
-548
-427
-268
-110
7
138
341
501
598
645
676
753
753
725
726
727
691
592
537
486
356
239
219
198
128
-33
-186
-276
-344
-341
-316
-280
-277
-274
-275
-299
-317
-274
-219
-192
-168
-158
-165
-135
-90
-101
-69
6
96
205
259
297
319
366
375
417
451
486
488
450
404
389
372
326
255
137
19
-89
-178
-240
-257
-265
-266
-294
-322
-367
-408
-454
-488
-454
-366
-335
-361
-393
-416
-436
-440
-440
-422
-413
-450
-484
-517
-500
-490
-504
-495
-491
-525
-534
-518
-460
-357
-214
-37
66
163
225
286
353
349
420
495
518
515
519
494
477
440
389
374
292
179
5
-204
-347
-447
-488
-499
-437
-370
-355
-389
-431
-424
-405
-401
-338
-235
-118
-27
55
212
380
464
541
599
591
558
501
504
565
663
756
880
965
929
849
738
651
633
619
574
474
368
334
309
301
285
290
284
269
260
247
276
275
241
242
235
256
290
314
316
265
242
236
226
243
197
130
107
109
121
102
97
134
153
139
117
120
136
124
83
68
54
5
-89
-130
-212
-310
-341
-332
-304
-308
-301
-259
-209
-188
-190
-201
-202
-204
-188
-167
-125
-47
-8
-8
19
-10
-11
-4
-34
-58
-110
-111
-119
-127
-151
-116
-40
44
133
225
314
347
327
314
298
270
241
256
338
361
349
308
192
45
-87
-229
-338
-442
-480
-475
-463
-410
-318
-190
-123
-95
-112
-119
-110
-102
-56
23
102
150
213
285
325
281
213
167
197
294
328
306
259
251
222
181
157
172
139
60
41
45
35
8
-28
-71
-61
-32
-7
18
65
53
24
-3
17
78
117
122
160
173
171
170
114
37
-39
-64
-137
-160
-158
-176
-199
-250
-272
-285
-326
-348
-381
-485
-558
-575
-510
-435
-352
-318
-303
-277
-311
-343
-363
-348
-314
-306
-292
-317
-355
-347
-344
-338
-378
-434
-429
-449
-459
-484
-458
-407
-388
-290
-245
-226
-237
-270
-302
-339
-360
-314
-309
-329
-360
-391
-344
-280
-210
-135
-58
-20
11
12
6
48
115
183
219
259
244
199
210
243
273
231
227
248
220
204
190
207
241
217
213
238
240
239
197
184
196
237
287
320
407
364
283
245
191
199
189
158
169
125
90
47
-40
-90
-142
-147
-184
-215
-259
-323
-325
-291
-258
-155
-70
-35
48
63
74
109
147
179
220
302
355
453
518
475
458
438
406
399
331
264
181
103
146
182
225
251
238
252
172
98
-20
-147
-163
-177
-99
-43
11
104
171
281
313
272
324
337
361
369
385
496
555
536
490
477
421
324
247
176
146
156
120
77
20
-63
-145
-217
-251
-256
-254
-240
-253
-191
-120
-90
-46
-15
67
112
124
158
256
312
276
261
214
174
122
58
45
9
-58
-84
-89
-147
-227
-252
-265
-240
-214
-183
-92
46
163
228
277
358
409
380
369
328
279
270
251
262
226
118
61
24
-28
-50
-81
-150
-245
-328
-387
-419
-425
-502
-568
-593
-590
-601
-590
-568
-537
-491
-446
-378
-290
-248
-188
-141
-127
-49
47
117
128
166
164
163
192
174
202
188
133
81
-29
-45
-51
-38
-36
-62
-60
-115
-152
-181
-249
-270
-282
-254
-214
-208
-190
-176
-159
-115
-138
-171
-186
-285
-330
-336
-330
-303
-283
-266
-269
-258
-231
-161
-97
-94
-48
-28
-38
-17
-16
12
21
-6
1
34
47
31
-32
-40
-29
-48
-76
-89
-54
-56
-69
-90
-76
-57
-73
-82
-92
-91
-50
-55
-85
-98
-141
-215
-275
-292
-322
-336
-337
-333
-294
-249
-215
-165
-144
-160
-147
-147
-110
-60
0
22
44
47
6
-30
-36
-56
-99
-76
-26
24
21
11
42
25
2
15
47
78
99
134
122
106
113
76
26
-34
-57
-63
-38
14
12
-14
-21
-36
-49
-68
-94
-94
-102
-66
29
65
112
133
160
179
170
145
108
171
201
188
209
222
189
187
161
128
167
188
229
250
250
247
300
363
331
282
232
241
292
307
334
372
391
403
428
476
503
512
498
499
514
522
495
484
461
395
368
337
313
267
243
230
187
179
136
111
104
93
141
181
201
237
227
220
231
236
268
234
232
211
152
167
135
82
58
-1
-38
-60
-110
-117
-166
-247
-308
-321
-305
-285
-257
-278
-277
-299
-357
-342
-321
-302
-319
-303
-233
-253
-249
-201
-158
-88
-51
10
73
100
92
55
27
9
8
13
5
26
33
28
95
85
113
110
28
26
24
47
94
100
103
78
41
32
38
51
38
19
24
6
8
-23
-40
-59
-92
-82
-72
-8
26
30
40
22
9
-6
-48
-76
-118
-184
-195
-213
-188
-141
-120
-150
-201
-240
-243
-237
-232
-223
-202
-189
-187
-131
-143
-124
-131
-156
-147
-168
-191
-217
-214
-248
-256
-247
-273
-283
-338
-395
-423
-413
-420
-422
-424
-406
-359
-328
-275
-273
-253
-250
-232
-151
-108
-65
-28
-26
13
32
14
32
-19
-36
-49
-75
-58
-50
-41
-85
-131
-168
-186
-158
-179
-207
-231
-286
-287
-293
-280
-259
-275
-213
-156
-131
-101
-133
-127
-83
-52
-10
21
50
32
16
18
5
7
4
-6
1
-63
-125
-152
-212
-211
-187
-184
-187
-170
-157
-149
-126
-114
-108
-57
22
78
130
164
223
288
334
338
309
313
287
249
244
224
237
235
194
188
174
169
202
171
120
68
61
32
4
5
17
44
31
61
126
187
223
225
216
157
112
148
198
218
172
99
66
65
88
114
119
128
99
38
-1
-43
-48
-54
-69
-84
-107
-123
-127
-112
-92
-89
-61
-43
3
12
-2
21
74
98
130
155
196
251
257
291
288
259
228
218
159
121
77
26
41
34
38
23
35
57
60
60
48
67
122
105
56
36
65
100
72
49
31
30
-3
-53
-87
-132
-158
-136
-146
-135
-146
-142
-106
-93
-113
-116
-118
-124
-103
-67
-53
-36
28
58
113
118
117
174
186
192
182
166
131
56
46
38
32
67
46
30
-58
-134
-81
-102
-112
-113
-115
-67
-56
-71
-84
-127
-147
-192
-193
-200
-232
-208
-208
-110
-32
2
63
103
115
68
38
42
45
82
94
87
77
38
27
-8
-48
-74
-101
-144
-171
-216
-246
-275
-283
-283
-320
-313
-339
-322
-312
-325
-316
-338
-336
-307
-266
-251
-242
-243
-235
-205
-231
-244
-222
-207
-185
-166
-115
-59
-29
9
21
12
8
10
43
27
-25
-50
-69
-85
-62
-48
-42
-36
-62
-87
-126
-138
-142
-127
-101
-83
-49
-36
-53
-68
-78
-80
-73
-76
-105
-144
-191
-212
-214
-217
-226
-212
-180
-154
-170
-164
-150
-109
-61
-25
31
31
57
67
83
94
77
83
116
123
137
123
139
192
223
283
282
283
271
198
171
169
198
192
146
159
147
108
93
57
21
-27
-76
-53
-36
-33
-14
14
5
-40
-23
-11
1
-10
-41
-38
-75
-112
-129
-144
-115
-85
-73
-30
-11
4
-23
-20
9
25
71
67
55
107
179
196
187
159
106
97
77
34
-14
-17
9
25
25
-3
-18
-42
-55
-35
-17
-9
-22
-52
-37
-24
-6
-11
-62
-110
-128
-134
-123
-88
-85
-120
-116
-91
-39
39
81
98
87
99
133
141
132
119
116
125
175
227
254
284
271
227
175
148
128
116
91
68
100
93
94
120
89
62
48
39
74
88
99
125
153
161
168
185
175
204
195
165
195
224
209
223
178
121
123
117
121
118
147
141
139
165
139
153
116
80
75
34
73
96
58
43
2
-9
-19
-91
-97
-93
-65
-25
-22
26
22
-6
-17
-10
58
44
49
57
37
21
21
17
22
36
35
8
-17
-39
-62
-45
-21
49
60
59
102
121
119
98
97
123
138
133
65
22
0
-4
10
15
3
-29
-59
-100
-127
-168
-156
-138
-135
-123
-126
-137
-172
-185
-152
-137
-138
-150
-177
-183
-202
-219
-241
-262
-258
-267
-298
-330
-340
-328
-306
-270
-235
-216
-183
-162
-132
-84
-69
-83
-71
-66
-42
-51
-72
-107
-158
-188
-196
-190
-161
-132
-118
-130
-157
-169
-146
-124
-101
-90
-91
-17
29
89
127
136
136
132
100
83
54
30
64
84
115
172
196
193
206
187
161
138
167
170
214
249
199
201
223
253
271
274
237
206
149
80
44
18
4
-35
-39
-37
-38
-48
-51
-50
-48
-69
-77
-82
-102
-115
-92
-72
-63
-7
35
83
130
167
160
185
216
200
228
233
225
257
303
330
338
333
297
295
251
222
228
188
153
116
32
-32
-77
-108
-127
-142
-167
-167
-123
-80
-53
-38
-28
-30
-19
-13
4
35
12
-14
-13
-1
-11
-23
-39
-82
-108
-126
-108
-86
-89
-109
-94
-63
-31
28
70
92
96
81
85
92
76
63
56
58
81
92
124
130
102
98
77
69
47
31
12
-10
-15
-36
-57
-109
-137
-197
-239
-242
-236
-173
-132
-103
-78
-20
36
46
73
115
138
167
175
218
279
270
269
285
329
347
278
231
211
178
179
186
191
208
206
198
164
111
62
10
-21
-4
-1
-27
-24
-14
-29
-22
-22
-20
-38
-73
-76
-133
-172
-188
-164
-145
-155
-145
-103
-62
-56
-44
-22
-1
4
52
57
36
37
49
87
72
78
111
157
191
121
48
1
-22
8
18
45
61
119
126
112
97
35
24
55
57
56
34
30
26
37
35
12
8
-24
-89
-152
-161
-141
-98
-66
-27
-6
-10
11
6
2
-44
-39
-26
-6
18
10
21
48
99
134
138
91
89
111
121
126
161
160
109
43
21
12
-19
-50
-70
-134
-188
-210
-252
-271
-308
-285
-247
-247
-193
-171
-200
-218
-211
-197
-195
-178
-169
-166
-166
-144
-98
-61
-27
-42
-64
-67
-54
-11
56
86
122
141
168
186
152
89
50
47
32
33
1
-7
-2
-42
-35
-42
-48
-5
-31
-53
-29
1
83
93
33
27
53
51
41
74
118
100
104
66
84
76
33
76
72
78
24
0
-17
-33
-13
-53
-41
-15
-33
4
61
100
119
102
78
37
5
-12
-32
-26
-40
-29
-30
-73
-94
-128
-186
-189
-170
-184
-177
-166
-157
-145
-120
-107
-91
-74
-111
-146
-177
-158
-111
-80
-25
26
20
44
85
80
86
70
39
2
-5
-12
-37
-18
25
28
-7
-64
-91
-113
-155
-159
-128
-98
-89
-103
-143
-124
-86
-36
42
62
57
38
12
-10
0
11
-4
-16
25
70
90
79
53
87
105
112
126
141
146
177
166
103
93
66
29
-15
-63
-86
-87
-89
-47
-21
-12
36
47
52
54
55
75
103
134
163
170
153
143
141
106
91
116
114
115
125
72
50
66
88
119
115
123
124
110
120
128
130
148
161
174
194
226
257
286
277
245
196
186
154
90
46
22
2
19
24
26
37
11
-23
-79
-106
-125
-128
-119
-142
-187
-216
-229
-206
-219
-261
-250
-208
-215
-212
-193
-196
-190
-171
-152
-103
-48
-25
-26
-10
6
18
29
32
17
-2
-30
-23
-33
-107
-110
-101
-87
-72
-79
-89
-66
-52
-50
-22
-18
-36
-40
-35
-71
-88
-81
-57
-26
-26
-30
-31
-85
-86
-75
-102
-110
-104
-93
-91
-72
-78
-93
-119
-160
-195
-184
-198
-196
-178
-199
-176
-130
-78
-21
24
56
74
82
122
177
166
140
124
107
65
63
62
11
-31
-51
-49
-67
-92
-79
-99
-146
-193
-230
-223
-208
-168
-140
-98
-48
-24
14
38
42
66
87
72
96
83
44
47
88
117
81
46
2
-46
-73
-99
-126
-158
-163
-182
-210
-190
-185
-184
-157
-138
-119
-126
-129
-102
-73
-86
-81
-63
-56
-52
-36
-30
-47
-20
-46
-49
-18
1
11
-1
-27
-23
-20
-26
-38
-66
-78
-100
-86
-83
-94
-105
-120
-104
-61
-4
60
105
113
127
130
149
166
194
229
227
229
192
158
128
98
100
120
144
182
160
92
64
43
31
29
51
73
84
93
74
71
98
108
114
115
94
76
54
81
127
157
160
157
165
150
132
86
57
49
10
-4
-42
-106
-155
-197
-205
-185
-205
-236
-267
-251
-231
-226
-198
-207
-189
-149
-114
-92
-118
-148
-128
-100
-113
-91
-80
-66
-31
6
51
102
95
109
111
108
106
62
85
76
80
77
67
59
-6
-6
-17
-19
-40
-87
-107
-123
-138
-114
-95
-77
-42
-79
-47
-6
11
12
4
21
-6
-10
3
-12
-3
-12
-48
-43
-50
-23
-31
-52
-42
-34
-19
-6
-8
3
6
5
-4
-27
-9
15
50
89
101
81
81
59
32
28
1
-1
33
25
43
35
34
43
37
52
56
33
36
65
73
69
65
79
58
62
61
46
42
40
46
64
107
126
122
133
164
153
117
150
156
139
137
98
86
72
28
47
45
21
28
12
29
41
55
57
28
16
-7
-40
-51
-74
-65
-53
-82
-58
-69
-59
-56
-88
-115
-132
-128
-124
-165
-159
-147
